#Position (bp)	Coverage	Std
179658.5	270.9616382237362	352.87096655948
538974.5	274.6575131639003	1945.494043266325
898290.5	265.36344888621716	463.5196539168298
1257606.5	172.07328090037737	311.50694186657853
1616922.5	116.18446158812856	266.68490771237606
1976238.5	115.89000489819546	355.0813930215248
2335554.5	181.4177548453172	289.66505681406863
2694870.5	238.70158579078026	1356.6127551004397
3054186.5	240.05302853198856	341.59241386243133
3413502.5	116.09668369902815	285.98480899198876
3772818.5	89.26228445156909	98.18666947439584
4132134.5	120.27002415700943	1209.3668547650514
4491450.5	243.72215264558216	2821.9814175754736
4850766.5	220.76166661100535	397.3859379265138
5210082.5	277.3359382827372	1368.451560279412
5569398.5	159.34940832025293	334.2730781182596
5928714.5	704.4824499883111	1418.618366986645
6288030.5	213.94581371272085	279.05219290500776
6647346.5	264.8968150597246	582.7034943568298
7006662.5	307.7002053902415	1029.9614820855256
7365978.5	203.0234194970444	235.24888508974325
7725294.5	257.1968323147313	1423.973582329479
8084610.5	481.1633492524686	1375.8836866251925
8443926.5	766.4823998931303	1552.6278030638496
8803242.5	62.54455966336038	147.74311487197576
9162558.5	68.29115875719422	206.4042572956848
9521874.5	220.2465323002594	506.14363051603516
9881190.5	499.65090338309454	3177.848082886755
1.02405065E7	669.0538662347349	3133.655971074634
1.05998225E7	213.04821661156197	330.2390049328721
1.09591385E7	461.1028481893375	2352.720742699881
1.13184545E7	40.443247726235406	244.7482605053265
1.16777705E7	95.54488249897027	254.55401190975098
1.20370865E7	230.19480345990715	577.2846041736252
1.23964025E7	891.9120940898819	532.5437144904026
1.27557185E7	111.41043816584845	294.8499385544641
1.31150345E7	183.65425419407987	279.5578992326395
1.34743505E7	261.9194914782531	2067.934944763784
1.38336665E7	102.99686626813167	191.1205010691727
1.41929825E7	79.71781384630799	159.34488856951356
1.45522985E7	31.798032929232207	105.00995819793289
1.49116145E7	195.60208841242806	365.20004620925016
1.52709305E7	72.41605717529974	157.82980840766996
1.56302465E7	77.06644569125784	163.7981677280995
1.59895625E7	50.35444566899331	426.2984335678087
1.63488785E7	350.8603735987265	398.7596524785892
1.67081945E7	291.4322100880562	471.40365630065907
1.70675105E7	66.54823887608678	109.12915617828055
1.74268265E7	161.04407540994558	272.96405015083707
1.77861425E7	21.43215720980975	15.694324725372017
1.81454585E7	87.06913691569538	701.6139865682026
1.85047745E7	306.0823175143884	1547.5038316084754
1.88640905E7	273.14009673936033	1232.5740700294948
1.92234065E7	236.2661083837068	538.4550924052984
1.95827225E7	274.8519158623607	374.99311945284666
1.99420385E7	120.15517817185987	349.77738538254715
2.03013545E7	145.11552227009096	319.3061520896756
2.06606705E7	213.53514733549298	261.9956888047086
2.10199865E7	310.99691358024694	400.0322059597571
2.13793025E7	274.78728751294125	406.8627360897469
2.17386185E7	509.12571663939264	2196.991470413075
2.20979345E7	205.17312894499548	2718.3623726773053
2.24572505E7	276.6236098587316	2601.130511369062
2.28165665E7	82.21700397421768	94.75825074369014
2.31758825E7	68.92322635229158	179.3249601427365
2.34346265E7	43.32458336494449	241.3232336497211
2.36142845E7	1.5172761802489758	2.5433099704000557
2.38945145E7	19.06372107003306	31.70903681667435
2.42538305E7	94.40483028865957	88.18945472466979
2.46131465E7	261.632343118592	136.36423786307367
2.49724625E7	110.90794732213428	197.32961053662547
2.53317785E7	72.92652428503045	336.97214177404334
2.56910945E7	50.817258346413745	14.360492877731222
2.60504105E7	148.30521323848646	28.811340158968314
2.64097265E7	185.09845372875128	63.613715394686885
2.67690425E7	12.79114205880061	26.426583374577355
2.71283585E7	64.11105823286466	126.59138616332466
2.74876745E7	207.58074786538867	124.55182849207361
2.78469905E7	614.5356343719734	348.4433331874738
2.82063065E7	380.0139125449465	2869.0767417272764
2.85656225E7	104.375237952109	157.97364221425917
2.89249385E7	194.96894377094256	297.774215288151
2.92842545E7	144.32229569515414	289.861138675461
2.96435705E7	233.50718030925424	997.7853929860426
3.00028865E7	210.99915394805686	522.2481303887365
3.03622025E7	388.53754633804226	493.89537285886405
3.07215185E7	80.3285798572844	144.55547641785486
3.10808345E7	344.5856043148649	449.541165125476
3.14401505E7	266.49244675995504	516.1507403536648
3.17994665E7	164.17990014360618	417.0529825391475
3.21587825E7	119.12789856282492	230.32399125053033
3.25180985E7	266.73421723496864	519.7569204508218
3.28774145E7	129.88436640728494	252.38927656111437
3.32367305E7	341.74289761658264	1780.802584455989
3.35960465E7	471.10332131048995	768.2043644231056
3.39553625E7	355.9215064177493	299.714114632357
3.43146785E7	155.960001781162	348.2581657533895
3.46739945E7	90.77374233265427	165.4516543262445
3.50333105E7	292.3872691447083	342.213140321169
3.53926265E7	604.8890196929722	4182.9877025504775
3.57519425E7	1038.449857507041	2201.7535257831023
3.61112585E7	276.93032873570894	613.0133696945456
3.64705745E7	189.38230415567355	955.7337508307052
3.68298905E7	190.93622048558927	332.3968267242433
3.71892065E7	195.4135858130448	894.6868485365733
3.75485225E7	717.8347276492001	1066.0596040093965
3.79078385E7	623.7257400171437	4136.31536106986
3.82671545E7	147.20582996582397	522.3905516541371
3.86264705E7	113.91983379532222	178.20712005591835
3.89857865E7	93.1946309098398	206.3203666232549
3.93451025E7	219.525515145443	309.17120053984826
3.97044185E7	464.6627954224137	567.4084707684547
4.00637345E7	442.04315421523114	3332.8081109389523
4.04230505E7	168.76507308330272	619.6866850696819
4.07823665E7	844.3003317414198	2867.9852588918443
4.11416825E7	434.6783026639504	1682.6614731200025
4.15009985E7	542.7970143272217	2276.2876032997533
4.18603145E7	200.08297710093623	361.4088503776952
4.22196305E7	368.113716060515	584.2146515746929
4.25789465E7	146.01737189549033	177.73978922812984
4.29382625E7	814.6294403811687	2248.400065488216
4.32975785E7	61.559652228122324	202.75687402634065
4.36568945E7	192.30085217468746	2344.2733364773217
4.40162105E7	211.07393770385954	259.07767335797564
4.43755265E7	98.457950661813	257.32332940055954
4.47348425E7	304.3197881530463	896.9582973491166
4.50941585E7	580.491956940409	975.22176028142
4.54534745E7	76.51327522292355	272.6024618423651
4.58127905E7	207.5335637711652	276.63336546028427
4.61721065E7	526.5244603635797	2262.6747427554187
4.65314225E7	368.38157220942014	2333.699239811034
4.68907385E7	330.90874049583095	984.0875180583217
4.72500545E7	326.6201755557782	841.5082276508841
4.76093705E7	853.9388560487148	2769.5765609991063
4.79686865E7	266.7890770241236	597.3547004024762
4.83280025E7	526.3123851985439	4202.482613671436
4.86541545E7	152.6892944420932	280.8637764588509
4.88338125E7	1.671104209383669	3.02087877937636
4.90466345E7	239.01931447528082	343.0142450039897
4.94059505E7	129.3814358392056	148.79042976168648
4.97652665E7	134.37600329514967	262.8219453010248
5.01245825E7	214.56875285264223	378.9394565590932
5.04838985E7	412.5832804550869	1482.323617978391
5.08432145E7	95.71127085907669	178.76049110794952
5.12025305E7	216.4319957920048	254.2782867626933
5.15618465E7	290.67161217424217	2223.7622866839706
5.19211625E7	490.6538367342395	1619.8207743521946
5.22804785E7	276.5783349475114	251.16737255785418
5.26397945E7	226.7865555666878	668.4424616932315
5.29991105E7	353.62151142726736	434.4890504620867
5.33584265E7	115.00784267886763	227.4040036374036
5.37177425E7	21.783357824310634	64.74741167039298
5.40770585E7	256.04454574803236	427.6770407432536
5.44363745E7	378.8383818143361	706.3125891064544
5.47956905E7	60.2207026684033	180.98982107418368
5.51550065E7	81.19675160582885	206.1935653018405
5.55143225E7	93.16578165180509	231.63668823931246
5.58736385E7	214.7844515690924	1108.9353134502496
5.62329545E7	265.1831785948858	420.1903226434499
5.65922705E7	102.96811441739305	168.2719327726667
5.69515865E7	299.296179407541	463.33807642168955
5.73109025E7	428.55100246023	1843.4841455475776
5.76702185E7	142.34889623618207	375.36931898218245
5.80295345E7	441.6122939139921	1291.7535566697263
5.83888505E7	742.6952487504035	3114.0657110417014
5.87481665E7	145.21488606129424	260.8757862805238
5.91074825E7	77.16364704048804	267.89199860554885
5.94667985E7	1013.3032177804495	25246.52832655114
5.98261145E7	220.4270252368389	558.5112243794667
6.01854305E7	124.95181121909405	137.9650324914313
6.05447465E7	311.666580391633	1879.324998198982
6.09040625E7	208.4086625699941	384.4469038421072
6.12633785E7	156.3126161929889	256.0373113743712
6.16226945E7	134.98257522626324	197.10459934306326
6.19820105E7	418.0960046310212	2283.4270012430416
6.23413265E7	74.83174698593996	126.8842955558084
6.27006425E7	170.44537120529006	408.2316643899039
6.30599585E7	66.13774504892629	81.97065981401373
6.34192745E7	150.84245065624688	352.10296434538446
6.37785905E7	245.23848924066837	720.7681632171128
6.41379065E7	52.049983858219505	132.1418741335665
6.44972225E7	156.468275835198	279.98211091655463
6.48565385E7	222.4225667657438	245.31703623755237
6.52158545E7	212.32003306281936	453.965664864202
6.55751705E7	383.2860740963386	435.4053968364889
6.59344865E7	177.15513920894142	185.6788764034221
6.62938025E7	229.3292533591602	426.493809820108
6.66531185E7	88.98366062184817	205.09509000722912
6.70124345E7	46.05234668091596	118.46930284994767
6.73717505E7	86.47715938060092	271.6238480936847
6.77310665E7	234.12322301261284	1738.99625256292
6.80903825E7	64.13488962361821	141.7150804155585
6.84496985E7	154.45364804239165	325.98697083082084
6.88090145E7	311.9612847744047	433.8279020906811
6.91683305E7	266.281017266139	443.5861815492366
6.95276465E7	110.03506940965613	325.2431515275621
6.98869625E7	95.49920960936892	176.06244841633583
7.02462785E7	242.80028164623897	419.169593005116
7.06055945E7	240.50818777900233	475.14786432223
7.09649105E7	226.25418851373163	2017.1982928989282
7.13242265E7	20.75337864164134	36.478771731665425
7.16835425E7	192.47584577363656	509.4687776438465
7.20428585E7	471.8331106880851	3246.99996922214
7.24021745E7	765.6834763829053	196.88556654959527
7.27614905E7	191.85950806532412	324.54958071985567
7.31208065E7	16.55130859744626	15.087798316492812
7.34801225E7	42.26143839962596	95.52787232710436
7.38394385E7	62.42144240724042	378.84054162628206
7.41987545E7	35.28421500851618	22.001513935596787
7.45580705E7	241.08154938828218	38.89471928040434
7.49173865E7	138.6458966480758	32.05165540412309
7.52767025E7	14.867019559385055	6.6426620902729026
7.56360185E7	25.24392178472431	2.965992537839198
7.59953345E7	621.3013726079552	1949.6849479674418
7.63546505E7	209.77382582462235	43.41848793123272
7.67139665E7	144.7589475559118	171.8873335511582
7.690225E7	0.9322358124166715	1.7426443872233774
7.7081908E7	1.3698273719907035	29.03909119325258
7.74325985E7	21.29679446503913	5.613682239985773
7.77919145E7	37.33206703848423	85.56884779969442
7.81512305E7	7.533583252624431	1.7575946086000567
7.85105465E7	5.808920281868884	23.652644328751997
7.88698625E7	13.621878791926884	11.563894718784786
7.92291785E7	25.508980952699016	43.87652568611332
7.95884945E7	27.702203631344	70.81155869948635
7.99478105E7	55.307175299736166	74.18309154556455
8.03071265E7	283.26902225339256	64.71305060677231
8.06664425E7	354.27394271337766	356.64807941499043
8.10257585E7	74.79835019871088	155.0066561689491
8.13850745E7	262.5772272874016	669.9188086144234
8.17443905E7	183.70925313651495	334.448023879908
8.21037065E7	323.7680231328413	400.62872249381115
8.24630225E7	551.9966992841955	1831.08648268942
8.28223385E7	268.85244464482514	599.3455002440518
8.31816545E7	123.87600329514967	173.1708662135233
8.35409705E7	48.907279386389696	213.09629953044913
8.39002865E7	357.54933262086854	2099.6199465440495
8.42596025E7	96.15438778122878	570.6974537944703
8.46189185E7	72.82864386779325	300.70477938508617
8.49782345E7	164.2795255429761	206.81161423669624
8.53375505E7	130.70040298789922	468.9430226762494
8.56968665E7	318.6531326186421	460.3141420686459
8.60561825E7	251.07380411671065	465.9064345180506
8.64154985E7	405.3976750269957	1281.5730761666562
8.67748145E7	623.8068942101103	5114.229926246675
8.71341305E7	236.46856527402065	408.90078312232976
8.74934465E7	33.83459406205123	105.77261144137996
8.78527625E7	126.96311603157109	353.88474169926025
8.82120785E7	830.7289099288648	2906.6150363386223
8.85713945E7	1234.7492708368122	1049.3649797254384
8.89307105E7	374.46832593037885	373.09913415394334
8.92900265E7	424.173279230538	720.8739391636938
8.96493425E7	132.47835053267875	344.29494756785124
9.00086585E7	311.47774104131184	370.83776560836833
9.03679745E7	128.2470332520678	387.57403234125246
9.07272905E7	391.43650435828073	743.9363465149487
9.10866065E7	198.82770319161963	449.0169948434712
9.14459225E7	151.20820113771723	1142.0287124781314
9.18052385E7	308.84935265894086	1497.0533348094634
9.21645545E7	711.6387775662648	1672.7624480714294
9.25238705E7	68.86740083937259	397.49354686915984
9.28831865E7	559.9782308608578	5657.4272461529945
9.32425025E7	261.066409511405	314.5831696127294
9.36018185E7	140.0931770363691	289.8355698003837
9.39611345E7	152.21517550011689	255.32883939855313
9.43204505E7	65.33459406205122	153.84596087120758
9.46797665E7	73.01743590599918	128.82451343892998
9.50390825E7	738.0964360061895	1276.321439994253
9.53983985E7	160.59279575638158	170.79498977099806
9.57577145E7	128.51544879715905	602.1479318359701
9.61170305E7	156.58946999298666	360.1146825814805
9.64763465E7	123.11700564405704	281.5033988440734
9.68356625E7	195.24321488606128	462.9831954998524
9.71949785E7	38.89690133475826	71.70270359362335
9.75542945E7	322.1134099232987	1199.4970363783405
9.79136105E7	449.6069392957731	1252.6949557543771
9.82729265E7	176.70594685457925	259.11865645360484
9.86322425E7	97.520909171871	121.2580313600782
9.89915585E7	153.3431519887787	253.42322844501206
9.93508745E7	303.7350326731902	528.3979792820422
9.97101905E7	139.82312226563803	193.13583044148706
1.000695065E8	127.18241325184518	156.98047355083645
1.004288225E8	266.10324338465307	2423.038975945406
1.007881385E8	420.6653335782431	774.9763923026237
1.011474545E8	316.53528927183874	509.02810174314084
1.015067705E8	150.18448106958778	201.44557706069457
1.018660865E8	244.1821933896626	487.5151532769619
1.022254025E8	365.2176051163878	1620.1980496510841
1.025847185E8	250.9167000634539	1965.595975770408
1.029440345E8	98.99602578231973	384.87610027265697
1.033033505E8	127.65546482761691	196.3668409960045
1.036626665E8	199.651649244676	511.14386080732277
1.040219825E8	173.65678121764685	214.52512118431034
1.043812985E8	142.30596466619912	484.1042909065851
1.047406145E8	274.44339244564674	1395.1066897725063
1.050999305E8	46.5484837858598	229.97405424240122
1.054592465E8	73.83959523093878	184.0085572437312
1.058185625E8	127.96634995380111	128.32719655948208
1.061778785E8	243.83047512495963	1253.4590540330719
1.065371945E8	170.66333812020616	370.19286367348553
1.068965105E8	738.1203648042392	3184.8928700809206
1.072558265E8	410.97419541573436	1968.0161032940225
1.076151425E8	137.92120028053301	332.6229189765805
1.079744585E8	322.0598860056329	955.3488868121319
1.083337745E8	260.21306037025903	1211.5613536132269
1.086930905E8	339.87024791548384	966.3843227534851
1.089314775E8	302.2085256006402	574.1474062580003
1.091111355E8	413.9441283728469	3123.74458899424
1.094117225E8	271.7091084171036	273.36124613925
1.097710385E8	202.39011900388516	251.2203194013064
1.101303545E8	305.5579879548921	736.8003423951027
1.10324175E8	70.89980582524272	101.54418201090982
1.10503833E8	102.3459097075147	124.02359701011703
1.108489865E8	225.69584432644245	2096.8199293428747
1.112083025E8	144.93984960313483	438.7717514472447
1.115676185E8	105.17300649010899	121.51401775622548
1.119269345E8	205.5724905097463	2134.573560908895
1.122862505E8	189.23381369045632	226.1173082308519
1.126455665E8	133.99263600841599	185.73040906736446
1.130048825E8	246.75959601019716	206.77144916696452
1.133641985E8	29.37909249796836	75.41118330069004
1.137235145E8	81.69450010575649	232.67405085785148
1.140828305E8	155.7211507419653	245.711659064428
1.144421465E8	411.743342907079	773.3183084946274
1.148014625E8	78.39346424873928	123.7272004853118
1.151607785E8	329.73531654588163	538.0679809203964
1.155200945E8	117.05608990415122	251.35426177232182
1.158794105E8	180.76982934241727	1460.8894780443688
1.162387265E8	356.7096371995681	1875.6475557942003
1.165980425E8	244.70169433033877	513.6473540479218
1.169573585E8	516.2063643144196	2150.7149236817977
1.173166745E8	95.54080809092832	120.32952107825224
1.176759905E8	47.0948969709114	118.03716781310372
1.180353065E8	32.115202217546674	71.85364595564664
1.183946225E8	438.72178528092263	1956.268056879313
1.187539385E8	197.9532305825513	239.32936051878806
1.191132545E8	266.55377439357	288.34105772335926
1.194725705E8	380.6805513809571	763.1000545439263
1.198318865E8	214.34263155551102	2127.694528070537
1.201912025E8	59.71681472575671	234.22174190923087
1.205505185E8	157.997486891761	169.65366372965343
1.209098345E8	110.59921072259516	215.59450917942132
1.212691505E8	273.1222739872424	530.6738239070526
1.216284665E8	216.25967393603403	491.02567878252194
1.219877825E8	219.84854556991618	286.3824834900062
1.223470985E8	119.25106034799452	286.83909367793643
1.227064145E8	39.21842612074052	116.7191103067315
1.230657305E8	160.87148359661134	142.2562673232266
1.234250465E8	101.85437887541885	278.39109082880026
1.237843625E8	283.2529194358169	1275.7482755777373
1.241436785E8	316.1817480991662	581.1198175164824
1.245029945E8	80.89576306092687	189.27640155949567
1.248623105E8	61.539661467900125	90.7531134034839
1.252216265E8	111.81531854968885	92.38985043723461
1.255809425E8	132.1195104030992	1258.8807418220285
1.259402585E8	224.74153948056863	362.0318621080812
1.262995745E8	248.01515379220518	405.1349441712952
1.266588905E8	320.29683342795755	692.0689294321097
1.270182065E8	234.8029561722829	1172.3218782185188
1.273775225E8	337.95452192499084	1001.8214536017625
1.277368385E8	90.20533458014673	198.38713757692364
1.280961545E8	196.218072671409	210.61441370020148
1.284554705E8	57.55214073406138	112.09994438137596
1.288147865E8	242.0738764764163	1470.5639539280817
1.291741025E8	182.44755591178796	410.80671276225706
1.295334185E8	89.0533040554832	149.36979214545033
1.298927345E8	379.1619772011266	1822.3011953664961
1.302520505E8	115.14196974251077	292.8613396290058
1.306113665E8	91.84069732491734	181.77624966930563
1.309706825E8	32.80739794498436	93.73150810809976
1.313299985E8	81.8913185051598	166.69481466712057
1.316893145E8	204.86589520088168	253.1151180121461
1.320486305E8	40.40507241536697	121.69219028622122
1.324079465E8	5.4573968317581185	4.166281917913995
1.327672625E8	54.20692371060571	113.76929195410172
1.331265785E8	12.428973382760578	32.72847569756923
1.334858945E8	26.229132574113038	66.13816360410665
1.337730805E8	12.37065229521613	7.72353558992118
1.339527385E8	3.4440662692361013	34.03299495487027
1.342045265E8	16.32086241636888	43.87960355754149
1.345638425E8	50.0391772144853	324.23527813174087
1.349231585E8	665.5837340947801	133.40493678371644
1.352824745E8	74.8297209141814	60.65935088410575
1.356417905E8	49.71674793218226	89.10160388782326
1.360011065E8	50.878260361353234	29.529659880451653
1.363604225E8	59.7155345155796	65.01229818824774
1.367197385E8	100.97351078159615	67.48627547315807
1.370790545E8	112.33664239833462	499.1723427250331
1.374033365E8	27.936597660139395	65.66668236464416
1.375577225E8	77099.872976849	254603.5241723058
1.375927565E8	19.084381924659702	26.529114239689825
1.376371405E8	154.86262557555463	46.068654179010004
1.37699935E8	3.426269100898529	5.125745538624861
1.37786751E8	2.7419407189307616	16.060875071711823
1.37868371E8	16.56575682382134	29.932649726940824
1.37942101E8	2.5344673485891014	13.938603825600106
1.37980213E8	8.000697228516646	17.640261877719382
1.38019627E8	0.5817132068243697	2.5007174956499507
1.38089538E8	1.584615845708891	9.14340222558814
1.38156123E8	23.08531133822002	116.95146621230984
1.382206275E8	0.343743007831229	2.1523186630463034
1.38280805E8	1.7409362291252055	11.840603707870022
1.38323179E8	0.03334198716760004	0.2615857484820672
1.383484915E8	0.0	0.0
1.38384028E8	3.53690071924237	8.106875844225174
1.384312265E8	0.41195249648831567	1.016810560527629
1.384772795E8	6.559441489361702	4.3926190308692385
1.38522045E8	4.920042331854721	13.202831679612562
1.385663025E8	15.108402865953202	89.77822391531656
1.38610046E8	1.4070949450245487	1.1536920006935687
1.38651258E8	1.1968699572244563	1.9751342222289043
1.386833775E8	1.241963647908564	4.0569454340013795
1.387019305E8	0.806852536110178	1.484892004840634
1.38726341E8	0.0	0.0
1.387630385E8	3.4814429033495973	5.326032214946847
1.3879854E8	375.9981750238985	649.8813757340632
1.3883298E8	0.5638697284554265	1.8280518662067744
1.388668195E8	0.0893157262905162	0.5433765759041298
1.389001375E8	10.207017649177573	5.4703300399142005
1.389325255E8	14.190813731722823	75.3867441186525
1.38963047E8	0.30831896697427574	1.6258463221948491
1.38991991E8	0.6035682741565095	1.4544609424469577
1.390198715E8	0.1995920745920746	1.723154057755692
1.39044446E8	1.9369381828239525	8.217604187196002
1.390581695E8	0.36444212721584984	1.2920036953645266
1.39074104E8	0.20432701512540685	0.8441212504313759
1.391000815E8	1.5240712074303406	3.4576999370230443
1.39125904E8	1.0459988374346056	1.492953156042863
1.391516555E8	1.2772978441902094	2.7510814067434812
1.391772845E8	19.354107981220658	143.09750169788177
1.39202833E8	1.5985432901280494	3.9146031659044302
1.39227853E8	1.1487164836958739	5.7915680200971895
1.392522945E8	14.011936013125514	19.250396584559976
1.392761035E8	0.0	0.0
1.392991635E8	0.0	0.0
1.393219065E8	0.30454786763404706	1.249774355850486
1.39344169E8	12.930249532411842	68.27138979854156
1.393656665E8	0.0	0.0
1.39386585E8	8.7560564465636	28.993269741691808
1.394057875E8	0.0680194989230246	0.4426015780567336
1.394157655E8	0.0	0.0
1.39426072E8	0.36204164161976066	1.1003280862412996
1.394433E8	0.0	0.0
1.394591395E8	0.27000386548125244	1.4608007822411007
1.39474609E8	0.0	0.0
1.394898515E8	0.11169365542872312	0.7931465799035107
1.39504877E8	2.9420676767002605	9.985466312386514
1.39519712E8	0.13624293592973377	0.5802519391865932
1.39534307E8	0.0	0.0
1.39548658E8	0.4482005775054581	1.5629613200247514
1.395628065E8	16.288906227833735	30.88387266163724
1.395768695E8	0.059808953521528374	0.28842808693758293
1.395908865E8	0.0	0.0
1.396048595E8	0.0	0.0
1.39618797E8	0.04305705059203445	0.31764291568888176
1.396327175E8	0.3819214727455775	1.2833498790759528
1.39646447E8	0.0	0.0
1.39659998E8	11.89231677614584	73.50466508065381
1.39673523E8	0.0	0.0
1.39687001E8	0.5778520995912301	1.263588350054973
1.39700456E8	0.1617985878855444	0.6497862896539309
1.397138915E8	0.0	0.0
1.397272965E8	0.02239808869643124	0.18491732047021722
1.39740652E8	0.18007058646842383	1.1768587939343251
1.397539385E8	0.0	0.0
1.397671835E8	0.02266888317968868	0.17341871780477922
1.397738625E8	0.0	0.0
1.39780441E8	1.0714340520217909	2.9690208461338066
1.397935115E8	0.045773573390296	0.31540645655235083
1.39806605E8	0.0	0.0
1.398195725E8	5.925248911014313	11.838876294243134
1.398324245E8	0.017512453300124534	0.13233462623260978
1.39845262E8	0.14274577064005614	0.8403836268110253
1.398580325E8	0.046012269938650305	0.23228488689580098
1.3987073E8	0.0	0.0
1.398833975E8	0.0	0.0
1.398960405E8	3.116608613046232	4.753994020964017
1.399086725E8	0.0	0.0
1.399212565E8	0.7046904913848118	3.6420267224577527
1.39933781E8	110.01566370974187	206.13688376551514
1.39946267E8	0.07175535757283891	0.4885723545819704
1.399587085E8	0.4398744365743722	1.0864884627331695
1.399711325E8	0.0	0.0
1.39983544E8	0.16638438583756754	0.6049104116957466
1.399959275E8	3.722024579560155	10.31066984622621
1.400082885E8	0.18285575522098105	0.6838879793753819
1.40020559E8	0.023549684089603676	0.1706733727929469
1.400327265E8	0.27156733618702666	1.1430812906395622
1.400448715E8	0.0	0.0
1.4005699E8	0.0	0.0
1.400690545E8	0.0	0.0
1.40081085E8	0.09969235885923339	0.5888998442211164
1.400930995E8	0.654807532077987	2.8381756100003983
1.40105101E8	0.1021581534872094	0.3583377822243782
1.40117094E8	0.2685857321652065	1.1344714401329208
1.401281635E8	0.0	0.0
1.40134155E8	0.0	0.0
1.401410485E8	4.686569660478341	20.73765922467502
1.40153003E8	0.05012132875909966	0.24493872601045238
1.40164882E8	0.0	0.0
1.40176667E8	0.08832780753209216	0.418073371401315
1.4018842E8	143.02009707911097	387.4908132788994
1.40200076E8	0.5630564439450255	2.1615935830356983
1.402116215E8	0.0	0.0
1.402231315E8	0.10636632457818751	0.5641181235008609
1.402345955E8	0.026596675415573052	0.22331315770504764
1.402459205E8	0.18680926916221033	1.0245646003648845
1.402571045E8	0.0	0.0
1.402682415E8	0.0	0.0
1.4027885E8	12.788227133088892	30.892252836329952
1.40288828E8	0.14130765331981754	0.3502225778407167
1.402984445E8	0.0	0.0
1.40307799E8	0.0	0.0
1.403166425E8	0.3376467768991133	0.9825947544505618
1.40324819E8	0.0	0.0
1.403326835E8	0.03885003885003885	0.21350420507344953
1.403402015E8	0.0	0.0
1.4034742E8	0.03959006036782255	0.28138962442784754
1.40354483E8	0.04283878337855205	0.2069753206992371
1.403614525E8	25.940599769319494	47.120295328381694
1.403683705E8	8.717246376811595	8.058275069855165
1.403752505E8	2.796064139941691	7.05330598828886
1.403821105E8	0.043731778425655975	0.2091214442032571
1.40388953E8	1.001025641025641	2.1057743740215176
1.403957145E8	0.03433860853986265	0.2620633837065478
1.404023365E8	0.19065077910174152	0.7240784781567459
1.404088075E8	0.0	0.0
1.404151525E8	0.3333333333333333	1.22195257542997
1.40421418E8	0.7215007215007215	2.35402765661597
1.40427633E8	7.574681091554981	8.145476099138746
1.404337675E8	0.6807109940750494	2.2628100702640106
1.404398365E8	0.0	0.0
1.40445888E8	3.05413011090879	8.935782223160157
1.404519085E8	0.0	0.0
1.404579005E8	0.4983288770053476	1.4640294918276668
1.404638765E8	3.2503351206434314	12.496909805695527
1.404698365E8	0.30913978494623656	0.8001805911759068
1.4047577E8	1.0583262890955198	2.2696125586817195
1.40481673E8	26.595654388049567	114.07511068418874
1.404875345E8	0.0	0.0
1.404915035E8	0.0	0.0
1.404943895E8	0.0	0.0
1.404990715E8	0.0	0.0
1.405047025E8	396.6412652767793	501.0337993394434
1.40510262E8	0.0	0.0
1.405157995E8	3.7432971014492753	7.588881550558409
1.40521292E8	1.6117108874656907	3.3738133693816135
1.40526756E8	48.50777960827384	96.17817169312626
1.40532181E8	0.0	0.0
1.40537566E8	37.99758498978265	37.90539373537358
1.405429375E8	0.2651119402985075	0.7326347871506537
1.405482795E8	0.6604057099924868	1.7456611447978096
1.40553603E8	0.05673492391508548	0.2586108643979798
1.405589225E8	0.39503386004514673	1.3399010553858925
1.40564221E8	0.0	0.0
1.405694775E8	0.05733944954128441	0.3254025970285197
1.40574688E8	0.17344382347273077	0.7213400518605578
1.405798735E8	1.7636047857969896	3.548228666424935
1.405850135E8	0.0584542958022754	0.2924444131761795
1.40590093E8	0.0	0.0
1.405951535E8	0.0	0.0
1.40600212E8	0.0	0.0
1.406052535E8	0.0	0.0
1.406102665E8	0.6584	1.9503845774615836
1.406152645E8	0.05984787830264211	0.2446382600956811
1.406202595E8	0.35822987585102123	0.9417346956996442
1.406252495E8	0.0	0.0
1.40630226E8	0.13106502919267163	0.34755900495991987
1.40635179E8	0.0	0.0
1.40640115E8	0.0	0.0
1.4064504E8	0.0	0.0
1.4064995E8	67.02406689781766	61.52471567089654
1.406548455E8	0.11456628477905073	0.6769528337456037
1.40659729E8	2.2816150850584136	4.896238376111199
1.40664601E8	0.12332990750256938	0.5197042403431272
1.406694435E8	0.09294605809128631	0.5496132174508547
1.40674261E8	0.0	0.0
1.40679061E8	0.23510971786833856	0.6233022919309994
1.40683806E8	0.0	0.0
1.40688509E8	0.0	0.0
1.406931635E8	0.06510416666666667	0.32140101292794815
1.40697758E8	0.0	0.0
1.40702335E8	0.0656024491581019	0.27901297401306313
1.40706898E8	0.05183395563364814	0.30945280202175046
1.40711432E8	0.0664451827242525	0.35903155082116367
1.40715925E8	1.437038693804518	1.7014998580495146
1.40720393E8	0.2687569988801792	0.8131065226925933
1.407248515E8	0.1347708894878706	0.4710867556583327
1.407292955E8	0.10640216411181244	0.293451215485902
1.407337135E8	0.0	0.0
1.40738111E8	0.13651877133105803	0.6048721411730213
1.40742499E8	0.0	0.0
1.407468785E8	0.0	0.0
1.40751256E8	0.05620287868403016	0.30230248859078074
1.407556295E8	0.06864988558352403	0.26201123178887586
1.40759995E8	0.24375143315753267	0.7285887386606983
1.407643435E8	0.13537822878228783	0.39455472590544055
1.407686665E8	2.9132250580046404	5.419351764730168
1.407729765E8	2.848723897911833	9.40348456912454
1.40777284E8	0.0	0.0
1.40781584E8	131.19953434225843	249.50472477160173
1.40785876E8	41.78036838423875	94.95985456996397
1.40790157E8	0.0	0.0
1.407944295E8	0.1404494382022472	0.41337652305462885
1.407986935E8	0.0568609022556391	0.2859491515868391
1.40802937E8	0.0	0.0
1.40807165E8	0.14201183431952663	0.47017559353649613
1.408113885E8	0.0	0.0
1.408156105E8	1.3252013263855993	1.9735940375155931
1.408198225E8	7.770109471680152	20.501233405739082
1.40824022E8	0.4403145103645461	0.8407933895706338
1.408282145E8	0.9739732569245463	2.6200406829886744
1.408324E8	0.0	0.0
1.408365825E8	0.0	0.0
1.40840755E8	0.0	0.0
1.408449115E8	0.05253012048192771	0.2291945036032228
1.40849054E8	0.0	0.0
1.40851497E8	0.0	0.0
1.408535395E8	0.0	0.0
1.40857247E8	0.0	0.0
1.408613235E8	0.14710216110019647	0.5080394923002922
1.40865389E8	7.830007390983001	17.534852493911863
1.408694335E8	0.0	0.0
1.40873455E8	0.0	0.0
1.408774675E8	0.0	0.0
1.408814765E8	0.3741887169246131	1.3825277305036534
1.40885475E8	0.6023552994237034	1.2088374157718573
1.408894625E8	0.15060240963855423	0.5902487393440063
1.408934395E8	0.4534005037783375	1.2170079343794638
1.408974065E8	0.40438950554994957	1.0543983128874874
1.409013685E8	2.953030303030303	5.475196597180577
1.409053235E8	63.87443037974683	102.94633233764159
1.40909269E8	0.07612281146917026	0.27590362714029376
1.409132055E8	0.2288911495422177	0.9640010721681816
1.409171345E8	0.07641365257259297	0.38502270840929675
1.409210595E8	0.7533129459734964	1.3264347529843172
1.40924982E8	0.0	0.0
1.40928899E8	0.0	0.0
1.40932812E8	0.0	0.0
1.409367215E8	0.9201228878648233	1.9038592331153816
1.4094061E8	0.0	0.0
1.409444775E8	3.3302277432712217	6.208172667338983
1.409483385E8	81.17625712804562	72.53274764957331
1.409521765E8	0.0	0.0
1.40955989E8	3.3062779091147885	9.64965487691134
1.409597955E8	0.0	0.0
1.409636015E8	0.06568575932737783	0.2562923317763874
1.40967392E8	0.0	0.0
1.40971157E8	0.45379494007989346	1.0362279232492426
1.40974907E8	0.0801068090787717	0.2830314630545016
1.40978648E8	0.0	0.0
1.409823815E8	1.2241286863270777	3.6014593407920095
1.40986105E8	0.4035512510088781	1.5865319630017047
1.409898215E8	0.6380516684607105	1.8111156604188547
1.40993536E8	0.0	0.0
1.409972465E8	0.08090614886731391	0.30810693166114966
1.41000941E8	0.0	0.0
1.410046115E8	1.6330601092896175	3.519694783091315
1.410082665E8	0.3975342465753425	0.8314041596674441
1.41011916E8	0.0	0.0
1.410155645E8	0.0	0.0
1.410192115E8	0.0	0.0
1.410228535E8	0.9059923034634415	3.122653049422849
1.410264835E8	0.9930977360574268	1.6654974732017167
1.410301055E8	0.0	0.0
1.41033718E8	0.4163197335553705	0.9079168863060283
1.41037321E8	0.0	0.0
1.410409235E8	0.16157690172126596	0.6689761957438844
1.41044521E8	0.0	0.0
1.410481085E8	0.0	0.0
1.410516865E8	0.0	0.0
1.41055252E8	0.1686814731515322	0.4455130376786253
1.410588075E8	11.378446820483962	10.409699602175886
1.41062361E8	0.16493104418801013	0.47923383829852306
1.41065914E8	0.0	0.0
1.41069467E8	4.522094005066141	5.730017346374716
1.41073012E8	4.845914616906983	6.8238261093546075
1.41076544E8	0.08505812305075135	0.4076111713702177
1.41080071E8	0.0	0.0
1.41083596E8	0.0	0.0
1.41087117E8	0.08525149190110827	0.29197858123689185
1.41090628E8	0.0	0.0
1.410941305E8	134.68846373500855	67.39767293008441
1.41097631E8	4.389254072592169	5.498057543656496
1.411011295E8	0.0	0.0
1.411046235E8	0.6828080229226361	1.5199721004829063
1.411081075E8	0.0	0.0
1.41111585E8	0.08628127696289906	0.29373674772302333
1.4111506E8	0.0	0.0
1.411185295E8	1.7002308136180035	2.310254617852231
1.41121994E8	0.0	0.0
1.411254545E8	11.4117987275882	10.159115831153436
1.411289005E8	0.0	0.0
1.411323185E8	0.0	0.0
1.411357175E8	0.0	0.0
1.4113911E8	0.2655650634405429	0.8849417296392401
1.411424975E8	0.0	0.0
1.41145878E8	0.8	2.0714639661270873
1.411492525E8	205.20272673384707	259.5929939832596
1.41152626E8	0.769641268900089	2.1282619581123132
1.41155995E8	0.0	0.0
1.411593515E8	0.7577658303464755	0.7032948570222723
1.41162699E8	0.10696145802210935	0.34656537479682953
1.41166043E8	0.5387608500448967	1.5419893703259255
1.4116937E8	0.0	0.0
1.411726805E8	0.0	0.0
1.411759855E8	0.0	0.0
1.41179286E8	0.0	0.0
1.411825805E8	0.0	0.0
1.411858675E8	1.7018879415347137	5.186444666877515
1.41189148E8	0.0	0.0
1.41192424E8	0.732824427480916	2.370170863812169
1.411956955E8	0.2741738066095471	0.5328843479350598
1.411989605E8	2.7547516860821584	10.458598415147195
1.41202221E8	0.09205277692543726	0.33603284516329107
1.4120548E8	610.4891070880639	900.3459242808464
1.412087365E8	0.0	0.0
1.41210776E8	0.0	0.0
1.41212402E8	0.12360939431396786	0.351581276967315
1.412152325E8	0.0	0.0
1.41218463E8	0.18593120545398203	0.6218817470743796
1.41221688E8	0.18492088116661495	0.5786028514412416
1.412249085E8	4.90863890615289	11.899177653845976
1.41228124E8	9.531279178338002	10.090425274905261
1.41231335E8	0.0	0.0
1.412345425E8	0.0	0.0
1.41237746E8	0.0	0.0
1.41240947E8	0.253358325523274	0.5864767804935732
1.41244146E8	0.0	0.0
1.412473425E8	0.804755944931164	1.896409887940592
1.41250538E8	307.2525821596244	148.00344389682562
1.412537305E8	121.19561128526645	204.83083700174114
1.412569125E8	0.0	0.0
1.41260086E8	0.0	0.0
1.41263258E8	0.0	0.0
1.412664245E8	0.0	0.0
1.41269585E8	0.0	0.0
1.41272743E8	0.0	0.0
1.412758995E8	0.0	0.0
1.412790545E8	2.831008243500317	3.4239171461893703
1.412822035E8	0.0	0.0
1.4128534E8	73.80920421860019	145.8335273705507
1.41288466E8	0.0	0.0
1.41291589E8	0.0	0.0
1.412947105E8	0.09519230769230769	0.30853250670279087
1.412978215E8	3.354609929078014	3.9960893197861047
1.413009225E8	0.0	0.0
1.413040225E8	0.44129032258064516	1.0776318121606494
1.41307117E8	0.0	0.0
1.41310204E8	1.4567260940032416	2.417185901484177
1.413132865E8	0.6642857142857143	1.9041990510380016
1.413163665E8	0.5126623376623377	1.3693063937629153
1.41319445E8	37.463763405914854	90.67892372718035
1.413225215E8	0.2922626788036411	0.6372180270866584
1.41325596E8	0.0	0.0
1.41328669E8	0.6781646599414253	1.2933029832848066
1.41331738E8	0.0	0.0
1.413348E8	0.0	0.0
1.413378585E8	26.20896010464356	44.23685062890917
1.413409105E8	0.8903479973736047	2.4782043994201364
1.413439555E8	0.09855453350854139	0.3232147978033399
1.41346999E8	0.0	0.0
1.41350033E8	0.0	0.0
1.413530575E8	0.0	0.0
1.41356076E8	0.0	0.0
1.413590875E8	0.0	0.0
1.41362097E8	0.0	0.0
1.413651025E8	0.0866089273817455	0.2942939472393979
1.41368103E8	0.20140046682227408	0.6325609676486509
1.41371102E8	1.77892630876959	5.2025976531709865
1.413740995E8	1.1004672897196262	2.6017992131460432
1.41377093E8	0.4012036108324975	0.9954762271175885
1.413800805E8	1.4031501340482573	1.9982398420830108
1.413830635E8	0.8048289738430584	1.6100372624837551
1.413860455E8	0.7961099932930918	1.7762121431475433
1.41389022E8	0.5516661056883204	1.749837709453204
1.413919895E8	0.0	0.0
1.4139495E8	0.0	0.0
1.413979065E8	0.0	0.0
1.41400857E8	0.0	0.0
1.41403801E8	0.0	0.0
1.41406741E8	0.10214504596527069	0.31960138605029653
1.41409678E8	0.0	0.0
1.414126105E8	0.0	0.0
1.41415538E8	22.35121284591732	41.08460360315725
1.414184645E8	0.0	0.0
1.414213895E8	0.7554719562243503	1.3995064598112263
1.414243125E8	64.67385352498289	44.79748330664538
1.414272345E8	6.673511293634497	15.022570288396563
1.41430155E8	0.0	0.0
1.414330725E8	0.205761316872428	0.7314228762270926
1.414359875E8	2.7796842827728208	3.5194332544310787
1.414389E8	1.442116111301958	4.541234417084985
1.414418105E8	0.41237113402061853	1.258374012223383
1.41444718E8	11.689500860585198	27.481722920231398
1.414476225E8	9.68973829201102	19.177554100229194
1.41450526E8	0.0	0.0
1.41453427E8	282.21145222490514	288.2079779690743
1.41456323E8	0.19218804009678533	0.7473885865291963
1.41459214E8	0.0	0.0
1.414621005E8	2.4410540915395282	3.3156314523598587
1.414649835E8	399.0346981263012	562.6329849739597
1.414678655E8	0.0	0.0
1.414707475E8	0.5867453157529493	1.1893874933339
1.41473629E8	0.9343977785491149	2.1662906071885817
1.41476508E8	0.0	0.0
1.414793845E8	2.812586926286509	4.967243185900208
1.41482258E8	0.0	0.0
1.414851235E8	0.0	0.0
1.414879835E8	0.19230769230769232	0.6201736729460423
1.414908425E8	0.0	0.0
1.41493699E8	2.6290718038528897	2.865459499558091
1.41496551E8	296.28115128115127	489.76377211320204
1.414993995E8	0.23174157303370788	0.9129991323820287
1.415022465E8	0.0	0.0
1.415050915E8	0.2109704641350211	0.6495698024616309
1.41507934E8	0.0	0.0
1.415107725E8	0.0	0.0
1.415136075E8	0.0	0.0
1.41516441E8	0.10589481115425343	0.3254148293398035
1.415192725E8	0.0	0.0
1.41522102E8	0.0	0.0
1.415249305E8	1.260961810466761	3.1356642648560658
1.41527757E8	0.9543362831858407	2.597888863803178
1.41530581E8	0.0	0.0
1.415334035E8	0.0	0.0
1.415362255E8	0.0	0.0
1.415390465E8	0.31843971631205675	0.8421519210665189
1.41541866E8	0.31926214969847466	0.968463343999008
1.41544683E8	15.342806394316163	19.49193940064916
1.415474975E8	0.0	0.0
1.4155031E8	0.0	0.0
1.415531175E8	0.0	0.0
1.41555919E8	4.365844944623079	4.726760528594258
1.415587165E8	0.0	0.0
1.41561512E8	0.0	0.0
1.41564307E8	0.8050089445438283	1.9558636211331994
1.415671015E8	0.0	0.0
1.415695015E8	20.573280159521435	31.411779642342818
1.41570898E8	10.70266836086404	6.403322676240906
1.41572688E8	0.0	0.0
1.4157548E8	0.0	0.0
1.415782705E8	1.9168458781362008	3.4005059712070866
1.415810595E8	0.42754662840746055	1.0359395405656244
1.41583847E8	3.0089702188733405	8.59717245596082
1.415866325E8	0.0	0.0
1.41589416E8	111.06863097376932	110.0463120749331
1.41592198E8	0.0	0.0
1.41594971E8	0.10849909584086799	0.45163956888301077
1.415977345E8	0.33055756698044897	0.8043599512713625
1.41600491E8	0.0	0.0
1.416032415E8	0.0	0.0
1.41605989E8	0.6236794171220401	1.2877452372238516
1.416087335E8	0.0	0.0
1.416114735E8	0.0	0.0
1.41614208E8	0.0	0.0
1.416169385E8	105.83614369501467	83.92041684617853
1.41619657E8	228.94425987449245	81.92808071562088
1.416223655E8	0.0	0.0
1.41625071E8	0.5549389567147613	1.0791811203371036
1.416277715E8	0.0	0.0
1.41630469E8	0.11123470522803114	0.3592106040535498
1.416331645E8	204.3244246473645	331.03800215619725
1.41635856E8	0.0	0.0
1.416385445E8	0.5963541666666666	1.6792678393247684
1.416412325E8	0.0	0.0
1.416439195E8	3.573715562174237	5.4416966606507575
1.41646598E8	3.1246724073380756	3.2709881586849
1.416492685E8	0.0	0.0
1.41651938E8	2.2116897714499815	1.995029417181989
1.416546065E8	0.11244377811094453	0.3516932696570109
1.41657273E8	239.04953095684803	239.61331575724273
1.416599375E8	0.11261261261261261	0.35619780582827415
1.41662593E8	12.451076690593124	6.661268435260937
1.416652385E8	0.0	0.0
1.416678815E8	114.26495079485238	162.74120164572997
1.41670523E8	0.0	0.0
1.41673163E8	0.0	0.0
1.41675801E8	0.0	0.0
1.416784375E8	6.6832321699544766	14.431027418449753
1.41681073E8	0.0	0.0
1.41683705E8	0.11411182959300115	0.4109568198699733
1.416863335E8	0.5289193302891934	0.8457972021434742
1.416889605E8	0.0	0.0
1.416915825E8	0.10809778456837281	0.4010109455573966
1.416942E8	0.0	0.0
1.416968145E8	0.0	0.0
1.41699426E8	0.11489850631941785	0.3671705971544884
1.41702034E8	0.0	0.0
1.41704638E8	0.0	0.0
1.41707241E8	1.6915097963887822	3.0897075491293893
1.41709838E8	0.23079891933616364	0.6794099194685983
1.417124275E8	0.46367851622874806	1.1950438611132832
1.417150135E8	0.0	0.0
1.41717597E8	0.0	0.0
1.41720177E8	0.0	0.0
1.41722754E8	0.0	0.0
1.417253305E8	2.4406055900621118	7.083217633935121
1.41727906E8	1.316893203883495	1.9852856780073167
1.41730481E8	0.0	0.0
1.41733056E8	0.23300970873786409	0.6054766236177684
1.417356305E8	1.7455322455322455	2.45479724743807
1.417382025E8	0.0	0.0
1.4174077E8	0.0	0.0
1.41743333E8	0.0	0.0
1.41745892E8	0.0	0.0
1.417484485E8	0.0	0.0
1.41751004E8	9.498238747553817	19.6614894730144
1.41753556E8	0.0	0.0
1.41756104E8	342.0565371024735	447.1580639086931
1.41758648E8	0.2361275088547816	0.8638072284839424
1.41761189E8	1.0613931523022433	2.0641044914045517
1.417637275E8	0.0	0.0
1.4176626E8	0.0	0.0
1.41768789E8	0.0	0.0
1.417713145E8	0.0	0.0
1.41773836E8	12.556128520428402	26.836917683181053
1.41776357E8	0.0	0.0
1.417788775E8	0.0	0.0
1.417813975E8	0.9912698412698413	2.2019111468024084
1.41783916E8	8.332936034962257	16.867216122934543
1.417864325E8	0.0	0.0
1.41788946E8	4.608522500995619	7.698857151142094
1.41791457E8	0.0	0.0
1.417939675E8	0.0	0.0
1.417964765E8	0.2364433811802233	0.5264154610567147
1.41798983E8	0.0	0.0
1.418014855E8	2.6736	1.543502510525979
1.41803981E8	13.995182657567241	9.21207383250176
1.4180647E8	0.24165661439485323	0.5600275712668179
1.41808953E8	0.12101653892698669	0.39254858667477466
1.41811431E8	129.23455793298345	192.81123406647387
1.418139075E8	1.439822294022617	2.0045384693139745
1.41816383E8	0.0	0.0
1.41818857E8	0.0	0.0
1.418213285E8	0.0	0.0
1.418237955E8	0.8522727272727273	2.2429543365490425
1.41826259E8	1.9484368656110433	3.6969004146174758
1.418287215E8	0.6092607636068237	1.203163984804155
1.41831178E8	1.7862097103223173	3.2303765287253836
1.41833627E8	0.4834491213731099	1.2587251677048685
1.418360715E8	0.0	0.0
1.41838512E8	0.0	0.0
1.418409505E8	4.883511074651354	7.198463968866876
1.418433885E8	0.0	0.0
1.418458265E8	26.351107465135357	40.47614474827546
1.41848263E8	0.0	0.0
1.418506975E8	0.0	0.0
1.418531305E8	0.0	0.0
1.41855562E8	0.0	0.0
1.41857992E8	0.6175380815150268	1.4912948995965831
1.418604205E8	1.457990115321252	1.989469807592277
1.41862847E8	0.0	0.0
1.41865272E8	0.0	0.0
1.41867695E8	0.0	0.0
1.41870116E8	2.353159851301115	3.6327711216514635
1.418725365E8	0.0	0.0
1.41874956E8	0.0	0.0
1.41877374E8	0.0	0.0
1.41879789E8	0.12391214256112723	0.3942184743936453
1.418822015E8	0.0	0.0
1.418846075E8	0.0	0.0
1.418870045E8	0.0	0.0
1.418893965E8	7.8539748953974895	10.896335417148856
1.418917865E8	0.0	0.0
1.41894176E8	0.0	0.0
1.41896563E8	0.25157232704402516	0.860987683045695
1.41898948E8	0.12578616352201258	0.39280745145724444
1.41901333E8	11.90817610062893	10.689107683094818
1.419037175E8	440.37038590604027	499.0462140339417
1.41906101E8	12.493075954678977	19.477662943889598
1.41908484E8	111.4880402853546	106.48113279256998
1.419108665E8	0.0	0.0
1.41913248E8	0.0	0.0
1.41915629E8	390.9067618647627	293.62512134652627
1.41918009E8	22.255149222362338	54.661497976876575
1.41920388E8	0.8810424548129466	1.7253640318653953
1.419227665E8	0.6307821698906644	1.4815943949743844
1.41925143E8	0.2774736842105263	0.35540932665545544
1.419275165E8	0.0	0.0
1.419292615E8	6.151162790697675	8.729025461633103
1.41930446E8	0.0	0.0
1.419322555E8	0.0	0.0
1.419346225E8	0.0	0.0
1.41936987E8	0.0	0.0
1.41939347E8	0.12728044123886295	0.35676384519575827
1.41941703E8	0.3740976645435244	1.0752968286194589
1.419440575E8	0.0	0.0
1.41946411E8	0.0	0.0
1.419487635E8	0.0	0.0
1.419511115E8	0.0	0.0
1.419534545E8	0.3842869342442357	1.0737135571150749
1.419557965E8	8.011955593509821	8.682855099155411
1.41958135E8	0.0	0.0
1.419604675E8	1.2763948497854076	3.0278393548532727
1.419627965E8	0.0	0.0
1.419651245E8	80.93341924398625	35.814899757971396
1.419674515E8	362.0103181427343	315.08450667346017
1.41969777E8	0.0	0.0
1.419721005E8	0.0	0.0
1.419744205E8	0.0	0.0
1.41976738E8	0.0	0.0
1.419790505E8	2.467071057192374	5.451614805370531
1.41981358E8	0.0	0.0
1.419836635E8	26.95486111111111	24.610481125934943
1.41985967E8	7.516283108988276	18.078938694406524
1.41988266E8	1.6989106753812637	3.196675833337229
1.4199056E8	0.0	0.0
1.41992852E8	0.9157573112178088	2.2499818128175177
1.41995142E8	0.0	0.0
1.4199743E8	0.0	0.0
1.419997165E8	0.0	0.0
1.420020015E8	3.6711908931698773	3.809438458096484
1.42004285E8	0.0	0.0
1.420065675E8	0.0	0.0
1.42008845E8	0.0	0.0
1.420111165E8	8.990748898678413	4.688114130107787
1.42013386E8	0.0	0.0
1.420156535E8	0.0	0.0
1.42017916E8	0.0	0.0
1.42020175E8	0.0	0.0
1.42022431E8	0.0	0.0
1.420246815E8	0.0	0.0
1.42026929E8	0.2652425456163774	0.7295651050767274
1.42029171E8	0.0	0.0
1.420314065E8	0.0	0.0
1.420336395E8	0.4027777777777778	0.8429552044459474
1.420358715E8	47.918010752688176	39.86260003713293
1.420381015E8	0.0	0.0
1.42040329E8	0.1347103726986978	0.3670291169630794
1.42042554E8	0.0	0.0
1.42044776E8	0.0	0.0
1.420469965E8	0.0	0.0
1.42049215E8	0.0	0.0
1.420514315E8	0.0	0.0
1.420536445E8	0.0	0.0
1.42055854E8	0.0	0.0
1.42058062E8	0.0	0.0
1.420602685E8	38.4283771532185	25.84571350569208
1.42062474E8	0.0	0.0
1.42064677E8	0.0	0.0
1.420668775E8	0.0	0.0
1.420690765E8	0.3293903548680619	0.7388848790049787
1.420712745E8	0.0	0.0
1.420734715E8	0.0	0.0
1.420756655E8	0.0	0.0
1.420778565E8	99.55205479452054	126.37223410429768
1.42080046E8	0.0	0.0
1.42082235E8	0.13704888076747374	0.37388481967421894
1.42084423E8	0.13717421124828533	0.37037037037037035
1.42086609E8	0.13729977116704806	0.44258446297287546
1.4208879E8	0.0	0.0
1.420909665E8	0.0	0.0
1.42093141E8	0.0	0.0
1.420953105E8	0.0	0.0
1.42097474E8	0.0	0.0
1.42099635E8	0.0	0.0
1.42101794E8	0.5489105238757533	1.1071479311694594
1.42103946E8	0.0	0.0
1.42106089E8	0.0	0.0
1.421082245E8	0.0	0.0
1.42110355E8	0.0	0.0
1.421124825E8	0.0	0.0
1.421146075E8	0.14124293785310735	0.37582301400141443
1.421167315E8	7.000470809792843	8.338021280259273
1.42118853E8	9.546956111373289	13.329171916273435
1.42120971E8	0.4293811998110534	0.9503498597507132
1.421230865E8	0.0	0.0
1.421252E8	0.0	0.0
1.42127313E8	0.0	0.0
1.42129426E8	0.0	0.0
1.421315385E8	0.0	0.0
1.42133649E8	0.0	0.0
1.421357575E8	0.0	0.0
1.42137864E8	0.0	0.0
1.42139969E8	1.5657957244655583	4.314423690537669
1.42142073E8	0.0	0.0
1.421441755E8	0.0	0.0
1.421462745E8	0.0	0.0
1.421483705E8	0.2862595419847328	0.6123724356957945
1.421504655E8	0.0	0.0
1.421525595E8	0.0	0.0
1.421546525E8	1.2906309751434035	2.0551665063991424
1.421567435E8	1.9239234449760765	3.4577421623429383
1.42158833E8	0.0	0.0
1.421609215E8	0.12404214559386974	0.35219617487115007
1.42163009E8	1.4345951126018208	4.366367518779891
1.42165096E8	0.0	0.0
1.421671825E8	0.06999041227229147	0.3741401135197654
1.421692675E8	0.0	0.0
1.4217135E8	4.612205670350793	10.319825514731004
1.4217343E8	0.0	0.0
1.42175509E8	0.0	0.0
1.421775875E8	0.0	0.0
1.421796645E8	0.28901734104046245	0.7371245492832736
1.421817365E8	0.0	0.0
1.421838025E8	37.27422480620155	84.82756392102272
1.42185866E8	0.28889966068831796	0.7601311211736012
1.42187929E8	71.19292292777509	104.45063217290007
1.421899915E8	0.5329776915615907	0.8695183009314434
1.421920525E8	0.0	0.0
1.421941125E8	0.0	0.0
1.421961725E8	0.5825242718446602	1.3875311594506994
1.42198232E8	0.8742107819329772	1.7824899774387912
1.422002865E8	0.0	0.0
1.422023345E8	0.0	0.0
1.422043795E8	0.0	0.0
1.42206423E8	0.14537444933920704	0.4739932526146644
1.42208462E8	0.0	0.0
1.42210496E8	0.0	0.0
1.42212529E8	0.0	0.0
1.422145605E8	0.7364532019704434	1.954028300968341
1.42216589E8	14.315244203256043	24.35228012145806
1.42218613E8	0.0	0.0
1.422206335E8	0.30544554455445544	0.7626815641647775
1.42222652E8	0.2974714923153198	0.6642660463005199
1.422246675E8	0.21052631578947367	0.4892082653754111
1.422266795E8	0.14925373134328357	0.41489673833688673
1.42228689E8	0.0	0.0
1.422306975E8	0.29880478087649404	0.7730521080451098
1.422327045E8	0.0	0.0
1.422347105E8	0.0	0.0
1.42236716E8	0.5880299251870325	0.9904783599585276
1.42238721E8	0.4488778054862843	0.7876857735198004
1.422407225E8	0.0	0.0
1.422427205E8	1.470970970970971	2.426600170689104
1.422447185E8	0.45045045045045046	0.9321313581619647
1.42246715E8	0.0	0.0
1.42248709E8	0.0	0.0
1.422507005E8	0.0	0.0
1.422526905E8	16.97286432160804	9.316948408046002
1.422546795E8	0.0	0.0
1.422566665E8	0.0	0.0
1.422586525E8	0.0	0.0
1.422606355E8	0.0	0.0
1.422626145E8	0.0	0.0
1.422645915E8	0.2909919028340081	0.8001138582944416
1.422665675E8	0.15182186234817813	0.3896432500995983
1.42268543E8	0.3032911392405063	0.5507187478563866
1.422705175E8	0.6063829787234043	1.2868676578398908
1.422724895E8	0.0	0.0
1.422744575E8	0.1525940996948118	0.47415395553591666
1.422764235E8	0.3051881993896236	0.7812658950570204
1.422783895E8	0.0	0.0
1.422803545E8	0.0	0.0
1.42282318E8	0.0	0.0
1.422842805E8	0.0	0.0
1.422862425E8	3.3786952089704383	6.93610712569546
1.4228818E8	0.6278097229482488	1.4735869306686062
1.42289161E8	0.0	0.0
1.42290166E8	0.1529831718510964	0.39113063271891196
1.42292127E8	0.0	0.0
1.42294088E8	0.0	0.0
1.422960465E8	0.0	0.0
1.422980025E8	14.162576687116564	24.885247886492674
1.42299954E8	0.15151515151515152	0.44003548439817053
1.42301901E8	3.051361068310221	6.003080873117016
1.42303848E8	0.17205957883923986	0.4753826885415284
1.423057945E8	0.0	0.0
1.4230774E8	0.0	0.0
1.423096845E8	0.0	0.0
1.42311628E8	0.0	0.0
1.42313569E8	0.0	0.0
1.423155065E8	0.8181818181818182	1.6297213674543234
1.423174425E8	0.0	0.0
1.42319378E8	0.0	0.0
1.42321312E8	0.0	0.0
1.42323245E8	0.1551991722710812	0.3939532615312141
1.42325177E8	0.0	0.0
1.42327107E8	1.9896319336443753	3.8378891943512645
1.423290355E8	0.0	0.0
1.423309635E8	0.933091286307054	1.6089415607964421
1.42332891E8	0.0	0.0
1.423348175E8	4.825025960539979	8.016435609133863
1.423367435E8	0.0	0.0
1.423386685E8	0.15592515592515593	0.4604977872457283
1.423405905E8	0.0	0.0
1.42342509E8	0.0	0.0
1.423444255E8	0.0	0.0
1.423463415E8	0.0	0.0
1.42348253E8	0.47823807026743576	0.9324314567862961
1.423501595E8	0.0	0.0
1.42352065E8	0.0	0.0
1.423539695E8	0.0	0.0
1.42355873E8	0.0	0.0
1.42357776E8	0.0	0.0
1.42359679E8	0.25328428796636887	0.7109976116580841
1.423615815E8	0.0	0.0
1.42363483E8	0.3156233561283535	0.7945103600688332
1.423653835E8	0.0	0.0
1.423672835E8	0.0	0.0
1.42369183E8	0.0	0.0
1.4237108E8	0.0	0.0
1.42372975E8	0.0	0.0
1.42374869E8	0.0	0.0
1.42376761E8	0.0	0.0
1.423786515E8	0.0	0.0
1.423805415E8	21.613756613756614	18.718409013023408
1.423824305E8	0.2378177966101695	0.8217772183567572
1.423843155E8	0.15834218916046758	0.40716223296524107
1.423861925E8	0.6490384615384616	1.5865352240319208
1.423880645E8	0.0	0.0
1.42389936E8	0.0	0.0
1.423918065E8	0.29411764705882354	0.45197132084492947
1.423936765E8	0.0	0.0
1.42395546E8	0.0	0.0
1.42397415E8	0.0	0.0
1.42399284E8	0.0	0.0
1.424011525E8	0.15792291220556745	0.45398544439872746
1.42403019E8	0.0	0.0
1.42404883E8	894.6194310252281	999.426487715743
1.42406746E8	0.0	0.0
1.424086055E8	0.0	0.0
1.424104605E8	2.1073354908306365	2.702130686719684
1.42412313E8	0.1620745542949757	0.4222345434997867
1.42414163E8	0.0	0.0
1.42416009E8	0.0	0.0
1.42417852E8	0.0	0.0
1.42419695E8	0.0	0.0
1.42421538E8	0.0	0.0
1.424233805E8	0.0	0.0
1.42425222E8	0.0	0.0
1.42427063E8	0.0	0.0
1.424288995E8	0.0	0.0
1.424307315E8	0.0	0.0
1.424325625E8	0.0	0.0
1.42434392E8	0.1580098414434117	0.4588001085866775
1.42436221E8	0.16402405686167304	0.5218044982465916
1.424380485E8	0.2907995618838992	0.5924867304331135
1.42439871E8	0.0	0.0
1.424416895E8	0.0	0.0
1.424435075E8	0.0	0.0
1.42445323E8	0.0	0.0
1.42447136E8	0.0	0.0
1.424489455E8	0.0	0.0
1.4245075E8	0.0	0.0
1.424525525E8	0.0	0.0
1.42454354E8	0.334258745141588	0.6689761957438844
1.424561545E8	0.0	0.0
1.424579545E8	0.8333333333333334	1.969771560359221
1.424597535E8	0.0	0.0
1.42461551E8	0.0	0.0
1.42463346E8	0.0	0.0
1.424651385E8	0.0	0.0
1.42466928E8	0.0	0.0
1.424687145E8	0.0	0.0
1.424705E8	0.0	0.0
1.42472285E8	0.16806722689075632	0.46017899330842227
1.424740655E8	0.0	0.0
1.42475841E8	0.0	0.0
1.42477616E8	2.3661971830985915	2.3768839821894407
1.42479391E8	0.2563380281690141	0.7069075681156306
1.424811635E8	0.0	0.0
1.42482933E8	0.6783493499152063	1.2377152130270144
1.424847005E8	63.919592298980746	71.54243448506509
1.42486464E8	0.0	0.0
1.424882225E8	1.8069476082004556	3.513073533133449
1.424899775E8	9.776510832383124	6.470263530045171
1.4249173E8	0.9811536264991434	1.3548145845605508
1.42493479E8	0.6176302232398397	1.6279611741164015
1.42495226E8	0.0	0.0
1.42496973E8	0.0	0.0
1.42498718E8	0.0	0.0
1.4250046E8	0.0	0.0
1.425021995E8	0.0	0.0
1.42503937E8	0.0	0.0
1.425056725E8	0.0	0.0
1.42507406E8	0.6924408540103866	1.2106471303901831
1.425091385E8	0.0	0.0
1.425108685E8	0.1736111111111111	0.43167417410889036
1.425125945E8	0.0	0.0
1.425143185E8	1.175754060324826	1.6576126852751671
1.4251604E8	0.5235602094240838	1.2684932178100194
1.42517759E8	28.55846422338569	38.9636844091283
1.425194765E8	0.0	0.0
1.425211925E8	0.0	0.0
1.42522908E8	0.0	0.0
1.425246225E8	0.0	0.0
1.42526336E8	0.17513134851138354	0.4184869753186872
1.425280485E8	0.7873831775700935	1.146408450967018
1.425297595E8	1.7526315789473683	2.359626296113421
1.425314695E8	1.9198830409356724	3.772398991629436
1.42533179E8	0.0	0.0
1.425348875E8	0.0	0.0
1.425365935E8	0.0	0.0
1.42538297E8	0.0	0.0
1.4254E8	0.17615971814445097	0.5385873521332102
1.425416995E8	0.0	0.0
1.425433925E8	5.512426035502958	5.955555310233835
1.425450825E8	1.7384615384615385	2.1267526708757
1.42546771E8	0.0	0.0
1.42548457E8	1.2462908011869436	1.907816189069577
1.42550141E8	0.0	0.0
1.42551824E8	28.061200237670825	31.97354818783096
1.42553507E8	4.278669043374926	5.860276458186045
1.425551885E8	0.0	0.0
1.42556868E8	1.429422275163788	2.948132124856429
1.425585465E8	0.0	0.0
1.42560223E8	0.0	0.0
1.42561894E8	2.158968206358728	3.2917522497030838
1.42563556E8	0.0	0.0
1.425652095E8	0.18181818181818182	0.5989890473021011
1.42566857E8	0.0	0.0
1.42568501E8	0.0	0.0
1.42570144E8	0.0	0.0
1.42571786E8	0.0	0.0
1.42573425E8	0.0	0.0
1.42575062E8	0.3659132559560171	0.880453595542367
1.42576699E8	302.6737935247404	399.4999141795203
1.425783355E8	0.0	0.0
1.425799685E8	0.0	0.0
1.42581598E8	0.0	0.0
1.42583225E8	1.2923076923076924	1.3443900532898239
1.4258485E8	0.0	0.0
1.42586474E8	0.0	0.0
1.425880965E8	0.0	0.0
1.42589717E8	44.56022235948116	69.66696121453269
1.425913335E8	9.861214374225527	16.472800607404352
1.42592946E8	5.839851024208566	5.020689658112602
1.425945565E8	1.8614906832298137	2.81907874472213
1.425961665E8	0.9316770186335404	1.9743699364513057
1.425977755E8	0.5584577114427861	0.986853888382128
1.42599378E8	0.18785222291797118	0.4334192230600429
1.42600974E8	0.0	0.0
1.426025685E8	2.7302383939774155	3.470524748884862
1.426041585E8	0.0	0.0
1.426057445E8	0.0	0.0
1.426073305E8	0.18915510718789408	0.45614758347127465
1.42608914E8	0.0	0.0
1.42610493E8	0.0	0.0
1.4261207E8	0.0	0.0
1.42613646E8	0.0	0.0
1.4261522E8	0.0	0.0
1.42616792E8	0.0	0.0
1.42618361E8	0.18889597957881302	0.6146478334441813
1.426199275E8	7.263729246487867	7.894215998592852
1.426214905E8	0.0	0.0
1.426230505E8	0.0	0.0
1.426246095E8	0.0	0.0
1.426261665E8	0.0	0.0
1.426277225E8	0.35347043701799485	0.9526043317419203
1.42629278E8	0.0	0.0
1.42630832E8	0.8319381841596909	0.9595824376279467
1.426323845E8	0.38273195876288657	0.717060149312426
1.426339355E8	0.0	0.0
1.426354855E8	0.9058064516129032	1.9377406198140708
1.42637035E8	0.0	0.0
1.426385825E8	0.0	0.0
1.426401275E8	0.0	0.0
1.42641671E8	4.878159429682436	6.4864882745672565
1.42643213E8	0.0	0.0
1.426447535E8	0.0	0.0
1.426462925E8	0.0	0.0
1.42647757E8	0.0	0.0
1.42648524E8	0.0	0.0
1.42649362E8	1.6001304631441617	2.1703391025277274
1.42650895E8	0.0	0.0
1.426524275E8	0.195822454308094	0.45703094489903007
1.42653958E8	0.0	0.0
1.42655486E8	2.4518664047151275	6.088842362038756
1.42657012E8	2.1665573770491804	3.3293528145773954
1.42658537E8	0.0	0.0
1.42660062E8	47.21311475409836	55.70609643771379
1.42661585E8	0.19723865877712032	0.565266863719195
1.426631055E8	0.0	0.0
1.42664625E8	0.0	0.0
1.426661435E8	0.0	0.0
1.426676605E8	0.39577836411609496	1.130064093262531
1.426691735E8	0.0	0.0
1.42670683E8	0.8747514910536779	0.9381114087579802
1.426721915E8	0.0	0.0
1.426736975E8	29.113031914893618	50.52219993399152
1.426752015E8	0.0	0.0
1.426767045E8	0.0	0.0
1.426782025E8	0.0	0.0
1.426796955E8	0.0	0.0
1.426811875E8	3.339142091152815	2.454410048530416
1.426826785E8	0.0	0.0
1.42684168E8	0.0	0.0
1.426856565E8	0.0	0.0
1.42687144E8	0.0	0.0
1.42688631E8	5.151311365164761	14.212149911641154
1.42690117E8	1.2006734006734008	2.163673145713437
1.426916015E8	0.0	0.0
1.426930845E8	0.0	0.0
1.426945645E8	0.0	0.0
1.426960415E8	0.0	0.0
1.42697517E8	0.0	0.0
1.42698991E8	0.0	0.0
1.42700463E8	0.0	0.0
1.427019325E8	0.0	0.0
1.427034E8	0.0	0.0
1.427048665E8	0.0	0.0
1.427063315E8	0.0	0.0
1.427077945E8	0.0	0.0
1.42709256E8	0.0	0.0
1.42710717E8	0.0	0.0
1.42712177E8	0.0	0.0
1.427136355E8	27.833333333333332	27.814568228921274
1.427150925E8	0.0	0.0
1.42716547E8	0.0	0.0
1.427179995E8	0.2066115702479339	0.5352582343228998
1.427194515E8	0.0	0.0
1.42720903E8	1.8401102687801516	3.3216081397488004
1.427223515E8	0.0	0.0
1.427237975E8	0.0	0.0
1.42725243E8	0.0	0.0
1.42726687E8	4.041580041580041	4.488454427330542
1.42728129E8	0.0	0.0
1.427295695E8	1312.9645833333334	1419.798395802102
1.427310075E8	0.0	0.0
1.427324415E8	0.0	0.0
1.427338735E8	0.4657821229050279	1.6509266062481025
1.427353055E8	0.0	0.0
1.427367365E8	0.0	0.0
1.42738166E8	0.5577326801959412	0.4504876449632339
1.42739595E8	14.543037088873337	13.441473060665182
1.42741022E8	0.0	0.0
1.427424465E8	0.0	0.0
1.427438705E8	0.0	0.0
1.427452945E8	0.0	0.0
1.42746718E8	0.0	0.0
1.427481405E8	0.8684950773558369	1.071626128729122
1.42749562E8	0.0	0.0
1.42750982E8	0.0	0.0
1.427523995E8	1.2662429378531073	2.831671164157467
1.427538155E8	0.0	0.0
1.427552315E8	2.32909604519774	2.275824802368022
1.42756647E8	0.6339222614840989	1.6137658698477646
1.427580605E8	0.0	0.0
1.427594725E8	0.0	0.0
1.42760884E8	0.0	0.0
1.427622945E8	0.0	0.0
1.427637035E8	0.0	0.0
1.427651115E8	1.0589488636363635	1.1278373311140863
1.42766519E8	0.0	0.0
1.427679255E8	0.0	0.0
1.427693305E8	0.0	0.0
1.427707335E8	0.0	0.0
1.42772132E8	0.5763440860215053	1.2523812444148177
1.427735265E8	0.0	0.0
1.4277492E8	7.986360373295047	8.180439963104048
1.42776312E8	0.36520488856937455	1.024502123475823
1.42777703E8	0.0	0.0
1.42779094E8	0.0	0.0
1.427804825E8	1.0822510822510822	1.706874310961388
1.427818685E8	0.0	0.0
1.42783254E8	0.0	0.0
1.427846385E8	1.0874277456647399	1.207215781124705
1.42786022E8	11.54591467823572	6.2399014583316195
1.427874045E8	1.247467438494935	1.5843390565217599
1.42788786E8	0.0	0.0
1.42790167E8	0.0	0.0
1.427915475E8	0.21739130434782608	0.4662524041201569
1.427929275E8	0.6514492753623189	1.5348606130360096
1.42794307E8	2.7055837563451774	4.616158522720927
1.427956855E8	0.0	0.0
1.42797063E8	0.0	0.0
1.4279844E8	3.82643427741467	4.725892460662411
1.42799817E8	0.3166303558460421	0.8555852638929972
1.42801194E8	0.5998547567175018	1.4206179677563822
1.428025705E8	0.0	0.0
1.42803946E8	0.0	0.0
1.428053205E8	0.0	0.0
1.428066945E8	0.0	0.0
1.42808068E8	0.0	0.0
1.4280944E8	1.9686360320933625	3.4063483873865446
1.4281081E8	0.21840759678597516	0.5853083196677761
1.428121785E8	0.0	0.0
1.428135455E8	0.0	0.0
1.42814909E8	0.0	0.0
1.428162695E8	7791.954411764706	5873.177837135331
1.428176275E8	7.385693215339233	7.376065494753341
1.428189835E8	5.342920353982301	6.403872814215548
1.42820339E8	0.0	0.0
1.42821694E8	0.0	0.0
1.428230475E8	0.0	0.0
1.42824399E8	0.0	0.0
1.42825748E8	0.6636971046770601	1.768318063883214
1.42827095E8	5.79064587973274	5.865290551975604
1.428284415E8	0.0	0.0
1.428297865E8	0.0	0.0
1.4283113E8	8.32836932241251	22.51055845587871
1.42832472E8	35.8255033557047	61.82223559786295
1.428338125E8	6.501492537313433	5.836708334250091
1.428351525E8	0.0	0.0
1.428364925E8	0.0	0.0
1.42837832E8	0.8946975354742345	1.4578980644213317
1.42839171E8	0.0	0.0
1.42840509E8	0.2243829468960359	0.5788596842339373
1.42841846E8	0.2243829468960359	0.5442292622624838
1.428431825E8	0.0	0.0
1.428445175E8	1.1409295352323838	2.167291264294639
1.42845851E8	0.0	0.0
1.42847184E8	47.92723180795199	40.56547040707573
1.42848517E8	0.0	0.0
1.428498495E8	0.22522522522522523	0.483977514182461
1.428511805E8	1.430827067669173	2.072556084115581
1.428525105E8	0.0	0.0
1.428538395E8	0.0	0.0
1.42855167E8	0.0	0.0
1.428564935E8	0.0	0.0
1.428578195E8	0.0	0.0
1.42859144E8	0.0	0.0
1.42860467E8	0.0	0.0
1.428617895E8	0.2254160363086233	0.5189305889298492
1.428631085E8	0.0	0.0
1.42864424E8	0.0	0.0
1.42865739E8	0.0	0.0
1.42867054E8	0.0	0.0
1.42868369E8	0.0	0.0
1.428696825E8	0.0	0.0
1.42870994E8	0.0	0.0
1.42872305E8	0.0	0.0
1.428736155E8	0.0	0.0
1.428749255E8	5.988549618320611	9.318822780548366
1.42876235E8	2.189457601222307	2.8147543168131626
1.428775435E8	0.0	0.0
1.428788505E8	0.0	0.0
1.428801555E8	18.802914110429448	21.60650961327886
1.428814595E8	0.0	0.0
1.428827635E8	0.0	0.0
1.428840675E8	0.23006134969325154	0.47964710954330947
1.42885371E8	0.0	0.0
1.42886674E8	0.0	0.0
1.428879765E8	0.0	0.0
1.42889278E8	0.0	0.0
1.42890579E8	0.0	0.0
1.42891879E8	5.036181678214011	7.76205015654978
1.42893177E8	0.2305319969159599	0.6362234372792375
1.42894474E8	0.0	0.0
1.42895771E8	0.6939090208172706	1.4060119840549337
1.428970675E8	0.0	0.0
1.42898363E8	0.0	0.0
1.428996575E8	0.0	0.0
1.429009515E8	0.0	0.0
1.429022455E8	1.1591962905718702	1.6099574235732763
1.42903539E8	0.9280742459396751	1.2536104085631428
1.42904831E8	0.0	0.0
1.429061215E8	0.0	0.0
1.42907411E8	0.45849495733126455	0.8067788820169876
1.42908699E8	101.34887334887335	56.72862374618965
1.429099855E8	0.0	0.0
1.42911271E8	0.0	0.0
1.429125555E8	0.23442367601246106	0.48256195831593185
1.429138395E8	17.218068535825545	13.899617870540201
1.42915123E8	0.0	0.0
1.42916406E8	47.19017926734217	47.46539946668064
1.429176885E8	3.213728549141966	3.144715498963742
1.4291897E8	0.0	0.0
1.429202505E8	0.0	0.0
1.429215305E8	0.703125	1.4572019420794087
1.4292281E8	0.0	0.0
1.429240885E8	6.806729264475743	11.563866338506152
1.429253665E8	1.1697965571205007	1.7017435595324037
1.429266445E8	0.0	0.0
1.42927922E8	1266.497259201253	770.3123470263254
1.42929199E8	201.58653093187158	337.45618817115195
1.42930476E8	0.46985121378230227	0.9041798006929849
1.429317525E8	0.0	0.0
1.42933028E8	0.0	0.0
1.42934303E8	0.0	0.0
1.429355775E8	0.0	0.0
1.429368515E8	0.0	0.0
1.429381245E8	0.4716981132075472	1.063990353197863
1.42939396E8	0.0	0.0
1.42940667E8	0.0	0.0
1.42941938E8	0.0	0.0
1.42943209E8	0.6632572777340676	1.6444360568064833
1.4294448E8	1.1597167584579071	1.227472055698881
1.429457505E8	80.86850393700787	73.27093503743379
1.429470205E8	2.5858267716535432	6.138301080712831
1.429482905E8	6.124409448818898	8.757718755205353
1.4294956E8	1.1757289204097714	1.3348100569372658
1.429508285E8	0.0	0.0
1.429520965E8	0.23659305993690852	0.48640832634414116
1.429533635E8	13.34913112164297	13.424883170875594
1.42954629E8	0.0	0.0
1.429558935E8	0.7120253164556962	1.683407484685057
1.42957157E8	0.0	0.0
1.4295842E8	0.0	0.0
1.42959683E8	2.062549485352336	2.2759021946655116
1.429609455E8	0.0	0.0
1.429622075E8	0.0	0.0
1.429634695E8	0.0	0.0
1.42964731E8	0.0	0.0
1.42965992E8	48.90483743061063	23.63850137014125
1.429672525E8	175.6325396825397	157.41127760570498
1.429685125E8	0.0	0.0
1.429697725E8	2.426190476190476	4.281744192888376
1.429710325E8	0.9523809523809523	1.1932348988399242
1.42972292E8	103.68069896743447	208.78214700653325
1.429735505E8	0.0	0.0
1.429748085E8	5.169316375198728	12.055350618599231
1.429760665E8	12.919713831478537	24.43708055804371
1.42977324E8	0.0	0.0
1.42978579E8	0.0	0.0
1.42979832E8	8.36632083000798	9.61904037570284
1.429810845E8	0.0	0.0
1.42982336E8	0.47961630695443647	1.0593876336230197
1.42983587E8	0.0	0.0
1.42984838E8	0.0	0.0
1.42986089E8	0.0	0.0
1.429873395E8	6.6672	10.351965996852964
1.42988589E8	0.0	0.0
1.429898375E8	0.0	0.0
1.42991085E8	5.044907778668805	5.558610939198399
1.429923315E8	0.0	0.0
1.429935775E8	0.4478330658105939	1.1898446693071545
1.429948225E8	0.0	0.0
1.42996066E8	130.02735317779565	139.05125894662729
1.429973085E8	5.311594202898551	9.199217568072532
1.4299855E8	0.0	0.0
1.42999791E8	0.7244157937147462	0.9878390287982567
1.43001032E8	0.48348106365834004	0.9516938544440768
1.430022725E8	1.4411290322580645	3.350252758880604
1.430035125E8	0.0	0.0
1.430047525E8	79.3024193548387	71.51673614187868
1.43005992E8	0.9677158999192897	2.50632774656552
1.4300719E8	0.0	0.0
1.43007809E8	0.0	0.0
1.430084685E8	0.0	0.0
1.430097065E8	0.0	0.0
1.430109445E8	0.48465266558966075	1.258252243229827
1.43012182E8	0.0	0.0
1.430134185E8	0.0	0.0
1.43014654E8	0.0	0.0
1.43015889E8	0.9182186234817814	1.6631271457209782
1.430171235E8	0.0	0.0
1.430183575E8	29.882495948136143	27.824772959999635
1.430195915E8	0.0	0.0
1.43020825E8	0.0	0.0
1.43022058E8	0.48661800486618007	1.2878495123986977
1.430232905E8	0.7313311688311688	1.6363861831058524
1.43024522E8	0.0	0.0
1.43025753E8	0.0	0.0
1.43026984E8	0.0	0.0
1.43028215E8	0.5402112103980503	0.9619064471130043
1.430294455E8	2.859349593495935	2.652656284906444
1.43030675E8	0.9617575264442636	1.3760120914563256
1.43031904E8	0.0	0.0
1.430331325E8	0.0	0.0
1.4303436E8	0.628361858190709	1.7159779360756986
1.43035587E8	653.5973920130399	704.2713859046631
1.43036814E8	0.0	0.0
1.43038041E8	0.24449877750611246	0.604250092601671
1.430392675E8	0.24469820554649266	0.49466979445534437
1.430404935E8	0.0	0.0
1.430417195E8	0.3817292006525285	1.1816983934089604
1.43042945E8	3.5183673469387755	4.628924148817974
1.4304417E8	0.0	0.0
1.43045395E8	0.0	0.0
1.4304662E8	0.24489795918367346	0.5598833697790121
1.43047845E8	0.0	0.0
1.4304907E8	0.5542857142857143	1.3758856146096579
1.430502945E8	27.022875816993466	36.64435595735599
1.430515185E8	1.9338235294117647	2.5316622455395184
1.430527425E8	0.24509803921568626	0.49507377148833714
1.430539665E8	2.198529411764706	2.6374006811520267
1.4305519E8	0.0	0.0
1.43056413E8	0.0	0.0
1.43057636E8	0.24529844644317253	0.5349593637374412
1.430588585E8	49.235679214402616	41.22421824865531
1.430600805E8	0.45990180032733224	0.7099941218262467
1.43061302E8	0.0	0.0
1.430625225E8	0.0	0.0
1.430637425E8	0.9836065573770492	2.0665168286947697
1.43064962E8	0.6833470057424118	1.4780316378750067
1.43066181E8	0.0	0.0
1.430674E8	0.0	0.0
1.430686185E8	11.79720853858785	15.262589355215718
1.430698365E8	0.0	0.0
1.430710525E8	0.7413509060955519	1.4281241945264296
1.43072266E8	0.0	0.0
1.430734785E8	0.0	0.0
1.430746905E8	0.49504950495049505	0.9950371902099892
1.43075902E8	0.7456647398843931	1.649262277840163
1.43077113E8	0.0	0.0
1.430783235E8	0.24710743801652893	0.6318018310506929
1.43079533E8	0.0	0.0
1.43080742E8	1.488833746898263	1.9613722176102204
1.43081951E8	0.0	0.0
1.430831595E8	0.0	0.0
1.430843675E8	0.0	0.0
1.430855755E8	0.9329470198675497	1.8692793525883833
1.430867835E8	0.0	0.0
1.43087991E8	0.7456503728251864	1.4124549541541134
1.430891975E8	0.44776119402985076	0.6740880455850432
1.43090403E8	5.70954356846473	7.310368922013007
1.43091608E8	0.0	0.0
1.43092813E8	0.995850622406639	1.6498459628840547
1.43094017E8	0.0	0.0
1.4309522E8	0.0	0.0
1.43096423E8	0.0	0.0
1.430976255E8	1.7437603993344426	2.3347194995182927
1.430988275E8	0.49916805324459235	0.9574995166887733
1.43100029E8	0.0	0.0
1.431012295E8	0.0	0.0
1.431024295E8	0.7483333333333333	1.1335784048754634
1.431036295E8	0.25	0.6733003292241385
1.43104829E8	0.6780650542118432	1.0157229334639624
1.43106028E8	0.7506255212677231	2.0897302402616993
1.431072265E8	0.0	0.0
1.431084245E8	2.1619365609348913	3.202539685008878
1.43109622E8	0.24979114452798662	0.5461186812727502
1.43110819E8	0.0	0.0
1.43112015E8	0.0	0.0
1.4311321E8	0.0	0.0
1.43114405E8	3.268619246861925	3.4897338978529966
1.431156E8	0.2485355648535565	0.7044390034796703
1.43116795E8	23.164016736401674	24.758752309023603
1.431179895E8	0.0	0.0
1.43119183E8	0.2514668901927913	0.5014647447157091
1.43120376E8	0.0	0.0
1.43121569E8	0.2514668901927913	0.5688181303205723
1.43122762E8	0.5029337803855826	1.192319652004688
1.431239545E8	0.0	0.0
1.431251465E8	31.38003355704698	29.742420499703922
1.431263385E8	0.5033557046979866	1.2123525302972402
1.4312753E8	0.7556675062972292	1.5056568396854868
1.43128721E8	0.0	0.0
1.431299115E8	0.24201680672268908	0.6957252427829381
1.431311015E8	0.23277310924369748	0.6244325154782978
1.431322915E8	0.2134453781512605	0.6244325154782978
1.43133481E8	0.0	0.0
1.4313467E8	0.0	0.0
1.43135859E8	0.0	0.0
1.43137048E8	0.0	0.0
1.43138237E8	0.0	0.0
1.43139426E8	1.2220353238015138	1.747279514637202
1.431406145E8	0.0	0.0
1.431418015E8	0.0	0.0
1.431429875E8	0.0	0.0
1.431441735E8	8.935919055649242	8.918830147351269
1.431453595E8	0.0	0.0
1.431465455E8	0.0	0.0
1.43147731E8	0.0	0.0
1.43148916E8	0.23966244725738398	0.6825121133065161
1.43150101E8	3.1746835443037975	3.5115241260403884
1.43151286E8	0.0	0.0
1.431524705E8	0.0	0.0
1.431536545E8	0.0	0.0
1.431548385E8	0.0	0.0
1.431560225E8	0.0	0.0
1.431572055E8	0.25380710659898476	0.580273580380829
1.431583875E8	57.510998307952626	36.35868967277028
1.43159569E8	0.0	0.0
1.4316075E8	64.00592718035563	80.1603811504237
1.43161931E8	0.0	0.0
1.43163111E8	1.0559796437659033	1.2590638308997277
1.4316429E8	0.0	0.0
1.43165469E8	0.5089058524173028	0.9126386169360716
1.431666475E8	0.5093378607809848	1.0092946653787334
1.431678255E8	0.0	0.0
1.431690035E8	0.0	0.0
1.431701815E8	0.2546689303904924	0.5046473326893667
1.431713595E8	0.0	0.0
1.431725375E8	0.0	0.0
1.43173715E8	0.0	0.0
1.431748915E8	11015.272108843537	14137.95114730941
1.43176067E8	0.0	0.0
1.43177242E8	1.2765957446808511	2.3054053042841027
1.431784165E8	0.0	0.0
1.431795905E8	0.0	0.0
1.43180764E8	0.0	0.0
1.43181937E8	0.0	0.0
1.4318311E8	0.2557544757033248	0.5057217374241736
1.43184282E8	0.0	0.0
1.43185453E8	5.824935952177626	8.463767151685499
1.43186624E8	0.7668659265584971	1.2370594040938556
1.43187795E8	0.0	0.0
1.431889655E8	0.5111111111111111	0.9095880536541953
1.43190135E8	0.0	0.0
1.43191304E8	1.5192472198460223	2.424214881768004
1.431924725E8	0.7183219178082192	1.1957401559485845
1.4319364E8	0.2570694087403599	0.5645937183834463
1.43194807E8	0.0	0.0
1.43195974E8	0.0	0.0
1.431971405E8	0.0	0.0
1.431983065E8	227.19125214408234	157.00432907470724
1.431994725E8	602.8173241852487	692.6773169027766
1.432006385E8	0.0	0.0
1.43201804E8	0.0	0.0
1.43202969E8	0.2145922746781116	0.4632410546120795
1.432041335E8	0.0	0.0
1.43205297E8	0.0	0.0
1.4320646E8	198.31556319862426	166.02835434166005
1.43207623E8	0.0	0.0
1.43208786E8	1.5477214101461736	2.6997977695673097
1.43209949E8	0.2579535683576956	0.5078912958081637
1.43211112E8	36.03611349957008	59.558124965071855
1.432122745E8	45.27280550774527	34.03740222799461
1.432134365E8	0.7125645438898451	1.4490782873814696
1.432145985E8	78.68846815834767	120.3379063469142
1.4321576E8	0.0	0.0
1.43216921E8	0.0	0.0
1.43218082E8	0.0	0.0
1.432192425E8	0.0	0.0
1.432204025E8	1.0560344827586208	1.7547963827258095
1.432215625E8	0.5172413793103449	1.137147065368355
1.43222722E8	0.0	0.0
1.43223881E8	0.0	0.0
1.4322504E8	1.9628990509059534	2.507624267121389
1.43226199E8	0.5194132873166523	1.0175339422126364
1.43227358E8	12.681622088006902	8.945815223255403
1.432285165E8	0.0	0.0
1.432296745E8	278.12262521588946	335.01407440854405
1.432308325E8	0.2141623488773748	0.5993663896854984
1.4323199E8	1.150388936905791	1.1752268579619092
1.43233147E8	1.8124459809853068	3.3950495252897666
1.432343035E8	0.0	0.0
1.432354595E8	0.25951557093425603	0.5128116404165498
1.43236615E8	0.0	0.0
1.4323777E8	1.542857142857143	1.6961887504214492
1.43238925E8	0.0	0.0
1.4324008E8	42.58441558441559	74.85242624181072
1.432412345E8	0.0	0.0
1.432423885E8	0.25996533795493937	0.5585323675006912
1.432435425E8	0.0	0.0
1.432446965E8	7.233968804159446	3.5159946488702
1.4324585E8	0.0	0.0
1.43247003E8	0.26019080659150046	0.5301000576483844
1.43248156E8	0.26019080659150046	0.5134783513898651
1.432493085E8	1.5625	1.5662455107677085
1.432504605E8	0.0	0.0
1.432516125E8	0.0	0.0
1.432527645E8	0.0	0.0
1.43253916E8	1.5638575152041703	2.7500888541051727
1.432550665E8	0.2608695652173913	0.5595028849441883
1.432562165E8	0.2608695652173913	0.5970944139166224
1.432573655E8	0.0	0.0
1.432585135E8	0.0	0.0
1.432596615E8	0.0	0.0
1.432608095E8	15.64808362369338	15.145720753495265
1.432619575E8	0.0	0.0
1.432631055E8	0.0	0.0
1.43264253E8	1.6669572798605057	1.8555038419282877
1.432654E8	314.18221447253705	228.70837051702108
1.43266547E8	1.031386224934612	1.824945807796753
1.432676935E8	0.5445026178010471	0.5494722201966977
1.432688395E8	0.0	0.0
1.432699855E8	0.2617801047120419	0.5116445100966509
1.43271131E8	0.7860262008733624	1.2004366017972368
1.432722755E8	6.403846153846154	5.3252597690996835
1.432734195E8	3.749125874125874	5.149767460294192
1.432745635E8	151.76486013986013	76.39761304988711
1.432757075E8	5.768356643356643	8.924459592657643
1.432768515E8	0.26223776223776224	0.6159307017600514
1.43277995E8	0.0	0.0
1.43279138E8	0.6692913385826772	1.191248343513228
1.432802805E8	0.0	0.0
1.432814225E8	0.7880910683012259	1.4289966842658286
1.432825645E8	241.67162872154117	453.76602170263794
1.43283706E8	33.20157756354075	42.61834582108806
1.43284847E8	92.7239263803681	75.85347284522877
1.432859875E8	12.256140350877192	7.413004220890973
1.432871275E8	0.2631578947368421	0.6556100681071858
1.432882675E8	1.2710526315789474	1.9538535921734574
1.432894075E8	0.5219298245614035	1.057554278811059
1.43290547E8	5.6602282704126425	4.754370476769508
1.43291686E8	1.8437225636523267	3.4505156057560855
1.43292825E8	0.0	0.0
1.43293964E8	0.2633889376646181	0.6986755311337962
1.43295103E8	0.0	0.0
1.432962415E8	0.7908611599297012	1.540319278522834
1.43297379E8	0.2638522427440633	0.6178237972942433
1.432985155E8	15.83362676056338	23.386487912925457
1.432996515E8	0.0	0.0
1.433007875E8	370.0387323943662	283.57750232333956
1.433019235E8	0.0	0.0
1.43303059E8	0.0	0.0
1.43304194E8	0.0	0.0
1.43305329E8	6.763876651982379	5.212404722927289
1.433064635E8	0.0	0.0
1.433075975E8	36.38183421516755	27.39525506360545
1.433087315E8	0.0	0.0
1.433098655E8	0.0	0.0
1.43310999E8	0.264783759929391	0.5145714332620798
1.43312132E8	0.0	0.0
1.43313265E8	0.0	0.0
1.433143975E8	8875.486749116608	9968.924035378386
1.433155295E8	0.5053003533568905	1.262394382105581
1.433166615E8	0.0	0.0
1.433177935E8	0.0	0.0
1.43318925E8	0.0	0.0
1.43320056E8	1307.0114942528735	2084.23067479277
1.43321187E8	0.0	0.0
1.433223175E8	0.0	0.0
1.433234475E8	0.0	0.0
1.433245775E8	3.1371681415929205	4.390355479791819
1.43325707E8	0.2657218777679362	0.7017629325229723
1.43326836E8	0.0	0.0
1.43327965E8	9.12754650132861	13.846239013160433
1.43329094E8	0.5314437555358724	1.3409143794054743
1.43330222E8	2.76131322094055	2.5927343707565904
1.43331349E8	0.0	0.0
1.433324755E8	39.1056838365897	42.73709334318973
1.433336015E8	0.0	0.0
1.433347275E8	0.0	0.0
1.433358535E8	0.0	0.0
1.433369795E8	9.405861456483127	15.657099355025625
1.43338105E8	0.0	0.0
1.4333923E8	0.0	0.0
1.433403545E8	0.0	0.0
1.433414785E8	0.0	0.0
1.43342602E8	0.0	0.0
1.43343725E8	0.0	0.0
1.43344848E8	0.3268032056990205	1.1073300661202725
1.43345971E8	3.365093499554764	4.930324867059595
1.43347094E8	0.8771148708815673	1.5694092563985522
1.433482165E8	251.84313725490196	162.32908741294904
1.43349338E8	0.0	0.0
1.433504585E8	0.0	0.0
1.43351578E8	1.1242180518319929	2.556073563953738
1.43352697E8	1.0214477211796247	0.9223663083568147
1.433538155E8	1.5831842576028623	2.282193653307836
1.433549335E8	0.0	0.0
1.433560515E8	0.0	0.0
1.433571695E8	0.7271914132379249	1.0803994490874895
1.43358287E8	0.0	0.0
1.43359404E8	0.0	0.0
1.43360521E8	1.072515666965085	1.7423576572875856
1.43361638E8	2.14503133393017	2.93346083659843
1.43362755E8	6.650850492390331	7.907534115784819
1.43363872E8	3.629364368845121	3.437900298170548
1.433649885E8	0.0	0.0
1.433661045E8	8.21415770609319	12.717322310075783
1.433668735E8	123.14218009478672	67.39137301167045
1.433674315E8	2.270893371757925	2.9908602369171873
1.433683365E8	1.3243727598566308	2.624327870940205
1.433694525E8	3.492831541218638	3.810003810005715
1.433705685E8	0.0	0.0
1.43371684E8	0.0	0.0
1.43372799E8	0.0	0.0
1.43373914E8	0.26905829596412556	0.5204344511436765
1.433750285E8	0.6328545780969479	1.7040979228612947
1.433761425E8	0.0	0.0
1.433772565E8	0.0	0.0
1.433783705E8	1.0008976660682227	1.5788662614212197
1.433794845E8	0.26929982046678635	0.6832176486858071
1.433805985E8	0.0	0.0
1.433817115E8	0.0	0.0
1.433828235E8	0.0	0.0
1.433839355E8	0.0	0.0
1.433850475E8	191.7041366906475	296.5410835089012
1.43386159E8	6.53015301530153	5.511709162663554
1.433872695E8	0.0	0.0
1.433883795E8	0.8972972972972973	1.295870085803079
1.433894895E8	2.972972972972973	4.329450790128483
1.433905995E8	0.0	0.0
1.43391709E8	0.27051397655545534	0.7042317021773928
1.43392818E8	0.0	0.0
1.43393927E8	2.9486023444544633	3.4144180582179655
1.43395036E8	1.314697926059513	1.8332171999176585
1.433961445E8	6.768050541516246	4.82219971675824
1.433972525E8	0.0	0.0
1.4339836E8	0.0	0.0
1.43399467E8	2.6341463414634148	2.6181218227867324
1.43400574E8	0.5420054200542005	0.9136127992117168
1.434016805E8	42.98191681735985	29.774939400020017
1.434027865E8	1.0849909584086799	1.564178573952339
1.43403892E8	0.0	0.0
1.43404997E8	0.0	0.0
1.43406102E8	0.0	0.0
1.43407207E8	0.0	0.0
1.43408312E8	0.27058823529411763	0.5201809639866857
1.43409417E8	0.0	0.0
1.43410521E8	0.0	0.0
1.43411624E8	0.271985494106981	0.713806340889281
1.43412727E8	0.0	0.0
1.434138295E8	0.0	0.0
1.434149315E8	0.0	0.0
1.434160335E8	0.5290381125226861	0.5635639765961611
1.43417135E8	4.092643051771117	6.128357575716364
1.43418236E8	0.2016348773841962	0.6350352389973272
1.43419337E8	2.3978201634877383	3.929672398425397
1.434204375E8	23.117272727272727	30.63101517921159
1.434215375E8	0.0	0.0
1.43422637E8	0.0	0.0
1.43423736E8	2.0127388535031847	1.959554646623263
1.434248345E8	5.188524590163935	9.471989191029131
1.434259325E8	1.0947176684881603	1.5940463000042933
1.434270305E8	0.0	0.0
1.43428128E8	0.0	0.0
1.43429225E8	0.0	0.0
1.43430322E8	0.8204193254329991	1.568839691077134
1.434314185E8	0.0	0.0
1.434325145E8	0.0	0.0
1.434336095E8	1.5813528336380256	3.3396953303335253
1.43434703E8	0.0	0.0
1.434357955E8	0.0	0.0
1.43436887E8	0.0	0.0
1.43437978E8	2.1961503208065993	2.912409052564425
1.434390685E8	0.0	0.0
1.434401585E8	0.0	0.0
1.434412485E8	9.461467889908256	10.019247531672098
1.434423385E8	3.018348623853211	3.6648591597154807
1.434434285E8	0.0	0.0
1.43444518E8	0.0	0.0
1.43445607E8	1.6345270890725436	3.99850752689149
1.434466955E8	0.0	0.0
1.434477835E8	1.3216911764705883	1.852065619470198
1.434488715E8	0.2757352941176471	0.5956336220905482
1.434499595E8	4.137867647058823	6.736915422637033
1.43451047E8	0.0	0.0
1.43452134E8	23.32198712051518	27.533988363101212
1.43453221E8	9.585096596136154	6.069438728296129
1.434543075E8	13.58195211786372	11.284778450537539
1.434553935E8	1.8812154696132597	3.1166693749311167
1.434564795E8	3.012891344383057	2.8316808093889234
1.434575655E8	0.0	0.0
1.434586505E8	0.0	0.0
1.434597345E8	0.5092250922509225	1.314129852553656
1.434608185E8	0.0	0.0
1.434619025E8	0.283210332103321	0.5260729678739208
1.434629865E8	0.7269372693726938	1.7357750802311027
1.4346407E8	0.0	0.0
1.43465153E8	0.0	0.0
1.43466236E8	469.38227146814404	276.0539795595339
1.434673185E8	0.0	0.0
1.434684005E8	0.0	0.0
1.43469482E8	0.0	0.0
1.43470563E8	9.113783533765032	5.431858602871684
1.434716435E8	0.0	0.0
1.434727235E8	0.5555555555555556	1.3443985299781487
1.434738035E8	2.2222222222222223	2.6172504656604803
1.43474883E8	0.0	0.0
1.43475962E8	0.0	0.0
1.434770405E8	0.0	0.0
1.434781185E8	0.0	0.0
1.434791965E8	0.0	0.0
1.434802745E8	0.0	0.0
1.43481352E8	6.0974930362116995	6.93918401813294
1.43482429E8	0.0	0.0
1.434835055E8	0.0	0.0
1.434845815E8	0.0	0.0
1.434856575E8	0.0	0.0
1.434867335E8	0.0	0.0
1.43487809E8	0.0	0.0
1.43488884E8	5.766511627906977	4.900498313532027
1.43489959E8	9.955348837209302	14.62845268328051
1.43491034E8	0.27069767441860465	0.6258018112603576
1.434921085E8	0.0	0.0
1.434931825E8	5.47951582867784	8.330968006958189
1.434942565E8	1.3966480446927374	2.539446705818927
1.434953305E8	0.5586592178770949	1.05703284516338
1.43496404E8	0.27958993476234856	0.6646443386688182
1.434974765E8	175.31716417910448	50.17171075119418
1.434985485E8	1.3246268656716418	2.4513931463983814
1.4349962E8	0.0	0.0
1.43500691E8	6.645191409897293	3.996847497211569
1.435017615E8	0.0	0.0
1.435028315E8	0.0	0.0
1.435039015E8	0.0	0.0
1.43504971E8	0.0	0.0
1.4350604E8	0.0	0.0
1.435071085E8	0.2808988764044944	0.6491134836118732
1.43508176E8	0.0	0.0
1.43509243E8	0.0	0.0
1.4351031E8	0.5604498594189316	0.9777276027757504
1.435113765E8	0.28142589118198874	0.6482766879698075
1.435124415E8	2.369360902255639	2.2832752494304436
1.435135055E8	0.0	0.0
1.435145695E8	7.475563909774436	5.951242998994639
1.43515633E8	0.0	0.0
1.43516696E8	0.0	0.0
1.43517759E8	0.7996237064910631	1.2564041029822341
1.43518822E8	5.278457196613358	4.097701441361972
1.43519885E8	0.0	0.0
1.43520948E8	0.0	0.0
1.43522011E8	0.0	0.0
1.43523074E8	0.0	0.0
1.435241365E8	49.91525423728814	22.68549815944089
1.435251985E8	0.0	0.0
1.435262605E8	0.5649717514124294	1.1283038951671402
1.435273225E8	0.2523540489642185	0.6028807179495207
1.435283845E8	0.0	0.0
1.43529446E8	2.5796418473138547	5.293372521223579
1.435305065E8	0.0	0.0
1.435315665E8	229.14528301886793	162.07478765203686
1.435326265E8	0.0	0.0
1.43533686E8	5.98961284230406	4.528787366852666
1.43534745E8	0.0	0.0
1.43535804E8	0.0	0.0
1.435368625E8	0.0	0.0
1.435379205E8	5209.1427221172025	4444.870532646016
1.435389785E8	0.0	0.0
1.435400365E8	14.85538752362949	21.404710362648796
1.43541094E8	0.0	0.0
1.435421505E8	0.5662878787878788	1.3526069105787737
1.435432065E8	1.7708333333333333	2.3876259287747685
1.435442625E8	1.1259469696969697	1.6413801472781337
1.435453185E8	0.0	0.0
1.43546374E8	0.0	0.0
1.43547429E8	0.0	0.0
1.43548484E8	0.0	0.0
1.435495385E8	3.1318785578747628	2.7325433516927875
1.435505925E8	0.0	0.0
1.43551646E8	0.0	0.0
1.43552699E8	4.419753086419753	2.823386259708361
1.43553752E8	10.53656220322887	13.227751483405736
1.43554805E8	16.808167141500476	25.439050673036114
1.43555858E8	4.359924026590694	2.906422792247103
1.435569105E8	0.0	0.0
1.435579625E8	177.24144486692015	252.58317720474597
1.435590145E8	1.4049429657794676	2.3464235385056194
1.43560066E8	0.285442435775452	0.7194458169587798
1.43561117E8	0.0	0.0
1.43562168E8	0.544243577545195	0.9957091577999755
1.43563219E8	0.0	0.0
1.4356427E8	0.285442435775452	0.6630093144852461
1.435653205E8	0.0	0.0
1.435663705E8	2.8304761904761904	4.810306395547753
1.4356742E8	5.350810295519542	6.846888753685021
1.43568469E8	0.0	0.0
1.43569518E8	0.0	0.0
1.43570567E8	0.0	0.0
1.43571616E8	1.8836987607244995	3.453214470768487
1.435726645E8	0.18129770992366412	0.6021589655957372
1.435737125E8	15.205152671755725	12.299615211507433
1.435747605E8	0.0	0.0
1.435758085E8	0.0	0.0
1.435768565E8	7.901717557251908	5.8967742507989485
1.43577904E8	19.638013371537728	30.675707732506552
1.43578951E8	0.276981852913085	0.6288207000245536
1.43579998E8	0.0	0.0
1.43581045E8	2.52531041069723	3.224784630348187
1.435820915E8	0.0	0.0
1.43583137E8	0.0	0.0
1.43584182E8	1.4354066985645932	1.8103900026575732
1.43585227E8	0.28708133971291866	0.5357997197768198
1.43586272E8	0.0	0.0
1.435873165E8	0.0	0.0
1.435883605E8	4.022988505747127	6.024852742989877
1.435894045E8	4.304597701149425	6.810938913900849
1.43590448E8	2.5186960690316393	2.9743228400198034
1.43591491E8	0.5752636625119847	1.0381043273385955
1.435925335E8	0.0	0.0
1.435935755E8	0.0	0.0
1.435946175E8	65.73320537428023	60.401781761163505
1.435956595E8	1.9069097888675623	2.0384970565394873
1.435967015E8	0.0	0.0
1.43597743E8	3.7041306436119115	4.462997618479673
1.43598784E8	0.0	0.0
1.43599825E8	0.0	0.0
1.436008655E8	0.0	0.0
1.436019055E8	0.0	0.0
1.436029455E8	0.0	0.0
1.436039855E8	0.5153846153846153	0.8781536574847515
1.43605025E8	0.8662175168431184	1.6700959266565623
1.43606064E8	5.581328200192493	4.546836783448733
1.43607103E8	1.014436958614052	1.2323830760758878
1.436081415E8	0.0	0.0
1.436091795E8	1.7023121387283238	2.530164837327055
1.436102175E8	0.0	0.0
1.43611255E8	0.0	0.0
1.43612292E8	0.0	0.0
1.43613329E8	0.0	0.0
1.43614366E8	114.40501446480232	52.69381728383454
1.436154025E8	0.0	0.0
1.436164385E8	11.977799227799228	19.182697118128846
1.43617474E8	0.0	0.0
1.43618509E8	1.1091787439613527	1.0416449273093842
1.43619544E8	0.28309178743961355	0.5320637061852778
1.43620579E8	0.0	0.0
1.43621614E8	0.5797101449275363	1.2014484012514084
1.43622648E8	2.2516940948693125	2.3293655472801515
1.43623681E8	0.398838334946757	0.9437212905052808
1.43624714E8	0.2787996127783156	0.537103486200447
1.43625747E8	4.336882865440464	3.7613976517098644
1.436267795E8	0.0	0.0
1.436278115E8	3.9282945736434107	5.422462611691647
1.436288435E8	0.0	0.0
1.43629875E8	0.0	0.0
1.43630906E8	0.0	0.0
1.43631937E8	2.0368574199806013	4.125810034212592
1.436329675E8	8.444660194174757	6.624901538011679
1.436339975E8	0.0	0.0
1.436350275E8	0.0	0.0
1.43636057E8	1.4577259475218658	1.586813984063487
1.43637086E8	0.8454810495626822	1.8214785907497697
1.43638115E8	7096.24684159378	6053.04670854127
1.43639144E8	95.99028182701652	134.071409544104
1.43640173E8	0.0	0.0
1.43641202E8	0.0	0.0
1.43642231E8	0.0	0.0
1.436432595E8	0.2538910505836576	0.5038760269983655
1.436442875E8	0.0	0.0
1.43645315E8	0.0	0.0
1.43646342E8	0.0	0.0
1.43647369E8	0.0	0.0
1.436483955E8	0.0	0.0
1.436494215E8	0.0	0.0
1.43650447E8	0.43902439024390244	0.9009480101943568
1.43651472E8	0.2917073170731707	0.7515836937962982
1.43652497E8	1.4634146341463414	1.9403293660563115
1.43653522E8	0.40780487804878046	0.5400993585194956
1.43654546E8	0.0	0.0
1.43655569E8	0.0	0.0
1.436565915E8	0.0	0.0
1.436576135E8	2.0557729941291587	2.8978026630487803
1.436586355E8	16.049902152641877	17.913496207598552
1.436596575E8	0.0	0.0
1.43660679E8	5.7835455435847205	5.224068460793353
1.436617E8	1.6875612144955925	2.3877339176525356
1.43662721E8	0.0	0.0
1.436637415E8	341.84901960784316	243.67475309132385
1.436647615E8	0.0	0.0
1.436657815E8	0.0	0.0
1.43666801E8	0.0	0.0
1.4366782E8	0.0	0.0
1.43668839E8	1.1776251226692835	1.901654669193014
1.43669858E8	0.0	0.0
1.43670877E8	5.126594700686948	5.345932941839593
1.436718955E8	11.412573673870334	18.223939867188644
1.436729135E8	0.0	0.0
1.436739315E8	0.0	0.0
1.436749495E8	0.0	0.0
1.436759665E8	0.0	0.0
1.436769825E8	0.0	0.0
1.436779985E8	1.0580708661417322	1.838723881340269
1.43679014E8	0.0	0.0
1.43680029E8	0.0	0.0
1.436810435E8	0.0	0.0
1.436820575E8	76.46942800788955	104.42765018082122
1.436830715E8	0.0	0.0
1.436840855E8	0.0	0.0
1.436850995E8	0.0	0.0
1.43686113E8	2.065153010858835	3.853179095391863
1.43687126E8	0.0	0.0
1.43688139E8	0.8884501480750246	1.6908090203033548
1.436891515E8	0.0	0.0
1.436901635E8	0.0	0.0
1.436911755E8	1.482213438735178	2.246648799888297
1.436921875E8	30.593873517786562	32.84688697867308
1.436931995E8	6.517786561264822	5.409057694121955
1.43694211E8	0.0	0.0
1.43695222E8	28.0	40.3926818101745
1.43696233E8	0.0	0.0
1.43697244E8	0.8902077151335311	1.9356614789339288
1.436982545E8	11.410891089108912	9.316651759081694
1.436992645E8	0.0	0.0
1.437002745E8	1.4415841584158415	2.1131366578272845
1.437012845E8	0.0	0.0
1.437022935E8	0.0	0.0
1.437033015E8	0.0	0.0
1.437043095E8	0.0	0.0
1.43705317E8	0.0	0.0
1.43706324E8	0.0	0.0
1.437073305E8	0.5656063618290258	1.9727265647837713
1.437083365E8	0.0	0.0
1.437093425E8	0.0	0.0
1.43710348E8	0.0	0.0
1.43711353E8	0.0	0.0
1.43712358E8	0.8577114427860697	1.3879366553283259
1.43713363E8	0.0	0.0
1.43714368E8	1.4149253731343283	2.4278647744847897
1.437153725E8	0.0	0.0
1.437163765E8	0.0	0.0
1.437173805E8	0.05776892430278884	0.3399085886022559
1.437183845E8	0.0	0.0
1.43719388E8	0.0	0.0
1.4372039E8	1.7932067932067932	2.432300128702031
1.43721391E8	0.0	0.0
1.43722392E8	1.1318681318681318	2.011455703204534
1.43723393E8	0.0	0.0
1.43724394E8	1.5824175824175823	2.238746973641285
1.437251765E8	16.31028368794326	28.465015232712975
1.437257305E8	0.0	0.0
