#Position (bp)	mapping quality
179658.5	142.38569865843
538974.5	140.0375077165514
898290.5	82.30711558307388
1257606.5	110.0628209078948
1616922.5	124.80023681258908
1976238.5	146.68906292727434
2335554.5	110.94644091023909
2694870.5	137.0634897109279
3054186.5	129.28341890954036
3413502.5	161.03495440867923
3772818.5	86.39877328750673
4132134.5	121.2102844330887
4491450.5	162.99613458531508
4850766.5	131.91860770768966
5210082.5	122.9179581307769
5569398.5	104.58104551159624
5928714.5	78.62701786961462
6288030.5	57.79480255483527
6647346.5	125.13249481538797
7006662.5	146.2801771052405
7365978.5	67.2685727123547
7725294.5	139.32269787729228
8084610.5	106.7750359029506
8443926.5	74.51949325692925
8803242.5	99.69196909162405
9162558.5	110.40807477154105
9521874.5	111.28033344443448
9881190.5	179.7974388089283
1.02405065E7	151.81642940474492
1.05998225E7	123.99769534635531
1.09591385E7	137.89586912625214
1.13184545E7	161.18002566215333
1.16777705E7	133.13166740482782
1.20370865E7	108.99984984163733
1.23964025E7	21.422532333438653
1.27557185E7	110.01147167585529
1.31150345E7	144.17456463648566
1.34743505E7	152.6084218457303
1.38336665E7	158.01185376128709
1.41929825E7	81.51499789518782
1.45522985E7	77.8147273013394
1.49116145E7	79.11751327775609
1.52709305E7	110.84177737275986
1.56302465E7	102.16128784129923
1.59895625E7	161.19364369669464
1.63488785E7	77.3403732644944
1.67081945E7	92.54910680725636
1.70675105E7	82.49765883831559
1.74268265E7	107.15438209497219
1.77861425E7	20.597141872844492
1.81454585E7	137.72596725353804
1.85047745E7	81.65971096780501
1.88640905E7	132.50977947040403
1.92234065E7	118.06414728507991
1.95827225E7	103.72098168048825
1.99420385E7	128.09352135808305
2.03013545E7	67.54033248112106
2.06606705E7	92.15686044715004
2.10199865E7	67.98837059887701
2.13793025E7	56.340209747725005
2.17386185E7	135.68226602646672
2.20979345E7	176.86858828332194
2.24572505E7	127.92074997638973
2.28165665E7	39.041885140369345
2.31758825E7	68.59403337374216
2.34346265E7	39.32764971538376
2.36142845E7	77.40512334898473
2.38945145E7	13.527212076088702
2.42538305E7	9.201289867217419
2.46131465E7	13.361304216492249
2.49724625E7	47.533573912825275
2.53317785E7	2.60124874888694
2.56910945E7	7.542065551357669
2.60504105E7	5.588438812503336
2.64097265E7	4.913099802257854
2.67690425E7	11.012518543048374
2.71283585E7	58.05015616990163
2.74876745E7	20.95129392643906
2.78469905E7	11.233857273813765
2.82063065E7	95.39150147622676
2.85656225E7	70.51262314353949
2.89249385E7	64.22209580492233
2.92842545E7	118.15682988569982
2.96435705E7	124.85956907598364
3.00028865E7	87.59336824199715
3.03622025E7	73.36232044040361
3.07215185E7	124.20657630661229
3.10808345E7	121.6329202068946
3.14401505E7	140.8320039266879
3.17994665E7	166.92405282606856
3.21587825E7	119.29353370295128
3.25180985E7	169.70438197409166
3.28774145E7	121.53670575776731
3.32367305E7	154.15573085102557
3.35960465E7	86.0037802164964
3.39553625E7	54.86177923151871
3.43146785E7	128.9098214840813
3.46739945E7	101.92453622646579
3.50333105E7	61.85332020285967
3.53926265E7	161.21665025514605
3.57519425E7	62.734129478788866
3.61112585E7	128.29363346334893
3.64705745E7	142.33777553968744
3.68298905E7	136.95477756832707
3.71892065E7	170.32473733475592
3.75485225E7	61.85280952136755
3.79078385E7	110.42428730157286
3.82671545E7	182.52246013255714
3.86264705E7	98.96493175872632
3.89857865E7	151.00200598321905
3.93451025E7	95.93459439093002
3.97044185E7	106.37048298475516
4.00637345E7	145.46979803552128
4.04230505E7	158.7709048967372
4.07823665E7	70.78145294545301
4.11416825E7	159.16898891801205
4.15009985E7	142.71659777874868
4.18603145E7	125.29099487620599
4.22196305E7	83.40242147775837
4.25789465E7	84.6323817321638
4.29382625E7	89.19122602324971
4.32975785E7	95.1903346424726
4.36568945E7	172.2191402918339
4.40162105E7	87.35618085556884
4.43755265E7	123.27622181624561
4.47348425E7	141.0458752542103
4.50941585E7	56.214786142920055
4.54534745E7	115.71114957986275
4.58127905E7	106.1245173637219
4.61721065E7	98.55717244008432
4.65314225E7	123.36889110433873
4.68907385E7	120.01337472862357
4.72500545E7	133.98468335701335
4.76093705E7	104.56290422074427
4.79686865E7	119.80065487964397
4.83280025E7	145.36632312663946
4.86541545E7	57.103819997308214
4.88338125E7	91.41816656291445
4.90466345E7	149.7907052514789
4.94059505E7	88.886972545227
4.97652665E7	116.11643532582843
5.01245825E7	140.8076002140964
5.04838985E7	135.49746354370217
5.08432145E7	117.90665222938449
5.12025305E7	82.27357372610729
5.15618465E7	136.37543376427254
5.19211625E7	129.44552021376953
5.22804785E7	60.89720824478639
5.26397945E7	88.15540414655707
5.29991105E7	96.45110749080997
5.33584265E7	95.69248895524986
5.37177425E7	172.09684967974766
5.40770585E7	72.10687682170769
5.44363745E7	98.47409652315721
5.47956905E7	157.6948913919242
5.51550065E7	128.38209999749103
5.55143225E7	119.28363521567539
5.58736385E7	124.09357029025666
5.62329545E7	130.731540910002
5.65922705E7	98.9315078715818
5.69515865E7	133.15393331414452
5.73109025E7	142.2763663855765
5.76702185E7	143.39900062242614
5.80295345E7	100.8798906124334
5.83888505E7	106.86691041835714
5.87481665E7	120.1827858896633
5.91074825E7	127.86945738159736
5.94667985E7	191.690807600859
5.98261145E7	138.69889653236052
6.01854305E7	83.3372598749788
6.05447465E7	128.20591385114184
6.09040625E7	112.23913692390049
6.12633785E7	115.64249370753897
6.16226945E7	97.87538297606632
6.19820105E7	99.07919966149717
6.23413265E7	119.22801779097215
6.27006425E7	146.23657289497416
6.30599585E7	62.45942144430628
6.34192745E7	98.10816641207307
6.37785905E7	106.68422603420933
6.41379065E7	119.68115388662584
6.44972225E7	141.24468060337355
6.48565385E7	114.97032946214068
6.52158545E7	123.57047524652154
6.55751705E7	85.87920138639315
6.59344865E7	71.34976556946107
6.62938025E7	110.86753033039257
6.66531185E7	136.30809511312472
6.70124345E7	120.49397876215187
6.73717505E7	149.38679307674886
6.77310665E7	135.97456297365966
6.80903825E7	111.49677596038168
6.84496985E7	147.73785979147556
6.88090145E7	101.48439407029616
6.91683305E7	127.56002579666621
6.95276465E7	134.89661694921924
6.98869625E7	126.79901070087381
7.02462785E7	148.73131048102894
7.06055945E7	103.7595241941419
7.09649105E7	170.92015694354325
7.13242265E7	78.15240375479699
7.16835425E7	111.21738889341705
7.20428585E7	92.44441319793995
7.24021745E7	7.494231794872451
7.27614905E7	19.20549207622811
7.31208065E7	18.141343836963923
7.34801225E7	16.404164090969825
7.38394385E7	101.367709106188
7.41987545E7	12.79271769464126
7.45580705E7	3.4821642404966044
7.49173865E7	6.3162615993688505
7.52767025E7	11.91425877927157
7.56360185E7	2.527721322147677
7.59953345E7	41.93498247680412
7.63546505E7	1.6900734794459686
7.67139665E7	27.33494245783546
7.690225E7	132.8002735978112
7.7081908E7	7.159278229506797
7.74325985E7	9.39400288463084
7.77919145E7	62.94286793754201
7.81512305E7	5.29673908184786
7.85105465E7	12.496338223048832
7.88698625E7	24.65812772917846
7.92291785E7	15.647877077631648
7.95884945E7	51.430090784013615
7.99478105E7	17.597196825220944
8.03071265E7	5.7313461060899975
8.06664425E7	22.971852928069485
8.10257585E7	105.7529831177303
8.13850745E7	164.74914533344722
8.17443905E7	108.18130318292437
8.21037065E7	73.76495082551703
8.24630225E7	129.4799016791495
8.28223385E7	107.56280098384123
8.31816545E7	94.6914824391387
8.35409705E7	181.63527919382548
8.39002865E7	153.08962875026475
8.42596025E7	167.8908699932069
8.46189185E7	150.33087265195246
8.49782345E7	120.7459854230504
8.53375505E7	171.98277217435285
8.56968665E7	120.83947513147683
8.60561825E7	109.81854519824816
8.64154985E7	134.9183917418789
8.67748145E7	126.91932971083143
8.71341305E7	105.7588089998158
8.74934465E7	154.11837691739564
8.78527625E7	145.76974958657826
8.82120785E7	98.90711162554659
8.85713945E7	38.4211780077782
8.89307105E7	55.65055672225869
8.92900265E7	87.76003648683191
8.96493425E7	126.18854056789824
9.00086585E7	80.43427698419148
9.03679745E7	118.55839381044044
9.07272905E7	120.8184595939866
9.10866065E7	107.06615241249979
9.14459225E7	132.40864896745217
9.18052385E7	108.68112999350464
9.21645545E7	107.80293002904511
9.25238705E7	180.04410442462705
9.28831865E7	168.553131736989
9.32425025E7	94.31201112456948
9.36018185E7	102.19982275716897
9.39611345E7	116.14829386564523
9.43204505E7	138.54168854561289
9.46797665E7	138.9422906775882
9.50390825E7	63.24505400457228
9.53983985E7	74.8712758992465
9.57577145E7	138.59561179121755
9.61170305E7	112.52409774357113
9.64763465E7	95.86524383724276
9.68356625E7	137.84709457311
9.71949785E7	98.52441275678598
9.75542945E7	103.6139721339726
9.79136105E7	92.88682681794161
9.82729265E7	85.9718177235592
9.86322425E7	90.52875952713782
9.89915585E7	92.88199616077694
9.93508745E7	133.31605660038386
9.97101905E7	99.28636946331444
1.000695065E8	115.34223437895662
1.004288225E8	173.61044390108333
1.007881385E8	143.73171432940737
1.011474545E8	133.87786718975315
1.015067705E8	122.8115792013989
1.018660865E8	170.25502697679056
1.022254025E8	107.7283909278599
1.025847185E8	111.04343156767948
1.029440345E8	143.2900121380267
1.033033505E8	70.83550950735395
1.036626665E8	79.4324719557403
1.040219825E8	128.9978457365228
1.043812985E8	109.89360074284984
1.047406145E8	152.37314028280278
1.050999305E8	183.16190095252102
1.054592465E8	106.63091926698534
1.058185625E8	91.33093779589402
1.061778785E8	169.89477642443617
1.065371945E8	128.5963600575245
1.068965105E8	104.82057289851437
1.072558265E8	88.64323835391338
1.076151425E8	82.5081315779671
1.079744585E8	98.07006172676812
1.083337745E8	116.94199932114576
1.086930905E8	86.06278529021972
1.089314775E8	108.83333507527395
1.091111355E8	155.0981908441752
1.094117225E8	79.7731271093153
1.097710385E8	104.52562048341679
1.101303545E8	102.23239365601866
1.10324175E8	3.0735490880807395
1.10503833E8	61.70462591409888
1.108489865E8	145.2625066390346
1.112083025E8	115.32327815590587
1.115676185E8	103.12820989404065
1.119269345E8	156.84888038032918
1.122862505E8	126.95323051253217
1.126455665E8	129.52295945527678
1.130048825E8	66.74744746980451
1.133641985E8	73.9258969316938
1.137235145E8	87.79722877940799
1.140828305E8	68.63289053452104
1.144421465E8	54.899747063743966
1.148014625E8	106.37579623080438
1.151607785E8	62.26171133450246
1.155200945E8	115.31568604906224
1.158794105E8	118.66287024260374
1.162387265E8	134.32745353334454
1.165980425E8	108.8196930928839
1.169573585E8	99.5595768824147
1.173166745E8	118.70799387031636
1.176759905E8	134.79503721497818
1.180353065E8	124.09664365181663
1.183946225E8	127.52292231077215
1.187539385E8	102.44122405480402
1.191132545E8	54.48412434688415
1.194725705E8	90.28883691033289
1.198318865E8	149.35840175882808
1.201912025E8	134.40808899312944
1.205505185E8	62.71702254803397
1.209098345E8	90.5896407167517
1.212691505E8	86.9234103910624
1.216284665E8	131.53489472909152
1.219877825E8	115.68713668316136
1.223470985E8	165.68145176666968
1.227064145E8	86.43271516330623
1.230657305E8	72.00843961574915
1.234250465E8	124.77482497086991
1.237843625E8	95.1851135163668
1.241436785E8	85.95333975752185
1.245029945E8	92.27715101814964
1.248623105E8	54.596468417752476
1.252216265E8	51.020094291183725
1.255809425E8	158.64624069680198
1.259402585E8	162.00802310931684
1.262995745E8	140.49989695992562
1.266588905E8	109.00751948662628
1.270182065E8	128.60926881454597
1.273775225E8	71.09491300213806
1.277368385E8	98.37674938649683
1.280961545E8	105.2449676504096
1.284554705E8	80.4867953889389
1.288147865E8	165.55038026285666
1.291741025E8	65.55710654071737
1.295334185E8	125.42332016814531
1.298927345E8	143.3088751151332
1.302520505E8	100.54839838450567
1.306113665E8	130.57670429958551
1.309706825E8	124.9262717544451
1.313299985E8	95.34091522131574
1.316893145E8	71.06543819714052
1.320486305E8	82.94630631961053
1.324079465E8	19.2144696649039
1.327672625E8	135.50525883439872
1.331265785E8	92.1179821712347
1.334858945E8	117.95368700479716
1.337730805E8	10.006191965592924
1.339527385E8	26.0443542300253
1.342045265E8	17.17627162921976
1.345638425E8	53.22025156234383
1.349231585E8	2.248763858618234
1.352824745E8	7.41395397031098
1.356417905E8	12.817339296976947
1.360011065E8	4.260207644141389
1.363604225E8	16.875384465315268
1.367197385E8	11.83486231704743
1.370790545E8	39.425532300740706
1.374033365E8	15.152960824096711
1.375577225E8	254.03305850047278
1.375927565E8	34.508642433503596
1.376371405E8	18.01439554797905
1.37699935E8	29.828500414250207
1.37786751E8	108.40803419309289
1.37868371E8	14.685028656216376
1.37942101E8	44.38534092372108
1.37980213E8	29.49958605664488
1.38019627E8	93.58986782068772
1.38089538E8	35.07286534333242
1.38156123E8	43.34736807789981
1.382206275E8	102.36939743351311
1.38280805E8	2.2760934393638173
1.38323179E8	253.86540600667408
1.383484915E8	0.0
1.38384028E8	123.59192667334574
1.384312265E8	43.861799958669145
1.384772795E8	36.718335461984985
1.38522045E8	129.08158660711015
1.385663025E8	1.0895277342982046
1.38610046E8	27.005324028569557
1.38651258E8	13.375714255141567
1.386833775E8	50.4243169835437
1.387019305E8	0.0
1.38726341E8	0.0
1.387630385E8	78.49814187859224
1.3879854E8	129.92019296396185
1.3883298E8	12.834468875812945
1.388668195E8	52.80846774193548
1.389001375E8	61.07010883469536
1.389325255E8	17.29033269644725
1.38963047E8	1.8238131783795637
1.38991991E8	171.7364785764458
1.390198715E8	59.28029197080292
1.39044446E8	0.7853776952734542
1.390581695E8	72.71816881258941
1.39074104E8	78.64205397301349
1.391000815E8	244.49101112183232
1.39125904E8	39.28415826911677
1.391516555E8	35.19567999025104
1.391772845E8	13.782494526886481
1.39202833E8	65.07483709764342
1.39227853E8	255.0
1.392522945E8	114.6820272180931
1.392761035E8	0.0
1.392991635E8	0.0
1.393219065E8	200.21644392794886
1.39344169E8	146.9461375086437
1.393656665E8	0.0
1.39386585E8	168.0292901068195
1.394057875E8	128.0
1.394157655E8	0.0
1.39426072E8	209.06943396226416
1.394433E8	0.0
1.394591395E8	0.8525411596277738
1.39474609E8	0.0
1.394898515E8	0.35591206179441476
1.39504877E8	11.492434382160114
1.39519712E8	154.12443778110944
1.39534307E8	0.0
1.39548658E8	21.619107479572595
1.395628065E8	157.7397677244046
1.395768695E8	255.0
1.395908865E8	0.0
1.396048595E8	0.0
1.39618797E8	255.0
1.396327175E8	200.76614573526643
1.39646447E8	0.0
1.39659998E8	14.123311135798025
1.39673523E8	0.0
1.39687001E8	1.5023794212218649
1.39700456E8	245.86357372531006
1.397138915E8	0.0
1.397272965E8	0.0
1.39740652E8	127.60633861551293
1.397539385E8	0.0
1.397671835E8	255.0
1.397738625E8	0.0
1.39780441E8	0.2578057863076482
1.397935115E8	3.0
1.39806605E8	0.0
1.398195725E8	240.87451263537906
1.398324245E8	0.0
1.39845262E8	255.0
1.398580325E8	2.994871794871795
1.3987073E8	0.0
1.398833975E8	0.0
1.398960405E8	150.837384744342
1.399086725E8	0.0
1.399212565E8	76.18519357029658
1.39933781E8	164.9457318109639
1.39946267E8	255.0
1.399587085E8	57.310155535224155
1.399711325E8	0.0
1.39983544E8	255.0
1.399959275E8	162.65951253421383
1.400082885E8	184.6215139442231
1.40020559E8	2.9790940766550524
1.400327265E8	1.7268869354349803
1.400448715E8	0.0
1.4005699E8	0.0
1.400690545E8	0.0
1.40081085E8	255.0
1.400930995E8	199.66878737752896
1.40105101E8	95.98287112561175
1.40117094E8	211.78782230506368
1.401281635E8	0.0
1.40134155E8	0.0
1.401410485E8	1.2456372006709253
1.40153003E8	127.28714524207011
1.40164882E8	0.0
1.40176667E8	239.53801732435034
1.4018842E8	211.26660613223697
1.40200076E8	0.81562787841572
1.402116215E8	0.0
1.402231315E8	249.99591169255928
1.402345955E8	251.64473684210526
1.402459205E8	36.49809160305343
1.402571045E8	0.0
1.402682415E8	0.0
1.4027885E8	39.639198425367695
1.40288828E8	164.6341463414634
1.402984445E8	0.0
1.40307799E8	0.0
1.403166425E8	2.235628105039035
1.40324819E8	0.0
1.403326835E8	3.0
1.403402015E8	0.0
1.4034742E8	1.0
1.40354483E8	255.0
1.403614525E8	8.34928636535426
1.403683705E8	243.31169262996892
1.403752505E8	2.5000260674625934
1.403821105E8	1.0
1.40388953E8	243.63583138173303
1.403957145E8	255.0
1.404023365E8	2.8846153846153846
1.404088075E8	0.0
1.404151525E8	3.0
1.40421418E8	1.0
1.40427633E8	83.95018119803879
1.404337675E8	201.8073017408124
1.404398365E8	0.0
1.40445888E8	251.62634146341463
1.404519085E8	0.0
1.404579005E8	255.0
1.404638765E8	241.95870708320444
1.404698365E8	247.37771739130434
1.4047577E8	255.0
1.40481673E8	153.3589468645285
1.404875345E8	0.0
1.404915035E8	0.0
1.404943895E8	0.0
1.404990715E8	0.0
1.405047025E8	91.60305077864454
1.40510262E8	0.0
1.405157995E8	215.8021100517834
1.40521292E8	234.19448228882834
1.40526756E8	165.31462124242447
1.40532181E8	0.0
1.40537566E8	237.29949985577463
1.405429375E8	215.31808585503165
1.405482795E8	247.3122866894198
1.40553603E8	253.3112582781457
1.405589225E8	1.7142857142857142
1.40564221E8	0.0
1.405694775E8	255.0
1.40574688E8	255.0
1.405798735E8	248.41503446766603
1.405850135E8	255.0
1.40590093E8	0.0
1.405951535E8	0.0
1.40600212E8	0.0
1.406052535E8	0.0
1.406102665E8	69.71445929526124
1.406152645E8	3.0
1.406202595E8	3.0
1.406252495E8	0.0
1.40630226E8	2.7649769585253456
1.40635179E8	0.0
1.40640115E8	0.0
1.4064504E8	0.0
1.4064995E8	237.82760582924297
1.406548455E8	3.0
1.40659729E8	151.7102946460654
1.40664601E8	1.0
1.406694435E8	3.0
1.40674261E8	0.0
1.40679061E8	131.95111111111112
1.40683806E8	0.0
1.40688509E8	0.0
1.406931635E8	3.0
1.40697758E8	0.0
1.40702335E8	1.0
1.40706898E8	255.0
1.40711432E8	0.0
1.40715925E8	254.60311284046693
1.40720393E8	0.0
1.407248515E8	1.0
1.407292955E8	1.9067796610169492
1.407337135E8	0.0
1.40738111E8	0.0
1.40742499E8	0.0
1.407468785E8	0.0
1.40751256E8	255.0
1.407556295E8	3.0
1.40759995E8	55.10348071495767
1.407643435E8	131.79045996592845
1.407686665E8	134.48869066581713
1.407729765E8	17.905114839550414
1.40777284E8	0.0
1.40781584E8	229.24622805242927
1.40785876E8	16.588936136967344
1.40790157E8	0.0
1.407944295E8	255.0
1.407986935E8	255.0
1.40802937E8	0.0
1.40807165E8	129.0
1.408113885E8	0.0
1.408156105E8	105.52064343163539
1.408198225E8	0.509770290964778
1.40824022E8	122.37824675324676
1.408282145E8	2.0867859769551362
1.408324E8	0.0
1.408365825E8	0.0
1.40840755E8	0.0
1.408449115E8	255.0
1.40849054E8	0.0
1.40851497E8	0.0
1.408535395E8	0.0
1.40857247E8	0.0
1.408613235E8	1.0
1.40865389E8	158.91230885406833
1.408694335E8	0.0
1.40873455E8	0.0
1.408774675E8	0.0
1.408814765E8	0.0
1.40885475E8	254.5757071547421
1.408894625E8	0.0
1.408934395E8	0.5
1.408974065E8	255.0
1.409013685E8	173.1836839404823
1.409053235E8	226.69424186695414
1.40909269E8	3.0
1.409132055E8	3.0
1.409171345E8	0.0
1.409210595E8	226.11637347767254
1.40924982E8	0.0
1.40928899E8	0.0
1.40932812E8	0.0
1.409367215E8	44.64941569282137
1.4094061E8	0.0
1.409444775E8	2.118433322971713
1.409483385E8	212.81021655416407
1.409521765E8	0.0
1.40955989E8	0.0
1.409597955E8	0.0
1.409636015E8	255.0
1.40967392E8	0.0
1.40971157E8	3.0
1.40974907E8	0.0
1.40978648E8	0.0
1.409823815E8	1.2483574244415243
1.40986105E8	0.0
1.409898215E8	2.5141290594685786
1.40993536E8	0.0
1.409972465E8	255.0
1.41000941E8	0.0
1.410046115E8	0.5489375941107579
1.410082665E8	255.0
1.41011916E8	0.0
1.410155645E8	0.0
1.410192115E8	0.0
1.410228535E8	0.1820388349514563
1.410264835E8	213.17514595496246
1.410301055E8	0.0
1.41033718E8	255.0
1.41037321E8	0.0
1.410409235E8	0.0
1.41044521E8	0.0
1.410481085E8	0.0
1.410516865E8	0.0
1.41055252E8	255.0
1.410588075E8	215.41408046687604
1.41062361E8	1.976109215017065
1.41065914E8	0.0
1.41069467E8	232.21049355822493
1.41073012E8	225.16283547257876
1.41076544E8	255.0
1.41080071E8	0.0
1.41083596E8	0.0
1.41087117E8	255.0
1.41090628E8	0.0
1.410941305E8	228.95791629476827
1.41097631E8	74.21708555801537
1.411011295E8	0.0
1.411046235E8	96.30717582878724
1.411081075E8	0.0
1.41111585E8	1.0
1.4111506E8	0.0
1.411185295E8	178.37960291871713
1.41121994E8	0.0
1.411254545E8	37.75961684658659
1.411289005E8	0.0
1.411323185E8	0.0
1.411357175E8	0.0
1.4113911E8	255.0
1.411424975E8	0.0
1.41145878E8	59.0
1.411492525E8	228.25530436741897
1.41152626E8	196.9506933744222
1.41155995E8	0.0
1.411593515E8	30.86322428064643
1.41162699E8	212.26256983240222
1.41166043E8	1.0
1.4116937E8	0.0
1.411726805E8	0.0
1.411759855E8	0.0
1.41179286E8	0.0
1.411825805E8	0.0
1.411858675E8	2.9012345679012346
1.41189148E8	0.0
1.41192424E8	66.0
1.411956955E8	255.0
1.411989605E8	14.873469841976407
1.41202221E8	1.0
1.4120548E8	224.2044603293955
1.412087365E8	0.0
1.41210776E8	0.0
1.41212402E8	3.0
1.412152325E8	0.0
1.41218463E8	3.0
1.41221688E8	126.71979865771812
1.412249085E8	233.79146619397315
1.41228124E8	193.51959247648904
1.41231335E8	0.0
1.412345425E8	0.0
1.41237746E8	0.0
1.41240947E8	161.7817509247842
1.41244146E8	0.0
1.412473425E8	125.48211508553655
1.41250538E8	227.84191257364986
1.412537305E8	236.10395122783964
1.412569125E8	0.0
1.41260086E8	0.0
1.41263258E8	0.0
1.412664245E8	0.0
1.41269585E8	0.0
1.41272743E8	0.0
1.412758995E8	0.0
1.412790545E8	237.55571732556837
1.412822035E8	0.0
1.4128534E8	208.30680799657068
1.41288466E8	0.0
1.41291589E8	0.0
1.412947105E8	1.0
1.412978215E8	2.9339803959254276
1.413009225E8	0.0
1.413040225E8	255.0
1.41307117E8	0.0
1.41310204E8	238.10057854917667
1.413132865E8	33.2991202346041
1.413163665E8	217.6776440785307
1.41319445E8	76.82129844893994
1.413225215E8	85.09454949944383
1.41325596E8	0.0
1.41328669E8	1.862763915547025
1.41331738E8	0.0
1.413348E8	0.0
1.413378585E8	187.96654896627447
1.413409105E8	169.57853982300884
1.413439555E8	3.0
1.41346999E8	0.0
1.41350033E8	0.0
1.413530575E8	0.0
1.41356076E8	0.0
1.413590875E8	0.0
1.41362097E8	0.0
1.413651025E8	3.0
1.41368103E8	0.9933774834437086
1.41371102E8	1.4588566073102156
1.413740995E8	23.761904761904763
1.41377093E8	255.0
1.413800805E8	164.8146644375448
1.413830635E8	255.0
1.413860455E8	1.0
1.41389022E8	32.754728492983524
1.413919895E8	0.0
1.4139495E8	0.0
1.413979065E8	0.0
1.41400857E8	0.0
1.41403801E8	0.0
1.41406741E8	0.0
1.41409678E8	0.0
1.414126105E8	0.0
1.41415538E8	238.94934425728349
1.414184645E8	0.0
1.414213895E8	188.49207786328657
1.414243125E8	208.9780978637612
1.414272345E8	0.0
1.41430155E8	0.0
1.414330725E8	0.0
1.414359875E8	95.5925925925926
1.414389E8	18.162220104811816
1.414418105E8	0.0
1.41444718E8	217.21402909476413
1.414476225E8	0.3604605707381215
1.41450526E8	0.0
1.41453427E8	181.1753484466424
1.41456323E8	1.0
1.41459214E8	0.0
1.414621005E8	163.63139204545453
1.414649835E8	183.26908883165308
1.414678655E8	0.0
1.414707475E8	255.0
1.41473629E8	0.6641901931649331
1.41476508E8	0.0
1.414793845E8	170.8679688465818
1.41482258E8	0.0
1.414851235E8	0.0
1.414879835E8	3.0
1.414908425E8	0.0
1.41493699E8	244.53637090327737
1.41496551E8	226.80149033591792
1.414993995E8	1.3454545454545455
1.415022465E8	0.0
1.415050915E8	255.0
1.41507934E8	0.0
1.415107725E8	0.0
1.415136075E8	0.0
1.41516441E8	0.0
1.415192725E8	0.0
1.41522102E8	0.0
1.415249305E8	191.61132922041503
1.41527757E8	1.3345697329376855
1.41530581E8	0.0
1.415334035E8	0.0
1.415362255E8	0.0
1.415390465E8	255.0
1.41541866E8	255.0
1.41544683E8	206.0561704098171
1.415474975E8	0.0
1.4155031E8	0.0
1.415531175E8	0.0
1.41555919E8	160.8201309328969
1.415587165E8	0.0
1.41561512E8	0.0
1.41564307E8	133.28
1.415671015E8	0.0
1.415695015E8	224.37775623939908
1.41570898E8	255.0
1.41572688E8	0.0
1.4157548E8	0.0
1.415782705E8	202.12415856394915
1.415810595E8	255.0
1.41583847E8	56.59456236584784
1.415866325E8	0.0
1.41589416E8	218.90833182359336
1.41592198E8	0.0
1.41594971E8	255.0
1.415977345E8	255.0
1.41600491E8	0.0
1.416032415E8	0.0
1.41605989E8	126.10747663551402
1.416087335E8	0.0
1.416114735E8	0.0
1.41614208E8	0.0
1.416169385E8	151.46715341107853
1.41619657E8	225.20850357137098
1.416223655E8	0.0
1.41625071E8	103.0
1.416277715E8	0.0
1.41630469E8	255.0
1.416331645E8	219.80602416204923
1.41635856E8	0.0
1.416385445E8	1.9463505926388023
1.416412325E8	0.0
1.416439195E8	252.10438587352849
1.41646598E8	214.0431344356578
1.416492685E8	0.0
1.41651938E8	26.74741656784686
1.416546065E8	1.0
1.41657273E8	43.92923664229979
1.416599375E8	3.0
1.41662593E8	248.59548516293464
1.416652385E8	0.0
1.416678815E8	213.9758917214331
1.41670523E8	0.0
1.41673163E8	0.0
1.41675801E8	0.0
1.416784375E8	211.77527388318103
1.41681073E8	0.0
1.41683705E8	255.0
1.416863335E8	255.0
1.416889605E8	0.0
1.416915825E8	1.0
1.416942E8	0.0
1.416968145E8	0.0
1.41699426E8	3.0
1.41702034E8	0.0
1.41704638E8	0.0
1.41707241E8	139.96502384737678
1.41709838E8	3.0
1.417124275E8	129.0
1.417150135E8	0.0
1.41717597E8	0.0
1.41720177E8	0.0
1.41722754E8	0.0
1.417253305E8	66.33418164466359
1.41727906E8	156.06192863462107
1.41730481E8	0.0
1.41733056E8	3.0
1.417356305E8	255.0
1.417382025E8	0.0
1.4174077E8	0.0
1.41743333E8	0.0
1.41745892E8	0.0
1.417484485E8	0.0
1.41751004E8	254.91593868468766
1.41753556E8	0.0
1.41756104E8	128.64410514934264
1.41758648E8	3.0
1.41761189E8	226.96885428253614
1.417637275E8	0.0
1.4176626E8	0.0
1.41768789E8	0.0
1.417713145E8	0.0
1.41773836E8	126.71687622417387
1.41776357E8	0.0
1.417788775E8	0.0
1.417813975E8	2.6397117694155323
1.41783916E8	0.08582053971583865
1.417864325E8	0.0
1.41788946E8	18.756394745938472
1.41791457E8	0.0
1.417939675E8	0.0
1.417964765E8	3.0
1.41798983E8	0.0
1.418014855E8	0.2244165170556553
1.41803981E8	89.23971659686765
1.4180647E8	254.5757071547421
1.41808953E8	255.0
1.41811431E8	195.57067794598174
1.418139075E8	233.83927068723702
1.41816383E8	0.0
1.41818857E8	0.0
1.418213285E8	0.0
1.418237955E8	1.0
1.41826259E8	128.02646384663473
1.418287215E8	204.0
1.41831178E8	192.27272727272728
1.41833627E8	255.0
1.418360715E8	0.0
1.41838512E8	0.0
1.418409505E8	194.4869813539392
1.418433885E8	0.0
1.418458265E8	110.77669509993152
1.41848263E8	0.0
1.418506975E8	0.0
1.418531305E8	0.0
1.41855562E8	0.0
1.41857992E8	1.8
1.418604205E8	233.64406779661016
1.41862847E8	0.0
1.41865272E8	0.0
1.41867695E8	0.0
1.41870116E8	254.8657187993681
1.418725365E8	0.0
1.41874956E8	0.0
1.41877374E8	0.0
1.41879789E8	255.0
1.418822015E8	0.0
1.418846075E8	0.0
1.418870045E8	0.0
1.418893965E8	70.71946087049172
1.418917865E8	0.0
1.41894176E8	0.0
1.41896563E8	255.0
1.41898948E8	3.0
1.41901333E8	197.79116932502376
1.419037175E8	174.72688773464222
1.41906101E8	65.28625172147392
1.41908484E8	193.17482572757794
1.419108665E8	0.0
1.41913248E8	0.0
1.41915629E8	86.99085360285103
1.41918009E8	8.575314005099631
1.41920388E8	36.49809160305343
1.419227665E8	255.0
1.41925143E8	0.4552352048558422
1.419275165E8	0.0
1.419292615E8	42.91246182928602
1.41930446E8	0.0
1.419322555E8	0.0
1.419346225E8	0.0
1.41936987E8	0.0
1.41939347E8	1.0
1.41941703E8	173.98524404086265
1.419440575E8	0.0
1.41946411E8	0.0
1.419487635E8	0.0
1.419511115E8	0.0
1.419534545E8	255.0
1.419557965E8	227.36527392879984
1.41958135E8	0.0
1.419604675E8	229.1913248150639
1.419627965E8	0.0
1.419651245E8	225.39610324128378
1.419674515E8	236.58673619655215
1.41969777E8	0.0
1.419721005E8	0.0
1.419744205E8	0.0
1.41976738E8	0.0
1.419790505E8	0.0
1.41981358E8	0.0
1.419836635E8	234.85419618704108
1.41985967E8	117.99803581744656
1.41988266E8	1.5385996409335727
1.4199056E8	0.0
1.41992852E8	37.07816968541468
1.41995142E8	0.0
1.4199743E8	0.0
1.419997165E8	0.0
1.420020015E8	236.9458556946929
1.42004285E8	0.0
1.420065675E8	0.0
1.42008845E8	0.0
1.420111165E8	234.38409525209465
1.42013386E8	0.0
1.420156535E8	0.0
1.42017916E8	0.0
1.42020175E8	0.0
1.42022431E8	0.0
1.420246815E8	0.0
1.42026929E8	1.0
1.42029171E8	0.0
1.420314065E8	0.0
1.420336395E8	87.0901001112347
1.420358715E8	169.11044103484707
1.420381015E8	0.0
1.42040329E8	255.0
1.42042554E8	0.0
1.42044776E8	0.0
1.420469965E8	0.0
1.42049215E8	0.0
1.420514315E8	0.0
1.420536445E8	0.0
1.42055854E8	0.0
1.42058062E8	0.0
1.420602685E8	186.11586236183692
1.42062474E8	0.0
1.42064677E8	0.0
1.420668775E8	0.0
1.420690765E8	211.32596685082873
1.420712745E8	0.0
1.420734715E8	0.0
1.420756655E8	0.0
1.420778565E8	224.26263307326425
1.42080046E8	0.0
1.42082235E8	255.0
1.42084423E8	3.0
1.42086609E8	255.0
1.4208879E8	0.0
1.420909665E8	0.0
1.42093141E8	0.0
1.420953105E8	0.0
1.42097474E8	0.0
1.42099635E8	0.0
1.42101794E8	194.55405405405406
1.42103946E8	0.0
1.42106089E8	0.0
1.421082245E8	0.0
1.42110355E8	0.0
1.421124825E8	0.0
1.421146075E8	255.0
1.421167315E8	181.75331226040757
1.42118853E8	198.9213544241226
1.42120971E8	85.46534653465346
1.421230865E8	0.0
1.421252E8	0.0
1.42127313E8	0.0
1.42129426E8	0.0
1.421315385E8	0.0
1.42133649E8	0.0
1.421357575E8	0.0
1.42137864E8	0.0
1.42139969E8	255.0
1.42142073E8	0.0
1.421441755E8	0.0
1.421462745E8	0.0
1.421483705E8	255.0
1.421504655E8	0.0
1.421525595E8	0.0
1.421546525E8	3.0
1.421567435E8	56.970902760507336
1.42158833E8	0.0
1.421609215E8	3.0
1.42163009E8	0.8006012024048096
1.42165096E8	0.0
1.421671825E8	1.0
1.421692675E8	0.0
1.4217135E8	183.6820170868931
1.4217343E8	0.0
1.42175509E8	0.0
1.421775875E8	0.0
1.421796645E8	255.0
1.421817365E8	0.0
1.421838025E8	3.2197857904177605
1.42185866E8	255.0
1.42187929E8	209.6562970225572
1.421899915E8	255.0
1.421920525E8	0.0
1.421941125E8	0.0
1.421961725E8	255.0
1.42198232E8	170.0
1.422002865E8	0.0
1.422023345E8	0.0
1.422043795E8	0.0
1.42206423E8	255.0
1.42208462E8	0.0
1.42210496E8	0.0
1.42212529E8	0.0
1.422145605E8	255.0
1.42216589E8	15.819864217527655
1.42218613E8	0.0
1.422206335E8	132.47163695299838
1.42222652E8	255.0
1.422246675E8	180.4245283018868
1.422266795E8	255.0
1.42228689E8	0.0
1.422306975E8	255.0
1.422327045E8	0.0
1.422347105E8	0.0
1.42236716E8	60.85241730279898
1.42238721E8	255.0
1.422407225E8	0.0
1.422427205E8	1.3035045933991154
1.422447185E8	0.6666666666666666
1.42246715E8	0.0
1.42248709E8	0.0
1.422507005E8	0.0
1.422526905E8	177.8678943628612
1.422546795E8	0.0
1.422566665E8	0.0
1.422586525E8	0.0
1.422606355E8	0.0
1.422626145E8	0.0
1.422645915E8	1.9565217391304348
1.422665675E8	3.0
1.42268543E8	1.5025041736227045
1.422705175E8	65.94736842105263
1.422724895E8	0.0
1.422744575E8	1.0
1.422764235E8	255.0
1.422783895E8	0.0
1.422803545E8	0.0
1.42282318E8	0.0
1.422842805E8	0.0
1.422862425E8	230.39447880524966
1.4228818E8	127.39383846794338
1.42289161E8	0.0
1.42290166E8	255.0
1.42292127E8	0.0
1.42294088E8	0.0
1.422960465E8	0.0
1.422980025E8	35.17218973359324
1.42299954E8	255.0
1.42301901E8	255.0
1.42303848E8	228.3582089552239
1.423057945E8	0.0
1.4230774E8	0.0
1.423096845E8	0.0
1.42311628E8	0.0
1.42313569E8	0.0
1.423155065E8	133.20454545454547
1.423174425E8	0.0
1.42319378E8	0.0
1.42321312E8	0.0
1.42323245E8	0.0
1.42325177E8	0.0
1.42327107E8	176.20896300156332
1.423290355E8	0.0
1.423309635E8	85.04724847137298
1.42332891E8	0.0
1.423348175E8	238.7098891638868
1.423367435E8	0.0
1.423386685E8	255.0
1.423405905E8	0.0
1.42342509E8	0.0
1.423444255E8	0.0
1.423463415E8	0.0
1.42348253E8	168.75
1.423501595E8	0.0
1.42352065E8	0.0
1.423539695E8	0.0
1.42355873E8	0.0
1.42357776E8	0.0
1.42359679E8	0.0
1.423615815E8	0.0
1.42363483E8	255.0
1.423653835E8	0.0
1.423672835E8	0.0
1.42369183E8	0.0
1.4237108E8	0.0
1.42372975E8	0.0
1.42374869E8	0.0
1.42376761E8	0.0
1.423786515E8	0.0
1.423805415E8	253.04298653610772
1.423824305E8	1.5902004454342984
1.423843155E8	255.0
1.423861925E8	251.01234567901236
1.423880645E8	0.0
1.42389936E8	0.0
1.423918065E8	139.0909090909091
1.423936765E8	0.0
1.42395546E8	0.0
1.42397415E8	0.0
1.42399284E8	0.0
1.424011525E8	255.0
1.42403019E8	0.0
1.42404883E8	211.1649396763378
1.42406746E8	0.0
1.424086055E8	0.0
1.424104605E8	254.21679037624776
1.42412313E8	3.0
1.42414163E8	0.0
1.42416009E8	0.0
1.42417852E8	0.0
1.42419695E8	0.0
1.42421538E8	0.0
1.424233805E8	0.0
1.42425222E8	0.0
1.42427063E8	0.0
1.424288995E8	0.0
1.424307315E8	0.0
1.424325625E8	0.0
1.42434392E8	3.0
1.42436221E8	1.0
1.424380485E8	1.310734463276836
1.42439871E8	0.0
1.424416895E8	0.0
1.424435075E8	0.0
1.42445323E8	0.0
1.42447136E8	0.0
1.424489455E8	0.0
1.4245075E8	0.0
1.424525525E8	0.0
1.42454354E8	254.15282392026577
1.424561545E8	0.0
1.424579545E8	255.0
1.424597535E8	0.0
1.42461551E8	0.0
1.42463346E8	0.0
1.424651385E8	0.0
1.42466928E8	0.0
1.424687145E8	0.0
1.424705E8	0.0
1.42472285E8	3.0
1.424740655E8	0.0
1.42475841E8	0.0
1.42477616E8	3.0
1.42479391E8	155.30769230769232
1.424811635E8	0.0
1.42482933E8	255.0
1.424847005E8	199.84848780142096
1.42486464E8	0.0
1.424882225E8	254.11597856917743
1.424899775E8	244.63960811756473
1.4249173E8	134.28405122235156
1.42493479E8	2.9916589434661724
1.42495226E8	0.0
1.42496973E8	0.0
1.42498718E8	0.0
1.4250046E8	0.0
1.425021995E8	0.0
1.42503937E8	0.0
1.425056725E8	0.0
1.42507406E8	129.0
1.425091385E8	0.0
1.425108685E8	255.0
1.425125945E8	0.0
1.425143185E8	2.7760236803157374
1.4251604E8	255.0
1.42517759E8	253.46003422146174
1.425194765E8	0.0
1.425211925E8	0.0
1.42522908E8	0.0
1.425246225E8	0.0
1.42526336E8	255.0
1.425280485E8	213.00445103857567
1.425297595E8	229.77477477477478
1.425314695E8	0.08620164483703929
1.42533179E8	0.0
1.425348875E8	0.0
1.425365935E8	0.0
1.42538297E8	0.0
1.4254E8	255.0
1.425416995E8	0.0
1.425433925E8	200.3553027050236
1.425450825E8	255.0
1.42546771E8	0.0
1.42548457E8	3.0
1.42550141E8	0.0
1.42551824E8	99.88466343405256
1.42553507E8	223.26690737397584
1.425551885E8	0.0
1.42556868E8	0.0
1.425585465E8	0.0
1.42560223E8	0.0
1.42561894E8	21.25590441789386
1.42563556E8	0.0
1.425652095E8	1.0
1.42566857E8	0.0
1.42568501E8	0.0
1.42570144E8	0.0
1.42571786E8	0.0
1.42573425E8	0.0
1.42575062E8	2.001669449081803
1.42576699E8	166.1096478746743
1.425783355E8	0.0
1.425799685E8	0.0
1.42581598E8	0.0
1.42583225E8	219.0
1.4258485E8	0.0
1.42586474E8	0.0
1.425880965E8	0.0
1.42589717E8	72.76955491177245
1.425913335E8	0.8097511937672782
1.42592946E8	216.91804846938774
1.425945565E8	102.50183516850184
1.425961665E8	255.0
1.425977755E8	255.0
1.42599378E8	255.0
1.42600974E8	0.0
1.426025685E8	131.30859375
1.426041585E8	0.0
1.426057445E8	0.0
1.426073305E8	255.0
1.42608914E8	0.0
1.42610493E8	0.0
1.4261207E8	0.0
1.42613646E8	0.0
1.4261522E8	0.0
1.42616792E8	0.0
1.42618361E8	0.0
1.426199275E8	180.89362637362638
1.426214905E8	0.0
1.426230505E8	0.0
1.426246095E8	0.0
1.426261665E8	0.0
1.426277225E8	255.0
1.42629278E8	0.0
1.42630832E8	2.0897832817337463
1.426323845E8	1.9898989898989898
1.426339355E8	0.0
1.426354855E8	55.77777777777778
1.42637035E8	0.0
1.426385825E8	0.0
1.426401275E8	0.0
1.42641671E8	58.99893715955892
1.42643213E8	0.0
1.426447535E8	0.0
1.426462925E8	0.0
1.42647757E8	0.0
1.42648524E8	0.0
1.42649362E8	187.38687321646964
1.42650895E8	0.0
1.426524275E8	255.0
1.42653958E8	0.0
1.42655486E8	218.45032051282053
1.42657012E8	0.9079903147699758
1.42658537E8	0.0
1.42660062E8	203.67170833333333
1.42661585E8	255.0
1.426631055E8	0.0
1.42664625E8	0.0
1.426661435E8	0.0
1.426676605E8	255.0
1.426691735E8	0.0
1.42670683E8	1.3636363636363635
1.426721915E8	0.0
1.426736975E8	2.9314164344767732
1.426752015E8	0.0
1.426767045E8	0.0
1.426782025E8	0.0
1.426796955E8	0.0
1.426811875E8	224.65074267362505
1.426826785E8	0.0
1.42684168E8	0.0
1.426856565E8	0.0
1.42687144E8	0.0
1.42688631E8	148.5462140992167
1.42690117E8	87.80089736399327
1.426916015E8	0.0
1.426930845E8	0.0
1.426945645E8	0.0
1.426960415E8	0.0
1.42697517E8	0.0
1.42698991E8	0.0
1.42700463E8	0.0
1.427019325E8	0.0
1.427034E8	0.0
1.427048665E8	0.0
1.427063315E8	0.0
1.427077945E8	0.0
1.42709256E8	0.0
1.42710717E8	0.0
1.42712177E8	0.0
1.427136355E8	243.67147187107267
1.427150925E8	0.0
1.42716547E8	0.0
1.427179995E8	3.0
1.427194515E8	0.0
1.42720903E8	168.58426966292134
1.427223515E8	0.0
1.427237975E8	0.0
1.42725243E8	0.0
1.42726687E8	204.05812757201647
1.42728129E8	0.0
1.427295695E8	232.3247723424883
1.427310075E8	0.0
1.427324415E8	0.0
1.427338735E8	255.0
1.427353055E8	0.0
1.427367365E8	0.0
1.42738166E8	70.38895859473024
1.42739595E8	175.55153498219613
1.42741022E8	0.0
1.427424465E8	0.0
1.427438705E8	0.0
1.427452945E8	0.0
1.42746718E8	0.0
1.427481405E8	176.02348178137652
1.42749562E8	0.0
1.42750982E8	0.0
1.427523995E8	215.7824874511991
1.427538155E8	0.0
1.427552315E8	93.05579138872044
1.42756647E8	86.43812709030101
1.427580605E8	0.0
1.427594725E8	0.0
1.42760884E8	0.0
1.427622945E8	0.0
1.427637035E8	0.0
1.427651115E8	204.8893360160966
1.42766519E8	0.0
1.427679255E8	0.0
1.427693305E8	0.0
1.427707335E8	0.0
1.42772132E8	166.61194029850745
1.427735265E8	0.0
1.4277492E8	207.22031460674157
1.42776312E8	0.0
1.42777703E8	0.0
1.42779094E8	0.0
1.427804825E8	255.0
1.427818685E8	0.0
1.42783254E8	0.0
1.427846385E8	152.32225913621264
1.42786022E8	245.8058617234469
1.427874045E8	2.8799303944315544
1.42788786E8	0.0
1.42790167E8	0.0
1.427915475E8	255.0
1.427929275E8	85.76084538375973
1.42794307E8	36.43339587242026
1.427956855E8	0.0
1.42797063E8	0.0
1.4279844E8	132.13266274435378
1.42799817E8	255.0
1.42801194E8	74.68401937046005
1.428025705E8	0.0
1.42803946E8	0.0
1.428053205E8	0.0
1.428066945E8	0.0
1.42808068E8	0.0
1.4280944E8	3.0
1.4281081E8	1.0
1.428121785E8	0.0
1.428135455E8	0.0
1.42814909E8	0.0
1.428162695E8	208.91206200815358
1.428176275E8	113.96974538192711
1.428189835E8	255.0
1.42820339E8	0.0
1.42821694E8	0.0
1.428230475E8	0.0
1.42824399E8	0.0
1.42825748E8	255.0
1.42827095E8	206.53846153846155
1.428284415E8	0.0
1.428297865E8	0.0
1.4283113E8	57.19222172552526
1.42832472E8	222.40331376712044
1.428338125E8	254.59022038567494
1.428351525E8	0.0
1.428364925E8	0.0
1.42837832E8	255.0
1.42839171E8	0.0
1.42840509E8	0.0
1.42841846E8	255.0
1.428431825E8	0.0
1.428445175E8	171.14060446780553
1.42845851E8	0.0
1.42847184E8	36.99323806095137
1.42848517E8	0.0
1.428498495E8	255.0
1.428511805E8	203.0084077771939
1.428525105E8	0.0
1.428538395E8	0.0
1.42855167E8	0.0
1.428564935E8	0.0
1.428578195E8	0.0
1.42859144E8	0.0
1.42860467E8	0.0
1.428617895E8	255.0
1.428631085E8	0.0
1.42864424E8	0.0
1.42865739E8	0.0
1.42867054E8	0.0
1.42868369E8	0.0
1.428696825E8	0.0
1.42870994E8	0.0
1.42872305E8	0.0
1.428736155E8	0.0
1.428749255E8	139.59847036328873
1.42876235E8	186.95045359385904
1.428775435E8	0.0
1.428788505E8	0.0
1.428801555E8	255.0
1.428814595E8	0.0
1.428827635E8	0.0
1.428840675E8	255.0
1.42885371E8	0.0
1.42886674E8	0.0
1.428879765E8	0.0
1.42889278E8	0.0
1.42890579E8	0.0
1.42891879E8	236.8174870070315
1.42893177E8	0.0
1.42894474E8	0.0
1.42895771E8	255.0
1.428970675E8	0.0
1.42898363E8	0.0
1.428996575E8	0.0
1.429009515E8	0.0
1.429022455E8	255.0
1.42903539E8	192.0
1.42904831E8	0.0
1.429061215E8	0.0
1.42907411E8	129.44162436548223
1.42908699E8	236.4895197644822
1.429099855E8	0.0
1.42911271E8	0.0
1.429125555E8	253.30564784053155
1.429138395E8	204.470327483264
1.42915123E8	0.0
1.42916406E8	170.99340986043438
1.429176885E8	254.75242718446603
1.4291897E8	0.0
1.429202505E8	0.0
1.429215305E8	255.0
1.4292281E8	0.0
1.429240885E8	0.03425681112771583
1.429253665E8	203.8294314381271
1.429266445E8	0.0
1.42927922E8	231.99968280800857
1.42929199E8	3.8853262685198855
1.42930476E8	129.0
1.429317525E8	0.0
1.42933028E8	0.0
1.42934303E8	0.0
1.429355775E8	0.0
1.429368515E8	0.0
1.429381245E8	255.0
1.42939396E8	0.0
1.42940667E8	0.0
1.42941938E8	0.0
1.42943209E8	168.01067615658363
1.4294448E8	255.0
1.429457505E8	220.61722637118683
1.429470205E8	1.0
1.429482905E8	224.0511699665724
1.4294956E8	2.5938337801608577
1.429508285E8	0.0
1.429520965E8	1.0
1.429533635E8	216.8059171597633
1.42954629E8	0.0
1.429558935E8	0.0
1.42957157E8	0.0
1.4295842E8	0.0
1.42959683E8	225.25911708253358
1.429609455E8	0.0
1.429622075E8	0.0
1.429634695E8	0.0
1.42964731E8	0.0
1.42965992E8	173.65100779970487
1.429672525E8	194.7190427344248
1.429685125E8	0.0
1.429697725E8	231.04219823356232
1.429710325E8	3.0
1.42972292E8	57.79678091531708
1.429735505E8	0.0
1.429748085E8	0.0
1.429760665E8	2.1052728727004246
1.42977324E8	0.0
1.42978579E8	0.0
1.42979832E8	233.3649718592006
1.429810845E8	0.0
1.42982336E8	255.0
1.42983587E8	0.0
1.42984838E8	0.0
1.42986089E8	0.0
1.429873395E8	29.157187425006
1.42988589E8	0.0
1.429898375E8	0.0
1.42991085E8	255.0
1.429923315E8	0.0
1.429935775E8	255.0
1.429948225E8	0.0
1.42996066E8	222.7721254269168
1.429973085E8	162.89176898590267
1.4299855E8	0.0
1.42999791E8	255.0
1.43001032E8	0.0
1.430022725E8	0.9994404029099049
1.430035125E8	0.0
1.430047525E8	235.1577566481924
1.43005992E8	3.0
1.4300719E8	0.0
1.43007809E8	0.0
1.430084685E8	0.0
1.430097065E8	0.0
1.430109445E8	3.0
1.43012182E8	0.0
1.430134185E8	0.0
1.43014654E8	0.0
1.43015889E8	255.0
1.430171235E8	0.0
1.430183575E8	196.78429830508475
1.430195915E8	0.0
1.43020825E8	0.0
1.43022058E8	0.49833333333333335
1.430232905E8	84.62264150943396
1.43024522E8	0.0
1.43025753E8	0.0
1.43026984E8	0.0
1.43028215E8	229.69172932330827
1.430294455E8	211.98265567244812
1.43030675E8	254.78426395939087
1.43031904E8	0.0
1.430331325E8	0.0
1.4303436E8	255.0
1.43035587E8	227.4266388516193
1.43036814E8	0.0
1.43038041E8	255.0
1.430392675E8	255.0
1.430404935E8	0.0
1.430417195E8	144.93589743589743
1.43042945E8	246.89443155452437
1.4304417E8	0.0
1.43045395E8	0.0
1.4304662E8	3.0
1.43047845E8	0.0
1.4304907E8	180.18409425625921
1.430502945E8	204.54970371266174
1.430515185E8	162.5893536121673
1.430527425E8	255.0
1.430539665E8	29.0958751393534
1.4305519E8	0.0
1.43056413E8	0.0
1.43057636E8	255.0
1.430588585E8	195.2952830502277
1.430600805E8	255.0
1.43061302E8	0.0
1.430625225E8	0.0
1.430637425E8	0.0
1.43064962E8	0.9543817527010804
1.43066181E8	0.0
1.430674E8	0.0
1.430686185E8	217.84250817732618
1.430698365E8	0.0
1.430710525E8	171.0
1.43072266E8	0.0
1.430734785E8	0.0
1.430746905E8	255.0
1.43075902E8	254.15282392026577
1.43077113E8	0.0
1.430783235E8	255.0
1.43079533E8	0.0
1.43080742E8	255.0
1.43081951E8	0.0
1.430831595E8	0.0
1.430843675E8	0.0
1.430855755E8	2.4676131322094057
1.430867835E8	0.0
1.43087991E8	3.0
1.430891975E8	0.5555555555555556
1.43090403E8	77.76017441860465
1.43091608E8	0.0
1.43092813E8	255.0
1.43094017E8	0.0
1.4309522E8	0.0
1.43096423E8	0.0
1.430976255E8	255.0
1.430988275E8	129.0
1.43100029E8	0.0
1.431012295E8	0.0
1.431024295E8	0.0
1.431036295E8	3.0
1.43104829E8	255.0
1.43106028E8	1.0
1.431072265E8	0.0
1.431084245E8	0.11544401544401545
1.43109622E8	255.0
1.43110819E8	0.0
1.43112015E8	0.0
1.4311321E8	0.0
1.43114405E8	239.78341013824885
1.431156E8	0.0
1.43116795E8	16.462013655576026
1.431179895E8	0.0
1.43119183E8	255.0
1.43120376E8	0.0
1.43121569E8	255.0
1.43122762E8	255.0
1.431239545E8	0.0
1.431251465E8	251.11110814062292
1.431263385E8	0.0
1.4312753E8	255.0
1.43128721E8	0.0
1.431299115E8	255.0
1.431311015E8	248.55595667870037
1.431322915E8	255.0
1.43133481E8	0.0
1.4313467E8	0.0
1.43135859E8	0.0
1.43137048E8	0.0
1.43138237E8	0.0
1.43139426E8	250.78802477632485
1.431406145E8	0.0
1.431418015E8	0.0
1.431429875E8	0.0
1.431441735E8	236.673806378562
1.431453595E8	0.0
1.431465455E8	0.0
1.43147731E8	0.0
1.43148916E8	1.0
1.43150101E8	162.5438596491228
1.43151286E8	0.0
1.431524705E8	0.0
1.431536545E8	0.0
1.431548385E8	0.0
1.431560225E8	0.0
1.431572055E8	1.0
1.431583875E8	231.21053870369826
1.43159569E8	0.0
1.4316075E8	249.12406238837957
1.43161931E8	0.0
1.43163111E8	61.41847389558233
1.4316429E8	0.0
1.43165469E8	255.0
1.431666475E8	255.0
1.431678255E8	0.0
1.431690035E8	0.0
1.431701815E8	255.0
1.431713595E8	0.0
1.431725375E8	0.0
1.43173715E8	0.0
1.431748915E8	11.478793357398047
1.43176067E8	0.0
1.43177242E8	255.0
1.431784165E8	0.0
1.431795905E8	0.0
1.43180764E8	0.0
1.43181937E8	0.0
1.4318311E8	255.0
1.43184282E8	0.0
1.43185453E8	46.40082099398915
1.43186624E8	170.71046770601336
1.43187795E8	0.0
1.431889655E8	129.42140468227424
1.43190135E8	0.0
1.43191304E8	41.811373873873876
1.431924725E8	2.1454112038140645
1.4319364E8	255.0
1.43194807E8	0.0
1.43195974E8	0.0
1.431971405E8	0.0
1.431983065E8	249.5094052584889
1.431994725E8	192.37308948120958
1.432006385E8	0.0
1.43201804E8	0.0
1.43202969E8	255.0
1.432041335E8	0.0
1.43205297E8	0.0
1.4320646E8	236.41280171348546
1.43207623E8	0.0
1.43208786E8	1.1666666666666667
1.43209949E8	255.0
1.43211112E8	239.43715103793843
1.432122745E8	185.73609975858727
1.432134365E8	1.5507246376811594
1.432145985E8	145.34025985388686
1.4321576E8	0.0
1.43216921E8	0.0
1.43218082E8	0.0
1.432192425E8	0.0
1.432204025E8	125.14285714285714
1.432215625E8	3.0
1.43222722E8	0.0
1.43223881E8	0.0
1.4322504E8	255.0
1.43226199E8	254.15282392026577
1.43227358E8	0.0
1.432285165E8	0.0
1.432296745E8	20.040976073227228
1.432308325E8	255.0
1.4323199E8	255.0
1.43233147E8	255.0
1.432343035E8	0.0
1.432354595E8	255.0
1.43236615E8	0.0
1.4323777E8	86.61952861952862
1.43238925E8	0.0
1.4324008E8	0.03655586052658331
1.432412345E8	0.0
1.432423885E8	255.0
1.432435425E8	0.0
1.432446965E8	255.0
1.4324585E8	0.0
1.43247003E8	1.0
1.43248156E8	0.0
1.432493085E8	255.0
1.432504605E8	0.0
1.432516125E8	0.0
1.432527645E8	0.0
1.43253916E8	170.33333333333334
1.432550665E8	3.0
1.432562165E8	255.0
1.432573655E8	0.0
1.432585135E8	0.0
1.432596615E8	0.0
1.432608095E8	80.79564684925407
1.432619575E8	0.0
1.432631055E8	0.0
1.43264253E8	120.03138075313808
1.432654E8	240.04328642744758
1.43266547E8	255.0
1.432676935E8	117.6923076923077
1.432688395E8	0.0
1.432699855E8	3.0
1.43271131E8	171.0
1.432722755E8	31.894621894621896
1.432734195E8	222.44975518768945
1.432745635E8	241.06605267856628
1.432757075E8	0.0
1.432768515E8	0.0
1.43277995E8	0.0
1.43279138E8	254.66666666666666
1.432802805E8	0.0
1.432814225E8	255.0
1.432825645E8	0.5100275735627144
1.43283706E8	239.18997967426023
1.43284847E8	225.61900981114954
1.432859875E8	186.47537933008874
1.432871275E8	0.0
1.432882675E8	211.1801242236025
1.432894075E8	255.0
1.43290547E8	255.0
1.43291686E8	255.0
1.43292825E8	0.0
1.43293964E8	255.0
1.43295103E8	0.0
1.432962415E8	0.0
1.43297379E8	3.0
1.432985155E8	254.98582309445712
1.432996515E8	0.0
1.433007875E8	136.6400143684997
1.433019235E8	0.0
1.43303059E8	0.0
1.43304194E8	0.0
1.43305329E8	255.0
1.433064635E8	0.0
1.433075975E8	158.1170468041787
1.433087315E8	0.0
1.433098655E8	0.0
1.43310999E8	255.0
1.43312132E8	0.0
1.43313265E8	0.0
1.433143975E8	224.07545029879913
1.433155295E8	1.951048951048951
1.433166615E8	0.0
1.433177935E8	0.0
1.43318925E8	0.0
1.43320056E8	228.22981809326018
1.43321187E8	0.0
1.433223175E8	0.0
1.433234475E8	0.0
1.433245775E8	22.4950634696756
1.43325707E8	255.0
1.43326836E8	0.0
1.43327965E8	67.39301310043668
1.43329094E8	0.0
1.43330222E8	221.51606683804627
1.43331349E8	0.0
1.433324755E8	205.48640792133173
1.433336015E8	0.0
1.433347275E8	0.0
1.433358535E8	0.0
1.433369795E8	41.91955433858937
1.43338105E8	0.0
1.4333923E8	0.0
1.433403545E8	0.0
1.433414785E8	0.0
1.43342602E8	0.0
1.43343725E8	0.0
1.43344848E8	143.133514986376
1.43345971E8	194.26964805504102
1.43347094E8	127.85786802030456
1.433482165E8	219.57356813227258
1.43349338E8	0.0
1.433504585E8	0.0
1.43351578E8	0.4769475357710652
1.43352697E8	134.11111111111111
1.433538155E8	254.85593220338984
1.433549335E8	0.0
1.433560515E8	0.0
1.433571695E8	255.0
1.43358287E8	0.0
1.43359404E8	0.0
1.43360521E8	255.0
1.43361638E8	255.0
1.43362755E8	192.29842509086015
1.43363872E8	220.93512580167734
1.433649885E8	0.0
1.433661045E8	247.1653758045162
1.433668735E8	231.09152137936343
1.433674315E8	251.48223350253807
1.433683365E8	255.0
1.433694525E8	235.6054386865059
1.433705685E8	0.0
1.43371684E8	0.0
1.43372799E8	0.0
1.43373914E8	255.0
1.433750285E8	0.0
1.433761425E8	0.0
1.433772565E8	0.0
1.433783705E8	255.0
1.433794845E8	0.0
1.433805985E8	0.0
1.433817115E8	0.0
1.433828235E8	0.0
1.433839355E8	0.0
1.433850475E8	241.96088190453852
1.43386159E8	178.05858028945553
1.433872695E8	0.0
1.433883795E8	0.2901606425702811
1.433894895E8	48.36363636363637
1.433905995E8	0.0
1.43391709E8	255.0
1.43392818E8	0.0
1.43393927E8	163.67614678899082
1.43395036E8	255.0
1.433961445E8	2.640352046939592
1.433972525E8	0.0
1.4339836E8	0.0
1.43399467E8	209.96639231824417
1.43400574E8	1.0
1.434016805E8	239.3421052631579
1.434027865E8	1.75
1.43403892E8	0.0
1.43404997E8	0.0
1.43406102E8	0.0
1.43407207E8	0.0
1.43408312E8	255.0
1.43409417E8	0.0
1.43410521E8	0.0
1.43411624E8	0.0
1.43412727E8	0.0
1.434138295E8	0.0
1.434149315E8	0.0
1.434160335E8	131.21783876500857
1.43417135E8	2.729693741677763
1.43418236E8	1.0
1.43419337E8	29.73030303030303
1.434204375E8	150.77679027881553
1.434215375E8	0.0
1.43422637E8	0.0
1.43423736E8	102.4009945750452
1.434248345E8	0.0
1.434259325E8	127.78702163061564
1.434270305E8	0.0
1.43428128E8	0.0
1.43429225E8	0.0
1.43430322E8	255.0
1.434314185E8	0.0
1.434325145E8	0.0
1.434336095E8	1.0
1.43434703E8	0.0
1.434357955E8	0.0
1.43436887E8	0.0
1.43437978E8	255.0
1.434390685E8	0.0
1.434401585E8	0.0
1.434412485E8	175.28982837195773
1.434423385E8	209.6224924012158
1.434434285E8	0.0
1.43444518E8	0.0
1.43445607E8	0.0
1.434466955E8	0.0
1.434477835E8	159.80528511821976
1.434488715E8	255.0
1.434499595E8	254.88671701466015
1.43451047E8	0.0
1.43452134E8	193.88536941343537
1.43453221E8	225.85948747480563
1.434543075E8	160.83945762711863
1.434553935E8	255.0
1.434564795E8	0.6418092909535452
1.434575655E8	0.0
1.434586505E8	0.0
1.434597345E8	139.04347826086956
1.434608185E8	0.0
1.434619025E8	0.9771986970684039
1.434629865E8	2.3807106598984773
1.4346407E8	0.0
1.43465153E8	0.0
1.43466236E8	237.7123426990937
1.434673185E8	0.0
1.434684005E8	0.0
1.43469482E8	0.0
1.43470563E8	255.0
1.434716435E8	0.0
1.434727235E8	255.0
1.434738035E8	127.5
1.43474883E8	0.0
1.43475962E8	0.0
1.434770405E8	0.0
1.434781185E8	0.0
1.434791965E8	0.0
1.434802745E8	0.0
1.43481352E8	11.74036850921273
1.43482429E8	0.0
1.434835055E8	0.0
1.434845815E8	0.0
1.434856575E8	0.0
1.434867335E8	0.0
1.43487809E8	0.0
1.43488884E8	158.13373124697532
1.43489959E8	38.32050084096431
1.43491034E8	255.0
1.434921085E8	0.0
1.434931825E8	0.15089209855564995
1.434942565E8	255.0
1.434953305E8	3.0
1.43496404E8	255.0
1.434974765E8	233.73954985633713
1.434985485E8	255.0
1.4349962E8	0.0
1.43500691E8	176.2648587888155
1.435017615E8	0.0
1.435028315E8	0.0
1.435039015E8	0.0
1.43504971E8	0.0
1.4350604E8	0.0
1.435071085E8	3.0
1.43508176E8	0.0
1.43509243E8	0.0
1.4351031E8	255.0
1.435113765E8	255.0
1.435124415E8	225.059500198334
1.435135055E8	0.0
1.435145695E8	255.0
1.43515633E8	0.0
1.43516696E8	0.0
1.43517759E8	179.4
1.43518822E8	189.17216182498663
1.43519885E8	0.0
1.43520948E8	0.0
1.43522011E8	0.0
1.43523074E8	0.0
1.435241365E8	222.73033389926428
1.435251985E8	0.0
1.435262605E8	3.0
1.435273225E8	253.09701492537314
1.435283845E8	0.0
1.43529446E8	40.16258677383997
1.435305065E8	0.0
1.435315665E8	232.40276416873203
1.435326265E8	0.0
1.43533686E8	195.48620526564716
1.43534745E8	0.0
1.43535804E8	0.0
1.435368625E8	0.0
1.435379205E8	230.9105117819422
1.435389785E8	0.0
1.435400365E8	172.0759050709423
1.43541094E8	0.0
1.435421505E8	255.0
1.435432065E8	114.81176470588235
1.435442625E8	255.0
1.435453185E8	0.0
1.43546374E8	0.0
1.43547429E8	0.0
1.43548484E8	0.0
1.435495385E8	117.23720084822781
1.435505925E8	0.0
1.43551646E8	0.0
1.43552699E8	243.49376880103137
1.43553752E8	90.98684091933303
1.43554805E8	21.611390474038082
1.43555858E8	255.0
1.435569105E8	0.0
1.435579625E8	249.08859904107092
1.435590145E8	1.8267929634641407
1.43560066E8	255.0
1.43561117E8	0.0
1.43562168E8	255.0
1.43563219E8	0.0
1.4356427E8	0.0
1.435653205E8	0.0
1.435663705E8	0.39300134589502017
1.4356742E8	0.6239087831818991
1.43568469E8	0.0
1.43569518E8	0.0
1.43570567E8	0.0
1.43571616E8	255.0
1.435726645E8	1.0
1.435737125E8	216.56956385315343
1.435747605E8	0.0
1.435758085E8	0.0
1.435768565E8	125.60620697983336
1.43577904E8	2.8524877194688973
1.43578951E8	1.0
1.43579998E8	0.0
1.43581045E8	1.0
1.435820915E8	0.0
1.43583137E8	0.0
1.43584182E8	1.4
1.43585227E8	255.0
1.43586272E8	0.0
1.435873165E8	0.0
1.435883605E8	0.0
1.435894045E8	0.0
1.43590448E8	255.0
1.43591491E8	255.0
1.435925335E8	0.0
1.435935755E8	0.0
1.435946175E8	239.59419803194442
1.435956595E8	215.34474081529945
1.435967015E8	0.0
1.43597743E8	196.02697095435684
1.43598784E8	0.0
1.43599825E8	0.0
1.436008655E8	0.0
1.436019055E8	0.0
1.436029455E8	0.0
1.436039855E8	136.0634328358209
1.43605025E8	171.0
1.43606064E8	132.0977754785308
1.43607103E8	254.75806451612902
1.436081415E8	0.0
1.436091795E8	254.7113752122241
1.436102175E8	0.0
1.43611255E8	0.0
1.43612292E8	0.0
1.43613329E8	0.0
1.43614366E8	179.41660344914783
1.436154025E8	0.0
1.436164385E8	0.0
1.43617474E8	0.0
1.43618509E8	255.0
1.43619544E8	255.0
1.43620579E8	0.0
1.43621614E8	0.0
1.43622648E8	0.0
1.43623681E8	137.5631067961165
1.43624714E8	255.0
1.43625747E8	237.0703125
1.436267795E8	0.0
1.436278115E8	231.60088801184017
1.436288435E8	0.0
1.43629875E8	0.0
1.43630906E8	0.0
1.43631937E8	255.0
1.436329675E8	165.05840423085766
1.436339975E8	0.0
1.436350275E8	0.0
1.43636057E8	204.6
1.43637086E8	255.0
1.43638115E8	142.65634854269453
1.43639144E8	216.71744588656935
1.43640173E8	0.0
1.43641202E8	0.0
1.43642231E8	0.0
1.436432595E8	255.0
1.436442875E8	0.0
1.43645315E8	0.0
1.43646342E8	0.0
1.43647369E8	0.0
1.436483955E8	0.0
1.436494215E8	0.0
1.43650447E8	255.0
1.43651472E8	1.0
1.43652497E8	51.0
1.43653522E8	0.715311004784689
1.43654546E8	0.0
1.43655569E8	0.0
1.436565915E8	0.0
1.436576135E8	254.63588767253688
1.436586355E8	243.06072059989026
1.436596575E8	0.0
1.43660679E8	179.81710414902625
1.436617E8	253.6680208937899
1.43662721E8	0.0
1.436637415E8	208.48685350143109
1.436647615E8	0.0
1.436657815E8	0.0
1.43666801E8	0.0
1.4366782E8	0.0
1.43668839E8	255.0
1.43669858E8	0.0
1.43670877E8	144.57006125574273
1.436718955E8	255.0
1.436729135E8	0.0
1.436739315E8	0.0
1.436749495E8	0.0
1.436759665E8	0.0
1.436769825E8	0.0
1.436779985E8	1.2269767441860464
1.43679014E8	0.0
1.43680029E8	0.0
1.436810435E8	0.0
1.436820575E8	192.88630384317773
1.436830715E8	0.0
1.436840855E8	0.0
1.436850995E8	0.0
1.43686113E8	0.8604206500956023
1.43687126E8	0.0
1.43688139E8	0.3333333333333333
1.436891515E8	0.0
1.436901635E8	0.0
1.436911755E8	255.0
1.436921875E8	218.7614418138949
1.436931995E8	208.1443298969072
1.43694211E8	0.0
1.43695222E8	4.317966652536385
1.43696233E8	0.0
1.43697244E8	255.0
1.436982545E8	212.74776572668114
1.436992645E8	0.0
1.437002745E8	203.07692307692307
1.437012845E8	0.0
1.437022935E8	0.0
1.437033015E8	0.0
1.437043095E8	0.0
1.43705317E8	0.0
1.43706324E8	0.0
1.437073305E8	1.0720562390158173
1.437083365E8	0.0
1.437093425E8	0.0
1.43710348E8	0.0
1.43711353E8	0.0
1.43712358E8	2.0812064965197217
1.43713363E8	0.0
1.43714368E8	190.89662447257385
1.437153725E8	0.0
1.437163765E8	0.0
1.437173805E8	1.0
1.437183845E8	0.0
1.43719388E8	0.0
1.4372039E8	255.0
1.43721391E8	0.0
1.43722392E8	69.31421006178287
1.43723393E8	0.0
1.43724394E8	206.70454545454547
1.437251765E8	154.25752799217307
1.437257305E8	0.0
