#Position (bp)	mapping quality
179658.5	147.09904890124633
538974.5	141.94032282612903
898290.5	93.46380089099162
1257606.5	125.38832413830737
1616922.5	128.37488120373544
1976238.5	149.38118015812435
2335554.5	120.39306325183189
2694870.5	138.6151683124221
3054186.5	119.6718418222532
3413502.5	143.30121935784973
3772818.5	92.42514220883159
4132134.5	152.76602226508737
4491450.5	171.32650719514447
4850766.5	137.64127667031642
5210082.5	125.725543120322
5569398.5	110.83969446995913
5928714.5	84.00538537238472
6288030.5	46.9935467822135
6647346.5	127.9101093914231
7006662.5	155.19011522438657
7365978.5	68.35430364711482
7725294.5	148.3424357722219
8084610.5	121.19234879322727
8443926.5	86.82283539479455
8803242.5	84.84064021984128
9162558.5	135.16247465829574
9521874.5	112.20817274500529
9881190.5	188.56264905475777
1.02405065E7	162.15834766849792
1.05998225E7	139.08953365462312
1.09591385E7	147.9617057610916
1.13184545E7	162.45516714891104
1.16777705E7	151.1621608217381
1.20370865E7	119.0238737038642
1.23964025E7	27.791340232100957
1.27557185E7	111.20845993465403
1.31150345E7	141.31217909740192
1.34743505E7	131.69055233131243
1.38336665E7	163.28935104863123
1.41929825E7	86.52503266974458
1.45522985E7	73.0475884189212
1.49116145E7	71.72904823340497
1.52709305E7	149.0948254506675
1.56302465E7	103.42165640186766
1.59895625E7	52.68536414555742
1.63488785E7	81.75018745000065
1.67081945E7	98.40981698958659
1.70675105E7	126.45704670181085
1.74268265E7	123.42630469209597
1.77861425E7	11.121267756810333
1.81454585E7	108.25158506289314
1.85047745E7	138.46153125740304
1.88640905E7	134.47250505062627
1.92234065E7	119.60739396771952
1.95827225E7	102.44213175761824
1.99420385E7	142.47425652352842
2.03013545E7	66.52029366535588
2.06606705E7	113.27716657199329
2.10199865E7	66.10917007493275
2.13793025E7	56.90399305483725
2.17386185E7	147.89344702910913
2.20979345E7	158.7567900208714
2.24572505E7	123.6566731126106
2.28165665E7	37.897026941191974
2.31758825E7	62.74228507135809
2.34346265E7	38.62703839944838
2.36142845E7	38.449642670827814
2.38945145E7	16.78473472718725
2.42538305E7	14.922110438703744
2.46131465E7	15.285153361418852
2.49724625E7	51.981525108996465
2.53317785E7	3.336642015948218
2.56910945E7	12.82413667563426
2.60504105E7	6.445242195688229
2.64097265E7	6.752844116121517
2.67690425E7	10.321030855276419
2.71283585E7	61.97005170169699
2.74876745E7	20.840894833230006
2.78469905E7	10.76381750847472
2.82063065E7	79.20189297345823
2.85656225E7	73.59764458205586
2.89249385E7	58.810402656489174
2.92842545E7	119.03699356574515
2.96435705E7	113.80086003863754
3.00028865E7	99.19796584114398
3.03622025E7	77.75709044864301
3.07215185E7	120.11936013878383
3.10808345E7	132.41230957223678
3.14401505E7	150.57813480979536
3.17994665E7	142.02530432716364
3.21587825E7	119.17729625674757
3.25180985E7	173.11913619602154
3.28774145E7	136.67246826190149
3.32367305E7	175.35112279089978
3.35960465E7	93.45040710811188
3.39553625E7	49.27736210414509
3.43146785E7	142.49445022530745
3.46739945E7	93.03278517341684
3.50333105E7	70.55120699152984
3.53926265E7	163.4114342345299
3.57519425E7	64.34731688788939
3.61112585E7	132.5306358317205
3.64705745E7	152.05561787768204
3.68298905E7	139.08142268960873
3.71892065E7	127.27188860835275
3.75485225E7	73.62956217629791
3.79078385E7	119.03029787428254
3.82671545E7	168.10492505456764
3.86264705E7	122.55375238234352
3.89857865E7	172.37839087902225
3.93451025E7	110.05251350560123
3.97044185E7	111.46974186389977
4.00637345E7	137.66661446950098
4.04230505E7	182.00609531007268
4.07823665E7	86.83058843704269
4.11416825E7	175.38422615801485
4.15009985E7	156.65408989511408
4.18603145E7	122.56983021011568
4.22196305E7	97.6848367358315
4.25789465E7	96.5662657612048
4.29382625E7	89.7757787728508
4.32975785E7	89.9754513251884
4.36568945E7	185.96904007191802
4.40162105E7	84.66411704690827
4.43755265E7	157.7760707383806
4.47348425E7	140.39661341849433
4.50941585E7	53.723806457015066
4.54534745E7	93.48777642401427
4.58127905E7	116.44657884395369
4.61721065E7	105.20407044220146
4.65314225E7	131.15085550397512
4.68907385E7	124.14457345858212
4.72500545E7	151.8035072573381
4.76093705E7	113.7864437765811
4.79686865E7	121.21691974230704
4.83280025E7	156.97901837059234
4.86541545E7	47.31113760943627
4.88338125E7	57.72978384003515
4.90466345E7	157.84636044245036
4.94059505E7	99.41912044617182
4.97652665E7	120.09274855772942
5.01245825E7	142.56408129908286
5.04838985E7	152.48932769593105
5.08432145E7	117.75111573512856
5.12025305E7	91.46632374994739
5.15618465E7	156.76988879912756
5.19211625E7	150.54161380442508
5.22804785E7	59.64441943316006
5.26397945E7	103.7368601291062
5.29991105E7	103.08837394567986
5.33584265E7	98.6986583388636
5.37177425E7	164.5374509674183
5.40770585E7	61.89049121558022
5.44363745E7	113.38946520540294
5.47956905E7	147.9694737311908
5.51550065E7	143.13018792983598
5.55143225E7	125.8329003863008
5.58736385E7	130.9214608319702
5.62329545E7	151.71089696510296
5.65922705E7	89.96365014982209
5.69515865E7	142.35611867052768
5.73109025E7	130.39015549440322
5.76702185E7	170.89863747792552
5.80295345E7	95.2574333194115
5.83888505E7	115.1868080595518
5.87481665E7	135.382578331327
5.91074825E7	59.24342467589653
5.94667985E7	175.95907862695574
5.98261145E7	146.93325241162833
6.01854305E7	91.04232192786849
6.05447465E7	136.0424709588612
6.09040625E7	135.4669056514171
6.12633785E7	123.94845967543307
6.16226945E7	117.6235726320037
6.19820105E7	105.22287546961118
6.23413265E7	132.18313840951475
6.27006425E7	152.3415730827975
6.30599585E7	72.35206316087901
6.34192745E7	105.87791049362757
6.37785905E7	116.3708392613783
6.41379065E7	120.3380502113278
6.44972225E7	141.40448985951508
6.48565385E7	132.6923333580631
6.52158545E7	132.97108853573786
6.55751705E7	102.68084742307533
6.59344865E7	89.22980935861601
6.62938025E7	123.64819208558313
6.66531185E7	134.36367323110366
6.70124345E7	107.31979424279687
6.73717505E7	142.45729240345747
6.77310665E7	149.1937023789069
6.80903825E7	136.13813165644987
6.84496985E7	152.78519330151804
6.88090145E7	111.17364331650329
6.91683305E7	114.6307237996329
6.95276465E7	120.17798777954361
6.98869625E7	136.26482558839794
7.02462785E7	151.86873823823575
7.06055945E7	119.51414586106428
7.09649105E7	178.85496347460287
7.13242265E7	64.09709786974446
7.16835425E7	116.06647323492378
7.20428585E7	92.531802064546
7.24021745E7	6.851719744207222
7.27614905E7	21.26432584169797
7.31208065E7	34.816924555856026
7.34801225E7	14.738030946485654
7.38394385E7	90.97633840629076
7.41987545E7	18.822966071805485
7.45580705E7	3.7049090740409785
7.49173865E7	6.797911165614583
7.52767025E7	14.331740916998578
7.56360185E7	4.473189186132273
7.59953345E7	51.98741236009901
7.63546505E7	1.7983025775334076
7.67139665E7	29.70684824390226
7.690225E7	27.87288918449544
7.7081908E7	13.97421444156992
7.74325985E7	8.108371191621545
7.77919145E7	75.4936750958293
7.81512305E7	9.376773429363675
7.85105465E7	10.952987363869994
7.88698625E7	24.961113377773586
7.92291785E7	30.013284639218607
7.95884945E7	82.7711608487031
7.99478105E7	24.256644462724516
8.03071265E7	6.685815059996881
8.06664425E7	24.79639314525317
8.10257585E7	108.17218762959017
8.13850745E7	171.48835865642923
8.17443905E7	129.01295136628457
8.21037065E7	74.69162024853497
8.24630225E7	130.51358058201717
8.28223385E7	117.47405851973029
8.31816545E7	114.0942764878599
8.35409705E7	170.60639719305146
8.39002865E7	152.4637727065026
8.42596025E7	110.0439468812873
8.46189185E7	166.10216347091819
8.49782345E7	125.16395083239263
8.53375505E7	185.8025937962069
8.56968665E7	129.1933263860401
8.60561825E7	103.93846483085544
8.64154985E7	143.7926439584933
8.67748145E7	142.29118393698087
8.71341305E7	118.94377656812743
8.74934465E7	148.9727637412854
8.78527625E7	147.56113384098813
8.82120785E7	149.83584176697332
8.85713945E7	41.033596898734956
8.89307105E7	73.61176822352515
8.92900265E7	117.13204147438965
8.96493425E7	134.75759877609326
9.00086585E7	85.8646032248422
9.03679745E7	131.1187431571251
9.07272905E7	118.73380318782075
9.10866065E7	95.67201805629263
9.14459225E7	133.3852660396835
9.18052385E7	103.73768571747806
9.21645545E7	126.69130052428822
9.25238705E7	182.05531194533333
9.28831865E7	166.76580839778427
9.32425025E7	111.61301918261235
9.36018185E7	95.10806336073183
9.39611345E7	119.07807240517744
9.43204505E7	131.65394342198266
9.46797665E7	151.90339840787814
9.50390825E7	67.52794511927485
9.53983985E7	80.38173941229896
9.57577145E7	138.4145778350314
9.61170305E7	116.83397977425875
9.64763465E7	76.13237551393505
9.68356625E7	101.48928308182236
9.71949785E7	101.63240667828521
9.75542945E7	115.99319737151991
9.79136105E7	93.54436163095167
9.82729265E7	89.02653500818202
9.86322425E7	101.17776651856693
9.89915585E7	87.27848482824756
9.93508745E7	134.89242126856743
9.97101905E7	107.42406004930996
1.000695065E8	118.54328858319704
1.004288225E8	168.2394926177715
1.007881385E8	151.51738019420563
1.011474545E8	132.39302906348217
1.015067705E8	134.16619247530502
1.018660865E8	183.90340356222083
1.022254025E8	112.72731232829538
1.025847185E8	157.9921441387847
1.029440345E8	143.20590795817628
1.033033505E8	60.84517762123064
1.036626665E8	89.05438972033708
1.040219825E8	137.8444290756629
1.043812985E8	133.94866932647253
1.047406145E8	166.48139380136556
1.050999305E8	166.4433907455685
1.054592465E8	106.79761137346237
1.058185625E8	98.96732679987177
1.061778785E8	164.75945050776596
1.065371945E8	137.38523029691922
1.068965105E8	105.78118328803721
1.072558265E8	103.01684335885295
1.076151425E8	76.49633435492524
1.079744585E8	103.57820001570742
1.083337745E8	125.01315218263001
1.086930905E8	78.87392770173265
1.089314775E8	114.26785833166261
1.091111355E8	145.51368588897154
1.094117225E8	80.90479891988231
1.097710385E8	106.06957803904835
1.101303545E8	95.27540222476047
1.10324175E8	2.604856600957975
1.10503833E8	55.03344241418846
1.108489865E8	146.2066203977657
1.112083025E8	128.02839909953255
1.115676185E8	114.06006699077216
1.119269345E8	159.9250865237729
1.122862505E8	137.55662519804142
1.126455665E8	138.67376247195023
1.130048825E8	77.83308796466484
1.133641985E8	60.09404499807515
1.137235145E8	68.04822247353256
1.140828305E8	77.90544512971051
1.144421465E8	71.00255280039171
1.148014625E8	89.81098838793216
1.151607785E8	57.282812174246516
1.155200945E8	121.2295577319515
1.158794105E8	130.1661466708879
1.162387265E8	137.3507465551408
1.165980425E8	116.89435913860325
1.169573585E8	107.23464008649964
1.173166745E8	112.642977837165
1.176759905E8	104.53739522248556
1.180353065E8	149.21636541942416
1.183946225E8	140.93238026332236
1.187539385E8	99.00355352729314
1.191132545E8	65.17644085539204
1.194725705E8	96.48128602177323
1.198318865E8	164.82901170278546
1.201912025E8	125.83334072745245
1.205505185E8	61.44890123995651
1.209098345E8	96.2901768425647
1.212691505E8	89.3865990071831
1.216284665E8	135.3021171298917
1.219877825E8	126.039444966962
1.223470985E8	173.90639875022484
1.227064145E8	58.73550751009713
1.230657305E8	66.72432534611958
1.234250465E8	148.40864822621234
1.237843625E8	100.74883341939645
1.241436785E8	92.67707113420029
1.245029945E8	96.31488011212846
1.248623105E8	64.72948453209301
1.252216265E8	40.97121658050975
1.255809425E8	159.34362659484626
1.259402585E8	170.2063253819787
1.262995745E8	135.9903719733223
1.266588905E8	104.76370562677741
1.270182065E8	141.1102951791281
1.273775225E8	72.81726847124482
1.277368385E8	119.33946734444612
1.280961545E8	115.48553074450189
1.284554705E8	91.56925614849708
1.288147865E8	131.56296355907836
1.291741025E8	82.31111235775707
1.295334185E8	133.8236575621899
1.298927345E8	147.3627609676042
1.302520505E8	115.7275364415327
1.306113665E8	121.66918870857667
1.309706825E8	108.10170818284367
1.313299985E8	86.01596467103877
1.316893145E8	78.97375442741055
1.320486305E8	103.40975485913245
1.324079465E8	19.991017011163297
1.327672625E8	136.01073012272113
1.331265785E8	81.88475936197109
1.334858945E8	105.43156149356474
1.337730805E8	2.414445006880342
1.339527385E8	10.215724217014262
1.342045265E8	9.861976698495544
1.345638425E8	43.15734061535242
1.349231585E8	3.3405787883820213
1.352824745E8	8.320090728333476
1.356417905E8	19.70633215101496
1.360011065E8	4.825079697769302
1.363604225E8	19.709723825478537
1.367197385E8	17.360859926165542
1.370790545E8	43.229474290478336
1.374033365E8	13.57687542990687
1.375577225E8	254.19074862857983
1.375927565E8	72.2729525311535
1.376371405E8	98.54922768353005
1.37699935E8	42.60489508816422
1.37786751E8	79.52874878381007
1.37868371E8	7.514751870394875
1.37942101E8	44.1081013350344
1.37980213E8	49.4772144545491
1.38019627E8	76.6829961498075
1.38089538E8	42.14439823315129
1.38156123E8	33.125622991790905
1.382206275E8	100.70306021141155
1.38280805E8	2.532574568288854
1.38323179E8	182.6522177419355
1.383484915E8	0.0
1.38384028E8	110.17506015911943
1.384312265E8	48.41587472109743
1.384772795E8	58.796257642987804
1.38522045E8	120.86989479628288
1.385663025E8	0.6754547202727542
1.38610046E8	29.70576082090837
1.38651258E8	28.59109012088958
1.386833775E8	53.918605367446254
1.387019305E8	0.03867277926558032
1.38726341E8	0.0
1.387630385E8	99.00694111721275
1.3879854E8	124.7044168066375
1.3883298E8	11.801264917366261
1.388668195E8	101.35077793493635
1.389001375E8	64.98412492128988
1.389325255E8	13.895580899340276
1.38963047E8	5.093301858955444
1.38991991E8	157.01457842248413
1.390198715E8	46.06366559485531
1.39044446E8	3.726527740413468
1.390581695E8	85.04461839530333
1.39074104E8	148.95947219604147
1.391000815E8	243.31161715408624
1.39125904E8	32.30290739782721
1.391516555E8	51.43546051361267
1.391772845E8	12.69585408902546
1.39202833E8	66.25096916872643
1.39227853E8	148.5934693877551
1.392522945E8	129.4676232882169
1.392761035E8	0.0
1.392991635E8	0.0
1.393219065E8	149.22115036778007
1.39344169E8	140.14858589106314
1.393656665E8	1.0
1.39386585E8	145.41637573259302
1.394057875E8	0.0
1.394157655E8	0.0
1.39426072E8	203.42760221389037
1.394433E8	3.0
1.394591395E8	2.1056057106865422
1.39474609E8	0.0
1.394898515E8	84.9510901591043
1.39504877E8	22.359441874273273
1.39519712E8	178.8
1.39534307E8	0.0
1.39548658E8	78.19609308283519
1.395628065E8	226.5632827949901
1.395768695E8	153.438689217759
1.395908865E8	0.0
1.396048595E8	39.627906976744185
1.39618797E8	254.75667938931298
1.396327175E8	160.2549540347293
1.39646447E8	3.0
1.39659998E8	28.901423736296078
1.39673523E8	0.0
1.39687001E8	1.4143743774423416
1.39700456E8	255.0
1.397138915E8	0.0
1.397272965E8	2.988929889298893
1.39740652E8	229.6259703599153
1.397539385E8	0.0
1.397671835E8	56.666666666666664
1.397738625E8	0.0
1.39780441E8	4.0658513640639695
1.397935115E8	1.221744231521314
1.39806605E8	0.0
1.398195725E8	239.84172002369334
1.398324245E8	0.0
1.39845262E8	228.6159822419534
1.398580325E8	2.989380530973451
1.3987073E8	3.0
1.398833975E8	0.0
1.398960405E8	155.72780162675102
1.399086725E8	0.0
1.399212565E8	78.90183954243314
1.39933781E8	166.7975837045164
1.39946267E8	255.0
1.399587085E8	32.75
1.399711325E8	0.0
1.39983544E8	240.36148300720907
1.399959275E8	156.75411206077874
1.400082885E8	149.79441753759878
1.40020559E8	1.1
1.400327265E8	2.314754098360656
1.400448715E8	0.0
1.4005699E8	0.0
1.400690545E8	0.0
1.40081085E8	255.0
1.400930995E8	174.05124153498872
1.40105101E8	2.0
1.40117094E8	255.0
1.401281635E8	0.0
1.40134155E8	0.0
1.401410485E8	1.1099014064763328
1.40153003E8	47.51984198240259
1.40164882E8	255.0
1.40176667E8	197.92857142857142
1.4018842E8	207.26212501449317
1.40200076E8	0.611958891311118
1.402116215E8	0.0
1.402231315E8	250.54195804195805
1.402345955E8	0.0
1.402459205E8	0.0
1.402571045E8	0.0
1.402682415E8	0.0
1.4027885E8	26.821524953740276
1.40288828E8	255.0
1.402984445E8	0.0
1.40307799E8	0.0
1.403166425E8	3.0
1.40324819E8	0.0
1.403326835E8	1.0
1.403402015E8	0.0
1.4034742E8	0.0
1.40354483E8	1.0
1.403614525E8	12.309348829259955
1.403683705E8	244.24746657962285
1.403752505E8	2.632603025560772
1.403821105E8	0.0
1.40388953E8	239.7937001897533
1.403957145E8	255.0
1.404023365E8	1.009478672985782
1.404088075E8	255.0
1.404151525E8	2.6658823529411766
1.40421418E8	1.0
1.40427633E8	67.43852013057672
1.404337675E8	170.8448275862069
1.404398365E8	0.0
1.40445888E8	255.0
1.404519085E8	0.0
1.404579005E8	244.78210829191735
1.404638765E8	245.01334702258728
1.404698365E8	227.3273542600897
1.4047577E8	255.0
1.40481673E8	175.30642237551248
1.404875345E8	0.0
1.404915035E8	0.0
1.404943895E8	0.0
1.404990715E8	0.0
1.405047025E8	97.69573569693509
1.40510262E8	0.0
1.405157995E8	231.69124423963135
1.40521292E8	231.1860871252547
1.40526756E8	166.78893463266553
1.40532181E8	255.0
1.40537566E8	236.2270751761942
1.405429375E8	255.0
1.405482795E8	0.0
1.40553603E8	0.0
1.405589225E8	2.6970128022759603
1.40564221E8	0.0
1.405694775E8	255.0
1.40574688E8	0.0
1.405798735E8	229.93275783734666
1.405850135E8	255.0
1.40590093E8	0.0
1.405951535E8	0.0
1.40600212E8	0.0
1.406052535E8	0.0
1.406102665E8	20.19355472587935
1.406152645E8	255.0
1.406202595E8	3.0
1.406252495E8	3.0
1.40630226E8	0.0
1.40635179E8	0.0
1.40640115E8	0.0
1.4064504E8	0.0
1.4064995E8	234.631873666008
1.406548455E8	255.0
1.40659729E8	91.90593971855183
1.40664601E8	3.0
1.406694435E8	255.0
1.40674261E8	255.0
1.40679061E8	191.36064610866373
1.40683806E8	0.0
1.40688509E8	0.0
1.406931635E8	0.0
1.40697758E8	0.0
1.40702335E8	0.0
1.40706898E8	119.45454545454545
1.40711432E8	0.0
1.40715925E8	197.09034612407387
1.40720393E8	0.0931452935388652
1.407248515E8	1.9929078014184398
1.407292955E8	3.0
1.407337135E8	0.0
1.40738111E8	0.0
1.40742499E8	3.0
1.407468785E8	0.0
1.40751256E8	0.0
1.407556295E8	0.0
1.40759995E8	255.0
1.407643435E8	255.0
1.407686665E8	116.5695347798024
1.407729765E8	9.638399444492666
1.40777284E8	0.0
1.40781584E8	234.51732929882084
1.40785876E8	17.630324255137594
1.40790157E8	0.0
1.407944295E8	254.10526315789474
1.407986935E8	0.0
1.40802937E8	0.0
1.40807165E8	195.38709677419354
1.408113885E8	0.0
1.408156105E8	155.99545997610514
1.408198225E8	0.6162726265238271
1.40824022E8	181.44585365853658
1.408282145E8	2.258614161302537
1.408324E8	0.0
1.408365825E8	0.0
1.40840755E8	0.0
1.408449115E8	1.0
1.40849054E8	0.0
1.40851497E8	0.0
1.408535395E8	0.0
1.40857247E8	0.0
1.408613235E8	0.0
1.40865389E8	172.16052510684506
1.408694335E8	0.0
1.40873455E8	0.0
1.408774675E8	0.0
1.408814765E8	0.0
1.40885475E8	191.12415812591507
1.408894625E8	0.0
1.408934395E8	0.0
1.408974065E8	0.0
1.409013685E8	182.96329136371696
1.409053235E8	227.40428421462184
1.40909269E8	0.0
1.409132055E8	0.0
1.409171345E8	2.9278350515463916
1.409210595E8	255.0
1.40924982E8	0.0
1.40928899E8	0.0
1.40932812E8	0.0
1.409367215E8	2.261058109280139
1.4094061E8	255.0
1.409444775E8	1.9163040238450075
1.409483385E8	207.83043938865418
1.409521765E8	0.0
1.40955989E8	2.688640322728523
1.409597955E8	0.0
1.409636015E8	255.0
1.40967392E8	0.0
1.40971157E8	3.0
1.40974907E8	2.0
1.40978648E8	0.0
1.409823815E8	1.0
1.40986105E8	0.35294117647058826
1.409898215E8	21.964889466840052
1.40993536E8	127.42857142857143
1.409972465E8	0.0
1.41000941E8	0.0
1.410046115E8	0.354847683961608
1.410082665E8	255.0
1.41011916E8	255.0
1.410155645E8	0.0
1.410192115E8	0.0
1.410228535E8	0.18181818181818182
1.410264835E8	170.1980906921241
1.410301055E8	0.0
1.41033718E8	239.58179375209943
1.41037321E8	0.0
1.410409235E8	254.10526315789474
1.41044521E8	0.0
1.410481085E8	0.0
1.410516865E8	0.0
1.41055252E8	255.0
1.410588075E8	196.21992441292625
1.41062361E8	1.6532305868405452
1.41065914E8	0.0
1.41069467E8	210.12201735357917
1.41073012E8	227.36529253766204
1.41076544E8	3.0
1.41080071E8	0.0
1.41083596E8	0.0
1.41087117E8	255.0
1.41090628E8	0.0
1.410941305E8	232.35395301769034
1.41097631E8	72.88043107231677
1.411011295E8	0.0
1.411046235E8	159.375
1.411081075E8	0.0
1.41111585E8	0.0
1.4111506E8	0.0
1.411185295E8	231.646714922049
1.41121994E8	0.0
1.411254545E8	39.62975457848298
1.411289005E8	33.80268784361637
1.411323185E8	0.0
1.411357175E8	0.0
1.4113911E8	255.0
1.411424975E8	0.0
1.41145878E8	233.463868065967
1.411492525E8	224.7242545452292
1.41152626E8	255.0
1.41155995E8	255.0
1.411593515E8	255.0
1.41162699E8	187.32175660160735
1.41166043E8	1.0
1.4116937E8	0.0
1.411726805E8	133.24324324324326
1.411759855E8	0.0
1.41179286E8	3.0
1.411825805E8	0.0
1.411858675E8	2.9298335032279987
1.41189148E8	0.0
1.41192424E8	65.22129344478662
1.411956955E8	253.92631578947368
1.411989605E8	112.51087902523933
1.41202221E8	0.21671117893933614
1.4120548E8	224.78767872848223
1.412087365E8	0.0
1.41210776E8	0.0
1.41212402E8	0.0
1.412152325E8	0.0
1.41218463E8	1.0
1.41221688E8	255.0
1.412249085E8	236.89049219213283
1.41228124E8	210.71499011914582
1.41231335E8	0.0
1.412345425E8	0.0
1.41237746E8	0.0
1.41240947E8	209.68890500362582
1.41244146E8	0.0
1.412473425E8	156.28346456692913
1.41250538E8	225.06537217020679
1.412537305E8	241.24534383954153
1.412569125E8	0.0
1.41260086E8	255.0
1.41263258E8	0.0
1.412664245E8	255.0
1.41269585E8	0.0
1.41272743E8	0.0
1.412758995E8	0.0
1.412790545E8	236.40435598335915
1.412822035E8	0.0
1.4128534E8	209.31737179267583
1.41288466E8	0.0
1.41291589E8	0.0
1.412947105E8	0.0
1.412978215E8	35.463273348843835
1.413009225E8	0.0
1.413040225E8	153.27057723142704
1.41307117E8	0.0
1.41310204E8	243.8974121996303
1.413132865E8	0.0
1.413163665E8	0.0
1.41319445E8	93.25473264696114
1.413225215E8	227.9804046358947
1.41325596E8	0.0
1.41328669E8	2.049782060105529
1.41331738E8	0.0
1.413348E8	0.0
1.413378585E8	187.2360804096708
1.413409105E8	224.31377952755906
1.413439555E8	0.0
1.41346999E8	0.0
1.41350033E8	0.0
1.413530575E8	0.0
1.41356076E8	1.0
1.413590875E8	0.0
1.41362097E8	0.0
1.413651025E8	0.0
1.41368103E8	191.25
1.41371102E8	19.017783191230208
1.413740995E8	113.61182922052487
1.41377093E8	255.0
1.413800805E8	180.31779206859594
1.413830635E8	255.0
1.413860455E8	1.0
1.41389022E8	52.2
1.413919895E8	0.0
1.4139495E8	0.0
1.413979065E8	0.0
1.41400857E8	0.0
1.41403801E8	0.0
1.41406741E8	85.33333333333333
1.41409678E8	0.0
1.414126105E8	0.0
1.41415538E8	234.12879372097407
1.414184645E8	0.0
1.414213895E8	255.0
1.414243125E8	212.70196534963387
1.414272345E8	2.7368580174596575
1.41430155E8	0.0
1.414330725E8	3.913964929986123
1.414359875E8	130.4915254237288
1.414389E8	7.3428571428571425
1.414418105E8	0.0
1.41444718E8	210.42612883804938
1.414476225E8	0.17683734412874527
1.41450526E8	0.0
1.41453427E8	175.75408029260495
1.41456323E8	0.6666666666666666
1.41459214E8	43.69172049324721
1.414621005E8	102.76048532055123
1.414649835E8	179.8202289211632
1.414678655E8	1.244590523144344
1.414707475E8	255.0
1.41473629E8	1.0
1.41476508E8	0.0
1.414793845E8	179.3300167297702
1.41482258E8	0.0
1.414851235E8	0.0
1.414879835E8	3.0
1.414908425E8	0.0
1.41493699E8	236.10171802563403
1.41496551E8	224.66103749345496
1.414993995E8	74.66
1.415022465E8	0.9759450171821306
1.415050915E8	3.0
1.41507934E8	0.0
1.415107725E8	0.0
1.415136075E8	0.0
1.41516441E8	0.0
1.415192725E8	0.0
1.41522102E8	0.0
1.415249305E8	158.14319573375468
1.41527757E8	1.2222222222222223
1.41530581E8	255.0
1.415334035E8	112.80373831775701
1.415362255E8	0.0
1.415390465E8	255.0
1.41541866E8	255.0
1.41544683E8	198.03285284979373
1.415474975E8	0.0
1.4155031E8	0.0
1.415531175E8	0.0
1.41555919E8	213.6537573144441
1.415587165E8	1.0
1.41561512E8	0.0
1.41564307E8	73.0
1.415671015E8	0.0
1.415695015E8	235.1950588607929
1.41570898E8	254.74720917201844
1.41572688E8	0.0
1.4157548E8	0.0
1.415782705E8	179.5616896993874
1.415810595E8	254.87179487179486
1.41583847E8	43.17817726703834
1.415866325E8	255.0
1.41589416E8	213.44128743966445
1.41592198E8	0.0
1.41594971E8	201.02714932126696
1.415977345E8	117.95288419198592
1.41600491E8	0.0
1.416032415E8	0.0
1.41605989E8	135.19316493313522
1.416087335E8	0.0
1.416114735E8	3.0
1.41614208E8	128.1769911504425
1.416169385E8	145.6871921318131
1.41619657E8	225.61600318541096
1.416223655E8	0.0
1.41625071E8	255.0
1.416277715E8	0.0
1.41630469E8	254.10526315789474
1.416331645E8	218.715806496459
1.41635856E8	0.0
1.416385445E8	0.8064238600516203
1.416412325E8	0.0
1.416439195E8	234.82737438966765
1.41646598E8	182.84342428313337
1.416492685E8	0.0
1.41651938E8	53.4580489341594
1.416546065E8	1.0
1.41657273E8	43.460894296475914
1.416599375E8	0.0
1.41662593E8	252.75125707102453
1.416652385E8	0.0
1.416678815E8	209.47934601303783
1.41670523E8	0.0
1.41673163E8	0.0
1.41675801E8	0.0
1.416784375E8	172.6140580838078
1.41681073E8	0.0
1.41683705E8	77.05703883495146
1.416863335E8	233.41121495327104
1.416889605E8	0.0
1.416915825E8	0.0
1.416942E8	0.0
1.416968145E8	0.0
1.41699426E8	0.0
1.41702034E8	0.0
1.41704638E8	0.0
1.41707241E8	151.19775654341504
1.41709838E8	0.0
1.417124275E8	203.7699836867863
1.417150135E8	0.0
1.41717597E8	188.6985294117647
1.41720177E8	255.0
1.41722754E8	0.0
1.417253305E8	2.574861367837338
1.41727906E8	162.9288256227758
1.41730481E8	0.0
1.41733056E8	1.8619119878603945
1.417356305E8	229.828242481203
1.417382025E8	0.0
1.4174077E8	0.0
1.41743333E8	0.0
1.41745892E8	0.0
1.417484485E8	0.0
1.41751004E8	251.871031405526
1.41753556E8	0.0
1.41756104E8	129.22066140287532
1.41758648E8	1.75
1.41761189E8	231.9090909090909
1.417637275E8	0.0
1.4176626E8	0.0
1.41768789E8	0.0
1.417713145E8	0.0
1.41773836E8	104.96054499006529
1.41776357E8	0.0
1.417788775E8	0.0
1.417813975E8	3.0
1.41783916E8	0.0
1.417864325E8	1.5841121495327102
1.41788946E8	1.041436768925182
1.41791457E8	0.6984497732721662
1.417939675E8	0.0
1.417964765E8	127.9021190716448
1.41798983E8	0.0
1.418014855E8	0.0
1.41803981E8	79.50759106014205
1.4180647E8	0.0
1.41808953E8	0.0
1.41811431E8	197.99372591965184
1.418139075E8	249.33773291925465
1.41816383E8	0.0
1.41818857E8	0.0
1.418213285E8	0.0
1.418237955E8	1.0
1.41826259E8	88.07894736842105
1.418287215E8	0.0
1.41831178E8	192.0
1.41833627E8	255.0
1.418360715E8	0.0
1.41838512E8	0.0
1.418409505E8	151.4246788168509
1.418433885E8	0.0
1.418458265E8	141.07017969888295
1.41848263E8	0.0
1.418506975E8	0.0
1.418531305E8	1.0
1.41855562E8	0.0
1.41857992E8	1.3125
1.418604205E8	182.01674107142858
1.41862847E8	0.0
1.41865272E8	0.0
1.41867695E8	0.0
1.41870116E8	239.81574201760898
1.418725365E8	0.0
1.41874956E8	0.0
1.41877374E8	0.0
1.41879789E8	0.0
1.418822015E8	0.0
1.418846075E8	0.0
1.418870045E8	0.0
1.418893965E8	18.28674663049928
1.418917865E8	255.0
1.41894176E8	0.0
1.41896563E8	0.0
1.41898948E8	0.0
1.41901333E8	176.6841332626514
1.419037175E8	190.21919310634036
1.41906101E8	76.29086922147471
1.41908484E8	192.7366616989568
1.419108665E8	0.0
1.41913248E8	0.0
1.41915629E8	106.44821888747612
1.41918009E8	11.292624983683591
1.41920388E8	36.42857142857143
1.419227665E8	255.0
1.41925143E8	0.0
1.419275165E8	255.0
1.419292615E8	25.607011983757552
1.41930446E8	0.0
1.419322555E8	0.0
1.419346225E8	0.0
1.41936987E8	0.0
1.41939347E8	0.0
1.41941703E8	1.0
1.419440575E8	0.0
1.41946411E8	0.0
1.419487635E8	0.0
1.419511115E8	255.0
1.419534545E8	255.0
1.419557965E8	192.98983494891277
1.41958135E8	0.0
1.419604675E8	254.5726039920768
1.419627965E8	0.0
1.419651245E8	226.14914865277834
1.419674515E8	230.88351216402847
1.41969777E8	0.0
1.419721005E8	0.0
1.419744205E8	0.0
1.41976738E8	0.0
1.419790505E8	0.0
1.41981358E8	0.0
1.419836635E8	233.04691339012592
1.41985967E8	102.84626884797744
1.41988266E8	2.3368722414410117
1.4199056E8	0.0
1.41992852E8	96.19395134779751
1.41995142E8	0.0
1.4199743E8	0.0
1.419997165E8	0.0
1.420020015E8	225.3098942128189
1.42004285E8	0.0
1.420065675E8	0.0
1.42008845E8	0.0
1.420111165E8	213.5026096033403
1.42013386E8	0.0
1.420156535E8	0.0
1.42017916E8	0.0
1.42020175E8	3.0
1.42022431E8	0.0
1.420246815E8	0.0
1.42026929E8	0.0
1.42029171E8	0.0
1.420314065E8	0.0
1.420336395E8	0.0
1.420358715E8	200.3773716352425
1.420381015E8	0.0
1.42040329E8	255.0
1.42042554E8	1.0
1.42044776E8	0.0
1.420469965E8	0.0
1.42049215E8	0.0
1.420514315E8	0.0
1.420536445E8	3.0
1.42055854E8	0.0
1.42058062E8	3.0
1.420602685E8	164.988098885462
1.42062474E8	0.0
1.42064677E8	0.0
1.420668775E8	0.0
1.420690765E8	0.0
1.420712745E8	0.0
1.420734715E8	0.0
1.420756655E8	254.10526315789474
1.420778565E8	230.33172918163982
1.42080046E8	0.0
1.42082235E8	0.0
1.42084423E8	2.001763668430335
1.42086609E8	87.0
1.4208879E8	0.0
1.420909665E8	0.0
1.42093141E8	0.0
1.420953105E8	0.0
1.42097474E8	0.0
1.42099635E8	0.0
1.42101794E8	193.00353982300885
1.42103946E8	0.0
1.42106089E8	0.0
1.421082245E8	0.0
1.42110355E8	0.0
1.421124825E8	0.0
1.421146075E8	255.0
1.421167315E8	179.8682204312786
1.42118853E8	201.88173571447032
1.42120971E8	218.24585218702865
1.421230865E8	0.0
1.421252E8	0.0
1.42127313E8	2.0035335689045937
1.42129426E8	0.0
1.421315385E8	0.0
1.42133649E8	0.0
1.421357575E8	0.0
1.42137864E8	255.0
1.42139969E8	114.687255668491
1.42142073E8	0.0
1.421441755E8	255.0
1.421462745E8	0.0
1.421483705E8	0.0
1.421504655E8	0.0
1.421525595E8	0.0
1.421546525E8	2.910180597730542
1.421567435E8	38.91699891264951
1.42158833E8	0.0
1.421609215E8	2.310846560846561
1.42163009E8	0.7648653533345382
1.42165096E8	0.5
1.421671825E8	0.0
1.421692675E8	0.0
1.4217135E8	211.79984051036683
1.4217343E8	0.0
1.42175509E8	0.0
1.421775875E8	255.0
1.421796645E8	255.0
1.421817365E8	0.0
1.421838025E8	11.77450023788596
1.42185866E8	0.0
1.42187929E8	208.7093852185472
1.421899915E8	254.62555066079295
1.421920525E8	0.0
1.421941125E8	0.0
1.421961725E8	128.8
1.42198232E8	184.20913705583757
1.422002865E8	0.0
1.422023345E8	0.0
1.422043795E8	0.0
1.42206423E8	2.0
1.42208462E8	0.0
1.42210496E8	0.0
1.42212529E8	0.0
1.422145605E8	0.0
1.42216589E8	17.59902794653706
1.42218613E8	255.0
1.422206335E8	255.0
1.42222652E8	255.0
1.422246675E8	255.0
1.422266795E8	236.66666666666666
1.42228689E8	0.0
1.422306975E8	255.0
1.422327045E8	0.0
1.422347105E8	0.0
1.42236716E8	85.16666666666667
1.42238721E8	255.0
1.422407225E8	0.0
1.422427205E8	52.421965317919074
1.422447185E8	85.46768507638073
1.42246715E8	0.0
1.42248709E8	0.0
1.422507005E8	0.0
1.422526905E8	186.63483205001782
1.422546795E8	255.0
1.422566665E8	0.0
1.422586525E8	0.0
1.422606355E8	0.0
1.422626145E8	0.0
1.422645915E8	187.88618784530388
1.422665675E8	129.0
1.42268543E8	86.33333333333333
1.422705175E8	255.0
1.422724895E8	0.0
1.422744575E8	1.0
1.422764235E8	255.0
1.422783895E8	255.0
1.422803545E8	0.0
1.42282318E8	1.2031203984030634
1.422842805E8	0.6380090497737556
1.422862425E8	233.02487135506004
1.4228818E8	103.61313868613139
1.42289161E8	255.0
1.42290166E8	0.0
1.42292127E8	0.0
1.42294088E8	0.0
1.422960465E8	0.0
1.422980025E8	25.867105472931424
1.42299954E8	0.0
1.42301901E8	255.0
1.42303848E8	0.0
1.423057945E8	255.0
1.4230774E8	0.0
1.423096845E8	0.0
1.42311628E8	0.0
1.42313569E8	0.0
1.423155065E8	177.9538043478261
1.423174425E8	0.0
1.42319378E8	3.0
1.42321312E8	255.0
1.42323245E8	1.0
1.42325177E8	0.0
1.42327107E8	164.7092658439657
1.423290355E8	0.0
1.423309635E8	127.5
1.42332891E8	0.0
1.423348175E8	203.87349159682302
1.423367435E8	0.0
1.423386685E8	0.0
1.423405905E8	0.0
1.42342509E8	0.0
1.423444255E8	0.0
1.423463415E8	0.0
1.42348253E8	170.0
1.423501595E8	255.0
1.42352065E8	0.5564990202482037
1.423539695E8	0.0
1.42355873E8	0.0
1.42357776E8	2.0
1.42359679E8	0.34379905808477235
1.423615815E8	0.0
1.42363483E8	255.0
1.423653835E8	0.0
1.423672835E8	0.0
1.42369183E8	0.0
1.4237108E8	0.0
1.42372975E8	0.0
1.42374869E8	0.0
1.42376761E8	0.0
1.423786515E8	0.0
1.423805415E8	250.5476134131623
1.423824305E8	0.5383141762452107
1.423843155E8	255.0
1.423861925E8	0.0
1.423880645E8	1.0
1.42389936E8	0.0
1.423918065E8	255.0
1.423936765E8	0.0
1.42395546E8	0.0
1.42397415E8	255.0
1.42399284E8	1.0
1.424011525E8	3.0
1.42403019E8	0.0
1.42404883E8	208.40870302164564
1.42406746E8	0.0
1.424086055E8	0.0
1.424104605E8	255.0
1.42412313E8	3.0
1.42414163E8	0.0
1.42416009E8	0.0
1.42417852E8	0.0
1.42419695E8	0.0
1.42421538E8	129.0
1.424233805E8	0.0
1.42425222E8	0.0
1.42427063E8	0.0
1.424288995E8	0.0
1.424307315E8	0.0
1.424325625E8	3.0
1.42434392E8	0.0
1.42436221E8	0.0
1.424380485E8	44.247002398081534
1.42439871E8	66.44680851063829
1.424416895E8	0.0
1.424435075E8	0.0
1.42445323E8	255.0
1.42447136E8	2.9446985634013343
1.424489455E8	0.0
1.4245075E8	0.0
1.424525525E8	0.0
1.42454354E8	255.0
1.424561545E8	3.0
1.424579545E8	128.12468450277638
1.424597535E8	0.0
1.42461551E8	0.0
1.42463346E8	0.0
1.424651385E8	255.0
1.42466928E8	0.0
1.424687145E8	0.0
1.424705E8	3.0
1.42472285E8	254.44078947368422
1.424740655E8	0.0
1.42475841E8	255.0
1.42477616E8	2.8913006613532306
1.42479391E8	255.0
1.424811635E8	0.0
1.42482933E8	255.0
1.424847005E8	196.50263026745668
1.42486464E8	0.0
1.424882225E8	215.22929577464788
1.424899775E8	255.0
1.4249173E8	65.0
1.42493479E8	1.0
1.42495226E8	0.0
1.42496973E8	0.0
1.42498718E8	0.0
1.4250046E8	0.0
1.425021995E8	42.32551319648094
1.42503937E8	0.0
1.425056725E8	0.0
1.42507406E8	254.8876651982379
1.425091385E8	0.0
1.425108685E8	1.0
1.425125945E8	0.0
1.425143185E8	2.5
1.4251604E8	207.288
1.42517759E8	253.5703736141245
1.425194765E8	255.0
1.425211925E8	0.0
1.42522908E8	0.0
1.425246225E8	0.0
1.42526336E8	0.0
1.425280485E8	143.65194067529188
1.425297595E8	195.93425034387894
1.425314695E8	17.178907721280602
1.42533179E8	0.0
1.425348875E8	0.0
1.425365935E8	0.0
1.42538297E8	0.9964912280701754
1.4254E8	255.0
1.425416995E8	0.0
1.425433925E8	193.18805136795086
1.425450825E8	235.6153846153846
1.42546771E8	0.0
1.42548457E8	3.0
1.42550141E8	0.0
1.42551824E8	118.44536519991065
1.42553507E8	152.84045422285308
1.425551885E8	0.0
1.42556868E8	0.5
1.425585465E8	0.0
1.42560223E8	255.0
1.42561894E8	13.421052631578947
1.42563556E8	0.0
1.425652095E8	0.3545568039950062
1.42566857E8	0.0
1.42568501E8	0.0
1.42570144E8	255.0
1.42571786E8	0.0
1.42573425E8	0.0
1.42575062E8	0.0
1.42576699E8	160.89926621639867
1.425783355E8	0.0
1.425799685E8	0.0
1.42581598E8	0.0
1.42583225E8	219.0
1.4258485E8	0.0
1.42586474E8	0.0
1.425880965E8	0.0
1.42589717E8	80.35591306629885
1.425913335E8	0.8746136865342163
1.42592946E8	202.85573770491803
1.425945565E8	70.39421942587495
1.425961665E8	191.98150865864397
1.425977755E8	255.0
1.42599378E8	0.0
1.42600974E8	0.0
1.426025685E8	157.83396946564886
1.426041585E8	0.0
1.426057445E8	0.0
1.426073305E8	0.0
1.42608914E8	255.0
1.42610493E8	0.0
1.4261207E8	0.0
1.42613646E8	0.0
1.4261522E8	0.0
1.42616792E8	0.0
1.42618361E8	0.0
1.426199275E8	194.27153263819454
1.426214905E8	0.0
1.426230505E8	0.0
1.426246095E8	0.0
1.426261665E8	0.0
1.426277225E8	0.0
1.42629278E8	0.0
1.42630832E8	3.0
1.426323845E8	29.666666666666668
1.426339355E8	0.0
1.426354855E8	0.0
1.42637035E8	0.0
1.426385825E8	0.0
1.426401275E8	0.0
1.42641671E8	111.01930305801076
1.42643213E8	127.5
1.426447535E8	0.0
1.426462925E8	0.0
1.42647757E8	177.98288508557457
1.42648524E8	3.0
1.42649362E8	254.7846283783784
1.42650895E8	0.0
1.426524275E8	255.0
1.42653958E8	0.0
1.42655486E8	222.39099859353024
1.42657012E8	0.656832298136646
1.42658537E8	0.0
1.42660062E8	209.1785567244488
1.42661585E8	255.0
1.426631055E8	0.0
1.42664625E8	0.0
1.426661435E8	0.0
1.426676605E8	0.0
1.426691735E8	0.0
1.42670683E8	128.0
1.426721915E8	0.0
1.426736975E8	2.946429100827132
1.426752015E8	0.0
1.426767045E8	0.0
1.426782025E8	0.0
1.426796955E8	0.0
1.426811875E8	243.805484850973
1.426826785E8	0.0
1.42684168E8	0.0
1.426856565E8	0.0
1.42687144E8	254.5518453427065
1.42688631E8	171.19760831209567
1.42690117E8	156.86183953033267
1.426916015E8	0.0
1.426930845E8	0.0
1.426945645E8	0.0
1.426960415E8	0.0
1.42697517E8	0.9020618556701031
1.42698991E8	0.0
1.42700463E8	0.0
1.427019325E8	0.0
1.427034E8	0.0
1.427048665E8	0.0
1.427063315E8	0.0
1.427077945E8	255.0
1.42709256E8	0.0
1.42710717E8	0.0
1.42712177E8	0.0
1.427136355E8	238.39645723864479
1.427150925E8	0.0
1.42716547E8	0.0
1.427179995E8	0.0
1.427194515E8	0.0
1.42720903E8	0.0
1.427223515E8	0.0
1.427237975E8	0.0
1.42725243E8	0.0
1.42726687E8	254.71751412429379
1.42728129E8	0.0
1.427295695E8	232.04367428535227
1.427310075E8	0.0
1.427324415E8	0.0
1.427338735E8	0.0
1.427353055E8	0.0
1.427367365E8	3.0
1.42738166E8	255.0
1.42739595E8	168.6312221913237
1.42741022E8	0.0
1.427424465E8	0.0
1.427438705E8	0.0
1.427452945E8	0.0
1.42746718E8	0.0
1.427481405E8	205.6851311953353
1.42749562E8	255.0
1.42750982E8	0.0
1.427523995E8	200.92644483362523
1.427538155E8	0.0
1.427552315E8	109.49823855057876
1.42756647E8	3.0
1.427580605E8	0.0
1.427594725E8	0.0
1.42760884E8	0.0
1.427622945E8	0.0
1.427637035E8	0.0
1.427651115E8	209.3063583815029
1.42766519E8	1.0
1.427679255E8	0.0
1.427693305E8	0.0
1.427707335E8	0.0
1.42772132E8	0.0
1.427735265E8	0.0
1.4277492E8	219.85007225433526
1.42776312E8	255.0
1.42777703E8	0.0
1.42779094E8	255.0
1.427804825E8	255.0
1.427818685E8	0.0
1.42783254E8	0.0
1.427846385E8	254.8024786986832
1.42786022E8	255.0
1.427874045E8	2.4124015748031495
1.42788786E8	0.0
1.42790167E8	255.0
1.427915475E8	255.0
1.427929275E8	141.88888888888889
1.42794307E8	48.612220286747956
1.427956855E8	0.0
1.42797063E8	0.0
1.4279844E8	120.20177554762134
1.42799817E8	0.0
1.42801194E8	182.42857142857142
1.428025705E8	0.0
1.42803946E8	0.0
1.428053205E8	255.0
1.428066945E8	0.0
1.42808068E8	0.0
1.4280944E8	0.0
1.4281081E8	0.0
1.428121785E8	0.0
1.428135455E8	77.18527918781726
1.42814909E8	0.0
1.428162695E8	198.7656969603283
1.428176275E8	166.36401456058243
1.428189835E8	255.0
1.42820339E8	0.0
1.42821694E8	0.0
1.428230475E8	0.0
1.42824399E8	0.0
1.42825748E8	1.0
1.42827095E8	208.59183673469389
1.428284415E8	0.0
1.428297865E8	0.0
1.4283113E8	86.95442708333333
1.42832472E8	233.7000323101777
1.428338125E8	254.4837506659563
1.428351525E8	0.0
1.428364925E8	0.0
1.42837832E8	154.4132581100141
1.42839171E8	0.0
1.42840509E8	0.0
1.42841846E8	0.0
1.428431825E8	0.0
1.428445175E8	135.71525885558583
1.42845851E8	255.0
1.42847184E8	19.374614925002522
1.42848517E8	0.0
1.428498495E8	87.0
1.428511805E8	192.13046958377802
1.428525105E8	255.0
1.428538395E8	0.0
1.42855167E8	0.0
1.428564935E8	0.0
1.428578195E8	0.0
1.42859144E8	0.0
1.42860467E8	255.0
1.428617895E8	254.4858870967742
1.428631085E8	0.0
1.42864424E8	0.0
1.42865739E8	0.0
1.42867054E8	255.0
1.42868369E8	1.0838608393263964
1.428696825E8	0.0
1.42870994E8	0.0
1.42872305E8	0.0
1.428736155E8	0.0
1.428749255E8	189.25384615384615
1.42876235E8	128.0
1.428775435E8	0.0
1.428788505E8	0.0
1.428801555E8	253.07129063405213
1.428814595E8	0.0
1.428827635E8	186.30465444287728
1.428840675E8	255.0
1.42885371E8	0.0
1.42886674E8	0.0
1.428879765E8	0.0
1.42889278E8	0.0
1.42890579E8	255.0
1.42891879E8	243.26353039134054
1.42893177E8	0.0
1.42894474E8	255.0
1.42895771E8	0.0
1.428970675E8	0.0
1.42898363E8	0.0
1.428996575E8	0.0
1.429009515E8	0.0
1.429022455E8	255.0
1.42903539E8	0.0
1.42904831E8	0.0
1.429061215E8	0.0
1.42907411E8	0.0
1.42908699E8	238.61877160515382
1.429099855E8	0.0
1.42911271E8	0.0
1.429125555E8	0.0
1.429138395E8	208.3112793434697
1.42915123E8	255.0
1.42916406E8	180.22336659156744
1.429176885E8	254.5793147208122
1.4291897E8	0.0
1.429202505E8	0.0
1.429215305E8	0.0
1.4292281E8	0.0
1.429240885E8	0.2060481804202973
1.429253665E8	255.0
1.429266445E8	0.0
1.42927922E8	238.89873369048476
1.42929199E8	1.6276981066137468
1.42930476E8	128.4056603773585
1.429317525E8	0.0
1.42933028E8	1.9941392564960378
1.42934303E8	0.0
1.429355775E8	0.0
1.429368515E8	0.0
1.429381245E8	0.0
1.42939396E8	0.0
1.42940667E8	0.0
1.42941938E8	0.0
1.42943209E8	0.0
1.4294448E8	255.0
1.429457505E8	223.3053104999135
1.429470205E8	1.0
1.429482905E8	240.83333333333334
1.4294956E8	3.0
1.429508285E8	255.0
1.429520965E8	116.5285073670724
1.429533635E8	243.13773670907057
1.42954629E8	0.0
1.429558935E8	1.535994032077583
1.42957157E8	0.0
1.4295842E8	0.0
1.42959683E8	233.54785969084423
1.429609455E8	0.0
1.429622075E8	0.0
1.429634695E8	0.0
1.42964731E8	0.0
1.42965992E8	173.639509891163
1.429672525E8	216.67941610814495
1.429685125E8	0.0
1.429697725E8	240.4750265674814
1.429710325E8	3.0
1.42972292E8	39.60452513761617
1.429735505E8	0.0
1.429748085E8	0.0
1.429760665E8	2.0645298190752737
1.42977324E8	0.0
1.42978579E8	0.0
1.42979832E8	250.67773966419932
1.429810845E8	0.0
1.42982336E8	255.0
1.42983587E8	255.0
1.42984838E8	0.0
1.42986089E8	0.22756119673617406
1.429873395E8	100.11461538461539
1.42988589E8	0.0
1.429898375E8	0.0
1.42991085E8	249.6133030726257
1.429923315E8	0.0
1.429935775E8	121.52542372881356
1.429948225E8	0.0
1.42996066E8	227.23666686165186
1.429973085E8	187.38040413533835
1.4299855E8	255.0
1.42999791E8	202.81065088757396
1.43001032E8	0.0
1.430022725E8	1.0
1.430035125E8	0.0
1.430047525E8	233.86125244517922
1.43005992E8	22.636363636363637
1.4300719E8	0.0
1.43007809E8	0.0
1.430084685E8	0.0
1.430097065E8	7.981623182107436
1.430109445E8	125.73035714285714
1.43012182E8	0.0
1.430134185E8	0.0
1.43014654E8	0.0
1.43015889E8	235.40306681270536
1.430171235E8	255.0
1.430183575E8	196.25039263126618
1.430195915E8	0.0
1.43020825E8	253.19915254237287
1.43022058E8	0.0
1.430232905E8	141.75959330928174
1.43024522E8	157.5890002709293
1.43025753E8	0.5
1.43026984E8	147.1951219512195
1.43028215E8	254.09893992932862
1.430294455E8	169.2779422649889
1.43030675E8	255.0
1.43031904E8	3.0
1.430331325E8	0.0
1.4303436E8	255.0
1.43035587E8	218.27135404200104
1.43036814E8	0.0
1.43038041E8	0.0
1.430392675E8	217.33982793522267
1.430404935E8	0.0
1.430417195E8	43.31743227326266
1.43042945E8	253.71119133574007
1.4304417E8	0.0
1.43045395E8	0.0
1.4304662E8	3.0
1.43047845E8	0.0
1.4304907E8	255.0
1.430502945E8	199.90489506045344
1.430515185E8	151.43501483679526
1.430527425E8	255.0
1.430539665E8	28.378001549186678
1.4305519E8	0.0
1.43056413E8	0.0
1.43057636E8	0.0
1.430588585E8	197.14755278699135
1.430600805E8	255.0
1.43061302E8	0.0
1.430625225E8	3.0
1.430637425E8	0.0
1.43064962E8	0.0
1.43066181E8	0.0
1.430674E8	0.0
1.430686185E8	189.23204212109815
1.430698365E8	0.0
1.430710525E8	196.46153846153845
1.43072266E8	0.0
1.430734785E8	0.0
1.430746905E8	254.82054890921887
1.43075902E8	0.0
1.43077113E8	0.0
1.430783235E8	0.0
1.43079533E8	0.0
1.43080742E8	255.0
1.43081951E8	0.0
1.430831595E8	0.0
1.430843675E8	255.0
1.430855755E8	92.36652382152761
1.430867835E8	128.44169611307422
1.43087991E8	2.973821989528796
1.430891975E8	0.0
1.43090403E8	82.85093238759868
1.43091608E8	0.0
1.43092813E8	255.0
1.43094017E8	0.0
1.4309522E8	0.0
1.43096423E8	255.0
1.430976255E8	255.0
1.430988275E8	128.0
1.43100029E8	0.0
1.431012295E8	0.21390433324507988
1.431024295E8	0.0
1.431036295E8	3.0
1.43104829E8	255.0
1.43106028E8	0.3156626506024096
1.431072265E8	0.0
1.431084245E8	0.1687462863933452
1.43109622E8	248.8659793814433
1.43110819E8	0.0
1.43112015E8	0.0
1.4311321E8	0.0
1.43114405E8	189.0149294995853
1.431156E8	0.0
1.43116795E8	29.794265747684232
1.431179895E8	178.32075471698113
1.43119183E8	182.18867924528303
1.43120376E8	255.0
1.43121569E8	255.0
1.43122762E8	202.35376044568244
1.431239545E8	0.0
1.431251465E8	234.2434671021932
1.431263385E8	170.0
1.4312753E8	0.0
1.43128721E8	0.0
1.431299115E8	0.0
1.431311015E8	170.21266968325793
1.431322915E8	0.0
1.43133481E8	190.79787234042553
1.4313467E8	0.0
1.43135859E8	0.0
1.43137048E8	0.0
1.43138237E8	0.0
1.43139426E8	194.20493827160493
1.431406145E8	1.0
1.431418015E8	0.0
1.431429875E8	0.0
1.431441735E8	244.3047725816784
1.431453595E8	0.0
1.431465455E8	255.0
1.43147731E8	0.0
1.43148916E8	0.0
1.43150101E8	235.74952411167513
1.43151286E8	0.0
1.431524705E8	0.0
1.431536545E8	0.0
1.431548385E8	0.0
1.431560225E8	0.0
1.431572055E8	64.5
1.431583875E8	239.73729732393673
1.43159569E8	0.0
1.4316075E8	251.1536468412678
1.43161931E8	0.0
1.43163111E8	254.5518453427065
1.4316429E8	0.0
1.43165469E8	0.0
1.431666475E8	0.0
1.431678255E8	0.0
1.431690035E8	0.0
1.431701815E8	255.0
1.431713595E8	0.0
1.431725375E8	0.0
1.43173715E8	0.0
1.431748915E8	11.434117544101856
1.43176067E8	0.0
1.43177242E8	255.0
1.431784165E8	3.0
1.431795905E8	0.0
1.43180764E8	0.0
1.43181937E8	0.0
1.4318311E8	212.12255772646537
1.43184282E8	255.0
1.43185453E8	82.35734278783355
1.43186624E8	255.0
1.43187795E8	0.0
1.431889655E8	87.0
1.43190135E8	0.0
1.43191304E8	3.0
1.431924725E8	3.0
1.4319364E8	0.0
1.43194807E8	0.0
1.43195974E8	0.0
1.431971405E8	0.0
1.431983065E8	251.63316673725822
1.431994725E8	188.48263236236812
1.432006385E8	0.0
1.43201804E8	0.0
1.43202969E8	0.0
1.432041335E8	0.0
1.43205297E8	0.0
1.4320646E8	228.49526810263183
1.43207623E8	0.0
1.43208786E8	0.6923076923076923
1.43209949E8	0.0
1.43211112E8	242.38450815579228
1.432122745E8	186.15910056247023
1.432134365E8	0.0
1.432145985E8	120.74541947926711
1.4321576E8	0.0
1.43216921E8	0.0
1.43218082E8	0.0
1.432192425E8	0.0
1.432204025E8	49.568788501026695
1.432215625E8	3.0
1.43222722E8	0.0
1.43223881E8	0.0
1.4322504E8	255.0
1.43226199E8	254.10526315789474
1.43227358E8	0.0
1.432285165E8	0.0
1.432296745E8	27.02826431522065
1.432308325E8	255.0
1.4323199E8	153.46396081175646
1.43233147E8	204.08486562942008
1.432343035E8	0.0
1.432354595E8	212.4920728126835
1.43236615E8	255.0
1.4323777E8	130.10827561064528
1.43238925E8	0.0
1.4324008E8	1.4603273508172643
1.432412345E8	0.0
1.432423885E8	255.0
1.432435425E8	148.61320754716982
1.432446965E8	255.0
1.4324585E8	0.0
1.43247003E8	3.0
1.43248156E8	0.0
1.432493085E8	255.0
1.432504605E8	0.0
1.432516125E8	0.0
1.432527645E8	0.0
1.43253916E8	199.32110091743118
1.432550665E8	1.5
1.432562165E8	0.0
1.432573655E8	0.0
1.432585135E8	255.0
1.432596615E8	254.10526315789474
1.432608095E8	93.60940444497622
1.432619575E8	0.0
1.432631055E8	255.0
1.43264253E8	110.23846153846154
1.432654E8	240.98733584023185
1.43266547E8	146.78225806451613
1.432676935E8	2.979020979020979
1.432688395E8	0.0
1.432699855E8	0.0
1.43271131E8	250.15544041450778
1.432722755E8	22.520335172695688
1.432734195E8	222.83708609271523
1.432745635E8	233.74247981612905
1.432757075E8	22.40323079779662
1.432768515E8	0.0
1.43277995E8	255.0
1.43279138E8	255.0
1.432802805E8	0.0
1.432814225E8	208.52880921895007
1.432825645E8	0.5966847697756789
1.43283706E8	233.2648036944221
1.43284847E8	231.11971863332437
1.432859875E8	173.1337969401947
1.432871275E8	0.0
1.432882675E8	255.0
1.432894075E8	0.0
1.43290547E8	255.0
1.43291686E8	255.0
1.43292825E8	0.0
1.43293964E8	0.0
1.43295103E8	0.0
1.432962415E8	255.0
1.43297379E8	1.5
1.432985155E8	3.9350166571869667
1.432996515E8	0.0
1.433007875E8	139.15407991913963
1.433019235E8	2.7784735812133072
1.43303059E8	0.0
1.43304194E8	0.0
1.43305329E8	235.46657042317062
1.433064635E8	0.0
1.433075975E8	163.07358910159712
1.433087315E8	2.0651804282331567
1.433098655E8	0.0
1.43310999E8	0.0
1.43312132E8	0.0
1.43313265E8	255.0
1.433143975E8	227.64093838415712
1.433155295E8	134.09558823529412
1.433166615E8	0.0
1.433177935E8	0.0
1.43318925E8	0.0
1.43320056E8	227.3374297741569
1.43321187E8	0.0
1.433223175E8	0.0
1.433234475E8	0.0
1.433245775E8	1.0
1.43325707E8	0.0
1.43326836E8	167.7738814993954
1.43327965E8	58.68848706797894
1.43329094E8	0.0
1.43330222E8	233.9903069466882
1.43331349E8	0.0
1.433324755E8	232.4962703374714
1.433336015E8	255.0
1.433347275E8	3.0
1.433358535E8	0.0
1.433369795E8	18.99292555507183
1.43338105E8	0.0
1.4333923E8	0.0
1.433403545E8	127.5
1.433414785E8	255.0
1.43342602E8	0.0
1.43343725E8	39.60808832191723
1.43344848E8	0.0
1.43345971E8	152.01923076923077
1.43347094E8	128.20440528634361
1.433482165E8	223.39610986886936
1.43349338E8	0.0
1.433504585E8	0.0
1.43351578E8	1.4
1.43352697E8	83.5998281294758
1.433538155E8	207.27064676616916
1.433549335E8	0.0
1.433560515E8	0.0
1.433571695E8	255.0
1.43358287E8	0.0
1.43359404E8	0.0
1.43360521E8	204.27221037668798
1.43361638E8	231.0595041322314
1.43362755E8	191.34939559529724
1.43363872E8	255.0
1.433649885E8	0.0
1.433661045E8	248.68476506881822
1.433668735E8	212.53323566207942
1.433674315E8	242.35694740042567
1.433683365E8	3.0
1.433694525E8	255.0
1.433705685E8	0.0
1.43371684E8	3.0
1.43372799E8	0.0
1.43373914E8	0.0
1.433750285E8	0.0
1.433761425E8	0.0
1.433772565E8	255.0
1.433783705E8	119.96603773584906
1.433794845E8	3.0
1.433805985E8	0.0
1.433817115E8	0.0
1.433828235E8	0.0
1.433839355E8	0.0
1.433850475E8	242.39624714129232
1.43386159E8	171.95674702498573
1.433872695E8	0.0
1.433883795E8	123.12431444241317
1.433894895E8	34.125
1.433905995E8	0.0
1.43391709E8	255.0
1.43392818E8	0.0
1.43393927E8	218.96374622356495
1.43395036E8	0.0
1.433961445E8	2.4516129032258065
1.433972525E8	0.0
1.4339836E8	0.0
1.43399467E8	255.0
1.43400574E8	1.0
1.434016805E8	242.2991366484145
1.434027865E8	255.0
1.43403892E8	2.907849829351536
1.43404997E8	0.0
1.43406102E8	0.0
1.43407207E8	0.0
1.43408312E8	0.0
1.43409417E8	243.83211678832117
1.43410521E8	0.0
1.43411624E8	0.0
1.43412727E8	0.0
1.434138295E8	0.0
1.434149315E8	0.0
1.434160335E8	255.0
1.43417135E8	22.967542725836566
1.43418236E8	0.0
1.43419337E8	0.6905829596412556
1.434204375E8	115.24346374431191
1.434215375E8	0.0
1.43422637E8	0.0
1.43423736E8	255.0
1.434248345E8	77.27272727272727
1.434259325E8	0.0
1.434270305E8	0.0
1.43428128E8	0.0
1.43429225E8	0.0
1.43430322E8	0.0
1.434314185E8	0.0
1.434325145E8	0.0
1.434336095E8	1.0
1.43434703E8	0.0
1.434357955E8	129.0
1.43436887E8	0.0
1.43437978E8	255.0
1.434390685E8	255.0
1.434401585E8	0.0
1.434412485E8	206.05846153846153
1.434423385E8	215.92003665241296
1.434434285E8	0.0
1.43444518E8	0.0
1.43445607E8	0.0
1.434466955E8	0.0
1.434477835E8	139.53757225433526
1.434488715E8	255.0
1.434499595E8	255.0
1.43451047E8	0.0
1.43452134E8	201.499256213994
1.43453221E8	232.65494736842106
1.434543075E8	163.41958967571145
1.434553935E8	239.40360641139804
1.434564795E8	1.4850037357241967
1.434575655E8	133.36065573770492
1.434586505E8	0.0
1.434597345E8	204.6
1.434608185E8	0.0
1.434619025E8	0.0
1.434629865E8	3.0
1.4346407E8	0.0
1.43465153E8	1.9964664310954063
1.43466236E8	242.18725523458704
1.434673185E8	0.0
1.434684005E8	255.0
1.43469482E8	0.0
1.43470563E8	243.46127755794234
1.434716435E8	251.76304654442876
1.434727235E8	3.0
1.434738035E8	151.65944540727904
1.43474883E8	0.0
1.43475962E8	0.0
1.434770405E8	0.0
1.434781185E8	1.3021558266521391
1.434791965E8	0.0
1.434802745E8	0.0
1.43481352E8	0.2
1.43482429E8	0.0
1.434835055E8	0.0
1.434845815E8	0.0
1.434856575E8	255.0
1.434867335E8	0.0
1.43487809E8	0.0
1.43488884E8	188.6115126939351
1.43489959E8	43.470564319401525
1.43491034E8	255.0
1.434921085E8	255.0
1.434931825E8	16.294225818315557
1.434942565E8	12.23958157583938
1.434953305E8	198.92217442315214
1.43496404E8	0.0
1.434974765E8	241.48488523395616
1.434985485E8	0.0
1.4349962E8	0.0
1.43500691E8	164.33170731707318
1.435017615E8	255.0
1.435028315E8	0.0
1.435039015E8	0.0
1.43504971E8	0.0
1.4350604E8	0.0
1.435071085E8	255.0
1.43508176E8	0.0
1.43509243E8	0.0
1.4351031E8	255.0
1.435113765E8	0.0
1.435124415E8	236.3625
1.435135055E8	0.0
1.435145695E8	249.00108616944243
1.43515633E8	0.0
1.43516696E8	0.0
1.43517759E8	166.88093599449414
1.43518822E8	200.5951952367765
1.43519885E8	0.0
1.43520948E8	0.0
1.43522011E8	0.0
1.43523074E8	0.0
1.435241365E8	231.06008991270105
1.435251985E8	0.0
1.435262605E8	2.0679245283018868
1.435273225E8	144.55089820359282
1.435283845E8	0.0
1.43529446E8	63.488495575221236
1.435305065E8	0.518804676345029
1.435315665E8	228.73854393277986
1.435326265E8	0.0
1.43533686E8	214.37884811995912
1.43534745E8	0.0
1.43535804E8	0.0
1.435368625E8	0.0
1.435379205E8	229.41376773136352
1.435389785E8	3.0
1.435400365E8	185.36521739130436
1.43541094E8	0.0
1.435421505E8	207.64705882352942
1.435432065E8	252.33449477351917
1.435442625E8	254.82054890921887
1.435453185E8	0.0
1.43546374E8	0.0
1.43547429E8	0.0
1.43548484E8	0.0
1.435495385E8	155.07407407407408
1.435505925E8	0.0
1.43551646E8	0.0
1.43552699E8	252.93908553468532
1.43553752E8	43.36637031661072
1.43554805E8	43.370119292866384
1.43555858E8	247.53158106477136
1.435569105E8	0.0
1.435579625E8	247.7503615020806
1.435590145E8	32.75
1.43560066E8	0.0
1.43561117E8	0.0
1.43562168E8	255.0
1.43563219E8	0.0
1.4356427E8	0.0
1.435653205E8	0.0
1.435663705E8	70.27176696542894
1.4356742E8	1.0
1.43568469E8	0.0
1.43569518E8	0.0
1.43570567E8	250.57803468208093
1.43571616E8	255.0
1.435726645E8	255.0
1.435737125E8	204.1452827229237
1.435747605E8	0.0
1.435758085E8	0.0
1.435768565E8	128.296338028169
1.43577904E8	1.0761532511395655
1.43578951E8	0.0
1.43579998E8	0.0
1.43581045E8	1.0
1.435820915E8	0.0
1.43583137E8	255.0
1.43584182E8	2.25
1.43585227E8	49.046578287352204
1.43586272E8	0.0
1.435873165E8	0.0
1.435883605E8	0.0
1.435894045E8	5.080558152916637
1.43590448E8	202.73111111111112
1.43591491E8	255.0
1.435925335E8	0.0
1.435935755E8	0.0
1.435946175E8	239.48088280275758
1.435956595E8	206.46913183279742
1.435967015E8	0.0
1.43597743E8	128.1963146704465
1.43598784E8	0.0
1.43599825E8	0.0
1.436008655E8	0.0
1.436019055E8	255.0
1.436029455E8	0.0
1.436039855E8	0.24153005464480876
1.43605025E8	215.76923076923077
1.43606064E8	196.35973999593745
1.43607103E8	0.0
1.436081415E8	0.0
1.436091795E8	186.6107296137339
1.436102175E8	0.0
1.43611255E8	0.0
1.43612292E8	0.0
1.43613329E8	0.0
1.43614366E8	182.1165557982526
1.436154025E8	0.0
1.436164385E8	0.0
1.43617474E8	0.0
1.43618509E8	255.0
1.43619544E8	0.0
1.43620579E8	0.0
1.43621614E8	0.0
1.43622648E8	0.0
1.43623681E8	188.07127429805615
1.43624714E8	191.66784140969162
1.43625747E8	226.3288762446657
1.436267795E8	0.0
1.436278115E8	210.95473121659856
1.436288435E8	183.80710659898477
1.43629875E8	0.0
1.43630906E8	0.0
1.43631937E8	226.4413407821229
1.436329675E8	191.4593209481102
1.436339975E8	0.0
1.436350275E8	0.0
1.43636057E8	255.0
1.43637086E8	255.0
1.43638115E8	129.16922783346615
1.43639144E8	211.5841409632126
1.43640173E8	0.0
1.43641202E8	0.0
1.43642231E8	0.0
1.436432595E8	255.0
1.436442875E8	0.0
1.43645315E8	0.0
1.43646342E8	0.0
1.43647369E8	0.0
1.436483955E8	0.0
1.436494215E8	0.0
1.43650447E8	0.0
1.43651472E8	1.5053003533568905
1.43652497E8	51.0
1.43653522E8	58.67679837892604
1.43654546E8	0.0
1.43655569E8	0.0
1.436565915E8	0.0
1.436576135E8	254.39858490566039
1.436586355E8	241.97482916277468
1.436596575E8	0.0
1.43660679E8	92.72727272727273
1.436617E8	254.76497695852535
1.43662721E8	0.0
1.436637415E8	214.14356657269335
1.436647615E8	0.0
1.436657815E8	0.0
1.43666801E8	0.0
1.4366782E8	0.0
1.43668839E8	255.0
1.43669858E8	0.0
1.43670877E8	53.84639639639639
1.436718955E8	253.68863483523873
1.436729135E8	0.0
1.436739315E8	0.0
1.436749495E8	0.0
1.436759665E8	0.0
1.436769825E8	3.0
1.436779985E8	0.0
1.43679014E8	0.0
1.43680029E8	0.0
1.436810435E8	0.0
1.436820575E8	194.83805899143672
1.436830715E8	0.0
1.436840855E8	255.0
1.436850995E8	0.0
1.43686113E8	73.57142857142857
1.43687126E8	0.0
1.43688139E8	0.0
1.436891515E8	255.0
1.436901635E8	0.0
1.436911755E8	173.1048584411045
1.436921875E8	213.725071927008
1.436931995E8	141.71825216203914
1.43694211E8	255.0
1.43695222E8	0.40013662368713176
1.43696233E8	0.0
1.43697244E8	159.6202924235711
1.436982545E8	220.09958944758344
1.436992645E8	0.0
1.437002745E8	255.0
1.437012845E8	0.0
1.437022935E8	0.0
1.437033015E8	0.0
1.437043095E8	1.0
1.43705317E8	0.0
1.43706324E8	0.0
1.437073305E8	150.45
1.437083365E8	0.0
1.437093425E8	3.0
1.43710348E8	0.0
1.43711353E8	0.0
1.43712358E8	0.005304199817915529
1.43713363E8	0.9079651290182011
1.43714368E8	255.0
1.437153725E8	3.0
1.437163765E8	3.0
1.437173805E8	0.0
1.437183845E8	0.0
1.43719388E8	0.0
1.4372039E8	202.67515151515153
1.43721391E8	0.0
1.43722392E8	64.48623623623624
1.43723393E8	0.0
1.43724394E8	95.8148667601683
1.437251765E8	103.60541535226078
1.437257305E8	0.0
