#Position (bp)	Coverage	Std
179658.5	316.93173696690377	404.32897123992507
538974.5	330.8471651693774	2450.7503615945197
898290.5	249.34128455175946	492.3965081159019
1257606.5	156.27614968440037	269.89209083155555
1616922.5	113.9559997328257	255.21128121766068
1976238.5	105.83751071480258	237.564186953051
2335554.5	193.42375513475605	318.2168416018605
2694870.5	233.29530830800744	1237.8870228341273
3054186.5	276.47136782108225	330.829906763157
3413502.5	93.20938672366385	202.3270982166431
3772818.5	79.11622360262277	121.88168720848056
4132134.5	116.4962094646495	1443.0256238374432
4491450.5	196.6877177748834	2145.1365817379583
4850766.5	222.4731155862806	397.87630939633016
5210082.5	311.0224092442307	1523.595942132643
5569398.5	168.38046733237596	400.6705109914388
5928714.5	780.1123273107794	1515.8054762791885
6288030.5	247.76416023778512	293.08803831960785
6647346.5	231.33277393714724	402.50187149836415
7006662.5	309.50881118569725	1167.4814919485698
7365978.5	200.73903193846084	228.7325292711725
7725294.5	295.6035161250821	1762.0938394612008
8084610.5	549.5659558717118	1758.6358349117645
8443926.5	827.8158167184317	1962.9894684942337
8803242.5	48.63159169087934	78.66991622369507
9162558.5	67.15982867448152	292.5964459286903
9521874.5	207.66064967883423	495.14775457944455
9881190.5	497.94066504135634	2950.711357575376
1.02405065E7	713.8866652194725	3331.113731446458
1.05998225E7	212.16718709993432	328.3672236144919
1.09591385E7	466.422110342985	2147.726494956963
1.13184545E7	32.29897082234022	86.38968936106845
1.16777705E7	101.60007625599751	251.66932366011628
1.20370865E7	229.57587193445323	454.695184293414
1.23964025E7	691.6086369657905	433.05100353775015
1.27557185E7	122.87848022353583	309.6575494836519
1.31150345E7	180.6760261162876	296.1617485072546
1.34743505E7	254.5827099266384	1254.9547479844423
1.38336665E7	110.02451880795734	205.6768005895395
1.41929825E7	84.61012033975665	164.94446813377718
1.45522985E7	27.498639080920416	77.09425998316911
1.49116145E7	240.20187244653732	484.8330607918231
1.52709305E7	67.1557987954892	181.81642015809018
1.56302465E7	97.04838081243251	188.12601873378242
1.59895625E7	8.833188613922008	54.14253018358841
1.63488785E7	384.5525136648521	385.3333599301466
1.67081945E7	284.2081232118804	450.4877270633356
1.70675105E7	39.14462478709548	111.26565856086765
1.74268265E7	157.7303543399125	312.11063296392484
1.77861425E7	27.76682919769785	15.733307493255555
1.81454585E7	43.130990548709214	89.83665679434112
1.85047745E7	260.68596166048826	1798.3805197414185
1.88640905E7	296.6228083358381	1386.3705511782466
1.92234065E7	187.17917098041835	323.9366274013731
1.95827225E7	338.33161339879103	452.3368107419788
1.99420385E7	123.50932605283371	312.0034817963427
2.03013545E7	128.33515902436852	318.12834245051727
2.06606705E7	244.9611818009774	320.6188798758967
2.10199865E7	383.386935176836	359.76770595273075
2.13793025E7	280.0584527268477	404.9377915758986
2.17386185E7	563.4716182969865	2630.0227424227683
2.20979345E7	177.117411971635	2102.131529347856
2.24572505E7	265.93305613999934	2286.278529490213
2.28165665E7	104.57587471751884	111.69839877602149
2.31758825E7	69.26770586336261	182.065755975518
2.34346265E7	64.17559365753736	429.77803587800656
2.36142845E7	2.8158234896392633	3.4656519656352778
2.38945145E7	25.824533279898475	51.07598130924446
2.42538305E7	69.88883322757684	75.29455158348186
2.46131465E7	260.6113114918345	134.42663946923398
2.49724625E7	116.64471941132597	211.90788284558585
2.53317785E7	76.09102850972403	579.6243488359562
2.56910945E7	47.59896302975654	18.7018019079795
2.60504105E7	148.6846397043271	29.296180214787068
2.64097265E7	171.23932137728352	132.97528050202936
2.67690425E7	11.065702612741987	31.401074902578554
2.71283585E7	72.10871767469303	111.71890745888047
2.74876745E7	259.43248004541965	136.97951634502706
2.78469905E7	699.2262604504114	270.7555633899171
2.82063065E7	412.3817948546683	1413.798356843649
2.85656225E7	150.36597312671853	237.35491729467634
2.89249385E7	212.48030702779727	335.76755218779414
2.92842545E7	183.4910440948914	334.7574879371604
2.96435705E7	301.24364069509846	998.7969182710939
3.00028865E7	265.7669767001748	707.6659398693013
3.03622025E7	448.52831769250463	557.1057894518536
3.07215185E7	57.33803114807022	105.21852512499038
3.10808345E7	331.58196963118814	392.5806112899007
3.14401505E7	303.7729992541384	593.005409543838
3.17994665E7	121.69793719177548	239.87534404808062
3.21587825E7	123.7532172238364	254.1714585896219
3.25180985E7	285.9509456856917	562.5841857317599
3.28774145E7	149.15132084293492	327.8108464899991
3.32367305E7	341.89399024813815	1982.5092803502316
3.35960465E7	480.6315332465017	843.6699602649852
3.39553625E7	430.1666944973227	292.069810269282
3.43146785E7	160.78529483796993	325.34344445132837
3.46739945E7	103.48992251945363	164.30583932143148
3.50333105E7	273.35188524863906	374.04238338993105
3.53926265E7	784.7245321666722	5647.436519795622
3.57519425E7	1133.3072587917043	2172.094916104422
3.61112585E7	299.67654098342405	616.0910468378385
3.64705745E7	204.39792550289997	1126.1633885697743
3.68298905E7	212.44516525843548	288.0415852360196
3.71892065E7	133.7509267608456	356.5889949013772
3.75485225E7	647.1800114662303	913.6929300660858
3.79078385E7	531.4349875875274	3167.605534872163
3.82671545E7	130.52695677342507	376.92529958838344
3.86264705E7	116.02052789188346	150.7896643659051
3.89857865E7	98.60699774015073	215.58495237270958
3.93451025E7	202.30689421011033	288.77410057245254
3.97044185E7	503.01765020205056	596.7167571305791
4.00637345E7	292.9950155295061	2636.009463734773
4.04230505E7	199.23602066147905	725.4478952952122
4.07823665E7	559.7050507074553	1883.9854150519022
4.11416825E7	471.84324661300917	1922.2134425917213
4.15009985E7	636.7078588206481	2623.00237128329
4.18603145E7	254.7126540426811	453.52442799651584
4.22196305E7	342.31115230048204	551.7161700949428
4.25789465E7	153.91158757194225	184.66875366773112
4.29382625E7	867.592386645738	2365.2506401583923
4.32975785E7	52.79005388015006	380.4382053084453
4.36568945E7	146.52783343908982	1761.3941544478093
4.40162105E7	244.28142915984816	269.98114113423946
4.43755265E7	76.7403566776876	249.74307220870628
4.47348425E7	357.99832737757293	912.6941278824721
4.50941585E7	728.100240456868	1019.6696926278131
4.54534745E7	71.01725500673501	108.10705582244132
4.58127905E7	197.7413752796981	287.2788342987962
4.61721065E7	546.2621842612074	2309.7698384750147
4.65314225E7	325.3272829487137	1916.771640437498
4.68907385E7	347.42299814091217	1263.0866786744707
4.72500545E7	328.71708468312016	829.9775644945905
4.76093705E7	853.0193951841833	2868.238804016818
4.79686865E7	260.73709214173596	588.1586541748958
4.83280025E7	482.57208696523395	3389.613826413249
4.86541545E7	219.55156866492825	982.4816700472248
4.88338125E7	2.0270021710288266	2.684740356228932
4.90466345E7	308.42307884981466	531.1860438375585
4.94059505E7	165.39460530563628	177.4901492109866
4.97652665E7	188.68755357401284	380.6577890676234
5.01245825E7	216.15546482761692	353.8493273036182
5.04838985E7	453.34222244486745	1963.733309240702
5.08432145E7	103.80694708835676	225.86036359902425
5.12025305E7	209.0968645982923	242.01661141620554
5.15618465E7	302.1532021952821	2041.3116833387887
5.19211625E7	593.3710494383773	2135.871957189444
5.22804785E7	351.94963764485857	264.1940666722072
5.26397945E7	189.64849881441404	467.6066665606736
5.29991105E7	343.2704249184562	419.80611632337997
5.33584265E7	127.18656558572398	256.35503963655447
5.37177425E7	29.15403433189727	93.59831173495822
5.40770585E7	265.784671431275	577.7653457349388
5.44363745E7	319.2082707143573	567.8610558766566
5.47956905E7	66.516548108072	177.03663567601933
5.51550065E7	91.17437854145098	247.92405501902212
5.55143225E7	98.27142682207305	323.4663258807351
5.58736385E7	237.98170690979526	1437.0750492337213
5.62329545E7	253.51684867915708	462.3304260128698
5.65922705E7	117.44003328546461	152.76559166635792
5.69515865E7	318.0815410390854	478.18570102183753
5.73109025E7	377.30610938561045	1856.3709029430072
5.76702185E7	143.40034676997405	432.21738450095904
5.80295345E7	445.8213244052589	1146.4016809478628
5.83888505E7	664.366026004965	2432.28450347416
5.87481665E7	159.0112797648866	298.5357767375943
5.91074825E7	61.71421812554966	94.75428458682741
5.94667985E7	576.0434102572666	12932.978389499061
5.98261145E7	229.96987609791938	502.8217556010156
6.01854305E7	146.41481592804107	155.30783936963576
6.05447465E7	311.24875040354453	1773.6097218594
6.09040625E7	252.36429493816027	481.23008236198535
6.12633785E7	171.2992686103597	287.667164522166
6.16226945E7	130.4643878925514	211.24626109942216
6.19820105E7	427.91456823520247	2281.93410438115
6.23413265E7	77.68585590399537	141.93502024773855
6.27006425E7	197.35231940687305	483.56054920606016
6.30599585E7	69.33001035300404	98.95619916685119
6.34192745E7	158.554453461577	392.3408820696059
6.37785905E7	262.5463742221332	644.4288969994391
6.41379065E7	43.87665731556624	146.3624743777479
6.44972225E7	191.167273374968	341.9981602869684
6.48565385E7	230.90344432198955	290.4343083250848
6.52158545E7	209.54454574803236	426.8747335710976
6.55751705E7	357.77920827349743	465.2581019127223
6.59344865E7	175.15519765331908	216.87677324786236
6.62938025E7	238.58705707510939	448.5734210900962
6.66531185E7	81.67861436729787	206.97336905479034
6.70124345E7	29.394794554097228	82.4995057092012
6.73717505E7	119.83250119671821	374.31451939902433
6.77310665E7	268.81487604225805	1952.8593904426448
6.80903825E7	68.48119760879004	172.29275429351603
6.84496985E7	160.53958075899766	277.44089557842426
6.88090145E7	319.83425731111333	451.19749476818475
6.91683305E7	309.73804395017197	472.585482341184
6.95276465E7	118.7540354451235	190.8068310111345
6.98869625E7	105.27225060949137	203.07960249798535
7.02462785E7	243.0611467343508	424.8221516103376
7.06055945E7	257.914039452738	486.5471931491514
7.09649105E7	266.67267252223667	2236.6767891241143
7.13242265E7	16.95687918155607	19.597764221684283
7.16835425E7	220.11487103273998	582.2971515073704
7.20428585E7	471.57550456979374	3311.911155604281
7.24021745E7	979.8791954713956	241.3424809216991
7.27614905E7	170.10424250520433	392.8821608579458
7.31208065E7	15.180531899497934	41.31282571580927
7.34801225E7	39.366103930801856	79.93989517476618
7.38394385E7	83.36101092074942	381.11116404331125
7.41987545E7	55.55014249295884	30.842786604907953
7.45580705E7	225.97904908214497	34.26539139408801
7.49173865E7	119.27749947121754	25.908215351179592
7.52767025E7	13.39477228957241	11.51066726215307
7.56360185E7	18.698376916140667	4.006794302597845
7.59953345E7	598.5924116933285	2276.00712959029
7.63546505E7	226.7674637366552	46.47979369563127
7.67139665E7	206.64846541762682	213.67745301613405
7.690225E7	2.0635905164917974	1.7010500836736
7.7081908E7	2.6783710698259102	30.888102619432424
7.74325985E7	33.6971551503412	7.868156814707128
7.77919145E7	42.48813579133687	117.21542087998795
7.81512305E7	3.2735669995213126	3.062892976308362
7.85105465E7	4.132242928230304	20.62806075289534
7.88698625E7	19.042797982834053	17.345918710880632
7.92291785E7	27.619538233755247	70.97109980190001
7.95884945E7	31.67241648020127	120.44534394765732
7.99478105E7	51.072704805797684	58.46145699653186
8.03071265E7	394.6932338109074	101.70623190241653
8.06664425E7	383.6744091551726	381.98656505003567
8.10257585E7	70.34343029533892	134.9164908615529
8.13850745E7	313.30657972369727	815.2618870372738
8.17443905E7	200.0109318816863	400.61633028844216
8.21037065E7	287.37207360651905	335.1875011511995
8.24630225E7	649.4253887942647	2193.9522217934277
8.28223385E7	268.8890948357435	628.656011651032
8.31816545E7	139.73992251945364	219.26327474330813
8.35409705E7	48.421395095125185	229.55673911783225
8.39002865E7	356.76026116287613	2228.104373443368
8.42596025E7	56.74476227053624	114.08661402345865
8.46189185E7	46.32632000801523	192.33163048033674
8.49782345E7	207.15746863485066	260.09127573931477
8.53375505E7	135.1454791882354	508.6573351034491
8.56968665E7	315.1446887976043	510.54744583906563
8.60561825E7	330.3900271627203	448.4461650324922
8.64154985E7	397.28714835966116	1290.6778760249374
8.67748145E7	430.834070845718	2582.8049184261686
8.71341305E7	270.6894182279665	478.3191515905008
8.74934465E7	34.70113493415267	115.47937916109886
8.78527625E7	141.2487392712821	363.82616038082966
8.82120785E7	604.9080113326431	3241.5246150344105
8.85713945E7	1141.2755735898206	930.9496613988202
8.89307105E7	302.69935933829834	287.08088661683604
8.92900265E7	421.8696105934609	795.9126795095895
8.96493425E7	122.970137706086	316.4975449441102
9.00086585E7	354.7015217802714	464.9057883538183
9.03679745E7	137.25638156942637	455.8297360730371
9.07272905E7	484.85504959422906	749.8908629214441
9.10866065E7	234.50939562947377	589.9594654174971
9.14459225E7	121.82781451424373	735.2148263360233
9.18052385E7	318.268899798506	1311.507291401527
9.21645545E7	792.5139069788153	2250.3919132775072
9.25238705E7	54.14818989413219	299.95857863510554
9.28831865E7	359.57039486134767	2384.919514788556
9.32425025E7	265.5754795222033	361.9801762536806
9.36018185E7	175.93534660299014	345.45598108816347
9.39611345E7	166.79649946008527	319.2125296689007
9.43204505E7	79.49044573578688	180.62076110204328
9.46797665E7	89.91775484531722	157.84603184504894
9.50390825E7	840.2241675850784	1564.1112486077327
9.53983985E7	196.87977434904096	205.8492611930462
9.57577145E7	103.59537009206382	186.14085383226995
9.61170305E7	177.51899998886773	410.8021608325722
9.64763465E7	123.03619933429071	233.61599282654336
9.68356625E7	175.10158467755403	211.43364778862374
9.71949785E7	43.920045308308005	75.32173416839709
9.75542945E7	321.0613443320086	1415.9901423414271
9.79136105E7	472.5241514432978	1300.2005265673356
9.82729265E7	222.10700330628194	285.18069286012354
9.86322425E7	111.31361809660578	117.602317504522
9.89915585E7	181.35036569482017	259.81064695398373
9.93508745E7	327.8023856438344	560.5083476872522
9.97101905E7	147.8829581760901	167.12987325947745
1.000695065E8	159.4731211524118	194.3779879921511
1.004288225E8	202.06905064066171	2015.6873223501584
1.007881385E8	427.75199267497135	673.8382243444597
1.011474545E8	376.52191942468465	326.55460427412817
1.015067705E8	192.09314642264746	245.72001515885907
1.018660865E8	251.7720613610304	544.2068246348629
1.022254025E8	408.5490348328491	1941.560090444887
1.025847185E8	231.04364681784278	2329.0889462528385
1.029440345E8	115.60268120540137	422.5452394579971
1.033033505E8	120.2435655523272	152.87171832025388
1.036626665E8	229.45534292934354	650.085996251276
1.040219825E8	187.72467966914917	267.6180321799105
1.043812985E8	127.27277660889023	382.9255431091255
1.047406145E8	312.8892339890236	1841.4540363241638
1.050999305E8	51.41034910774917	156.6179031701916
1.054592465E8	108.06163377083125	260.34026725428527
1.058185625E8	158.7018501820125	146.28402548182345
1.061778785E8	287.4589859622171	1591.9672692684292
1.065371945E8	193.74380489596902	419.6925330175027
1.068965105E8	715.95123790758	3126.1398522570466
1.072558265E8	418.7848968595888	2174.7398731661256
1.076151425E8	152.09875151677076	316.15523328901196
1.079744585E8	339.2488839906934	1103.9020349281445
1.083337745E8	327.66239744403254	1619.0212319138145
1.086930905E8	419.68592826370104	976.1480128175613
1.089314775E8	401.64473258526453	787.6823922257582
1.091111355E8	473.11008112198067	2912.1051924032595
1.094117225E8	345.2073328212493	335.49268059864386
1.097710385E8	271.31489274065166	349.92123483356863
1.101303545E8	365.8720652573222	764.3839359671548
1.10324175E8	158.5686849073257	203.32135434644954
1.10503833E8	133.44290630258828	118.58344578484399
1.108489865E8	217.00905609547027	1298.5776072373492
1.112083025E8	156.4933345578822	378.240745112981
1.115676185E8	132.34108417103607	149.22699941877497
1.119269345E8	234.6347616026005	2226.1912248681983
1.122862505E8	218.03383372852866	256.9247306767078
1.126455665E8	136.11863930356566	207.03436573535913
1.130048825E8	273.3461799641541	234.7201632004753
1.133641985E8	40.10511360473789	64.81741353848663
1.137235145E8	109.1376365093678	276.37909549519867
1.140828305E8	178.94595008293535	271.15869522697346
1.144421465E8	395.76315276803706	655.492298327002
1.148014625E8	89.9022392545837	128.24562925119594
1.151607785E8	434.624762047891	725.0803503940805
1.155200945E8	125.02672299591445	315.0643069631675
1.158794105E8	210.20107370670942	1657.2844682098532
1.162387265E8	326.5461320954258	1751.8820382475171
1.165980425E8	252.0870765565686	460.36229816783333
1.169573585E8	548.4613181711919	2293.989984560924
1.173166745E8	119.67659664473611	141.11776617784346
1.176759905E8	49.045781429159845	116.51464182720561
1.180353065E8	28.392609847599328	90.82461486744998
1.183946225E8	472.45984314642266	2060.4858779460237
1.187539385E8	242.7401201171114	261.29513971873405
1.191132545E8	271.26682641463225	309.17539181428504
1.194725705E8	399.6228528648877	858.7276749569357
1.198318865E8	183.82931180353782	1561.6594740647672
1.201912025E8	66.83702089525654	212.69961135415065
1.205505185E8	180.10917131438623	181.0124691958709
1.209098345E8	139.5188246557348	217.623652443376
1.212691505E8	275.9986223825268	546.3290120006999
1.216284665E8	242.0704421734629	561.9565101589467
1.219877825E8	243.04604025426087	342.64888793501024
1.223470985E8	93.96011588685168	225.9883773482635
1.227064145E8	35.48378307673468	62.90814587810171
1.230657305E8	203.76878569281635	156.6722280745351
1.234250465E8	97.86643789867415	274.59145073451333
1.237843625E8	300.96443798773225	1380.219101445601
1.241436785E8	350.34690356121075	686.6885981325134
1.245029945E8	90.74711952710149	207.5865530934912
1.248623105E8	49.906959333845414	86.87871519200608
1.252216265E8	131.6934592392212	80.32210128478347
1.255809425E8	144.20122955838315	1469.6511563345566
1.259402585E8	268.22765754934375	504.7140395616329
1.262995745E8	281.00602533702926	427.22436736544086
1.266588905E8	371.0593961860869	810.7293964104786
1.270182065E8	235.51064800899488	1100.2374422465662
1.273775225E8	391.100443620657	1213.799245447994
1.277368385E8	81.19418840240903	231.15707333678904
1.280961545E8	199.12940698438143	222.3717109283319
1.284554705E8	60.611394983802555	119.34292153423426
1.288147865E8	148.16392813011387	520.2022337834874
1.291741025E8	163.3941739304679	268.5310261134648
1.295334185E8	102.69668481225439	195.10193804279734
1.298927345E8	447.67018724465373	1761.617611593802
1.302520505E8	126.17241648020128	293.52820480605436
1.306113665E8	108.0326258780572	212.29682647764278
1.309706825E8	23.74185396698171	45.62671364046317
1.313299985E8	94.41702289906378	197.06228533344034
1.316893145E8	208.94442217991963	240.9251226156967
1.320486305E8	47.737139453851206	144.5730881040403
1.324079465E8	5.779570072025738	6.006899427385289
1.327672625E8	64.07080953812243	146.48030028914195
1.331265785E8	14.575262443086308	28.97316089128341
1.334858945E8	27.797278718453953	76.93922626665842
1.337730805E8	7.159042295960122	6.297425157263755
1.339527385E8	4.2665603770969085	40.297441521159314
1.342045265E8	30.423064934486636	56.91979025018777
1.345638425E8	74.49717240534794	370.15839526819786
1.349231585E8	755.9667618475103	150.3025999177692
1.352824745E8	95.29300671275423	61.98487982573015
1.356417905E8	66.4441689209498	126.39209473061628
1.360011065E8	70.59555377439357	40.481108267608285
1.363604225E8	72.6764741898496	81.26376041339884
1.367197385E8	116.11014260428146	111.49022515809737
1.370790545E8	139.7973176813724	750.8204295156188
1.374033365E8	33.69474291957075	102.87425794657483
1.375577225E8	43361.76930956771	150002.86138409204
1.375927565E8	16.63687084520418	37.54664398896136
1.376371405E8	14.5313154039347	31.648663028544338
1.37699935E8	3.3992903336576434	8.144549130288528
1.37786751E8	4.373862543034996	38.516139228816556
1.37868371E8	7.11103893573071	16.07290942446727
1.37942101E8	2.675344389745627	13.249055626548982
1.37980213E8	12.168380686770089	22.67279820139834
1.38019627E8	0.7618174604260443	3.3672662748982236
1.38089538E8	1.8366276543135873	11.559708477294
1.38156123E8	32.016180255572785	178.70672263971292
1.382206275E8	0.4986255393958766	3.0881384374910716
1.38280805E8	1.4929306913558882	10.614518864716763
1.38323179E8	0.09995178578051404	0.4797961589205339
1.383484915E8	0.0	0.0
1.38384028E8	3.9846660057792493	9.564449089246997
1.384312265E8	0.3870301792023156	0.8389691517840546
1.384772795E8	4.641334219858156	5.642011313943518
1.38522045E8	6.942379140303078	13.780898906237379
1.385663025E8	22.746326863776527	126.47067899542972
1.38610046E8	3.8986008344282324	1.8955993546996055
1.38651258E8	2.425834379242335	2.362924524849556
1.386833775E8	1.6749742043019287	9.569680041325348
1.387019305E8	0.9279475982532751	2.433254109756513
1.38726341E8	0.0	0.0
1.387630385E8	3.1483197193136343	5.927949888447168
1.3879854E8	665.136004171374	934.2098858715082
1.3883298E8	0.8118396926569458	2.1706229397489145
1.388668195E8	0.03577430972388956	0.26352946535756616
1.389001375E8	19.58527434265818	8.07353420853597
1.389325255E8	33.21509853782581	203.31742615616275
1.38963047E8	0.3317107798397728	1.5330586209999835
1.38991991E8	1.8010245539657304	2.9369034496320605
1.390198715E8	0.09178321678321678	0.6287475062164672
1.39044446E8	4.537546674042318	19.640715614771363
1.390581695E8	0.36478971150503997	0.9382202366043917
1.39074104E8	0.14933946008041354	0.7857382801163058
1.391000815E8	1.9892801857585138	3.89905025349212
1.39125904E8	6.158108893625267	3.2169202441764044
1.391516555E8	1.1925052533271072	2.38055787621472
1.391772845E8	27.213810641627543	202.6966993245275
1.39202833E8	1.4482123976974586	2.196240384200877
1.39227853E8	0.02440517487654573	0.17588344877373932
1.392522945E8	8.918662838392125	11.8825586884481
1.392761035E8	0.0	0.0
1.392991635E8	0.5413425399877633	0.12664441478612976
1.393219065E8	0.2888426827110246	1.0323685470056592
1.39344169E8	26.847452214771224	155.2763042747389
1.393656665E8	0.0	0.0
1.39386585E8	14.975918701536386	33.37105220358791
1.394057875E8	0.08179344745493708	0.44642707337756976
1.394157655E8	0.2610198789974071	0.956260362414973
1.39426072E8	0.18022842778293896	0.6378501653900928
1.394433E8	0.06480163396670174	0.36774379891461934
1.394591395E8	0.11358072413348795	0.5386133752459321
1.39474609E8	0.0	0.0
1.394898515E8	0.2686487921422883	1.408523863618504
1.39504877E8	1.9810451845424815	5.777741768193861
1.39519712E8	0.22448423776128548	1.0079347485205286
1.39534307E8	0.0	0.0
1.39548658E8	0.5926473695330657	1.7518414647168368
1.395628065E8	0.3980706483189105	1.0818076747206082
1.395768695E8	0.23417450812660393	1.2024532949070614
1.395908865E8	0.0	0.0
1.396048595E8	0.042754662840746055	0.2924197764883424
1.39618797E8	0.14560459275206314	0.6436463224833636
1.396327175E8	0.20465985905364592	0.6503713439917034
1.39646447E8	0.0	0.0
1.39659998E8	6.008413905085246	34.23358435848304
1.39673523E8	0.0	0.0
1.39687001E8	0.5555555555555556	1.3358671576178272
1.39700456E8	0.1111111111111111	0.5169012665498435
1.397138915E8	0.0	0.0
1.397272965E8	0.0	0.0
1.39740652E8	0.20274836674926786	1.3532991124091407
1.397539385E8	0.0	0.0
1.397671835E8	0.0	0.0
1.397738625E8	0.0	0.0
1.39780441E8	1.8203023095219826	4.7455633348419815
1.397935115E8	0.04584986267927983	0.24950362684899505
1.39806605E8	0.0	0.0
1.398195725E8	10.049782202862477	20.093715175291436
1.398324245E8	0.0	0.0
1.39845262E8	0.14009511187339208	0.67226283529303
1.398580325E8	0.13850873053327042	0.615079757742407
1.3987073E8	0.01790079646715559	0.1337938581069983
1.398833975E8	0.0	0.0
1.398960405E8	4.915215326155795	5.596680346923208
1.399086725E8	0.0	0.0
1.399212565E8	0.6787651563497128	3.811624061132969
1.39933781E8	155.3802445456725	274.95138952682737
1.39946267E8	0.07223693715386467	0.4028552082394897
1.399587085E8	0.6277366387636832	2.8882519550906562
1.399711325E8	0.0	0.0
1.39983544E8	0.21598516009355592	0.7361923606438144
1.399959275E8	5.428848641655886	14.209353414219594
1.400082885E8	0.7420268738870002	3.367150781780198
1.40020559E8	0.0	0.0
1.400327265E8	0.1587915706289101	0.6600830113130989
1.400448715E8	0.02470762642068852	0.17967924714993197
1.4005699E8	0.0	0.0
1.400690545E8	0.04985873358816686	0.2610369116373418
1.40081085E8	0.07458219007233724	0.3080095389952739
1.400930995E8	0.42267955340776536	1.8141668794304076
1.40105101E8	0.023748020998250147	0.1899482209430947
1.40117094E8	0.3438464747601168	1.3198209762166901
1.401281635E8	0.0	0.0
1.40134155E8	0.0	0.0
1.401410485E8	4.982940291018565	24.048763667851325
1.40153003E8	0.17337461300309598	0.8344719301604789
1.40164882E8	0.025408655882103837	0.21464939474923977
1.40176667E8	0.4085692425401683	2.1019659007210203
1.4018842E8	267.88631525163925	679.6291350578268
1.40200076E8	1.295012533494684	4.767278331676894
1.402116215E8	0.0	0.0
1.402231315E8	0.02356931640285267	0.16044814609065336
1.402345955E8	0.05249343832020997	0.3539552788949019
1.402459205E8	0.23805704099821748	1.058830956599025
1.402571045E8	0.0	0.0
1.402682415E8	0.0	0.0
1.4027885E8	19.515806163908433	49.24372453324639
1.40288828E8	0.0912316269640142	0.34643942283591356
1.402984445E8	0.0	0.0
1.40307799E8	0.0	0.0
1.403166425E8	0.10759645339084592	0.6230649411740331
1.40324819E8	0.0	0.0
1.403326835E8	0.11007511007511007	0.37639492779943473
1.403402015E8	0.0	0.0
1.4034742E8	0.0	0.0
1.40354483E8	0.16735684706554335	0.509232201834129
1.403614525E8	5.827854671280277	7.766237594020802
1.403683705E8	12.430289855072465	10.628421017880939
1.403752505E8	3.7800291545189504	7.833070731491456
1.403821105E8	0.0	0.0
1.40388953E8	1.2373626373626374	1.8624494486342302
1.403957145E8	0.0	0.0
1.404023365E8	0.09165902841429881	0.3607711467790964
1.404088075E8	0.04690431519699812	0.21657404091210497
1.404151525E8	0.4726723863997458	1.0202898707722141
1.40421418E8	0.9616802950136284	2.3087761542530125
1.40427633E8	15.12142741805264	16.209123026988628
1.404337675E8	0.7006254114549045	1.6377399768374106
1.404398365E8	0.0	0.0
1.40445888E8	4.1191855653037575	11.976546909751432
1.404519085E8	0.0	0.0
1.404579005E8	0.5183823529411765	1.3761844679546316
1.404638765E8	2.353049597855228	9.173146422111737
1.404698365E8	0.049227150537634407	0.22187192372545564
1.4047577E8	0.5577345731191885	1.0870015059235043
1.40481673E8	30.84247156679681	132.43522804845574
1.404875345E8	0.0	0.0
1.404915035E8	0.0	0.0
1.404943895E8	0.08183306055646482	0.3432777406143738
1.404990715E8	0.1053001053001053	0.47544108577638305
1.405047025E8	539.5593098490294	666.2947706709369
1.40510262E8	0.0	0.0
1.405157995E8	2.4704710144927535	2.714227143314879
1.40521292E8	3.080146386093321	5.1120115802952055
1.40526756E8	83.91689547867472	155.06106453924036
1.40532181E8	0.0	0.0
1.40537566E8	53.64610811814973	43.47228848640923
1.405429375E8	0.11194029850746269	0.47316022340738384
1.405482795E8	0.11269722013523667	0.4655688134530761
1.40553603E8	0.0	0.0
1.405589225E8	0.4510910458991723	1.619459356691585
1.40564221E8	0.17023291043363	0.9717657771398145
1.405694775E8	0.11467889908256881	0.44326423319295066
1.40574688E8	0.0	0.0
1.405798735E8	0.8680046314164416	1.464490274395075
1.405850135E8	0.09964692036092586	0.4855705270704901
1.40590093E8	0.0	0.0
1.405951535E8	0.0	0.0
1.40600212E8	0.0	0.0
1.406052535E8	0.019299641862315958	0.1389231509227888
1.406102665E8	1.978	6.032942897127405
1.406152645E8	0.29943955164131303	0.7462207959988149
1.406202595E8	0.1802162595114137	0.49263701594111914
1.406252495E8	0.18050541516245489	0.4752181925447208
1.40630226E8	0.0	0.0
1.40635179E8	0.060741040696497266	0.24645697534559102
1.40640115E8	0.0	0.0
1.4064504E8	0.0	0.0
1.4064995E8	102.02427085457883	79.99604951494257
1.406548455E8	0.054009819967266774	0.3286634143535504
1.40659729E8	2.2863291658126665	4.644372811395723
1.40664601E8	0.12291880781089415	0.4137910361314438
1.406694435E8	0.0	0.0
1.40674261E8	0.06230529595015576	0.26494773089015533
1.40679061E8	1.528944618599791	2.7609381592732647
1.40683806E8	0.0	0.0
1.40688509E8	0.0	0.0
1.406931635E8	0.0	0.0
1.40697758E8	0.0	0.0
1.40702335E8	0.2624097966324076	0.6303428964203297
1.40706898E8	0.0	0.0
1.40711432E8	0.0	0.0
1.40715925E8	3.5039141131737868	3.993060408350617
1.40720393E8	0.8062709966405375	1.8124862435281333
1.407248515E8	0.0	0.0
1.407292955E8	0.3381424706943192	0.8176921050857512
1.407337135E8	0.0	0.0
1.40738111E8	0.0	0.0
1.40742499E8	0.0	0.0
1.407468785E8	0.0	0.0
1.40751256E8	0.0	0.0
1.407556295E8	0.2745995423340961	0.762988223859506
1.40759995E8	0.06833295115799129	0.3413019839612782
1.407643435E8	0.345479704797048	1.0068950483423702
1.407686665E8	3.4751740139211136	5.61378813007523
1.407729765E8	5.552204176334107	19.794723804267615
1.40777284E8	0.0	0.0
1.40781584E8	146.6710128055879	275.4402740826562
1.40785876E8	27.118442527395665	52.1654893965568
1.40790157E8	0.0	0.0
1.407944295E8	0.21067415730337077	0.6042917667202182
1.407986935E8	0.0	0.0
1.40802937E8	0.0	0.0
1.40807165E8	0.07100591715976332	0.27692307692307694
1.408113885E8	0.0	0.0
1.408156105E8	1.0518711511132164	1.6814675190223682
1.408198225E8	4.100666349357449	9.213476461179782
1.40824022E8	0.5492018108172504	1.183437444033655
1.408282145E8	1.6100764087870105	3.685103858631616
1.408324E8	0.0	0.0
1.408365825E8	0.0	0.0
1.40840755E8	0.0	0.0
1.408449115E8	0.07204819277108433	0.3311171306605375
1.40849054E8	0.0	0.0
1.40851497E8	0.3994673768308921	0.6320343161814017
1.408535395E8	0.0	0.0
1.40857247E8	0.0	0.0
1.408613235E8	0.0	0.0
1.40865389E8	17.90071446169007	38.851712071914484
1.408694335E8	0.0	0.0
1.40873455E8	0.0	0.0
1.408774675E8	0.0	0.0
1.408814765E8	0.29955067398901647	1.0214865871505154
1.40885475E8	0.6018541718867452	1.3657220407382522
1.408894625E8	0.22590361445783133	0.8232319499226776
1.408934395E8	0.5052896725440806	1.6183768339994848
1.408974065E8	0.30272452068617556	1.0388517296737854
1.409013685E8	3.0025252525252526	5.075192189225523
1.409053235E8	87.24025316455696	141.27356799011707
1.40909269E8	0.0	0.0
1.409132055E8	0.0	0.0
1.409171345E8	0.0	0.0
1.409210595E8	1.3690112130479104	2.0670464285590087
1.40924982E8	0.0	0.0
1.40928899E8	0.0	0.0
1.40932812E8	0.0	0.0
1.409367215E8	0.07680491551459294	0.3035883703594581
1.4094061E8	0.0	0.0
1.409444775E8	2.5287267080745344	4.684342449287265
1.409483385E8	98.40072576464489	83.14152524030699
1.409521765E8	0.0	0.0
1.40955989E8	4.8016811137378514	13.832576146831556
1.409597955E8	0.0	0.0
1.409636015E8	0.30057803468208094	0.7328347482622812
1.40967392E8	0.0	0.0
1.40971157E8	0.2396804260985353	0.5662500753226699
1.40974907E8	0.0	0.0
1.40978648E8	0.0	0.0
1.409823815E8	1.0238605898123325	2.7781221115148873
1.40986105E8	0.7250470809792844	2.6709509571190084
1.409898215E8	1.77502691065662	5.849613347788226
1.40993536E8	0.07918125504982494	0.28139163997856254
1.409972465E8	0.0	0.0
1.41000941E8	0.0	0.0
1.410046115E8	1.8461748633879782	3.9860754902795867
1.410082665E8	0.16493150684931507	0.4604940765314446
1.41011916E8	0.0	0.0
1.410155645E8	0.0	0.0
1.410192115E8	0.08228195282501372	0.28684830978238957
1.410228535E8	0.9747113798790544	3.1537476506674023
1.410264835E8	0.41054665930425177	0.8800193261268238
1.410301055E8	0.0	0.0
1.41033718E8	0.32611712461837356	0.673638263146738
1.41037321E8	0.0	0.0
1.410409235E8	0.08273181565796779	0.3130512905166978
1.41044521E8	0.0	0.0
1.410481085E8	0.0	0.0
1.410516865E8	0.0	0.0
1.41055252E8	0.11245431543435479	0.2904147664561258
1.410588075E8	19.33314575126618	17.44354185663624
1.41062361E8	0.33436532507739936	1.436134537302002
1.41065914E8	0.0	0.0
1.41069467E8	5.770053475935829	6.898891845570264
1.41073012E8	5.598812553011026	9.892738288815876
1.41076544E8	0.0	0.0
1.41080071E8	0.1865608165579813	0.5857198673182973
1.41083596E8	0.0	0.0
1.41087117E8	0.0	0.0
1.41090628E8	0.0	0.0
1.410941305E8	279.8426613363792	151.10011582674423
1.41097631E8	6.052300657330666	9.305921312667811
1.411011295E8	0.0	0.0
1.411046235E8	1.0306590257879655	1.5537181580367723
1.411081075E8	0.0	0.0
1.41111585E8	0.0	0.0
1.4111506E8	0.0	0.0
1.411185295E8	4.631275245239469	6.031414203939295
1.41121994E8	0.0	0.0
1.411254545E8	17.161943319838056	16.05413953417512
1.411289005E8	0.1700640652300524	0.5396346830471055
1.411323185E8	0.0	0.0
1.411357175E8	0.0	0.0
1.4113911E8	0.7966951903216288	1.60884248814704
1.411424975E8	0.0	0.0
1.41145878E8	1.7567407407407407	2.8541847120273016
1.411492525E8	338.58654416123295	409.14003962132534
1.41152626E8	0.5947227986955232	1.762171261287091
1.41155995E8	0.08915304606240713	0.3697314394201431
1.411593515E8	0.17921146953405018	0.7332355751067664
1.41162699E8	0.44816253361219	1.1656881237758923
1.41166043E8	0.5384615384615384	1.4945776482347157
1.4116937E8	0.0	0.0
1.411726805E8	0.0	0.0
1.411759855E8	0.0	0.0
1.41179286E8	0.09093664746892997	0.3266481282617089
1.411825805E8	0.0	0.0
1.411858675E8	0.730816077953715	2.53837777999229
1.41189148E8	0.0	0.0
1.41192424E8	0.183206106870229	0.6976514582883837
1.411956955E8	0.09179926560587515	0.36776475904123285
1.411989605E8	0.27590435315757206	0.8570406642534159
1.41202221E8	0.27615833077631174	1.0422201148126817
1.4120548E8	649.8695918993557	976.5361059305214
1.412087365E8	0.0	0.0
1.41210776E8	0.18181818181818182	0.4264014327112209
1.41212402E8	0.646477132262052	0.24860550508181417
1.412152325E8	0.0	0.0
1.41218463E8	0.37186241090796407	1.0641057471956208
1.41221688E8	0.26310890474713	0.8442097134806561
1.412249085E8	11.801118707271597	26.569602064848475
1.41228124E8	11.060690943043884	11.49200997145148
1.41231335E8	0.0	0.0
1.412345425E8	0.0	0.0
1.41237746E8	0.0	0.0
1.41240947E8	0.703842549203374	1.1242686539471105
1.41244146E8	0.0	0.0
1.412473425E8	1.0143929912390488	2.501188703629527
1.41250538E8	687.9205007824726	324.89996149049597
1.412537305E8	157.7771159874608	267.96687146105756
1.412569125E8	0.0	0.0
1.41260086E8	0.0	0.0
1.41263258E8	0.0946073793755913	0.3075831259604325
1.412664245E8	0.0	0.0
1.41269585E8	0.09211775878442545	0.36636005483027945
1.41272743E8	0.0	0.0
1.412758995E8	0.0	0.0
1.412790545E8	3.2666455294863663	3.2634774937072955
1.412822035E8	0.0	0.0
1.4128534E8	76.41482901885587	146.33725063570714
1.41288466E8	0.0	0.0
1.41291589E8	0.0	0.0
1.412947105E8	0.0	0.0
1.412978215E8	4.175370728562218	4.161163354666172
1.413009225E8	0.0	0.0
1.413040225E8	0.7296774193548388	1.4004607536738205
1.41307117E8	0.07575267076723859	0.3607481165935158
1.41310204E8	2.852512155591572	4.35555123724046
1.413132865E8	0.0	0.0
1.413163665E8	0.2922077922077922	0.811444119112067
1.41319445E8	0.5804354891127722	1.1004179783186137
1.413225215E8	0.0	0.0
1.41325596E8	0.0	0.0
1.41328669E8	0.7250244061178002	1.7398302897214475
1.41331738E8	0.0	0.0
1.413348E8	0.0	0.0
1.413378585E8	54.52256376716809	86.70105302975438
1.413409105E8	0.6024294156270519	1.5686312730889538
1.413439555E8	0.0	0.0
1.41346999E8	0.0	0.0
1.41350033E8	0.0	0.0
1.413530575E8	0.0	0.0
1.41356076E8	0.0	0.0
1.413590875E8	0.0	0.0
1.41362097E8	0.0	0.0
1.413651025E8	0.0	0.0
1.41368103E8	0.10003334444814939	0.3715454418216514
1.41371102E8	2.1000333444481494	6.86792468385861
1.413740995E8	0.5003337783711616	1.5042219178379694
1.41377093E8	0.9027081243731193	2.347452149626133
1.413800805E8	2.2644101876675604	2.880960425946756
1.413830635E8	0.1006036217303823	0.3171807398477756
1.413860455E8	0.8048289738430584	1.4933341716966124
1.41389022E8	1.3776506226859644	4.151214475590171
1.413919895E8	0.0	0.0
1.4139495E8	0.0	0.0
1.413979065E8	0.0	0.0
1.41400857E8	0.0	0.0
1.41403801E8	0.0	0.0
1.41406741E8	0.30643513789581206	0.8837811483324194
1.41409678E8	0.0	0.0
1.414126105E8	0.0	0.0
1.41415538E8	53.21865391185514	97.49389440643083
1.414184645E8	0.0	0.0
1.414213895E8	0.603625170998632	1.092975957296616
1.414243125E8	103.52087611225188	75.91783807684111
1.414272345E8	9.107460643394935	20.87125228155074
1.41430155E8	0.0	0.0
1.414330725E8	0.3058984910836763	0.7821745215534399
1.414359875E8	5.249142072752231	5.480983534721933
1.414389E8	2.665063552043971	8.792661128953828
1.414418105E8	0.0	0.0
1.41444718E8	8.700860585197935	19.641800941718127
1.414476225E8	7.868112947658402	16.935880131031634
1.41450526E8	0.0	0.0
1.41453427E8	500.9265263884098	502.42294513542197
1.41456323E8	0.0	0.0
1.41459214E8	0.10384215991692627	0.3866945956182654
1.414621005E8	4.297156726768377	6.476432255283888
1.414649835E8	706.4378903539209	979.6871673503348
1.414678655E8	0.41603053435114506	0.7687061147858074
1.414707475E8	0.2081887578070784	0.47854742041702225
1.41473629E8	0.41617493925720234	1.0346311638753503
1.41476508E8	0.0	0.0
1.414793845E8	2.60778859527121	3.796547000075599
1.41482258E8	0.1044932079414838	0.4533247279286503
1.414851235E8	0.0	0.0
1.414879835E8	0.1048951048951049	0.32387513781564786
1.414908425E8	0.0	0.0
1.41493699E8	1.1537653239929948	1.4735258595776775
1.41496551E8	430.1031941031941	703.0811210870783
1.414993995E8	0.04073033707865169	0.28418027195126006
1.415022465E8	0.10716795502459592	0.3576294246015409
1.415050915E8	0.0	0.0
1.41507934E8	0.0	0.0
1.415107725E8	0.10613540197461213	0.32524266735120466
1.415136075E8	0.0	0.0
1.41516441E8	0.0	0.0
1.415192725E8	0.0	0.0
1.41522102E8	0.0	0.0
1.415249305E8	1.4568599717114568	3.043008542560965
1.41527757E8	0.5292035398230088	1.1014069843308345
1.41530581E8	0.0	0.0
1.415334035E8	0.0	0.0
1.415362255E8	0.0	0.0
1.415390465E8	0.0	0.0
1.41541866E8	0.0	0.0
1.41544683E8	26.015985790408525	34.61347595351223
1.415474975E8	0.0	0.0
1.4155031E8	0.21344717182497333	0.7656815473458445
1.415531175E8	0.21398002853067047	0.6541865613579516
1.41555919E8	3.9971418363701323	5.74359857719307
1.415587165E8	0.0	0.0
1.41561512E8	0.0	0.0
1.41564307E8	0.5366726296958855	1.583456512171767
1.415671015E8	0.29241231209735147	0.853012682836226
1.415695015E8	43.96011964107677	57.74219010779437
1.41570898E8	28.59466327827192	15.344166844851596
1.41572688E8	0.0	0.0
1.4157548E8	0.0	0.0
1.415782705E8	4.510752688172043	6.457692476008387
1.415810595E8	0.10724533715925394	0.3895146521961225
1.41583847E8	3.764621456763545	11.008053939045594
1.415866325E8	0.0	0.0
1.41589416E8	262.94143011139056	249.44605607306372
1.41592198E8	0.0	0.0
1.41594971E8	0.21699819168173598	0.8068423483216581
1.415977345E8	0.9102099927588704	1.5843413715051147
1.41600491E8	0.0	0.0
1.416032415E8	0.0	0.0
1.41605989E8	0.6520947176684881	1.0495900839195724
1.416087335E8	0.0	0.0
1.416114735E8	0.0	0.0
1.41614208E8	0.0	0.0
1.416169385E8	206.41348973607037	189.5003414213995
1.41619657E8	455.49169435215947	143.6299912333446
1.416223655E8	0.0	0.0
1.41625071E8	1.3237143914169442	1.6560520294013563
1.416277715E8	0.17346182357301704	0.5890022471485437
1.41630469E8	0.6670374490174268	1.4354224197684446
1.416331645E8	300.57757980697846	478.9826631632792
1.41635856E8	0.0	0.0
1.416385445E8	1.193452380952381	1.5779592381119536
1.416412325E8	0.0	0.0
1.416439195E8	4.551005212211467	7.323500255618428
1.41646598E8	9.050917259453389	5.559049610506313
1.416492685E8	0.0	0.0
1.41651938E8	1.8782315473960285	2.9257067880798324
1.416546065E8	0.0	0.0
1.41657273E8	283.4983114446529	263.46581138946084
1.416599375E8	0.0	0.0
1.41662593E8	21.68492633169626	11.676326797420764
1.416652385E8	0.0	0.0
1.416678815E8	127.39099167297502	178.22991003953993
1.41670523E8	0.0	0.0
1.41673163E8	0.0	0.0
1.41675801E8	0.0	0.0
1.416784375E8	5.677921092564492	11.450145946018722
1.41681073E8	0.0	0.0
1.41683705E8	0.11411182959300115	0.3378044250642687
1.416863335E8	1.4288432267884323	2.058042840869792
1.416889605E8	0.0	0.0
1.416915825E8	0.0	0.0
1.416942E8	0.0	0.0
1.416968145E8	0.0	0.0
1.41699426E8	0.0	0.0
1.41702034E8	0.1474088291746641	0.5429711395178645
1.41704638E8	0.36496350364963503	1.086712962740575
1.41707241E8	1.003073376872839	1.6119988045855993
1.41709838E8	0.0	0.0
1.417124275E8	0.4416537867078825	1.2371440911706253
1.417150135E8	0.0	0.0
1.41717597E8	0.11614401858304298	0.3407990882954985
1.41720177E8	0.0	0.0
1.41722754E8	0.0	0.0
1.417253305E8	0.5213509316770186	1.191487665543734
1.41727906E8	1.3615533980582524	1.6474752675781064
1.41730481E8	0.0	0.0
1.41733056E8	0.5770873786407767	1.2670583621932667
1.417356305E8	2.6790986790986793	3.272640938168853
1.417382025E8	0.0	0.0
1.4174077E8	0.11695906432748537	0.3651483716701107
1.41743333E8	0.0	0.0
1.41745892E8	0.0	0.0
1.417484485E8	0.0	0.0
1.41751004E8	8.285714285714286	13.820756391771924
1.41753556E8	0.7061592781482935	1.9380357938719182
1.41756104E8	478.4409108755398	625.6015099989107
1.41758648E8	1.4163715072805982	3.107923630907447
1.41761189E8	0.9397874852420307	1.532540903665835
1.417637275E8	0.0	0.0
1.4176626E8	0.0	0.0
1.41768789E8	0.0	0.0
1.417713145E8	0.0	0.0
1.41773836E8	12.892106307021024	27.977231917251675
1.41776357E8	0.0	0.0
1.417788775E8	0.0	0.0
1.417813975E8	0.7611111111111111	1.6879592261682002
1.41783916E8	16.916567342073897	33.24237689714667
1.417864325E8	0.0	0.0
1.41788946E8	3.703305455993628	6.875000452554201
1.41791457E8	0.0	0.0
1.417939675E8	0.0	0.0
1.417964765E8	0.9573365231259968	1.9838864439900605
1.41798983E8	0.0	0.0
1.418014855E8	0.0	0.0
1.41803981E8	26.640706543556803	14.96292755860452
1.4180647E8	0.12062726176115803	0.34731435582359393
1.41808953E8	0.12061315046389673	0.3472940403518274
1.41811431E8	127.66895438029874	169.12580449852982
1.418139075E8	4.666397415185783	5.642950625417937
1.41816383E8	0.0	0.0
1.41818857E8	0.0	0.0
1.418213285E8	0.0	0.0
1.418237955E8	0.7301136363636364	2.1185444341529682
1.41826259E8	7.302476654486399	12.177883749599419
1.418287215E8	0.12185215272136475	0.34907327700837365
1.41831178E8	1.1403508771929824	1.8298713650326077
1.41833627E8	0.6093175316714344	1.154051515261516
1.418360715E8	0.0	0.0
1.41838512E8	0.0	0.0
1.418409505E8	7.4245283018867925	7.077242873747621
1.418433885E8	0.0	0.0
1.418458265E8	34.87776866283839	54.31185963305488
1.41848263E8	0.0	0.0
1.418506975E8	0.0	0.0
1.418531305E8	0.24671052631578946	0.8940593410189045
1.41855562E8	0.0	0.0
1.41857992E8	1.3639357760395225	2.629127154099791
1.418604205E8	1.7302306425041185	2.1549338048904514
1.41862847E8	0.0	0.0
1.41865272E8	0.0	0.0
1.41867695E8	0.0	0.0
1.41870116E8	3.21396117306898	3.419759382440187
1.418725365E8	0.0	0.0
1.41874956E8	0.0	0.0
1.41877374E8	0.0	0.0
1.41879789E8	0.12722751761292997	0.4122050113777005
1.418822015E8	0.12396351575456054	0.35208452927466233
1.418846075E8	0.0	0.0
1.418870045E8	0.0	0.0
1.418893965E8	13.375732217573221	17.435535780405225
1.418917865E8	0.0	0.0
1.41894176E8	0.25115110925073253	0.7087328258952488
1.41896563E8	0.1010482180293501	0.3493029897042855
1.41898948E8	0.0	0.0
1.41901333E8	21.867085953878405	15.829211644923772
1.419037175E8	661.7541946308725	818.4660755721133
1.41906101E8	21.99244649601343	34.15041031303853
1.41908484E8	216.07889215274864	229.07780326701953
1.419108665E8	0.2518891687657431	0.7097734409876761
1.41913248E8	0.0	0.0
1.41915629E8	709.0512389752205	519.1253034079414
1.41918009E8	32.46448087431694	81.11632600063905
1.41920388E8	1.2404371584699454	1.851121242079881
1.419227665E8	0.0	0.0
1.41925143E8	0.12631578947368421	0.35481648332920673
1.419275165E8	0.0	0.0
1.419292615E8	11.825581395348838	17.202700832174234
1.41930446E8	0.2390087929656275	0.5112640093827923
1.419322555E8	0.0	0.0
1.419346225E8	0.0	0.0
1.41936987E8	0.12695725772323319	0.38375828194183703
1.41939347E8	0.0	0.0
1.41941703E8	0.12696390658174098	0.38496146441825685
1.419440575E8	0.0	0.0
1.41946411E8	0.0	0.0
1.419487635E8	0.0	0.0
1.419511115E8	0.0	0.0
1.419534545E8	0.12809564474807855	0.35790451903835824
1.419557965E8	9.20922288642186	9.441740094945173
1.41958135E8	0.0	0.0
1.419604675E8	1.8012875536480686	3.42102813148253
1.419627965E8	0.0	0.0
1.419651245E8	142.95103092783506	59.102087112308716
1.419674515E8	465.2424763542562	400.89215854877796
1.41969777E8	0.0	0.0
1.419721005E8	0.0	0.0
1.419744205E8	0.0	0.0
1.41976738E8	0.0	0.0
1.419790505E8	9.219237435008665	16.77070359685153
1.41981358E8	0.0	0.0
1.419836635E8	63.631076388888886	47.171520473162616
1.41985967E8	12.436387320885801	28.315035001234705
1.41988266E8	2.48322440087146	4.509153121556014
1.4199056E8	0.0	0.0
1.41992852E8	0.2618943692710607	0.5375470095062108
1.41995142E8	0.0	0.0
1.4199743E8	0.0	0.0
1.419997165E8	0.0	0.0
1.420020015E8	1.8384413309982486	2.3492182997680255
1.42004285E8	0.13096802452912834	0.40528700429148845
1.420065675E8	0.0	0.0
1.42008845E8	0.0	0.0
1.420111165E8	9.311013215859031	4.823538102242849
1.42013386E8	0.0	0.0
1.420156535E8	0.0	0.0
1.42017916E8	0.0	0.0
1.42020175E8	0.8260292164674635	0.6959059432815929
1.42022431E8	0.0	0.0
1.420246815E8	0.0	0.0
1.42026929E8	0.0	0.0
1.42029171E8	0.0	0.0
1.420314065E8	0.0	0.0
1.420336395E8	0.267921146953405	0.7368926330804048
1.420358715E8	63.59453405017921	57.37695264947853
1.420381015E8	0.0	0.0
1.42040329E8	0.1293219577907499	0.3778796039224923
1.42042554E8	0.0	0.0
1.42044776E8	0.0	0.0
1.420469965E8	0.0	0.0
1.42049215E8	0.0	0.0
1.420514315E8	0.0	0.0
1.420536445E8	0.0	0.0
1.42055854E8	0.0	0.0
1.42058062E8	0.27186225645672857	0.71554681863605
1.420602685E8	74.44333635539438	53.05642406136613
1.42062474E8	0.1360544217687075	0.4714045207910317
1.42064677E8	0.0	0.0
1.420668775E8	0.0	0.0
1.420690765E8	0.0	0.0
1.420712745E8	0.0	0.0
1.420734715E8	0.0	0.0
1.420756655E8	0.0	0.0
1.420778565E8	62.18721461187214	91.00419479518312
1.42080046E8	0.0	0.0
1.42082235E8	0.0	0.0
1.42084423E8	0.0	0.0
1.42086609E8	0.0	0.0
1.4208879E8	0.2756086357372531	0.9032173391727315
1.420909665E8	0.6750919117647058	1.7782643967379772
1.42093141E8	0.0	0.0
1.420953105E8	0.0	0.0
1.42097474E8	0.0	0.0
1.42099635E8	0.0	0.0
1.42101794E8	0.6954102920723226	1.394738108161162
1.42103946E8	0.0	0.0
1.42106089E8	0.0	0.0
1.421082245E8	0.0	0.0
1.42110355E8	0.0	0.0
1.421124825E8	0.0	0.0
1.421146075E8	0.9905838041431262	1.9822660091605886
1.421167315E8	2.656779661016949	4.0968156298623875
1.42118853E8	16.280792826805097	23.55287846531476
1.42120971E8	0.7085498346717053	1.0359617831992691
1.421230865E8	0.0	0.0
1.421252E8	0.14197823000473261	0.46759648652153946
1.42127313E8	0.0	0.0
1.42129426E8	0.0	0.0
1.421315385E8	0.0	0.0
1.42133649E8	0.0	0.0
1.421357575E8	0.1418406072106262	0.39144068062940635
1.42137864E8	0.2840855106888361	0.6091152417007877
1.42139969E8	0.6850356294536817	1.5720238253167222
1.42142073E8	0.0	0.0
1.421441755E8	0.0	0.0
1.421462745E8	0.10782442748091603	0.3283663007693025
1.421483705E8	0.1431297709923664	0.4302493507453485
1.421504655E8	0.0	0.0
1.421525595E8	0.0	0.0
1.421546525E8	2.6720841300191203	3.667984582664105
1.421567435E8	9.569377990430622	15.549088805438917
1.42158833E8	0.0	0.0
1.421609215E8	0.0	0.0
1.42163009E8	1.8548155246765692	5.3423747431738775
1.42165096E8	0.0	0.0
1.421671825E8	0.05800575263662512	0.33990016017622526
1.421692675E8	0.0	0.0
1.4217135E8	7.213839500240269	16.951651291224675
1.4217343E8	0.0	0.0
1.42175509E8	0.0	0.0
1.421775875E8	0.0	0.0
1.421796645E8	0.8526011560693642	1.7456248639679934
1.421817365E8	0.0	0.0
1.421838025E8	54.39631782945737	109.11765128385703
1.42185866E8	0.3179835191468735	0.38133881561254357
1.42187929E8	81.39214735821619	110.30876113145227
1.421899915E8	0.0	0.0
1.421920525E8	0.0	0.0
1.421941125E8	0.0	0.0
1.421961725E8	1.2825242718446601	2.2319393804622587
1.42198232E8	0.6833414278776105	1.0662831186741633
1.422002865E8	0.5858536585365853	1.4291392599709252
1.422023345E8	0.0	0.0
1.422043795E8	0.0	0.0
1.42206423E8	0.582476749877631	1.0610350601762188
1.42208462E8	0.14742014742014742	0.3839533141153328
1.42210496E8	0.5887850467289719	1.2394165836318327
1.42212529E8	0.0	0.0
1.422145605E8	0.0	0.0
1.42216589E8	20.07054760730143	31.71688865804802
1.42218613E8	0.0	0.0
1.422206335E8	0.0	0.0
1.42222652E8	0.0	0.0
1.422246675E8	0.0	0.0
1.422266795E8	0.0	0.0
1.42228689E8	0.0	0.0
1.422306975E8	0.896414342629482	1.6675960224298643
1.422327045E8	0.0	0.0
1.422347105E8	0.0	0.0
1.42236716E8	0.4428927680798005	1.1356828611444556
1.42238721E8	1.3476309226932668	1.5406382069739897
1.422407225E8	0.0	0.0
1.422427205E8	1.1361361361361362	2.2900314941599045
1.422447185E8	0.45045045045045046	1.1791481630356682
1.42246715E8	0.0	0.0
1.42248709E8	0.0	0.0
1.422507005E8	0.0	0.0
1.422526905E8	42.09145728643216	20.359914799754595
1.422546795E8	0.3023138832997988	0.5557455521299957
1.422566665E8	0.0	0.0
1.422586525E8	0.1510574018126888	0.41254253038399497
1.422606355E8	0.0	0.0
1.422626145E8	0.15166835187057634	0.4194464067909851
1.422645915E8	0.3026315789473684	0.656638476689286
1.422665675E8	0.30364372469635625	0.6581780766379275
1.42268543E8	0.9113924050632911	1.898967074324115
1.422705175E8	0.303951367781155	0.8866909672074337
1.422724895E8	0.0	0.0
1.422744575E8	0.6103763987792472	1.6871243600598098
1.422764235E8	0.1525940996948118	0.45555238511607427
1.422783895E8	0.0	0.0
1.422803545E8	0.0	0.0
1.42282318E8	0.0	0.0
1.422842805E8	0.0	0.0
1.422862425E8	3.9714576962283386	8.53523010265094
1.4228818E8	0.15682174594877157	0.5233691968937297
1.42289161E8	0.0	0.0
1.42290166E8	0.15196328403875572	0.45501343486225815
1.42292127E8	0.0	0.0
1.42294088E8	0.0	0.0
1.422960465E8	0.0	0.0
1.422980025E8	19.143149284253578	34.34432587541064
1.42299954E8	0.0	0.0
1.42301901E8	0.923472008217771	1.501582797856547
1.42303848E8	0.613251155624037	1.1810870481491187
1.423057945E8	0.0	0.0
1.4230774E8	0.0	0.0
1.423096845E8	0.0	0.0
1.42311628E8	0.0	0.0
1.42313569E8	0.0	0.0
1.423155065E8	0.6167355371900827	1.2034729358976115
1.423174425E8	0.0	0.0
1.42319378E8	0.0	0.0
1.42321312E8	0.3103983445421624	0.7879065230624283
1.42323245E8	0.0	0.0
1.42325177E8	0.15535991714137753	0.5037405396937163
1.42327107E8	2.6365992742353552	4.505626918011867
1.423290355E8	0.0	0.0
1.423309635E8	2.482883817427386	4.372383627863824
1.42332891E8	0.0	0.0
1.423348175E8	10.468328141225337	11.249183655624291
1.423367435E8	0.0	0.0
1.423386685E8	0.43555093555093555	1.0629852444590329
1.423405905E8	0.0	0.0
1.42342509E8	0.1564945226917058	0.3955938860646178
1.423444255E8	0.0	0.0
1.423463415E8	0.0	0.0
1.42348253E8	0.3177766124803356	0.797873418944776
1.423501595E8	0.0	0.0
1.42352065E8	0.15538057742782152	0.5112898618539641
1.423539695E8	0.0	0.0
1.42355873E8	0.0	0.0
1.42357776E8	0.5023646873357857	0.5982106792891233
1.42359679E8	0.37992643194955333	1.0031479616165444
1.423615815E8	0.15772870662460567	0.494980057803902
1.42363483E8	0.6286165176223041	1.2042795860637114
1.423653835E8	0.0	0.0
1.423672835E8	0.0	0.0
1.42369183E8	0.0	0.0
1.4237108E8	0.0	0.0
1.42372975E8	0.0	0.0
1.42374869E8	0.0	0.0
1.42376761E8	0.0	0.0
1.423786515E8	0.0	0.0
1.423805415E8	45.883068783068786	29.739352725456225
1.423824305E8	0.8363347457627118	1.9892454493166796
1.423843155E8	0.9548352816153028	2.5549227347727905
1.423861925E8	0.0	0.0
1.423880645E8	0.0	0.0
1.42389936E8	0.0	0.0
1.423918065E8	0.6058823529411764	1.428884610437989
1.423936765E8	0.0	0.0
1.42395546E8	0.29320492241840557	0.7657740168201133
1.42397415E8	0.0	0.0
1.42399284E8	0.32102728731942215	0.9813673430261812
1.424011525E8	0.15792291220556745	0.4209451992999855
1.42403019E8	0.0	0.0
1.42404883E8	1332.0155662909285	1432.0194545453833
1.42406746E8	0.0	0.0
1.424086055E8	0.0	0.0
1.424104605E8	1.279935275080906	1.6311755114282043
1.42412313E8	0.0	0.0
1.42414163E8	0.0	0.0
1.42416009E8	0.0	0.0
1.42417852E8	0.0	0.0
1.42419695E8	0.0	0.0
1.42421538E8	0.44546934346174716	1.1649148411305748
1.424233805E8	0.0	0.0
1.42425222E8	0.0	0.0
1.42427063E8	0.0	0.0
1.424288995E8	0.0	0.0
1.424307315E8	0.0	0.0
1.424325625E8	0.0	0.0
1.42434392E8	0.0	0.0
1.42436221E8	0.0	0.0
1.424380485E8	0.5032858707557503	1.726825906350543
1.42439871E8	0.1319406267179769	0.4642230322155098
1.424416895E8	0.0	0.0
1.424435075E8	0.0	0.0
1.42445323E8	0.16767788196359626	0.45175395145262565
1.42447136E8	0.0	0.0
1.424489455E8	0.0	0.0
1.4245075E8	0.0	0.0
1.424525525E8	0.0	0.0
1.42454354E8	1.0	1.2221352865059756
1.424561545E8	0.0	0.0
1.424579545E8	0.7816666666666666	1.9968030003538713
1.424597535E8	0.0	0.0
1.42461551E8	0.0	0.0
1.42463346E8	0.0	0.0
1.424651385E8	0.0	0.0
1.42466928E8	0.0	0.0
1.424687145E8	0.0	0.0
1.424705E8	0.0	0.0
1.42472285E8	0.16806722689075632	0.49873790290925285
1.424740655E8	0.0	0.0
1.42475841E8	0.0	0.0
1.42477616E8	4.163380281690141	3.1628120844732686
1.42479391E8	0.0	0.0
1.424811635E8	0.0	0.0
1.42482933E8	1.295647258338044	2.3415291201882704
1.424847005E8	98.34824462061155	110.14940692522867
1.42486464E8	0.0	0.0
1.424882225E8	2.6583143507972666	4.563834758108211
1.424899775E8	16.394526795895096	9.041050432911248
1.4249173E8	0.8549400342661336	1.7653625277457692
1.42493479E8	0.0	0.0
1.42495226E8	0.0	0.0
1.42496973E8	0.0	0.0
1.42498718E8	0.0	0.0
1.4250046E8	0.0	0.0
1.425021995E8	0.549482163406214	0.7131834335543926
1.42503937E8	0.0	0.0
1.425056725E8	0.11764705882352941	0.3429971702850177
1.42507406E8	0.5147143681477208	1.14902301760226
1.425091385E8	0.17263279445727484	0.5203702714409597
1.425108685E8	0.5196759259259259	1.3272430350444768
1.425125945E8	0.0	0.0
1.425143185E8	1.2180974477958237	1.3898037718908194
1.4251604E8	3.096567771960442	3.7270140983885436
1.42517759E8	23.5456660849331	27.64432748956291
1.425194765E8	0.5209790209790209	1.3155870289605438
1.425211925E8	0.0	0.0
1.42522908E8	0.0	0.0
1.425246225E8	0.0	0.0
1.42526336E8	0.0	0.0
1.425280485E8	1.8504672897196262	2.6955094190221973
1.425297595E8	2.2760233918128656	3.424541630659052
1.425314695E8	1.5777777777777777	3.505884777082019
1.42533179E8	0.0	0.0
1.425348875E8	0.0	0.0
1.425365935E8	0.0	0.0
1.42538297E8	0.35231943628890194	0.9914490542867225
1.4254E8	0.5278919553728714	1.0815269430204475
1.425416995E8	0.0	0.0
1.425433925E8	10.21715976331361	11.451570265184664
1.425450825E8	2.1242603550295858	1.648560426338671
1.42546771E8	0.0	0.0
1.42548457E8	0.7454005934718101	1.1769295666044652
1.42550141E8	0.1776589423648247	0.5773502691896257
1.42551824E8	53.18300653594771	63.252706911796565
1.42553507E8	4.632798573975045	5.608170340603219
1.425551885E8	0.0	0.0
1.42556868E8	0.1786777843954735	0.4856487160510414
1.425585465E8	0.0	0.0
1.42560223E8	0.3582089552238806	0.9037236402299366
1.42561894E8	1.6184763047390522	2.738667548281828
1.42563556E8	0.0	0.0
1.425652095E8	0.4678787878787879	0.9496410805236797
1.42566857E8	0.0	0.0
1.42568501E8	0.0	0.0
1.42570144E8	0.0	0.0
1.42571786E8	0.5478366849482024	0.9734438510461448
1.42573425E8	0.0	0.0
1.42575062E8	0.0	0.0
1.42576699E8	297.885155772755	350.9130406893422
1.425783355E8	0.0	0.0
1.425799685E8	0.0	0.0
1.42581598E8	0.0	0.0
1.42583225E8	0.36923076923076925	0.7797435475847171
1.4258485E8	0.0	0.0
1.42586474E8	0.0	0.0
1.425880965E8	0.0	0.0
1.42589717E8	82.86658431130327	120.75751741037894
1.425913335E8	2.2304832713754648	4.525023362506183
1.42592946E8	6.514587212911235	5.518885807720541
1.425945565E8	4.07639751552795	7.384851037408981
1.425961665E8	3.9118012422360247	3.8522398098762016
1.425977755E8	2.4098258706467663	2.612517704479513
1.42599378E8	0.5635566687539136	1.3002576691801286
1.42600974E8	0.0	0.0
1.426025685E8	1.1223337515683813	1.183056883018189
1.426041585E8	0.0	0.0
1.426057445E8	0.0	0.0
1.426073305E8	0.0	0.0
1.42608914E8	0.0	0.0
1.42610493E8	0.0	0.0
1.4261207E8	0.0	0.0
1.42613646E8	0.0	0.0
1.4261522E8	0.0	0.0
1.42616792E8	0.0	0.0
1.42618361E8	0.0	0.0
1.426199275E8	11.04661558109834	12.937639011537152
1.426214905E8	0.0	0.0
1.426230505E8	0.0	0.0
1.426246095E8	0.0	0.0
1.426261665E8	0.0	0.0
1.426277225E8	0.0	0.0
1.42629278E8	0.0	0.0
1.42630832E8	0.1931745009658725	0.528638923460329
1.426323845E8	0.9652061855670103	2.026245321547414
1.426339355E8	0.0	0.0
1.426354855E8	0.0	0.0
1.42637035E8	0.0	0.0
1.426385825E8	0.0	0.0
1.426401275E8	0.0	0.0
1.42641671E8	4.490602721970188	6.884144481092198
1.42643213E8	0.0	0.0
1.426447535E8	0.0	0.0
1.426462925E8	0.0	0.0
1.42647757E8	0.0	0.0
1.42648524E8	0.0	0.0
1.42649362E8	1.1969993476842793	1.8341189089618346
1.42650895E8	0.0	0.0
1.426524275E8	0.783289817232376	1.5127827832664076
1.42653958E8	0.0	0.0
1.42655486E8	2.583497053045187	5.83280472859881
1.42657012E8	0.0	0.0
1.42658537E8	0.0	0.0
1.42660062E8	46.13704918032787	56.09081044514728
1.42661585E8	0.0	0.0
1.426631055E8	0.0	0.0
1.42664625E8	0.0	0.0
1.426661435E8	0.0	0.0
1.426676605E8	0.19656992084432717	0.4433620651841192
1.426691735E8	0.0	0.0
1.42670683E8	0.0	0.0
1.426721915E8	0.0	0.0
1.426736975E8	34.03257978723404	57.78710123504151
1.426752015E8	0.36768617021276595	0.7169119652770811
1.426767045E8	0.0	0.0
1.426782025E8	0.0	0.0
1.426796955E8	0.0	0.0
1.426811875E8	9.57171581769437	5.982604362632174
1.426826785E8	0.4483221476510067	0.5507773640029032
1.42684168E8	0.0	0.0
1.426856565E8	0.0	0.0
1.42687144E8	0.0	0.0
1.42688631E8	3.473436449226631	9.033413279643188
1.42690117E8	1.612794612794613	2.2310934040908683
1.426916015E8	0.0	0.0
1.426930845E8	0.0	0.0
1.426945645E8	0.0	0.0
1.426960415E8	0.0	0.0
1.42697517E8	0.9383050847457627	1.5587913614318551
1.42698991E8	0.0	0.0
1.42700463E8	0.0	0.0
1.427019325E8	0.4087193460490463	0.8103553228792917
1.427034E8	0.0	0.0
1.427048665E8	0.4092769440654843	0.9047396797593044
1.427063315E8	0.0	0.0
1.427077945E8	0.2051983584131327	0.5098214595881922
1.42709256E8	0.0	0.0
1.42710717E8	0.0	0.0
1.42712177E8	0.0	0.0
1.427136355E8	46.46844993141289	48.917135498766314
1.427150925E8	0.20192307692307693	0.6354889093022426
1.42716547E8	0.0	0.0
1.427179995E8	0.0	0.0
1.427194515E8	0.0	0.0
1.42720903E8	0.20606478290833907	0.45394359000688517
1.427223515E8	0.0	0.0
1.427237975E8	0.0	0.0
1.42725243E8	0.0	0.0
1.42726687E8	11.015939015939017	12.79041025904152
1.42728129E8	0.0	0.0
1.427295695E8	1748.2395833333333	1777.7187840038143
1.427310075E8	0.0	0.0
1.427324415E8	0.0	0.0
1.427338735E8	0.0	0.0
1.427353055E8	0.0	0.0
1.427367365E8	0.0	0.0
1.42738166E8	0.6277116864940517	1.522171113420052
1.42739595E8	39.18544436668999	37.128500405177945
1.42741022E8	0.0	0.0
1.427424465E8	0.0	0.0
1.427438705E8	0.0	0.0
1.427452945E8	0.0	0.0
1.42746718E8	0.0	0.0
1.427481405E8	1.0253164556962024	1.388115114979011
1.42749562E8	0.0	0.0
1.42750982E8	0.0	0.0
1.427523995E8	0.4018361581920904	0.8147648789126865
1.427538155E8	0.0	0.0
1.427552315E8	1.0861581920903955	1.534444451262834
1.42756647E8	0.6212014134275619	1.2729865276768026
1.427580605E8	0.0	0.0
1.427594725E8	0.0	0.0
1.42760884E8	0.0	0.0
1.427622945E8	0.0	0.0
1.427637035E8	0.0	0.0
1.427651115E8	0.42613636363636365	0.6969902829634388
1.42766519E8	0.0	0.0
1.427679255E8	0.0	0.0
1.427693305E8	0.0	0.0
1.427707335E8	0.0	0.0
1.42772132E8	0.0	0.0
1.427735265E8	0.0	0.0
1.4277492E8	12.383345297918162	10.460879847257155
1.42776312E8	0.11502516175413371	0.44705281404752095
1.42777703E8	0.0	0.0
1.42779094E8	0.43134435657800146	0.9851521721543851
1.427804825E8	0.8658008658008658	2.1996326598738793
1.427818685E8	0.0	0.0
1.42783254E8	0.0	0.0
1.427846385E8	0.4234104046242775	0.7873640813066036
1.42786022E8	17.60159074475777	11.71136978378624
1.427874045E8	2.3632416787264834	2.1418576678143455
1.42788786E8	0.0	0.0
1.42790167E8	0.0	0.0
1.427915475E8	0.0	0.0
1.427929275E8	2.1731884057971014	3.9857536155735933
1.42794307E8	5.960116026105874	10.412312118584532
1.427956855E8	0.872278664731495	1.3186173873506721
1.42797063E8	0.0	0.0
1.4279844E8	7.648511256354394	7.338035727424909
1.42799817E8	0.0	0.0
1.42801194E8	0.3253449527959332	1.032514258272821
1.428025705E8	0.0	0.0
1.42803946E8	0.0	0.0
1.428053205E8	0.4017467248908297	0.7318895407467165
1.428066945E8	0.0	0.0
1.42808068E8	0.0	0.0
1.4280944E8	0.0	0.0
1.4281081E8	0.0	0.0
1.428121785E8	0.0	0.0
1.428135455E8	0.4011713030746706	0.7498169615592022
1.42814909E8	0.0	0.0
1.428162695E8	8281.2125	6275.4681499845565
1.428176275E8	10.11283185840708	8.60879532409462
1.428189835E8	6.458702064896755	8.014735691249586
1.42820339E8	0.0	0.0
1.42821694E8	0.0	0.0
1.428230475E8	0.0	0.0
1.42824399E8	0.0	0.0
1.42825748E8	0.22271714922049	0.4719291781830087
1.42827095E8	10.242761692650333	6.074274254662953
1.428284415E8	0.0	0.0
1.428297865E8	0.0	0.0
1.4283113E8	1.7967237527922562	5.051337341261188
1.42832472E8	44.99478001491424	75.33156142122358
1.428338125E8	5.134328358208955	4.564872364206095
1.428351525E8	0.0	0.0
1.428364925E8	0.0	0.0
1.42837832E8	1.1157580283793875	1.2852933863022453
1.42839171E8	0.0	0.0
1.42840509E8	0.0	0.0
1.42841846E8	0.38593866866118176	1.2424792451565245
1.428431825E8	0.0	0.0
1.428445175E8	0.6544227886056971	1.3844824318848907
1.42845851E8	0.0	0.0
1.42847184E8	76.97449362340585	63.77459956665719
1.42848517E8	0.0	0.0
1.428498495E8	1.3513513513513513	1.4451950001949871
1.428511805E8	3.6406015037593984	5.526355173508069
1.428525105E8	0.22556390977443608	0.5231483637805969
1.428538395E8	0.0	0.0
1.42855167E8	0.0	0.0
1.428564935E8	0.0	0.0
1.428578195E8	0.0	0.0
1.42859144E8	0.0	0.0
1.42860467E8	0.0	0.0
1.428617895E8	1.5703479576399395	1.7984696806265965
1.428631085E8	0.0	0.0
1.42864424E8	0.0	0.0
1.42865739E8	0.0	0.0
1.42867054E8	1.1406844106463878	2.0619677559593335
1.42868369E8	0.0	0.0
1.428696825E8	0.0	0.0
1.42870994E8	0.0	0.0
1.42872305E8	0.2288329519450801	0.5646597025732799
1.428736155E8	0.0	0.0
1.428749255E8	11.425954198473283	14.83990905509056
1.42876235E8	0.6852559205500381	1.2492931538525278
1.428775435E8	0.0	0.0
1.428788505E8	0.0	0.0
1.428801555E8	22.756901840490798	26.489247152834043
1.428814595E8	0.23006134969325154	0.5224998899227876
1.428827635E8	0.45858895705521474	1.108389646000883
1.428840675E8	0.6901840490797546	1.2409179266226662
1.42885371E8	0.0	0.0
1.42886674E8	0.0	0.0
1.428879765E8	0.0	0.0
1.42889278E8	0.0	0.0
1.42890579E8	1.3020753266717908	1.4328419752564758
1.42891879E8	7.05927636643572	10.761927876032711
1.42893177E8	0.6792598303777949	1.3097699421901996
1.42894474E8	0.2305319969159599	0.5615541821234109
1.42895771E8	0.2289899768696993	0.6398486713920641
1.428970675E8	0.0	0.0
1.42898363E8	0.0	0.0
1.428996575E8	0.0	0.0
1.429009515E8	0.0	0.0
1.429022455E8	0.6955177743431221	1.5542731643928547
1.42903539E8	0.6852281515854601	1.5287904726803088
1.42904831E8	0.0	0.0
1.429061215E8	0.0	0.0
1.42907411E8	0.46547711404189296	0.9648596934703957
1.42908699E8	154.17637917637919	90.97494467951358
1.429099855E8	0.0	0.0
1.42911271E8	0.0	0.0
1.429125555E8	0.0	0.0
1.429138395E8	14.679906542056075	8.184543977804175
1.42915123E8	0.0	0.0
1.42916406E8	43.10833982852689	41.71025208033191
1.429176885E8	6.66380655226209	8.5475635378567
1.4291897E8	0.0	0.0
1.429202505E8	0.0	0.0
1.429215305E8	0.2171875	0.6590713163232034
1.4292281E8	0.0	0.0
1.429240885E8	0.4694835680751174	0.8907453227757911
1.429253665E8	0.704225352112676	1.2011991921482164
1.429266445E8	0.0	0.0
1.42927922E8	1554.0454189506656	887.2695659684342
1.42929199E8	273.90211433046204	457.37984844493116
1.42930476E8	0.46985121378230227	1.0500400857471122
1.429317525E8	0.0	0.0
1.42933028E8	0.0	0.0
1.42934303E8	0.0	0.0
1.429355775E8	0.0	0.0
1.429368515E8	0.0	0.0
1.429381245E8	0.7075471698113207	1.461777155667097
1.42939396E8	0.0	0.0
1.42940667E8	0.0	0.0
1.42941938E8	0.0	0.0
1.42943209E8	0.6412273800157356	1.7729056193630721
1.4294448E8	3.6396538158929976	3.376341997958064
1.429457505E8	141.90866141732283	146.2792766308801
1.429470205E8	2.1228346456692915	5.063533359102135
1.429482905E8	4.811811023622047	6.637521594193561
1.4294956E8	1.3782505910165486	2.747876893743213
1.429508285E8	0.0	0.0
1.429520965E8	1.6506309148264984	2.794908620256411
1.429533635E8	12.253554502369669	12.796345005415816
1.42954629E8	0.0	0.0
1.429558935E8	4.1511075949367084	5.75151328463137
1.42957157E8	0.0	0.0
1.4295842E8	0.0	0.0
1.42959683E8	4.216943784639747	4.890972827761389
1.429609455E8	0.0	0.0
1.429622075E8	0.9968304278922345	1.5828918949784883
1.429634695E8	0.0	0.0
1.42964731E8	0.0	0.0
1.42965992E8	37.36558287073751	19.96400408633993
1.429672525E8	185.16825396825396	148.47305618427342
1.429685125E8	0.0	0.0
1.429697725E8	5.192063492063492	9.764895012398986
1.429710325E8	5.237301587301587	5.060506907290035
1.42972292E8	133.054805401112	270.0723184412735
1.429735505E8	0.0	0.0
1.429748085E8	6.1891891891891895	13.746107990870048
1.429760665E8	28.197138314785374	52.924699785419556
1.42977324E8	0.0	0.0
1.42978579E8	0.0	0.0
1.42979832E8	16.880287310454907	15.726589538598718
1.429810845E8	0.0	0.0
1.42982336E8	0.47961630695443647	0.8096144882006475
1.42983587E8	0.442845723421263	0.9646012831691687
1.42984838E8	0.0	0.0
1.42986089E8	0.23980815347721823	0.6484316687953501
1.429873395E8	4.9304	7.070106081240931
1.42988589E8	0.0	0.0
1.429898375E8	0.0	0.0
1.42991085E8	5.857257417802726	6.509692976350824
1.429923315E8	0.0	0.0
1.429935775E8	0.3812199036918138	0.8322357673109546
1.429948225E8	0.0	0.0
1.42996066E8	263.8576025744167	276.5767246786145
1.429973085E8	6.472624798711755	11.23784009138254
1.4299855E8	0.0	0.0
1.42999791E8	0.9669621273166801	1.4722794465504472
1.43001032E8	0.7244157937147462	1.4637714691095773
1.430022725E8	1.2096774193548387	2.7371400190474304
1.430035125E8	0.0	0.0
1.430047525E8	137.33870967741936	128.95706649889337
1.43005992E8	4.599677158999193	9.669310261659769
1.4300719E8	0.0	0.0
1.43007809E8	0.0	0.0
1.430084685E8	0.0	0.0
1.430097065E8	0.0	0.0
1.430109445E8	0.7294022617124394	1.4767995785323997
1.43012182E8	0.0	0.0
1.430134185E8	0.0	0.0
1.43014654E8	0.0	0.0
1.43015889E8	0.957085020242915	1.6395911408981634
1.430171235E8	0.0	0.0
1.430183575E8	42.29416531604538	38.81830258889879
1.430195915E8	0.0	0.0
1.43020825E8	0.0	0.0
1.43022058E8	0.0	0.0
1.430232905E8	1.2175324675324675	2.449158350000388
1.43024522E8	5.60357432981316	5.6682592814624
1.43025753E8	0.974817221770918	1.9767125142346225
1.43026984E8	0.0	0.0
1.43028215E8	0.0	0.0
1.430294455E8	7.023577235772358	4.702619923653352
1.43030675E8	1.6737184703010577	2.0326865187037013
1.43031904E8	0.24410089503661514	0.4940656788693333
1.430331325E8	0.0	0.0
1.4303436E8	0.16788916055419723	0.48447789052326007
1.43035587E8	1045.759576202119	1137.0336716637496
1.43036814E8	0.0	0.0
1.43038041E8	0.0	0.0
1.430392675E8	2.472267536704731	1.9710382653295062
1.430404935E8	0.0	0.0
1.430417195E8	0.24469820554649266	0.5797000968465073
1.43042945E8	4.591836734693878	5.966915587860537
1.4304417E8	0.0	0.0
1.43045395E8	0.0	0.0
1.4304662E8	0.7346938775510204	1.4354121928091965
1.43047845E8	0.0	0.0
1.4304907E8	0.9567346938775511	1.8276783533393688
1.430502945E8	69.140522875817	96.53024941585711
1.430515185E8	4.026960784313726	3.3272002401281013
1.430527425E8	0.0	0.0
1.430539665E8	2.9199346405228757	3.6879950094248346
1.4305519E8	0.0	0.0
1.43056413E8	0.0	0.0
1.43057636E8	0.0	0.0
1.430588585E8	110.43453355155482	80.27096602699329
1.430600805E8	0.4909983633387889	1.0802497135084963
1.43061302E8	0.0	0.0
1.430625225E8	0.2442622950819672	0.505705156111773
1.430637425E8	0.4918032786885246	1.0826500577476472
1.43064962E8	0.0	0.0
1.43066181E8	0.0	0.0
1.430674E8	0.0	0.0
1.430686185E8	9.489326765188833	11.101709213217756
1.430698365E8	0.0	0.0
1.430710525E8	0.9884678747940692	2.092585168000989
1.43072266E8	0.0	0.0
1.430734785E8	0.0	0.0
1.430746905E8	0.49504950495049505	1.0467614680322808
1.43075902E8	0.0	0.0
1.43077113E8	0.0	0.0
1.430783235E8	0.0	0.0
1.43079533E8	0.0	0.0
1.43080742E8	1.5930521091811414	2.0649102704826543
1.43081951E8	0.0	0.0
1.430831595E8	0.0	0.0
1.430843675E8	0.24172185430463577	0.6130479708550844
1.430855755E8	0.9933774834437086	1.7600233291650704
1.430867835E8	0.0	0.0
1.43087991E8	0.5053852526926264	0.9970960320351538
1.430891975E8	0.7072968490878938	1.193889917173421
1.43090403E8	4.730290456431535	6.068488775354002
1.43091608E8	0.0	0.0
1.43092813E8	4.4215767634854775	4.397283205009912
1.43094017E8	0.0	0.0
1.4309522E8	0.0	0.0
1.43096423E8	0.0	0.0
1.430976255E8	1.9700499168053245	3.0950016061003467
1.430988275E8	0.24958402662229617	0.49958385344434036
1.43100029E8	0.2497918401332223	0.5367431933618874
1.431012295E8	0.0	0.0
1.431024295E8	0.75	1.4508618128546908
1.431036295E8	0.49666666666666665	1.011599393699568
1.43104829E8	0.5004170141784821	0.7214109056187198
1.43106028E8	0.6889074228523769	1.4560563462321214
1.431072265E8	0.0	0.0
1.431084245E8	3.2913188647746243	4.737870022903035
1.43109622E8	0.0	0.0
1.43110819E8	0.0	0.0
1.43112015E8	0.0	0.0
1.4311321E8	0.0	0.0
1.43114405E8	4.972384937238494	7.064437426336765
1.431156E8	0.0	0.0
1.43116795E8	78.94309623430962	93.4022255206886
1.431179895E8	0.9179229480737019	1.971318632902558
1.43119183E8	1.7585917854149204	3.013938004792224
1.43120376E8	0.2514668901927913	0.5369810990662527
1.43121569E8	0.2514668901927913	0.5014647447157091
1.43122762E8	0.732606873428332	1.2533275073729278
1.431239545E8	0.0	0.0
1.431251465E8	46.15771812080537	41.036538392284946
1.431263385E8	2.2651006711409396	3.0471683411536126
1.4312753E8	0.0	0.0
1.43128721E8	0.0	0.0
1.431299115E8	1.0050420168067227	1.7378630749362536
1.431311015E8	0.0	0.0
1.431322915E8	0.0	0.0
1.43133481E8	0.2523128679562658	0.5300078549650398
1.4313467E8	0.0	0.0
1.43135859E8	0.0	0.0
1.43137048E8	0.0	0.0
1.43138237E8	0.0	0.0
1.43139426E8	1.2010092514718251	1.5646967316604727
1.431406145E8	0.0	0.0
1.431418015E8	0.0	0.0
1.431429875E8	0.0	0.0
1.431441735E8	13.005059021922428	13.187965283944404
1.431453595E8	0.0	0.0
1.431465455E8	0.0	0.0
1.43147731E8	0.0	0.0
1.43148916E8	0.1881856540084388	0.4338037044660163
1.43150101E8	2.6126582278481014	2.8302167023531046
1.43151286E8	0.0	0.0
1.431524705E8	0.5067567567567568	1.0067340828210365
1.431536545E8	0.0	0.0
1.431548385E8	0.0	0.0
1.431560225E8	0.0	0.0
1.431572055E8	0.5076142131979695	0.9786208742750361
1.431583875E8	123.48984771573605	67.58334454757983
1.43159569E8	0.0	0.0
1.4316075E8	46.98899237933954	61.085814348738964
1.43161931E8	0.0	0.0
1.43163111E8	0.49279050042408823	1.1761699461193387
1.4316429E8	0.5080576759966073	1.025129545590083
1.43165469E8	1.0178117048346056	2.456577951795651
1.431666475E8	0.0	0.0
1.431678255E8	0.0	0.0
1.431690035E8	0.0	0.0
1.431701815E8	0.0	0.0
1.431713595E8	0.7640067911714771	1.530671146782525
1.431725375E8	0.0	0.0
1.43173715E8	0.0	0.0
1.431748915E8	12304.365646258504	15823.406062783104
1.43176067E8	0.0	0.0
1.43177242E8	0.7659574468085106	1.5315129496330147
1.431784165E8	0.0	0.0
1.431795905E8	0.0	0.0
1.43180764E8	0.0	0.0
1.43181937E8	0.2557544757033248	0.5399630564231134
1.4318311E8	1.7894288150042625	3.171564839225546
1.43184282E8	0.0	0.0
1.43185453E8	7.099914602903501	10.98084661190845
1.43186624E8	1.2809564474807857	1.5965911594665565
1.43187795E8	0.0	0.0
1.431889655E8	0.5128205128205128	1.0954451150103321
1.43190135E8	0.7604790419161677	1.0876867409946214
1.43191304E8	0.2566295979469632	0.6367690042363886
1.431924725E8	0.0	0.0
1.4319364E8	0.0	0.0
1.43194807E8	0.0	0.0
1.43195974E8	0.49014567266495285	1.1108254417115804
1.431971405E8	0.0	0.0
1.431983065E8	488.311320754717	336.29192910036454
1.431994725E8	582.3919382504288	619.2886453371866
1.432006385E8	0.0	0.0
1.43201804E8	0.0	0.0
1.43202969E8	0.0	0.0
1.432041335E8	0.0	0.0
1.43205297E8	0.0	0.0
1.4320646E8	459.74720550300947	363.7717800992273
1.43207623E8	0.0	0.0
1.43208786E8	1.7987962166809974	3.2195394425041712
1.43209949E8	0.0	0.0
1.43211112E8	34.61994840928633	53.90618741974261
1.432122745E8	83.02323580034424	64.95622118978639
1.432134365E8	0.6583476764199656	1.3983023885080799
1.432145985E8	111.07142857142857	163.00202737828758
1.4321576E8	0.0	0.0
1.43216921E8	0.0	0.0
1.43218082E8	0.0	0.0
1.432192425E8	0.0	0.0
1.432204025E8	3.25	4.323751563886031
1.432215625E8	0.0	0.0
1.43222722E8	0.0	0.0
1.43223881E8	0.0	0.0
1.4322504E8	3.288179465056083	5.067107892932565
1.43226199E8	0.25798101811906815	0.5657769326619418
1.43227358E8	16.823123382226058	13.688699734869138
1.432285165E8	0.0	0.0
1.432296745E8	212.69257340241796	254.01481604483942
1.432308325E8	0.48100172711571676	0.9334505231140533
1.4323199E8	1.8738115816767502	3.835534172117319
1.43233147E8	4.407087294727744	6.5144610097222175
1.432343035E8	0.0	0.0
1.432354595E8	1.8235294117647058	3.3694125862634556
1.43236615E8	0.0	0.0
1.4323777E8	2.9913419913419914	3.0898521238379915
1.43238925E8	0.0	0.0
1.4324008E8	60.54025974025974	96.53203940679298
1.432412345E8	0.2582322357019064	0.6354626857311706
1.432423885E8	0.779896013864818	1.4905828015874243
1.432435425E8	1.220103986135182	2.1779579579393005
1.432446965E8	13.376083188908146	6.623182854679197
1.4324585E8	0.0	0.0
1.43247003E8	0.5203816131830009	0.8494679728789629
1.43248156E8	0.0	0.0
1.432493085E8	0.5190972222222222	1.0383279828647594
1.432504605E8	0.0	0.0
1.432516125E8	0.0	0.0
1.432527645E8	0.4505208333333333	1.0675939979432465
1.43253916E8	2.5212858384013903	3.420691370563832
1.432550665E8	0.5217391304347826	1.2201211629071569
1.432562165E8	0.2608695652173913	0.7040256912308268
1.432573655E8	0.0	0.0
1.432585135E8	0.764808362369338	1.7669044171975448
1.432596615E8	0.0	0.0
1.432608095E8	22.408536585365855	24.654423382721706
1.432619575E8	0.0	0.0
1.432631055E8	0.0	0.0
1.43264253E8	2.3705318221447254	1.8744368523675352
1.432654E8	340.9006102877071	202.8670008954398
1.43266547E8	0.5231037489102005	1.0472698761772856
1.432676935E8	0.456369982547993	0.7432065802604336
1.432688395E8	0.0	0.0
1.432699855E8	0.0	0.0
1.43271131E8	0.7799126637554585	1.1517975319409017
1.432722755E8	25.17395104895105	15.198080252342507
1.432734195E8	4.861013986013986	6.473182980736595
1.432745635E8	282.95454545454544	142.56878783848262
1.432757075E8	11.785839160839162	15.21928869072889
1.432768515E8	2.36013986013986	4.609203319962707
1.43277995E8	0.0	0.0
1.43279138E8	0.0	0.0
1.432802805E8	0.0	0.0
1.432814225E8	0.8021015761821366	1.264495635385481
1.432825645E8	356.59632224168126	636.3400507945291
1.43283706E8	56.164767747589835	67.6029030279687
1.43284847E8	100.87992988606486	90.64292223580449
1.432859875E8	17.86754385964912	9.651742865973855
1.432871275E8	0.0	0.0
1.432882675E8	1.4789473684210526	1.8194851787770832
1.432894075E8	0.256140350877193	0.5061031030108322
1.43290547E8	9.13169446883231	6.6329848595860526
1.43291686E8	0.0	0.0
1.43292825E8	0.0	0.0
1.43293964E8	0.5267778753292361	1.191129048796453
1.43295103E8	0.0	0.0
1.432962415E8	0.0	0.0
1.43297379E8	0.2638522427440633	0.5781114432435557
1.432985155E8	11.671654929577464	17.401457968705373
1.432996515E8	0.5026408450704225	1.1136951564088131
1.433007875E8	626.9154929577464	501.47380413376965
1.433019235E8	1.5598591549295775	2.421659889356536
1.43303059E8	0.0	0.0
1.43304194E8	0.0	0.0
1.43305329E8	8.930396475770925	6.754407926067099
1.433064635E8	0.26455026455026454	0.5571405960248966
1.433075975E8	53.89241622574956	44.33168234981305
1.433087315E8	0.0	0.0
1.433098655E8	0.0	0.0
1.43310999E8	0.264783759929391	0.6245916583090929
1.43312132E8	0.0	0.0
1.43313265E8	0.0	0.0
1.433143975E8	9861.166077738515	10976.277702817288
1.433155295E8	0.26413427561837455	0.6422960140085779
1.433166615E8	0.0	0.0
1.433177935E8	0.0	0.0
1.43318925E8	0.0	0.0
1.43320056E8	1451.2404951370468	2306.6508414435957
1.43321187E8	0.0	0.0
1.433223175E8	0.18230088495575222	0.5220788941160291
1.433234475E8	1.0619469026548674	1.5679308274429766
1.433245775E8	1.0619469026548674	1.7644473175142368
1.43325707E8	0.0	0.0
1.43326836E8	0.0	0.0
1.43327965E8	10.37466784765279	14.3486882276035
1.43329094E8	0.7971656333038086	1.5146172931568718
1.43330222E8	1.8633540372670807	2.99911255729459
1.43331349E8	0.0	0.0
1.433324755E8	121.52930728241563	143.9434002887194
1.433336015E8	0.0	0.0
1.433347275E8	0.0	0.0
1.433358535E8	0.0	0.0
1.433369795E8	14.758436944937833	28.098485133278626
1.43338105E8	0.0	0.0
1.4333923E8	0.0	0.0
1.433403545E8	0.0	0.0
1.433414785E8	0.0	0.0
1.43342602E8	0.0	0.0
1.43343725E8	0.0	0.0
1.43344848E8	0.0	0.0
1.43345971E8	2.130899376669635	3.158473881061294
1.43347094E8	0.5066785396260017	1.0870401454533536
1.433482165E8	447.3636363636364	275.7640819196825
1.43349338E8	0.0	0.0
1.433504585E8	0.0	0.0
1.43351578E8	1.0384271671134941	1.8415810901310183
1.43352697E8	3.941912421805183	5.956049935242248
1.433538155E8	3.152057245080501	3.5711525576961693
1.433549335E8	0.0	0.0
1.433560515E8	0.5339892665474061	0.8631804567380186
1.433571695E8	0.5366726296958855	0.7844645405527362
1.43358287E8	0.0	0.0
1.43359404E8	0.0	0.0
1.43360521E8	1.2309758281110117	2.0293283813859837
1.43361638E8	0.4637421665174575	1.1680620039710476
1.43362755E8	17.346463742166517	11.978569344675948
1.43363872E8	9.543419874664279	6.8782089442754
1.433649885E8	0.0	0.0
1.433661045E8	13.128136200716845	22.28752725108243
1.433668735E8	126.31042654028435	63.84676932004183
1.433674315E8	4.550432276657061	5.068692400540482
1.433683365E8	0.5376344086021505	1.0438418150117503
1.433694525E8	4.772401433691757	4.468126867725802
1.433705685E8	0.0	0.0
1.43371684E8	0.0	0.0
1.43372799E8	0.26905829596412556	0.5791597439123423
1.43373914E8	0.0	0.0
1.433750285E8	0.5385996409335727	1.0378821136656828
1.433761425E8	0.0	0.0
1.433772565E8	0.0	0.0
1.433783705E8	0.0	0.0
1.433794845E8	0.0	0.0
1.433805985E8	0.0	0.0
1.433817115E8	0.0	0.0
1.433828235E8	0.0	0.0
1.433839355E8	0.0	0.0
1.433850475E8	294.33093525179856	456.6839096632634
1.43386159E8	10.751575157515752	8.145669720380232
1.433872695E8	0.0	0.0
1.433883795E8	0.0	0.0
1.433894895E8	2.3513513513513513	2.4505928681454625
1.433905995E8	0.0	0.0
1.43391709E8	0.0	0.0
1.43392818E8	0.0	0.0
1.43393927E8	2.9422903516681695	4.648026234970479
1.43395036E8	0.20829576194770064	0.5312591165079978
1.433961445E8	7.57942238267148	4.843023192821752
1.433972525E8	0.0	0.0
1.4339836E8	0.0	0.0
1.43399467E8	2.4372177055103883	2.1447189399841293
1.43400574E8	0.5420054200542005	1.346815307474658
1.434016805E8	108.874321880651	86.24637739070488
1.434027865E8	1.3562386980108498	2.258197844415054
1.43403892E8	0.0	0.0
1.43404997E8	0.0	0.0
1.43406102E8	0.0	0.0
1.43407207E8	0.0	0.0
1.43408312E8	0.0	0.0
1.43409417E8	0.0	0.0
1.43410521E8	0.815049864007253	1.7626630310457563
1.43411624E8	0.0	0.0
1.43412727E8	0.271985494106981	0.5215222853406947
1.434138295E8	0.0	0.0
1.434149315E8	0.0	0.0
1.434160335E8	0.27223230490018147	0.661352077091286
1.43417135E8	6.985467756584923	6.603263443307839
1.43418236E8	0.0	0.0
1.43419337E8	1.9246139872842871	3.3405009223696385
1.434204375E8	2.1872727272727275	3.189613826725167
1.434215375E8	0.0	0.0
1.43422637E8	0.0	0.0
1.43423736E8	2.4158325750682437	3.3931097554539655
1.434248345E8	7.3096539162112935	10.838859456462192
1.434259325E8	0.0	0.0
1.434270305E8	0.0	0.0
1.43428128E8	0.0	0.0
1.43429225E8	0.0	0.0
1.43430322E8	0.0	0.0
1.434314185E8	0.21532846715328466	0.6562445689730082
1.434325145E8	0.0	0.0
1.434336095E8	2.0557586837294335	2.7315945480867234
1.43434703E8	0.0	0.0
1.434357955E8	0.27472527472527475	0.612746175392287
1.43436887E8	0.27497708524289644	0.5243825752662806
1.43437978E8	2.9010082493125573	3.9913977161752845
1.434390685E8	0.27522935779816515	0.5601441492061737
1.434401585E8	0.0	0.0
1.434412485E8	7.629357798165137	5.2809159616959835
1.434423385E8	3.273394495412844	4.74834592156318
1.434434285E8	0.0	0.0
1.43444518E8	0.0	0.0
1.43445607E8	1.3608815426997245	3.2526036755712737
1.434466955E8	0.0	0.0
1.434477835E8	1.2886029411764706	1.5723951381851304
1.434488715E8	0.8272058823529411	1.21872643265298
1.434499595E8	9.091911764705882	15.309551036564608
1.43451047E8	0.0	0.0
1.43452134E8	31.96596136154554	30.091473545321687
1.43453221E8	19.477460901563937	12.554645962136513
1.434543075E8	11.499079189686924	9.99203181619424
1.434553935E8	4.855432780847146	5.475628238298466
1.434564795E8	6.871086556169429	5.193493592044543
1.434575655E8	0.23388581952117865	0.575753169949747
1.434586505E8	0.0	0.0
1.434597345E8	0.4944649446494465	0.9944495408510645
1.434608185E8	0.0	0.0
1.434619025E8	0.48247232472324725	1.2137739626768753
1.434629865E8	0.5341328413284133	0.8367702802113722
1.4346407E8	0.0	0.0
1.43465153E8	0.0	0.0
1.43466236E8	661.4801477377655	414.66200455793796
1.434673185E8	0.0	0.0
1.434684005E8	0.0	0.0
1.43469482E8	0.0	0.0
1.43470563E8	10.9472710453284	7.901626900713286
1.434716435E8	0.0	0.0
1.434727235E8	0.2777777777777778	0.7315635209502899
1.434738035E8	8.603703703703705	7.564047515372628
1.43474883E8	0.0	0.0
1.43475962E8	0.0	0.0
1.434770405E8	0.0	0.0
1.434781185E8	0.0	0.0
1.434791965E8	0.0	0.0
1.434802745E8	0.8348794063079777	1.394396418853979
1.43481352E8	0.2785515320334262	0.7338480509828248
1.43482429E8	0.0	0.0
1.434835055E8	0.0	0.0
1.434845815E8	0.0	0.0
1.434856575E8	0.5576208178438662	1.0560500157131443
1.434867335E8	0.550185873605948	1.1728020651477682
1.43487809E8	0.0	0.0
1.43488884E8	6.150697674418605	7.089920785466227
1.43489959E8	31.52186046511628	45.371325849068214
1.43491034E8	0.2586046511627907	0.6941616995457752
1.434921085E8	0.0	0.0
1.434931825E8	10.292364990689013	12.931203149652362
1.434942565E8	0.8379888268156425	1.5208054320034412
1.434953305E8	1.6769087523277468	1.8010962935037642
1.43496404E8	0.0	0.0
1.434974765E8	344.6660447761194	99.17257497345557
1.434985485E8	0.5615671641791045	1.1718081448591355
1.4349962E8	0.0	0.0
1.43500691E8	9.81139122315593	11.10362025736627
1.435017615E8	0.0	0.0
1.435028315E8	0.0	0.0
1.435039015E8	0.0	0.0
1.43504971E8	0.0	0.0
1.4350604E8	0.0	0.0
1.435071085E8	1.404494382022472	2.644689399999915
1.43508176E8	0.0	0.0
1.43509243E8	0.0	0.0
1.4351031E8	1.267104029990628	2.4219784023486457
1.435113765E8	0.0	0.0
1.435124415E8	3.0516917293233083	2.5415716527702723
1.435135055E8	0.0	0.0
1.435145695E8	15.906954887218046	9.52011128070426
1.43515633E8	0.28222013170272814	0.6103528273446442
1.43516696E8	0.0	0.0
1.43517759E8	2.1486359360301033	2.4840033842154843
1.43518822E8	14.859830667920978	11.92923632131511
1.43519885E8	0.0	0.0
1.43520948E8	0.0	0.0
1.43522011E8	0.28222013170272814	0.6088095813166184
1.43523074E8	0.0	0.0
1.435241365E8	109.49529190207156	44.88091587935223
1.435251985E8	0.0	0.0
1.435262605E8	0.5630885122410546	1.2166453832980935
1.435273225E8	0.5649717514124294	1.1131807466735109
1.435283845E8	0.2824858757062147	0.6722926454528143
1.43529446E8	1.9330819981149858	3.724109493212623
1.435305065E8	0.0	0.0
1.435315665E8	395.9933962264151	225.08608835245974
1.435326265E8	0.2830188679245283	0.5319951765989315
1.43533686E8	12.448536355051935	7.022895243523917
1.43534745E8	0.0	0.0
1.43535804E8	0.0	0.0
1.435368625E8	0.0	0.0
1.435379205E8	5591.165406427222	4842.466367934285
1.435389785E8	0.0	0.0
1.435400365E8	8.681474480151229	14.093899255326102
1.43541094E8	0.0	0.0
1.435421505E8	1.4734848484848484	2.1505813167606567
1.435432065E8	0.28125	0.6208193510729725
1.435442625E8	1.1363636363636365	2.1558588248601236
1.435453185E8	0.2840909090909091	0.5330017908890261
1.43546374E8	0.0	0.0
1.43547429E8	0.0	0.0
1.43548484E8	0.2843601895734597	0.5332543385416191
1.435495385E8	12.222011385199242	11.507690688037153
1.435505925E8	0.0	0.0
1.43551646E8	0.0	0.0
1.43552699E8	9.075973409306743	6.132286545131835
1.43553752E8	19.056030389363723	24.468577830446836
1.43554805E8	35.32763532763533	50.595663624344766
1.43555858E8	11.651471984805319	5.699336027038396
1.435569105E8	0.0	0.0
1.435579625E8	201.93441064638785	280.5775954566639
1.435590145E8	2.282319391634981	4.01707382671486
1.43560066E8	0.0	0.0
1.43561117E8	0.0	0.0
1.43562168E8	1.3529971455756422	2.135513673312771
1.43563219E8	0.0	0.0
1.4356427E8	1.7126546146527117	3.8771574823214516
1.435653205E8	0.0	0.0
1.435663705E8	6.2161904761904765	9.775917932786232
1.4356742E8	0.42897998093422307	1.7865080627163763
1.43568469E8	0.0	0.0
1.43569518E8	0.8531935176358436	1.5496240203304572
1.43570567E8	0.0	0.0
1.43571616E8	0.7883698760724499	1.1298025338487003
1.435726645E8	0.0	0.0
1.435737125E8	24.86354961832061	22.709457625598525
1.435747605E8	0.0	0.0
1.435758085E8	0.0	0.0
1.435768565E8	18.43416030534351	11.791808840258176
1.43577904E8	6.5759312320916905	10.72487401492918
1.43578951E8	0.0	0.0
1.43579998E8	0.0	0.0
1.43581045E8	1.146131805157593	1.8483581604243422
1.435820915E8	0.0	0.0
1.43583137E8	0.28708133971291866	0.6875516509523286
1.43584182E8	1.1483253588516746	1.257703534947001
1.43585227E8	0.0	0.0
1.43586272E8	0.0	0.0
1.435873165E8	0.0	0.0
1.435883605E8	4.597701149425287	7.806569588214287
1.435894045E8	7.115900383141763	11.186549463033224
1.43590448E8	1.725790987535954	3.2861311170007816
1.43591491E8	1.1505273250239694	1.554691659243462
1.435925335E8	0.0	0.0
1.435935755E8	0.0	0.0
1.435946175E8	164.36756238003838	160.14628030038634
1.435956595E8	2.6765834932821497	2.8149927639403387
1.435967015E8	0.28310940499040305	0.6505571213492293
1.43597743E8	6.320845341018251	6.99567589786802
1.43598784E8	0.0	0.0
1.43599825E8	0.5936599423631124	1.386084264009818
1.436008655E8	0.0	0.0
1.436019055E8	0.0	0.0
1.436029455E8	0.0	0.0
1.436039855E8	0.5326923076923077	0.9188203138975375
1.43605025E8	2.598652550529355	3.919547026528258
1.43606064E8	7.170356111645813	4.240938933937382
1.43607103E8	0.8662175168431184	1.6120336691674138
1.436081415E8	0.0	0.0
1.436091795E8	2.021194605009634	2.4245850607398793
1.436102175E8	0.0	0.0
1.43611255E8	0.0	0.0
1.43612292E8	0.0	0.0
1.43613329E8	0.2892960462873674	0.5378624789733593
1.43614366E8	201.6268081002893	85.12461793507265
1.436154025E8	0.0	0.0
1.436164385E8	17.35810810810811	26.60607458144107
1.43617474E8	0.0	0.0
1.43618509E8	0.0	0.0
1.43619544E8	0.0	0.0
1.43620579E8	0.0	0.0
1.43621614E8	0.0	0.0
1.43622648E8	0.0	0.0
1.43623681E8	0.0	0.0
1.43624714E8	1.452081316553727	2.2077483897775454
1.43625747E8	7.057115198451113	5.830453813789608
1.436267795E8	0.0	0.0
1.436278115E8	4.088178294573644	6.476253582521014
1.436288435E8	0.0	0.0
1.43629875E8	0.5819592628516004	1.0788505576321499
1.43630906E8	0.0	0.0
1.43631937E8	2.326867119301649	3.9550088562917614
1.436329675E8	6.183495145631068	4.048492467837371
1.436339975E8	0.0	0.0
1.436350275E8	0.0	0.0
1.43636057E8	2.3304178814382897	3.247186118329966
1.43637086E8	0.7405247813411079	1.1213971571491503
1.43638115E8	7169.921282798834	6292.998192879762
1.43639144E8	103.32555879494655	134.66312934957227
1.43640173E8	0.0	0.0
1.43641202E8	0.0	0.0
1.43642231E8	0.0	0.0
1.436432595E8	0.0	0.0
1.436442875E8	0.0	0.0
1.43645315E8	0.0	0.0
1.43646342E8	0.0	0.0
1.43647369E8	0.0	0.0
1.436483955E8	0.29239766081871343	0.6666666666666666
1.436494215E8	0.0	0.0
1.43650447E8	0.255609756097561	0.658157072215529
1.43651472E8	0.2653658536585366	0.7285133542475891
1.43652497E8	0.0	0.0
1.43653522E8	1.0634146341463415	1.416281631080692
1.43654546E8	0.0	0.0
1.43655569E8	0.0	0.0
1.436565915E8	0.0	0.0
1.436576135E8	3.7172211350293543	3.011881234615431
1.436586355E8	6.7925636007827785	9.868112674139404
1.436596575E8	0.0	0.0
1.43660679E8	7.551420176297747	4.900078953570472
1.436617E8	2.255631733594515	2.1777073730293797
1.43662721E8	0.0	0.0
1.436637415E8	461.8794117647059	331.83048471807905
1.436647615E8	0.0	0.0
1.436657815E8	0.0	0.0
1.43666801E8	0.0	0.0
1.4366782E8	0.0	0.0
1.43668839E8	3.521099116781158	2.5872412852507565
1.43669858E8	0.0	0.0
1.43670877E8	4.854759568204122	6.681378924861684
1.436718955E8	36.20235756385069	55.14232344552168
1.436729135E8	0.0	0.0
1.436739315E8	0.29469548133595286	0.5553808937401706
1.436749495E8	0.0	0.0
1.436759665E8	0.0	0.0
1.436769825E8	1.1820866141732282	1.353036829290808
1.436779985E8	0.0	0.0
1.43679014E8	0.0	0.0
1.43680029E8	0.0	0.0
1.436810435E8	0.0	0.0
1.436820575E8	77.36489151873768	95.6026715561783
1.436830715E8	0.0	0.0
1.436840855E8	0.0	0.0
1.436850995E8	0.0	0.0
1.43686113E8	0.5923000987166831	1.263817998318055
1.43687126E8	0.0	0.0
1.43688139E8	1.1846001974333662	2.550767842121812
1.436891515E8	0.0	0.0
1.436901635E8	0.0	0.0
1.436911755E8	2.627470355731225	3.0239492017399296
1.436921875E8	79.27173913043478	78.83608601711543
1.436931995E8	7.617588932806324	9.018919507951553
1.43694211E8	0.0	0.0
1.43695222E8	17.503461918892185	25.125304177066372
1.43696233E8	0.0	0.0
1.43697244E8	0.8733926805143423	1.662705480634305
1.436982545E8	21.34158415841584	14.110736029248395
1.436992645E8	0.29504950495049503	0.5431845956491173
1.437002745E8	1.120792079207921	2.0719723229161855
1.437012845E8	0.8871287128712871	1.7286176014032681
1.437022935E8	0.0	0.0
1.437033015E8	0.0	0.0
1.437043095E8	0.0	0.0
1.43705317E8	0.0	0.0
1.43706324E8	0.29791459781529295	0.5458155346042223
1.437073305E8	0.21769383697813122	0.5940393116430394
1.437083365E8	0.8946322067594433	1.4078733451077234
1.437093425E8	0.0	0.0
1.43710348E8	0.21890547263681592	0.5571783926123032
1.43711353E8	0.0	0.0
1.43712358E8	3.264676616915423	3.2738979764493283
1.43713363E8	0.0	0.0
1.43714368E8	1.791044776119403	3.1821954935553505
1.437153725E8	0.0	0.0
1.437163765E8	0.0	0.0
1.437173805E8	0.5976095617529881	1.3119129307422066
1.437183845E8	0.0	0.0
1.43719388E8	0.0	0.0
1.4372039E8	3.5784215784215783	4.326001122779063
1.43721391E8	1.1988011988011988	1.7893569240926197
1.43722392E8	4.595404595404595	8.410188388571848
1.43723393E8	0.0	0.0
1.43724394E8	3.137862137862138	3.9286849497720526
1.437251765E8	4.25354609929078	7.099220814301578
1.437257305E8	0.0	0.0
