#Position (bp)	Coverage	Std
179658.5	286.7311725611996	400.8576507162772
538974.5	312.17088579411995	2629.6578136567596
898290.5	263.6036024001158	587.5532262410779
1257606.5	176.10852007703525	313.35349328158577
1616922.5	115.58843747564818	286.81846141762264
1976238.5	111.05667434792772	254.1944859709975
2335554.5	203.13102951162764	325.73288691688754
2694870.5	228.84714012178696	1193.9342565106465
3054186.5	246.7650508187779	322.4146835644782
3413502.5	95.27083124603413	211.427956550971
3772818.5	68.94622004029878	83.41775158393803
4132134.5	113.62938471985662	1477.4681570436574
4491450.5	213.9621002126262	2227.5551405373835
4850766.5	237.98671921094524	431.90903505238924
5210082.5	307.92838058978725	1605.8331045696573
5569398.5	172.834315755491	415.5887303006389
5928714.5	852.8588039497267	1732.968625179224
6288030.5	221.70020539024145	254.04914142368722
6647346.5	239.40080319273287	442.6281938040284
7006662.5	275.0251589130459	1141.6373456453978
7365978.5	202.21555399703882	244.70783938216837
7725294.5	304.3370765565686	1951.7295815434795
8084610.5	533.6012033975665	1638.6109083228512
8443926.5	810.2134611317058	1989.7273119623164
8803242.5	57.10920192810785	83.86579186405785
9162558.5	74.61402776386245	307.7169648694163
9521874.5	218.84189126006078	542.3343418558427
9881190.5	522.2450433601621	3199.2205090228626
1.02405065E7	751.4400388515958	3618.8439259510874
1.05998225E7	260.023450110766	434.8310556159164
1.09591385E7	483.4626874394683	2363.809945856435
1.13184545E7	30.11923209653898	86.74441860695434
1.16777705E7	100.58266818065435	269.6748274186463
1.20370865E7	235.41378341070256	447.8778088094725
1.23964025E7	795.4840279865077	492.0230261980842
1.27557185E7	128.0117222723174	340.069304195044
1.31150345E7	196.27221442963852	325.0716897888983
1.34743505E7	240.35286488773113	1415.6518084852503
1.38336665E7	111.7303432076501	235.01204115184697
1.41929825E7	80.45008015228935	164.75588980541193
1.45522985E7	23.78716505805475	66.99629113012384
1.49116145E7	200.65421801422704	453.73441320864976
1.52709305E7	65.57601943693017	181.8130082702783
1.56302465E7	94.15311035411727	197.1068294162283
1.59895625E7	11.671687317013436	48.08635584292552
1.63488785E7	393.3945245967338	392.604674391153
1.67081945E7	289.34748243885605	483.609106822079
1.70675105E7	39.93362110231662	111.27447856230019
1.74268265E7	161.51789511182358	302.6561858248819
1.77861425E7	25.104712843291143	11.399081385332686
1.81454585E7	45.07974596177181	85.2670050832908
1.85047745E7	328.955220474457	1839.2053390685794
1.88640905E7	312.47429003996484	1369.3417036397327
1.92234065E7	198.1224688018346	344.7208392291557
1.95827225E7	304.20789221743536	431.9177110825897
1.99420385E7	122.8077792249719	348.50916938177113
2.03013545E7	135.85775751706018	331.0544584575079
2.06606705E7	247.3529344643712	333.56903702350223
2.10199865E7	342.5085106146122	409.86455398768635
2.13793025E7	267.89755257210925	407.5154808412999
2.17386185E7	590.8592659386167	2790.8267619572457
2.20979345E7	186.84405091896826	2325.4422382029484
2.24572505E7	280.2170401540705	2711.404731377599
2.28165665E7	107.29070233443542	112.36802705194047
2.31758825E7	85.64449676607776	201.56237522660862
2.34346265E7	56.93367979161925	377.62812180968297
2.36142845E7	7.003738615121505	2.761067477718272
2.38945145E7	19.847557581627314	31.034841100666657
2.42538305E7	63.76186142559752	76.96590566308538
2.46131465E7	292.1646183303833	156.6077646764055
2.49724625E7	121.2999699428915	226.79734969838324
2.53317785E7	81.54603468812967	531.0232487624895
2.56910945E7	54.951377060860075	19.327580888602903
2.60504105E7	150.03186888421334	26.733913764859913
2.64097265E7	200.98151766133432	128.6703366378901
2.67690425E7	17.411559741286222	28.838978719898208
2.71283585E7	47.47616582618085	88.02259013773738
2.74876745E7	274.4828785804139	150.44447348780722
2.78469905E7	676.5626440236449	305.3630423225301
2.82063065E7	413.2189771677298	1565.3744284046572
2.85656225E7	129.77336383573234	233.08644678235655
2.89249385E7	211.75737234078082	350.4088366200198
2.92842545E7	175.20868817419765	340.27159413195545
2.96435705E7	298.1395623907647	1158.9352395570893
3.00028865E7	272.771847064979	706.2918773085072
3.03622025E7	465.49659074463705	580.1337714672967
3.07215185E7	65.90022709815315	114.78068437684534
3.10808345E7	357.0673223569226	426.07622715477464
3.14401505E7	310.38795656191206	632.4004439081375
3.17994665E7	123.68925959322713	236.02557844789158
3.21587825E7	123.83589375368756	270.49353950675766
3.25180985E7	289.3997150140823	575.8019318149118
3.28774145E7	143.01163043115253	339.5058379156121
3.32367305E7	345.7269729152056	1959.0826759565896
3.35960465E7	460.9965684801122	876.3898035216188
3.39553625E7	451.60049928196906	319.02118605514795
3.43146785E7	155.58717118079906	346.41501824870363
3.46739945E7	102.22812232129935	170.78402691503
3.50333105E7	323.3292366607666	404.7864058587901
3.53926265E7	815.0660950249919	6088.499923662135
3.57519425E7	1127.5915489429917	2210.6254325009027
3.61112585E7	294.38814581037303	670.3165227953072
3.64705745E7	239.7106084894633	1332.0697343927513
3.68298905E7	215.00954869808191	316.94836052430225
3.71892065E7	139.47020171659486	383.3021171053389
3.75485225E7	699.0219249908159	1136.7429493850157
3.79078385E7	554.8072420933106	3290.954029306166
3.82671545E7	135.1205262220441	380.9171262347856
3.86264705E7	125.0290607710205	166.44123953426484
3.89857865E7	103.07464181945697	226.26582744315786
3.93451025E7	210.23549187901457	306.6992080900468
3.97044185E7	484.50894198978057	596.0304585999312
4.00637345E7	315.07904462924	2848.0320498059114
4.04230505E7	213.69506506807377	871.6897860395294
4.07823665E7	599.7218854712843	2301.2239059068233
4.11416825E7	478.5929265604649	2012.8360428467051
4.15009985E7	561.6108606352069	2386.8399400871735
4.18603145E7	234.64284640817553	429.6732601400222
4.22196305E7	368.9316785225261	578.5536921503659
4.25789465E7	161.77881864431308	220.91186504053255
4.29382625E7	913.3441872891827	2637.79903182553
4.32975785E7	47.325117723674985	90.68005847998498
4.36568945E7	154.73492135056608	1879.3845399760714
4.40162105E7	212.384449899253	258.35368240093163
4.43755265E7	76.68465918578633	278.9445971493997
4.47348425E7	328.71914971779717	869.355267483504
4.50941585E7	682.2492986674682	1008.8327377828665
4.54534745E7	73.7168063765599	117.83751429364781
4.58127905E7	198.35015418183437	309.9134053115734
4.61721065E7	580.2967749835799	2482.554983591974
4.65314225E7	323.37553574012844	1806.3051368163947
4.68907385E7	360.70546538423	1369.5675855570084
4.72500545E7	338.37070155517705	892.0389072619212
4.76093705E7	892.067305658529	3068.836402336571
4.79686865E7	299.65388404635473	671.503152213309
4.83280025E7	519.8614116821961	3665.6294776707773
4.86541545E7	89.26101751607574	94.16905199696805
4.88338125E7	2.8530334097213847	2.4220852181050767
4.90466345E7	273.7422074163132	468.60717957018767
4.94059505E7	143.12066537532422	170.10518508501897
4.97652665E7	186.98727582406573	401.6995909291932
5.01245825E7	211.89550145276024	366.9947689330878
5.04838985E7	467.4153920226208	2211.1733628866887
5.08432145E7	105.2534593505438	229.0047105756818
5.12025305E7	208.92879526656202	248.29215869678885
5.15618465E7	334.5504569793719	2535.268428060642
5.19211625E7	567.4527630275301	2051.000380207977
5.22804785E7	333.49981910073586	281.23695821633754
5.26397945E7	198.82948435360518	489.84330662721027
5.29991105E7	384.6965790557615	476.07008270542667
5.33584265E7	118.66273976110165	266.43423894356965
5.37177425E7	24.366390586558907	94.76728482590802
5.40770585E7	241.48939930312036	510.7970892738374
5.44363745E7	347.85598470427146	610.4414630581281
5.47956905E7	66.27885482416592	187.96677498824718
5.51550065E7	96.62270814547641	269.0845209218628
5.55143225E7	92.29236104153448	295.4864407392775
5.58736385E7	251.02626379009007	1617.5282639005877
5.62329545E7	251.7317291743201	471.97571830730703
5.65922705E7	109.56461721715705	165.50752808009645
5.69515865E7	318.8417771543711	510.3430258298634
5.73109025E7	379.0279169310579	2066.8586144301735
5.76702185E7	144.69757539324718	456.00131605245406
5.80295345E7	477.41541428714555	1110.2826061756807
5.83888505E7	678.5052098988077	2534.783183951789
5.87481665E7	158.16548942991685	291.13861965644253
5.91074825E7	48.433195293279454	109.51603295672957
5.94667985E7	616.1122326865489	14118.839234937712
5.98261145E7	231.742649923744	523.6525582392854
6.01854305E7	129.01801200057886	147.0886949786337
6.05447465E7	317.86104153447104	1771.4540530545844
6.09040625E7	243.75731667946877	513.8939664544695
6.12633785E7	170.94769506506807	293.46435843355664
6.16226945E7	136.97042436184304	225.24884573062272
6.19820105E7	454.5011744536842	2427.957723522621
6.23413265E7	81.28092542497411	152.81040799724053
6.27006425E7	186.63472263968205	485.9149219283981
6.30599585E7	62.148395840986765	99.33004314896138
6.34192745E7	156.27028298211044	423.6143814038712
6.37785905E7	259.75697157933405	715.8002325339969
6.41379065E7	41.19778134010175	145.19544842190615
6.44972225E7	185.7544918678823	336.89575464681684
6.48565385E7	234.37829932427167	301.53800648988033
6.52158545E7	227.35392245266004	473.2122784595951
6.55751705E7	356.96156864709616	479.8395652505226
6.59344865E7	191.95437163944828	218.53671090730387
6.62938025E7	231.7754845317214	454.66492858888677
6.66531185E7	84.2942423938817	211.94522380715856
6.70124345E7	30.710037961014816	86.62307117651669
6.73717505E7	108.55632089859623	355.6759052068195
6.77310665E7	270.37375179507734	2101.467221296305
6.80903825E7	61.92595097351635	178.58907749419987
6.84496985E7	157.87752006590298	307.29144346368656
6.88090145E7	283.8500706898663	468.164446853999
6.91683305E7	313.20896926382346	483.3439837508573
6.95276465E7	116.34488305558338	191.34664179565803
6.98869625E7	100.18513230693874	195.5835839851678
7.02462785E7	235.05701944806242	448.75438576668796
7.06055945E7	229.17457335604314	483.9999876688342
7.09649105E7	281.84401473911544	2651.5077844618513
7.13242265E7	12.613306949871422	24.45543797840116
7.16835425E7	205.3319167529417	604.0340885413718
7.20428585E7	495.7795756381569	3501.6835273660654
7.24021745E7	1023.4134800565519	241.3145399434146
7.27614905E7	174.3788865511138	397.48006288179533
7.31208065E7	11.054247514722418	25.848352135245037
7.34801225E7	41.55033174141981	92.23233804214847
7.38394385E7	80.19225973794654	386.1592754883781
7.41987545E7	65.16178795266562	29.16765190295921
7.45580705E7	222.07039207828208	32.04859838582003
7.49173865E7	104.42166226942301	25.995550032494904
7.52767025E7	16.359894911442854	9.519983803479901
7.56360185E7	15.483847087243541	2.9711174649867163
7.59953345E7	682.3151654810807	2280.718550570638
7.63546505E7	297.249307016665	56.964251175720705
7.67139665E7	169.77669794832403	207.02395070550378
7.690225E7	0.5978783838618051	1.4283051666040725
7.7081908E7	1.3532925028868783	29.664561717930155
7.74325985E7	22.006289728261475	5.587202717569493
7.77919145E7	32.07494517360763	97.12330514034649
7.81512305E7	3.5516230838593326	1.7162554073024772
7.85105465E7	2.992711151187256	24.131943899343998
7.88698625E7	13.274933484732102	13.075635741824497
7.92291785E7	9.732839617495463	62.90215983509083
7.95884945E7	20.166421756893655	90.89004835833785
7.99478105E7	43.50186743701923	58.56306452706281
8.03071265E7	357.16894599739504	106.34643991394276
8.06664425E7	358.18845807033364	374.0531231301229
8.10257585E7	64.68456734462144	147.39904922166818
8.13850745E7	297.0941900722484	792.2661512582291
8.17443905E7	183.69051475581384	410.32537462337575
8.21037065E7	314.6331084616327	375.73979210536567
8.24630225E7	678.8939234545637	2418.9287807791384
8.28223385E7	287.66837825201213	700.8654079003448
8.31816545E7	128.28140967838894	214.77814108415257
8.35409705E7	47.21862928452949	237.84768583658013
8.39002865E7	403.0381001680972	2585.3541930688225
8.42596025E7	55.535659419563835	107.23654186894781
8.46189185E7	53.791656925937055	228.21007512241977
8.49782345E7	208.00898373576462	266.03567183756894
8.53375505E7	138.84250631755893	519.4338545581638
8.56968665E7	311.41150129690857	528.9295114737401
8.60561825E7	342.7620812877801	441.13613145222115
8.64154985E7	402.646867937971	1374.7460623566085
8.67748145E7	418.3023271994567	2558.1776784573285
8.71341305E7	253.37962962962962	454.51010807065506
8.74934465E7	35.74007837112737	117.41516113209802
8.78527625E7	134.3856660989213	388.19303343807485
8.82120785E7	636.5901518440593	3437.889422458543
8.85713945E7	1282.3713277449376	1059.71106924691
8.89307105E7	252.1463558539002	398.04746097996815
8.92900265E7	339.002337775106	743.6110361068136
8.96493425E7	148.32312226563803	376.07558193073214
9.00086585E7	363.07450266617684	468.2901786699499
9.03679745E7	134.94822384753255	455.9432952356201
9.07272905E7	474.61357969030047	740.2328124553088
9.10866065E7	218.95299123890948	501.49761674399457
9.14459225E7	116.38670418239099	718.2575886731445
9.18052385E7	328.6278735152345	1410.9165703885546
9.21645545E7	785.4518223513564	2363.9849324813126
9.25238705E7	66.75660421467455	404.53967210643896
9.28831865E7	387.6395150786494	2933.302412252054
9.32425025E7	240.10428146812276	356.50533051441283
9.36018185E7	173.347440692872	370.4933465393124
9.39611345E7	161.48301495062842	308.8009856748246
9.43204505E7	78.33208930300906	187.45851591091548
9.46797665E7	82.01270747754066	155.44932894324916
9.50390825E7	860.6129173206871	1526.6236551907414
9.53983985E7	183.0323976666778	208.13033799303153
9.57577145E7	105.05172049115542	192.17993007029844
9.61170305E7	165.90282091529463	447.7115549762733
9.64763465E7	116.1925630920972	245.11498926720887
9.68356625E7	182.91400048981956	229.6794710511736
9.71949785E7	35.7832075387681	73.53290329469658
9.75542945E7	327.47316011533024	1416.635326714957
9.79136105E7	454.05991105322335	1238.9764971755455
9.82729265E7	220.1296017989736	309.08448501948527
9.86322425E7	92.82355085774081	102.70610955996409
9.89915585E7	174.51834318538556	266.8064679108469
9.93508745E7	341.6341131483151	613.290050354849
9.97101905E7	136.4729040732948	181.0683162652375
1.000695065E8	149.18283627781673	186.22634660753877
1.004288225E8	230.55084382549066	2245.493592958025
1.007881385E8	448.8791314608868	758.2062063543398
1.011474545E8	355.49886450923424	331.04121540067865
1.015067705E8	180.22086130314264	240.8090248096448
1.018660865E8	253.0649038729141	586.8503951373018
1.022254025E8	393.64340858742725	1950.786619265412
1.025847185E8	246.1980763450556	2417.6360016162926
1.029440345E8	115.85464326665108	443.54072255366367
1.033033505E8	119.15363635351612	165.94968144651713
1.036626665E8	238.46418751182802	667.8872398274216
1.040219825E8	186.36862817130324	276.49738370968174
1.043812985E8	130.7313979895134	461.79759530922814
1.047406145E8	362.83083692348794	2190.2281993802144
1.050999305E8	41.45878836455933	146.40596154770083
1.054592465E8	97.36007859377261	210.9005922025384
1.058185625E8	153.3558038050073	149.57357629489707
1.061778785E8	307.65414287145575	1730.4588821336158
1.065371945E8	194.69708000756995	456.2321838958198
1.068965105E8	737.5171130703893	3296.9096310082923
1.072558265E8	450.85791615179954	2500.7264390052487
1.076151425E8	144.4009757428002	318.4304839259611
1.079744585E8	338.72383918333725	1126.0509092321577
1.083337745E8	333.3542619866636	1892.9265985031157
1.086930905E8	425.8690178004876	1061.374912984784
1.089314775E8	363.858323826389	740.7609768606316
1.091111355E8	485.53615758006765	3282.2473104741694
1.094117225E8	314.2050924534393	324.38868139147775
1.097710385E8	262.5485644947623	342.6082963060051
1.101303545E8	371.9627959790268	854.2463983385962
1.10324175E8	93.5211650485437	130.004011479964
1.10503833E8	106.82388645008474	103.53129858750327
1.108489865E8	193.17633503656947	1332.3522679958921
1.112083025E8	162.8948808291309	460.37928121664686
1.115676185E8	115.14044183949504	149.53991500178006
1.119269345E8	243.52630275300848	2490.444115699548
1.122862505E8	209.26950650680737	267.73889519114385
1.126455665E8	142.18000033396788	202.0234521730907
1.130048825E8	247.03072226118513	238.46993597311817
1.133641985E8	32.164743568335396	68.02027064980095
1.137235145E8	78.41020717140344	235.00343317057056
1.140828305E8	141.90282926449143	240.76344347159062
1.144421465E8	351.58691513876363	660.797560950498
1.148014625E8	73.68988856605328	138.68964523455858
1.151607785E8	421.9416446804484	671.1176901581701
1.155200945E8	117.23924901757785	315.06190337960857
1.158794105E8	205.15065290719033	1536.2436449004833
1.162387265E8	351.36338209264267	1859.8752204191474
1.165980425E8	247.27552906077102	486.24535357394024
1.169573585E8	560.3351868550245	2578.6865793070683
1.173166745E8	112.08411537476762	147.36215804237443
1.176759905E8	45.224760378051634	113.69916475855737
1.180353065E8	30.27425163365951	100.39321292195312
1.183946225E8	483.5118196796135	2164.78214679411
1.187539385E8	223.44872479934097	282.3354037984039
1.191132545E8	237.02089525654299	286.6806216308391
1.194725705E8	424.4340997896002	943.8422428499688
1.198318865E8	185.50388794264657	1602.7844755241902
1.201912025E8	58.193609524763716	233.8970376502801
1.205505185E8	180.53776898329048	196.059673814549
1.209098345E8	128.47613521245924	215.96095023371495
1.212691505E8	301.43678266484096	588.5144750214539
1.216284665E8	240.13680993888389	601.6696365333996
1.219877825E8	230.45356176735797	305.564486598809
1.223470985E8	99.55057943425842	228.0224474195017
1.227064145E8	32.61735352725734	62.40659765393904
1.230657305E8	190.98054080530787	137.6541686758809
1.234250465E8	99.06179518863618	302.01499261968524
1.237843625E8	310.83379253915774	1461.6778473589393
1.241436785E8	286.2625070968173	552.2673841292919
1.245029945E8	94.17938249340413	197.2300936831869
1.248623105E8	59.47657493682441	101.62727224582132
1.252216265E8	134.40678400071246	80.51410347930783
1.255809425E8	150.00211512985783	1522.9688516715585
1.259402585E8	266.28347193000036	499.16340788227785
1.262995745E8	279.2878803059146	449.8297179526347
1.266588905E8	381.12838003317415	867.9510170672895
1.270182065E8	231.204254750693	1007.4673213103899
1.273775225E8	425.3178845361743	1358.8897593220738
1.277368385E8	86.52982889712676	228.7983506990216
1.280961545E8	199.53265649177882	225.60319983190303
1.284554705E8	58.816493003373076	136.77065982429127
1.288147865E8	169.15217802714045	574.1949984641365
1.291741025E8	172.5896063632012	275.88069687867403
1.295334185E8	103.30792116131761	195.17532235300385
1.298927345E8	452.5060782152757	1947.0940362407882
1.302520505E8	131.06411626534862	315.01936463787536
1.306113665E8	106.79910997562034	225.6254074539276
1.309706825E8	22.573815248973048	45.564236528739954
1.313299985E8	94.16625477295752	198.20861533265193
1.316893145E8	199.88491467120863	273.76710676261195
1.320486305E8	47.97052176913914	141.94166535031894
1.324079465E8	5.968904808024135	5.475120046028062
1.327672625E8	59.888156942635455	137.38526589403392
1.331265785E8	15.251875786216033	28.48275281103671
1.334858945E8	25.95498669694642	75.26231653990469
1.337730805E8	3.490988393720705	4.7979340856473325
1.339527385E8	8.280306391238042	30.535065060568545
1.342045265E8	24.915124848322925	49.76273985149232
1.345638425E8	60.14635585390019	374.02997466636975
1.349231585E8	614.4500551046989	133.82396093296447
1.352824745E8	81.85127575727215	51.69839243863352
1.356417905E8	65.31720268510169	106.29222760536854
1.360011065E8	64.38045341704795	34.482993980193626
1.363604225E8	70.32668737267475	64.57107948750543
1.367197385E8	88.25718865845106	100.14143132600188
1.370790545E8	124.89818989413219	851.1119273760494
1.374033365E8	28.518458208872662	125.32783639753363
1.375577225E8	34899.62615242778	124407.6941639464
1.375927565E8	15.974754669199113	62.810754046076035
1.376371405E8	7.1208141481791545	25.43772250096298
1.37699935E8	2.078189206203857	6.968156922516329
1.37786751E8	3.198013145235142	18.66617455565611
1.37868371E8	4.1122211684616685	11.540991455677746
1.37942101E8	2.589924383219601	11.287661843221983
1.37980213E8	12.062053337981524	23.417161022726514
1.38019627E8	0.4763377159978657	2.349149703662688
1.38089538E8	1.7268286103909727	10.205339595388866
1.38156123E8	30.843841719471996	166.53213467878354
1.382206275E8	0.3576314527728944	2.5728882361383794
1.38280805E8	1.4820801245998096	12.04209253957458
1.38323179E8	0.011126358342914365	0.10548155451506375
1.383484915E8	0.023666638492097034	0.21364176278571362
1.38384028E8	2.6344308282887936	6.241717635520901
1.384312265E8	0.1774145490146001	0.7228536128375538
1.384772795E8	1.8549645390070921	4.234056975901163
1.38522045E8	6.108801873409741	11.18357084625913
1.385663025E8	18.84881189914747	111.16371896981693
1.38610046E8	2.542309199456008	1.4830174495249575
1.38651258E8	3.363515278809457	2.2949781077938836
1.386833775E8	1.8393920152393046	7.6386956091193
1.387019305E8	0.8524521330198186	1.8659070186778763
1.38726341E8	0.0	0.0
1.387630385E8	3.3470478592182444	6.170394023348672
1.3879854E8	488.4040149474233	839.4646713333038
1.3883298E8	0.5494921272446811	1.8702491058776185
1.388668195E8	0.04492797118847539	0.25431451069126837
1.389001375E8	8.526984031696482	4.648353013335264
1.389325255E8	29.845422759059122	204.10918657547228
1.38963047E8	0.12027177771017138	0.5429216192633051
1.38991991E8	0.37661190602367073	1.233733589215027
1.390198715E8	0.09509761072261072	0.7735944845805369
1.39044446E8	3.296132392937814	15.01885598594442
1.390581695E8	0.1470281543274244	0.5236831142695089
1.39074104E8	0.26203331418724873	1.2345619517517135
1.391000815E8	1.847407120743034	4.185561389898231
1.39125904E8	7.766711877543112	3.2944675989175805
1.391516555E8	1.8845435442446883	2.5542445663430455
1.391772845E8	21.151134585289515	156.60664018364216
1.39202833E8	0.9236402083251752	1.9467295755331082
1.39227853E8	0.00897849242949843	0.100197739442306
1.392522945E8	4.930475799835931	8.487105985349938
1.392761035E8	0.0	0.0
1.392991635E8	0.0	0.0
1.393219065E8	0.16855423818793133	0.6803873276231421
1.39344169E8	16.18397883308243	86.66612933339408
1.393656665E8	0.0	0.0
1.39386585E8	9.490054423734527	29.927672126761504
1.394057875E8	0.0340097494615123	0.21241374944262198
1.394157655E8	0.0	0.0
1.39426072E8	0.1766763211104432	0.7281059393530948
1.394433E8	0.016092096305007117	0.17307817944082873
1.394591395E8	0.17381780698363614	1.094138722408275
1.39474609E8	0.0	0.0
1.394898515E8	0.036899389434563314	0.20769635388736268
1.39504877E8	1.157378362143763	3.730295401746202
1.39519712E8	0.10172261183359434	0.57453270818752
1.39534307E8	0.0	0.0
1.39548658E8	0.37389957039228117	1.3743087564544838
1.395628065E8	0.7008086253369272	1.379222838810953
1.395768695E8	0.10692899914456801	0.5958223536927477
1.395908865E8	0.04283878337855205	0.2927073056093819
1.396048595E8	0.04318507890961262	0.2924197764883424
1.39618797E8	0.06458557588805167	0.5828551528219955
1.396327175E8	0.16978282755645047	0.6024424136681276
1.39646447E8	0.0	0.0
1.39659998E8	7.293084360469408	42.8209553437023
1.39673523E8	0.0	0.0
1.39687001E8	0.33392790784095133	0.8519983286298798
1.39700456E8	0.1959866220735786	0.7021229156129022
1.397138915E8	0.0	0.0
1.397272965E8	0.0	0.0
1.39740652E8	0.15033415934519787	0.5916746120859583
1.397539385E8	0.0	0.0
1.397671835E8	0.0	0.0
1.397738625E8	0.0	0.0
1.39780441E8	2.0113557891506177	3.606168360142682
1.397935115E8	0.022886786695148	0.15128379521663252
1.39806605E8	0.0	0.0
1.398195725E8	5.558338518979465	10.987604035426829
1.398324245E8	0.0	0.0
1.39845262E8	0.08560068605285726	0.4958705283479476
1.398580325E8	0.17783545697656128	0.7797883329892563
1.3987073E8	0.04699944799306048	0.24896283556829105
1.398833975E8	0.0	0.0
1.398960405E8	3.5053831538948703	4.332311184882719
1.399086725E8	0.0	0.0
1.399212565E8	0.13401403956604976	0.5264236781906716
1.39933781E8	106.32749940062335	204.06004145706666
1.39946267E8	0.04815795810257645	0.32450793783455256
1.399587085E8	0.28968126207340633	1.0164059884172296
1.399711325E8	0.0	0.0
1.39983544E8	0.2259859666102105	0.815903699391775
1.399959275E8	4.864246442432083	12.848108825352403
1.400082885E8	0.16909502994981382	0.9926066337757239
1.40020559E8	0.0	0.0
1.400327265E8	0.07960158050707936	0.4035159927491677
1.400448715E8	0.0	0.0
1.4005699E8	0.0	0.0
1.400690545E8	0.0	0.0
1.40081085E8	0.12031262991602229	0.5849331895909355
1.400930995E8	0.3858523579403433	2.3003155054823545
1.40105101E8	0.024831264061328222	0.17747499885542123
1.40117094E8	0.15002085940759283	0.5756859107489026
1.401281635E8	0.0	0.0
1.40134155E8	0.0	0.0
1.401410485E8	4.764843619334337	22.15743475756973
1.40153003E8	0.1711153878336541	0.846962708034384
1.40164882E8	0.0	0.0
1.40176667E8	0.5305619314800646	2.484672045019189
1.4018842E8	169.21033807374607	426.14619307953643
1.40200076E8	1.0345751577491573	3.3058175121230216
1.402116215E8	0.0	0.0
1.402231315E8	0.07957905722734389	0.5744305263823793
1.402345955E8	0.0	0.0
1.402459205E8	0.0	0.0
1.402571045E8	0.0	0.0
1.402682415E8	0.0	0.0
1.4027885E8	17.61014765632742	44.57942508843002
1.40288828E8	0.09133299543841865	0.3971515405652357
1.402984445E8	0.0	0.0
1.40307799E8	0.0	0.0
1.403166425E8	0.10747663551401869	0.4453072940667528
1.40324819E8	0.0	0.0
1.403326835E8	0.5439005439005439	1.3569203518382504
1.403402015E8	0.0	0.0
1.4034742E8	0.0	0.0
1.40354483E8	0.04283878337855205	0.24547889648432758
1.403614525E8	3.3513552479815454	5.323339829795133
1.403683705E8	6.069275362318841	5.1428295375380575
1.403752505E8	2.4889212827988336	5.586557167992971
1.403821105E8	0.08746355685131195	0.4182428884065142
1.40388953E8	0.48996336996337	1.1210931347795403
1.403957145E8	0.0	0.0
1.404023365E8	0.1830125267338833	0.5491431539071056
1.404088075E8	0.0	0.0
1.404151525E8	0.3829043533523991	1.221432374224859
1.40421418E8	1.443001443001443	3.978275944846732
1.40427633E8	8.087195220410141	10.14874837074272
1.404337675E8	0.8392034233048058	2.5750103063255274
1.404398365E8	0.0	0.0
1.40445888E8	2.7225624896540306	8.473890491557198
1.404519085E8	0.0	0.0
1.404579005E8	0.852774064171123	2.189967096180429
1.404638765E8	2.261058981233244	4.464035611531203
1.404698365E8	0.4069220430107527	0.9874038676496373
1.4047577E8	0.904480135249366	1.8236726434306392
1.40481673E8	30.994058733661518	131.45269710805417
1.404875345E8	0.0	0.0
1.404915035E8	0.0	0.0
1.404943895E8	0.08183306055646482	0.37225078805685163
1.404990715E8	0.0	0.0
1.405047025E8	430.5598490294752	573.2881693579668
1.40510262E8	0.0	0.0
1.405157995E8	1.6014492753623188	2.3323108525759335
1.40521292E8	1.2448307410795973	2.7465690149842152
1.40526756E8	58.84568918176826	119.12301881487362
1.40532181E8	0.0	0.0
1.40537566E8	34.44306148987553	33.125238739899366
1.405429375E8	0.055970149253731345	0.23658011170369192
1.405482795E8	0.05597295266716754	0.23658603650082044
1.40553603E8	0.0	0.0
1.405589225E8	0.056433408577878104	0.2602308403964713
1.40564221E8	0.0	0.0
1.405694775E8	0.05733944954128441	0.24104766237233705
1.40574688E8	0.11562921564848719	0.48089336790703857
1.405798735E8	0.4615978386723273	1.1637454007543575
1.405850135E8	0.11651628089446842	0.3799609734042666
1.40590093E8	0.0	0.0
1.405951535E8	0.0	0.0
1.40600212E8	0.0	0.0
1.406052535E8	0.0	0.0
1.406102665E8	1.68	5.6256199658348764
1.406152645E8	0.0	0.0
1.406202595E8	0.4805766920304365	1.4625206870715144
1.406252495E8	0.0	0.0
1.40630226E8	0.0	0.0
1.40635179E8	0.0	0.0
1.40640115E8	0.0	0.0
1.4064504E8	0.0	0.0
1.4064995E8	48.1974301448093	41.89291974134073
1.406548455E8	0.0	0.0
1.40659729E8	2.082188973150236	3.8058810382823154
1.40664601E8	0.061459403905447074	0.2724031834384085
1.406694435E8	0.0	0.0
1.40674261E8	0.0	0.0
1.40679061E8	1.4679205851619646	3.423045629159849
1.40683806E8	0.0	0.0
1.40688509E8	0.0	0.0
1.406931635E8	0.0	0.0
1.40697758E8	0.0	0.0
1.40702335E8	0.0656024491581019	0.2561297506306167
1.40706898E8	0.0	0.0
1.40711432E8	0.0	0.0
1.40715925E8	1.6276000894654439	2.4040523456464844
1.40720393E8	0.4683090705487122	1.4146094234200008
1.407248515E8	0.0	0.0
1.407292955E8	0.20288548241659152	0.6724650158002294
1.407337135E8	0.0	0.0
1.40738111E8	0.0	0.0
1.40742499E8	0.0	0.0
1.407468785E8	0.0	0.0
1.40751256E8	0.0	0.0
1.407556295E8	0.06864988558352403	0.26201123178887586
1.40759995E8	0.20637468470534281	0.7402968597091976
1.407643435E8	0.20641143911439114	0.9125761354276307
1.407686665E8	2.9220417633410674	4.242750060308283
1.407729765E8	4.45800464037123	15.970942291543553
1.40777284E8	0.0	0.0
1.40781584E8	119.61257275902211	220.75676699621613
1.40785876E8	30.591280018652366	68.46426143929112
1.40790157E8	0.0	0.0
1.407944295E8	0.0702247191011236	0.321658855739517
1.407986935E8	0.14097744360902256	0.5148180202605211
1.40802937E8	0.0	0.0
1.40807165E8	0.062485207100591716	0.2610855807458022
1.408113885E8	0.0	0.0
1.408156105E8	0.7643297015632402	1.3072512122314615
1.408198225E8	4.909566872917658	13.038824608376908
1.40824022E8	0.11937097927090778	0.4719938292889261
1.408282145E8	0.9842406876790831	2.674743022942103
1.408324E8	0.35859431030360983	1.0355848833781465
1.408365825E8	0.0	0.0
1.40840755E8	0.0	0.0
1.408449115E8	0.12602409638554216	0.49843127403861714
1.40849054E8	0.0	0.0
1.40851497E8	0.0	0.0
1.408535395E8	0.0	0.0
1.40857247E8	0.0	0.0
1.408613235E8	0.0	0.0
1.40865389E8	13.51071692535107	29.558373812325495
1.408694335E8	0.0	0.0
1.40873455E8	0.0	0.0
1.408774675E8	0.0	0.0
1.408814765E8	0.07738392411382926	0.27365611357551306
1.40885475E8	0.5261839138060637	1.1418992298644928
1.408894625E8	0.22590361445783133	0.8207891197600429
1.408934395E8	0.5289672544080605	1.7671790838388968
1.408974065E8	0.0	0.0
1.409013685E8	2.837878787878788	4.835474969619653
1.409053235E8	61.42354430379747	100.67463824027443
1.40909269E8	0.0	0.0
1.409132055E8	0.0	0.0
1.409171345E8	0.0	0.0
1.409210595E8	0.6880733944954128	1.424447958953778
1.40924982E8	0.0	0.0
1.40928899E8	0.0	0.0
1.40932812E8	0.0	0.0
1.409367215E8	0.23067076292882743	0.5233904202429083
1.4094061E8	0.0	0.0
1.409444775E8	2.5781573498964803	5.4216850459114685
1.409483385E8	91.14359771902541	76.6186858221107
1.409521765E8	0.0	0.0
1.40955989E8	4.570527974783294	13.239186923547752
1.409597955E8	0.0	0.0
1.409636015E8	0.0	0.0
1.40967392E8	0.0	0.0
1.40971157E8	0.3848202396804261	0.9043466570763189
1.40974907E8	0.0	0.0
1.40978648E8	0.0	0.0
1.409823815E8	0.6257372654155496	1.6933872332446047
1.40986105E8	0.5649717514124294	2.21327226497625
1.409898215E8	0.8035522066738429	2.5677577725462104
1.40993536E8	0.08079719903043361	0.3122423527166943
1.409972465E8	0.0	0.0
1.41000941E8	0.0	0.0
1.410046115E8	1.4718579234972677	2.8880761081656723
1.410082665E8	0.2410958904109589	0.4973904505255128
1.41011916E8	0.16442861057824062	0.6437080849711042
1.410155645E8	0.0	0.0
1.410192115E8	0.0	0.0
1.410228535E8	0.6580538757559098	2.04310341828063
1.410264835E8	0.08282716731087797	0.2877970939931082
1.410301055E8	0.0	0.0
1.41033718E8	0.6525117957257841	1.1014334766931455
1.41037321E8	0.07660283097418817	0.2732398315599865
1.410409235E8	0.14158800666296503	0.5321428504884098
1.41044521E8	0.0	0.0
1.410481085E8	0.0	0.0
1.410516865E8	0.0	0.0
1.41055252E8	0.616811920157436	1.1619010529255187
1.410588075E8	13.159819921215531	14.75275505302226
1.41062361E8	0.16887137630171686	0.5669378445305397
1.41065914E8	0.0	0.0
1.41069467E8	3.117084154235857	5.081574913605954
1.41073012E8	5.518235793044953	9.80609285939567
1.41076544E8	0.0	0.0
1.41080071E8	0.0	0.0
1.41083596E8	0.0	0.0
1.41087117E8	0.0	0.0
1.41090628E8	0.0	0.0
1.410941305E8	171.39834380354083	91.00093823453669
1.41097631E8	4.195770220062875	6.103096351971828
1.411011295E8	0.0	0.0
1.411046235E8	0.8593123209169055	1.449137674618944
1.411081075E8	0.0	0.0
1.41111585E8	0.0	0.0
1.4111506E8	0.0	0.0
1.411185295E8	2.207732256203116	3.011039507408695
1.41121994E8	0.16863990759457118	0.46475551622791905
1.411254545E8	10.496529786003471	9.638446606097911
1.411289005E8	0.0	0.0
1.411323185E8	0.20811287477954143	0.35799428199020683
1.411357175E8	0.0	0.0
1.4113911E8	0.3514311006196518	1.0780954322282619
1.411424975E8	0.0	0.0
1.41145878E8	1.016888888888889	1.7500899447785006
1.411492525E8	192.459098992294	245.279043998901
1.41152626E8	1.2099021642454788	4.1004291388149765
1.41155995E8	0.0	0.0
1.411593515E8	0.08960573476702509	0.31867407498774525
1.41162699E8	0.2151180161338512	0.5987737693735022
1.41166043E8	0.26967973660580663	0.7368522322772135
1.4116937E8	0.0	0.0
1.411726805E8	0.0	0.0
1.411759855E8	0.0	0.0
1.41179286E8	0.0	0.0
1.411825805E8	0.0	0.0
1.411858675E8	0.8221680876979294	2.522372488746534
1.41189148E8	0.0	0.0
1.41192424E8	0.0	0.0
1.411956955E8	0.1835985312117503	0.466109710190535
1.411989605E8	0.4251992642550583	1.3360767810756577
1.41202221E8	0.09205277692543726	0.4225900936313442
1.4120548E8	654.5547714022706	991.394396154529
1.412087365E8	0.0	0.0
1.41210776E8	0.0	0.0
1.41212402E8	0.0	0.0
1.412152325E8	0.0	0.0
1.41218463E8	0.09296560272699102	0.4021941679648828
1.41221688E8	0.3720136518771331	0.9588168839464283
1.412249085E8	6.999067743940335	15.789370672305798
1.41228124E8	11.686274509803921	13.21754109008549
1.41231335E8	0.0	0.0
1.412345425E8	0.09357454772301933	0.3058995713024445
1.41237746E8	0.0	0.0
1.41240947E8	0.32239925023430177	0.7661619027535012
1.41244146E8	0.0	0.0
1.412473425E8	0.5672715894868585	1.6178177177017308
1.41250538E8	429.1305164319249	201.02130704030864
1.412537305E8	106.55078369905956	199.5143995086201
1.412569125E8	0.0	0.0
1.41260086E8	0.07689883391112512	0.2767375557378356
1.41263258E8	0.0	0.0
1.412664245E8	0.0	0.0
1.41269585E8	0.0	0.0
1.41272743E8	0.0	0.0
1.412758995E8	0.0	0.0
1.412790545E8	2.4787571337983514	2.6518559323347914
1.412822035E8	0.0	0.0
1.4128534E8	62.209332054969636	120.73816984184971
1.41288466E8	0.0	0.0
1.41291589E8	0.0	0.0
1.412947105E8	0.0	0.0
1.412978215E8	4.523533204384268	4.561316617417901
1.413009225E8	0.0	0.0
1.413040225E8	0.5548387096774193	1.7352140334654638
1.41307117E8	0.0	0.0
1.41310204E8	2.1170178282009724	2.829401091193334
1.413132865E8	0.0	0.0
1.413163665E8	0.2275974025974026	0.9509052419777584
1.41319445E8	2.6083847903802404	5.350806875756633
1.413225215E8	0.0	0.0
1.41325596E8	0.0	0.0
1.41328669E8	0.4562316954116499	1.096395300694789
1.41331738E8	0.0	0.0
1.413348E8	0.0	0.0
1.413378585E8	30.3407455853499	50.467886039101366
1.413409105E8	1.051543007222587	2.6662083760275026
1.413439555E8	0.0	0.0
1.41346999E8	0.0	0.0
1.41350033E8	0.0	0.0
1.413530575E8	0.1984126984126984	0.629940788348712
1.41356076E8	0.0	0.0
1.413590875E8	0.0	0.0
1.41362097E8	0.0	0.0
1.413651025E8	0.0	0.0
1.41368103E8	0.3001000333444481	0.7072246617877143
1.41371102E8	0.9896632210736912	3.211869450718094
1.413740995E8	0.8010680907877169	1.9350260379876685
1.41377093E8	0.08425275827482448	0.29026325684596127
1.413800805E8	2.491621983914209	3.4173994941986314
1.413830635E8	0.8990610328638498	1.458801544077656
1.413860455E8	0.8044936284372904	1.5357357320730443
1.41389022E8	0.8061258835408953	2.108389103377744
1.413919895E8	0.0	0.0
1.4139495E8	0.0	0.0
1.413979065E8	0.0	0.0
1.41400857E8	0.0	0.0
1.41403801E8	0.0	0.0
1.41406741E8	0.30643513789581206	0.941242812458851
1.41409678E8	0.0	0.0
1.414126105E8	0.0	0.0
1.41415538E8	25.001366586949093	44.11073279285962
1.414184645E8	0.0	0.0
1.414213895E8	0.710328317373461	1.5725718476884516
1.414243125E8	68.15058179329226	43.10688608160294
1.414272345E8	4.280971937029432	9.4804637193556
1.41430155E8	0.0	0.0
1.414330725E8	0.0	0.0
1.414359875E8	1.9169526424159231	2.9863565302911095
1.414389E8	1.1336310546204054	3.9132204640870465
1.414418105E8	0.20618556701030927	0.6421612990679355
1.41444718E8	9.881239242685027	21.877597214884677
1.414476225E8	5.7820247933884295	12.894718311408688
1.41450526E8	0.0	0.0
1.41453427E8	374.13452914798205	393.90128389696116
1.41456323E8	0.10369858278603526	0.41071039431528555
1.41459214E8	0.20733817930079612	0.513911691559989
1.414621005E8	2.4791955617198336	3.502525342169296
1.414649835E8	556.2397640527412	775.2329671561434
1.414678655E8	0.28556557945870925	0.9907623292497423
1.414707475E8	0.2081887578070784	0.6452732100545914
1.41473629E8	0.624783061437001	1.3951868470126345
1.41476508E8	0.10427528675703858	0.3229168418603133
1.414793845E8	2.1894993045897078	2.910522371135291
1.41482258E8	0.0	0.0
1.414851235E8	0.0	0.0
1.414879835E8	0.0	0.0
1.414908425E8	0.0	0.0
1.41493699E8	1.2609457092819614	1.776968827430646
1.41496551E8	339.92172692172693	569.8041321671413
1.414993995E8	0.0	0.0
1.415022465E8	0.0	0.0
1.415050915E8	0.09845288326300984	0.3137720243473115
1.41507934E8	0.0	0.0
1.415107725E8	0.21332863187588152	0.5902355438120662
1.415136075E8	0.0	0.0
1.41516441E8	0.0	0.0
1.415192725E8	0.0	0.0
1.41522102E8	0.0	0.0
1.415249305E8	0.6393210749646393	1.2256107215325354
1.41527757E8	0.7302654867256637	2.1930703413533945
1.41530581E8	0.0	0.0
1.415334035E8	0.0	0.0
1.415362255E8	0.0	0.0
1.415390465E8	0.0	0.0
1.41541866E8	0.10642071656615822	0.39237138440391167
1.41544683E8	20.681349911190054	28.02827169501522
1.415474975E8	0.0	0.0
1.4155031E8	0.0	0.0
1.415531175E8	0.0	0.0
1.41555919E8	6.029653447659879	7.239460560734639
1.415587165E8	0.1072961373390558	0.37059284368966355
1.41561512E8	0.0	0.0
1.41564307E8	0.3220035778175313	0.9442415627377515
1.415671015E8	0.0	0.0
1.415695015E8	26.864905284147557	37.861550535775486
1.41570898E8	7.589580686149937	6.191357668879244
1.41572688E8	0.0	0.0
1.4157548E8	0.0	0.0
1.415782705E8	2.3483870967741933	3.7933161365522854
1.415810595E8	0.0	0.0
1.41583847E8	1.6132041621815572	3.5609914642005362
1.415866325E8	0.0	0.0
1.41589416E8	164.0686309737693	168.39329509382134
1.41592198E8	0.0	0.0
1.41594971E8	0.5424954792043399	1.7022482739767373
1.415977345E8	0.7078204199855177	1.3285425638471868
1.41600491E8	0.0	0.0
1.416032415E8	0.0	0.0
1.41605989E8	0.40437158469945356	1.1432864143059744
1.416087335E8	0.0	0.0
1.416114735E8	0.0	0.0
1.41614208E8	0.10976948408342481	0.42686923475285166
1.416169385E8	119.38892961876833	112.34639073091725
1.41619657E8	235.5500184569952	79.98566916677082
1.416223655E8	0.0	0.0
1.41625071E8	0.10839807621161672	0.4111829302704138
1.416277715E8	0.0	0.0
1.41630469E8	0.0	0.0
1.416331645E8	237.12100965107646	376.56450825720464
1.41635856E8	0.0	0.0
1.416385445E8	1.7295386904761905	3.3315657515863104
1.416412325E8	0.0	0.0
1.416439195E8	4.278108711839166	7.542113088759255
1.41646598E8	3.755522276301011	4.4943910299465095
1.416492685E8	0.0	0.0
1.41651938E8	1.6219557886849008	2.857027776946968
1.416546065E8	0.0	0.0
1.41657273E8	216.89268292682928	203.03943461186225
1.416599375E8	0.0	0.0
1.41662593E8	9.556856819040423	5.998551644859016
1.416652385E8	0.0	0.0
1.416678815E8	76.29825889477668	105.5958347565895
1.41670523E8	0.0	0.0
1.41673163E8	0.0	0.0
1.41675801E8	0.0	0.0
1.416784375E8	7.850910470409712	18.09145750341513
1.41681073E8	0.0	0.0
1.41683705E8	0.11335108406238113	0.3949086397853326
1.416863335E8	0.4539573820395738	1.1919951171076681
1.416889605E8	0.11424219345011424	0.4221585268381751
1.416915825E8	0.0	0.0
1.416942E8	0.0	0.0
1.416968145E8	0.0	0.0
1.41699426E8	0.0	0.0
1.41702034E8	0.0	0.0
1.41704638E8	0.0	0.0
1.41707241E8	1.1521321552055321	1.7944722395504187
1.41709838E8	0.0	0.0
1.417124275E8	0.6951313755795981	1.7128706347641678
1.417150135E8	0.0	0.0
1.41717597E8	0.0	0.0
1.41720177E8	0.0	0.0
1.41722754E8	0.0	0.0
1.417253305E8	0.0	0.0
1.41727906E8	0.8073786407766991	1.1894356987888828
1.41730481E8	0.0	0.0
1.41733056E8	0.6990291262135923	1.4982190074133879
1.417356305E8	1.4704739704739704	2.369598302454683
1.417382025E8	0.0	0.0
1.4174077E8	0.0	0.0
1.41743333E8	0.0	0.0
1.41745892E8	0.0	0.0
1.417484485E8	0.0	0.0
1.41751004E8	5.879452054794521	11.685054933814484
1.41753556E8	0.35268732836406436	0.8480009030543613
1.41756104E8	404.43619945033373	528.4973891901834
1.41758648E8	0.3541912632821724	0.8871818844986665
1.41761189E8	0.23573396300669028	0.5821022034029862
1.417637275E8	0.0	0.0
1.4176626E8	0.0	0.0
1.41768789E8	0.0	0.0
1.417713145E8	0.0	0.0
1.41773836E8	10.76517255057517	24.03491444247391
1.41776357E8	0.0	0.0
1.417788775E8	0.0	0.0
1.417813975E8	0.6638888888888889	1.7369696289985879
1.41783916E8	14.417560588001589	28.16759113424362
1.417864325E8	0.0	0.0
1.41788946E8	2.716845878136201	5.260100560371165
1.41791457E8	0.0	0.0
1.417939675E8	0.0	0.0
1.417964765E8	0.24003189792663476	0.8106153765357749
1.41798983E8	0.0	0.0
1.418014855E8	0.0	0.0
1.41803981E8	16.60136491368928	9.925677238714226
1.4180647E8	0.12062726176115803	0.34731435582359393
1.41808953E8	0.12101653892698669	0.3478743148422814
1.41811431E8	97.9232943076302	143.16482930108583
1.418139075E8	3.2520193861066238	4.157588386971055
1.41816383E8	0.0	0.0
1.41818857E8	0.0	0.0
1.418213285E8	0.0	0.0
1.418237955E8	0.0	0.0
1.41826259E8	4.598457166057654	7.299297237014217
1.418287215E8	0.48659626320064986	0.8967854860338716
1.41831178E8	0.24479804161566707	0.8008563348273195
1.41833627E8	0.4903964037597058	1.3022880747626395
1.418360715E8	0.0	0.0
1.41838512E8	0.0	0.0
1.418409505E8	4.972518457752256	6.295075356894036
1.418433885E8	0.0	0.0
1.418458265E8	20.52707136997539	32.762701135987015
1.41848263E8	0.0	0.0
1.418506975E8	0.0	0.0
1.418531305E8	0.0	0.0
1.41855562E8	0.0	0.0
1.41857992E8	1.2350761630300535	2.4738234350522905
1.418604205E8	0.500823723228995	1.050613690589161
1.41862847E8	0.0	0.0
1.41865272E8	0.0	0.0
1.41867695E8	0.0	0.0
1.41870116E8	2.3461379595208594	2.8377580436994188
1.418725365E8	0.0	0.0
1.41874956E8	0.0	0.0
1.41877374E8	0.0	0.0
1.41879789E8	0.0	0.0
1.418822015E8	0.0	0.0
1.418846075E8	0.0	0.0
1.418870045E8	0.0	0.0
1.418893965E8	12.256903765690376	14.87352538311532
1.418917865E8	0.0	0.0
1.41894176E8	0.0	0.0
1.41896563E8	0.0	0.0
1.41898948E8	0.0	0.0
1.41901333E8	18.19454926624738	13.968337961575994
1.419037175E8	455.1438758389262	548.0058357108566
1.41906101E8	15.970625262274444	23.153658479064816
1.41908484E8	135.6491817037348	132.13547232511013
1.419108665E8	0.0	0.0
1.41913248E8	0.0	0.0
1.41915629E8	563.2944141117177	416.46523289969326
1.41918009E8	23.85708280790248	58.07244609430714
1.41920388E8	0.8818831441782261	1.7221939730199323
1.419227665E8	0.0	0.0
1.41925143E8	0.12631578947368421	0.4750623227812492
1.419275165E8	0.0	0.0
1.419292615E8	10.5608228980322	15.961800329769881
1.41930446E8	0.0	0.0
1.419322555E8	0.0	0.0
1.419346225E8	0.0	0.0
1.41936987E8	0.0	0.0
1.41939347E8	0.0	0.0
1.41941703E8	0.7762208067940553	1.5961737689352442
1.419440575E8	0.0	0.0
1.41946411E8	0.0	0.0
1.419487635E8	0.0	0.0
1.419511115E8	0.0	0.0
1.419534545E8	0.0	0.0
1.419557965E8	8.669086251067464	10.876234874969743
1.41958135E8	0.0	0.0
1.419604675E8	1.6390557939914163	4.745994471058021
1.419627965E8	0.0	0.0
1.419651245E8	110.96821305841924	48.417513197111234
1.419674515E8	417.8976784178848	371.39004128907607
1.41969777E8	0.0	0.0
1.419721005E8	0.0	0.0
1.419744205E8	0.12942191544434858	0.4578902739956863
1.41976738E8	0.0	0.0
1.419790505E8	5.848786828422877	10.426581647533688
1.41981358E8	0.0	0.0
1.419836635E8	37.928385416666664	28.090650320287473
1.41985967E8	9.87798523664785	23.083077883707873
1.41988266E8	2.2183006535947714	3.694605382508648
1.4199056E8	0.0	0.0
1.41992852E8	0.13094718463553034	0.44121968960087043
1.41995142E8	0.0	0.0
1.4199743E8	0.0	0.0
1.419997165E8	0.0	0.0
1.420020015E8	2.23292469352014	2.6579688860009654
1.42004285E8	0.0	0.0
1.420065675E8	0.0	0.0
1.42008845E8	0.0	0.0
1.420111165E8	4.786784140969163	4.396033454394836
1.42013386E8	0.0	0.0
1.420156535E8	0.0	0.0
1.42017916E8	0.0	0.0
1.42020175E8	0.0	0.0
1.42022431E8	0.0	0.0
1.420246815E8	0.0	0.0
1.42026929E8	0.0	0.0
1.42029171E8	0.0	0.0
1.420314065E8	0.0	0.0
1.420336395E8	1.3418458781362008	1.973956781782237
1.420358715E8	33.25672043010753	27.912577938421574
1.420381015E8	0.0	0.0
1.42040329E8	0.6695105523125281	1.26238809762513
1.42042554E8	0.1349527665317139	0.37702817854028536
1.42044776E8	0.0	0.0
1.420469965E8	0.0	0.0
1.42049215E8	0.0	0.0
1.420514315E8	0.0	0.0
1.420536445E8	0.0	0.0
1.42055854E8	0.0	0.0
1.42058062E8	0.27186225645672857	0.8320712388029858
1.420602685E8	40.64188576609248	29.634300224121123
1.42062474E8	0.1360544217687075	0.47809144373375745
1.42064677E8	0.24079963652885053	0.6939735391624821
1.420668775E8	0.0	0.0
1.420690765E8	0.0	0.0
1.420712745E8	0.0	0.0
1.420734715E8	0.0	0.0
1.420756655E8	0.0	0.0
1.420778565E8	50.509132420091326	61.20819699186894
1.42080046E8	0.0	0.0
1.42082235E8	0.0	0.0
1.42084423E8	0.0	0.0
1.42086609E8	0.0	0.0
1.4208879E8	0.0	0.0
1.420909665E8	0.0	0.0
1.42093141E8	0.0	0.0
1.420953105E8	0.0	0.0
1.42097474E8	0.0	0.0
1.42099635E8	0.0	0.0
1.42101794E8	0.4144645340751043	1.0122110272335616
1.42103946E8	0.0	0.0
1.42106089E8	0.0	0.0
1.421082245E8	0.0	0.0
1.42110355E8	0.0	0.0
1.421124825E8	0.0	0.0
1.421146075E8	0.7062146892655368	2.016877936358443
1.421167315E8	4.986817325800376	7.602067564930625
1.42118853E8	9.51864086833412	11.217044436462333
1.42120971E8	0.9853566367501181	1.5902988848708723
1.421230865E8	0.0	0.0
1.421252E8	0.0	0.0
1.42127313E8	0.0	0.0
1.42129426E8	0.0	0.0
1.421315385E8	0.0	0.0
1.42133649E8	0.0	0.0
1.421357575E8	0.0	0.0
1.42137864E8	0.0	0.0
1.42139969E8	0.42375296912114013	1.064209362717676
1.42142073E8	0.0	0.0
1.421441755E8	0.17554709800190296	0.39381517251708603
1.421462745E8	0.0	0.0
1.421483705E8	0.0	0.0
1.421504655E8	0.0	0.0
1.421525595E8	0.0	0.0
1.421546525E8	1.147227533460803	2.2416191907989895
1.421567435E8	4.782775119617225	8.177223590310652
1.42158833E8	0.0	0.0
1.421609215E8	0.43103448275862066	0.9728104405570003
1.42163009E8	2.710110206037374	7.790869793049248
1.42165096E8	0.5745088643986583	1.1308709874363227
1.421671825E8	0.0	0.0
1.421692675E8	0.0	0.0
1.4217135E8	4.111484863046612	8.81812056848871
1.4217343E8	0.0	0.0
1.42175509E8	0.0	0.0
1.421775875E8	0.0	0.0
1.421796645E8	1.44364161849711	2.867413757557977
1.421817365E8	0.0	0.0
1.421838025E8	44.18846899224806	94.55390212453817
1.42185866E8	0.0	0.0
1.42187929E8	50.46970431410567	66.87412300492724
1.421899915E8	0.4747817652764306	1.229487366855403
1.421920525E8	0.0	0.0
1.421941125E8	0.0	0.0
1.421961725E8	0.2902912621359223	0.9073593394426414
1.42198232E8	0.4371053909664886	0.8575012548894373
1.422002865E8	0.4326829268292683	0.8470897093046026
1.422023345E8	0.0	0.0
1.422043795E8	0.0	0.0
1.42206423E8	0.0	0.0
1.42208462E8	0.0	0.0
1.42210496E8	0.0	0.0
1.42212529E8	0.0	0.0
1.422145605E8	0.0	0.0
1.42216589E8	9.322150962012827	14.108659305200897
1.42218613E8	0.0	0.0
1.422206335E8	0.0	0.0
1.42222652E8	0.0	0.0
1.422246675E8	0.0	0.0
1.422266795E8	0.0	0.0
1.42228689E8	0.0	0.0
1.422306975E8	0.8411354581673307	2.084972794495137
1.422327045E8	0.0	0.0
1.422347105E8	0.0	0.0
1.42236716E8	0.8673316708229426	1.133484905027494
1.42238721E8	1.1970074812967582	1.7794896855972873
1.422407225E8	0.0	0.0
1.422427205E8	0.15015015015015015	0.44180900307168386
1.422447185E8	0.14964964964964966	0.46660231216499315
1.42246715E8	0.0	0.0
1.42248709E8	0.0	0.0
1.422507005E8	0.0	0.0
1.422526905E8	18.91105527638191	10.896705509224972
1.422546795E8	0.15090543259557343	0.38846548443275297
1.422566665E8	0.0	0.0
1.422586525E8	0.0	0.0
1.422606355E8	0.0	0.0
1.422626145E8	0.15166835187057634	0.43483316187397497
1.422645915E8	0.15182186234817813	0.474021472377891
1.422665675E8	0.0	0.0
1.42268543E8	0.1508860759493671	0.38844056939172444
1.422705175E8	0.7213779128672746	1.3519470742564883
1.422724895E8	0.0	0.0
1.422744575E8	0.6103763987792472	1.5982569345668893
1.422764235E8	0.0	0.0
1.422783895E8	0.0	0.0
1.422803545E8	0.0	0.0
1.42282318E8	0.0	0.0
1.422842805E8	0.4454638124362895	1.1971764266532101
1.422862425E8	3.3603465851172274	5.531579251101176
1.4228818E8	0.78254051228437	1.6626017688922625
1.42289161E8	0.0	0.0
1.42290166E8	0.0	0.0
1.42292127E8	0.0	0.0
1.42294088E8	0.0	0.0
1.422960465E8	0.0	0.0
1.422980025E8	20.353783231083845	35.61432812925381
1.42299954E8	0.0	0.0
1.42301901E8	1.8443759630200307	3.0321001348124264
1.42303848E8	0.15408320493066255	0.3925343359894298
1.423057945E8	0.0	0.0
1.4230774E8	0.30848329048843187	0.9160101255600479
1.423096845E8	0.0	0.0
1.42311628E8	0.46320123520329387	0.9348295729259324
1.42313569E8	0.0	0.0
1.423155065E8	0.45764462809917356	0.9326492967583269
1.423174425E8	0.0	0.0
1.42319378E8	0.0	0.0
1.42321312E8	0.4655975168132437	1.1818597845936425
1.42323245E8	1.0863942058975686	2.501422254517569
1.42325177E8	0.0	0.0
1.42327107E8	1.6604458268532918	2.2811691090070516
1.423290355E8	0.0	0.0
1.423309635E8	1.0077800829875518	1.9376965835219226
1.42332891E8	0.0	0.0
1.423348175E8	8.060228452751817	7.672353302091087
1.423367435E8	0.0	0.0
1.423386685E8	0.0	0.0
1.423405905E8	0.0	0.0
1.42342509E8	0.4694835680751174	1.1867816581938533
1.423444255E8	0.0	0.0
1.423463415E8	0.0	0.0
1.42348253E8	0.15731515469323545	0.4197534672357379
1.423501595E8	0.0	0.0
1.42352065E8	0.31916010498687664	0.7936757901325451
1.423539695E8	0.0	0.0
1.42355873E8	0.0	0.0
1.42357776E8	0.0	0.0
1.42359679E8	0.11245401996847083	0.34001020045902297
1.423615815E8	0.0	0.0
1.42363483E8	0.14518674381904262	0.44827097839184843
1.423653835E8	0.0	0.0
1.423672835E8	0.0	0.0
1.42369183E8	0.0	0.0
1.4237108E8	0.0	0.0
1.42372975E8	0.0	0.0
1.42374869E8	0.0	0.0
1.42376761E8	0.0	0.0
1.423786515E8	0.0	0.0
1.423805415E8	40.50952380952381	33.5147839130844
1.423824305E8	0.9835805084745762	2.8101096244977555
1.423843155E8	0.15781083953241232	0.5065983323607478
1.423861925E8	0.0	0.0
1.423880645E8	0.0	0.0
1.42389936E8	0.0	0.0
1.423918065E8	0.0	0.0
1.423936765E8	0.0	0.0
1.42395546E8	0.31995719636169073	0.5656475902553557
1.42397415E8	0.0	0.0
1.42399284E8	0.0	0.0
1.424011525E8	0.0	0.0
1.42403019E8	0.0	0.0
1.42404883E8	967.5952764358561	1003.3434661725321
1.42406746E8	0.0	0.0
1.424086055E8	0.0	0.0
1.424104605E8	0.16181229773462782	0.4319994406484852
1.42412313E8	0.0	0.0
1.42414163E8	0.0	0.0
1.42416009E8	0.0	0.0
1.42417852E8	0.0	0.0
1.42419695E8	0.0	0.0
1.42421538E8	0.0	0.0
1.424233805E8	0.0	0.0
1.42425222E8	0.0	0.0
1.42427063E8	0.0	0.0
1.424288995E8	0.0	0.0
1.424307315E8	0.0	0.0
1.424325625E8	0.0	0.0
1.42434392E8	0.0	0.0
1.42436221E8	0.0	0.0
1.424380485E8	0.296276013143483	1.003007525587691
1.42439871E8	0.4947773501924134	1.2777970322531527
1.424416895E8	0.0	0.0
1.424435075E8	0.0	0.0
1.42445323E8	0.0	0.0
1.42447136E8	0.0	0.0
1.424489455E8	0.0	0.0
1.4245075E8	0.0	0.0
1.424525525E8	0.0	0.0
1.42454354E8	1.1254858411993338	1.4809544171120108
1.424561545E8	0.0	0.0
1.424579545E8	0.6661111111111111	1.6820952542720178
1.424597535E8	0.0	0.0
1.42461551E8	0.0	0.0
1.42463346E8	0.0	0.0
1.424651385E8	0.0	0.0
1.42466928E8	0.0	0.0
1.424687145E8	0.0	0.0
1.424705E8	0.0	0.0
1.42472285E8	0.6750700280112045	1.260474322708433
1.424740655E8	0.0	0.0
1.42475841E8	0.0	0.0
1.42477616E8	3.2383098591549295	3.381224047048351
1.42479391E8	0.16901408450704225	0.411113225896519
1.424811635E8	0.0	0.0
1.42482933E8	0.0	0.0
1.424847005E8	51.365798414496034	63.62054395149441
1.42486464E8	0.0	0.0
1.424882225E8	1.4458997722095672	2.4767713571004237
1.424899775E8	6.755416191562143	6.613408514365276
1.4249173E8	1.0245573957738434	1.54782875135397
1.42493479E8	0.0	0.0
1.42495226E8	0.0	0.0
1.42496973E8	0.0	0.0
1.42498718E8	0.0	0.0
1.4250046E8	0.0	0.0
1.425021995E8	0.6887226697353279	1.2870515631170256
1.42503937E8	0.0	0.0
1.425056725E8	0.0	0.0
1.42507406E8	0.13675706866705137	0.36980679910873915
1.425091385E8	0.1697459584295612	0.5826593488987561
1.425108685E8	0.1730324074074074	0.41597164255199826
1.425125945E8	0.0	0.0
1.425143185E8	0.1740139211136891	0.4414698083078069
1.4251604E8	0.34904013961605584	0.8493230374087247
1.42517759E8	14.295520651541594	19.761668963157543
1.425194765E8	0.0	0.0
1.425211925E8	0.0	0.0
1.42522908E8	0.0	0.0
1.425246225E8	0.0	0.0
1.42526336E8	0.0	0.0
1.425280485E8	0.740070093457944	1.13694335255363
1.425297595E8	1.7543859649122806	2.852720052144345
1.425314695E8	0.7017543859649122	1.3666880614499937
1.42533179E8	0.0	0.0
1.425348875E8	0.0	0.0
1.425365935E8	0.0	0.0
1.42538297E8	0.17557251908396945	0.41901374569812083
1.4254E8	0.0	0.0
1.425416995E8	0.0	0.0
1.425433925E8	5.244970414201183	8.0075038771889
1.425450825E8	1.5976331360946745	1.7117761287016768
1.42546771E8	0.0	0.0
1.42548457E8	0.3560830860534125	1.1447208204084338
1.42550141E8	0.0	0.0
1.42551824E8	20.880570409982173	21.66192187180158
1.42553507E8	0.893048128342246	1.5680257312935946
1.425551885E8	0.0	0.0
1.42556868E8	1.4258487194758784	3.0729661412551836
1.425585465E8	0.0	0.0
1.42560223E8	0.0	0.0
1.42561894E8	3.778044391121776	4.65117977564176
1.42563556E8	0.0	0.0
1.425652095E8	0.0	0.0
1.42566857E8	0.0	0.0
1.42568501E8	0.0	0.0
1.42570144E8	0.36518563603164944	0.6890147508153539
1.42571786E8	0.0	0.0
1.42573425E8	0.0	0.0
1.42575062E8	0.0	0.0
1.42576699E8	220.78741600488698	265.56822701704624
1.425783355E8	0.0	0.0
1.425799685E8	0.0	0.0
1.42581598E8	0.0	0.0
1.42583225E8	0.7384615384615385	1.4237545164377612
1.4258485E8	0.0	0.0
1.42586474E8	0.0	0.0
1.425880965E8	0.0	0.0
1.42589717E8	61.09388511426807	90.80978769765076
1.425913335E8	0.7434944237918215	1.4359519033203438
1.42592946E8	3.9819987585350716	4.1202441877097895
1.425945565E8	4.417391304347826	7.798232002207196
1.425961665E8	0.9316770186335404	1.3107297289526352
1.425977755E8	0.9303482587064676	1.4290866164141103
1.42599378E8	0.18785222291797118	0.5320062805359945
1.42600974E8	0.0	0.0
1.426025685E8	0.9397741530740276	1.6158717168357646
1.426041585E8	0.0	0.0
1.426057445E8	0.0	0.0
1.426073305E8	0.0	0.0
1.42608914E8	0.35800126502213786	0.8461693270523789
1.42610493E8	0.0	0.0
1.4261207E8	0.0	0.0
1.42613646E8	0.0	0.0
1.4261522E8	0.0	0.0
1.42616792E8	0.0	0.0
1.42618361E8	0.0	0.0
1.426199275E8	7.832694763729246	8.040129237824448
1.426214905E8	0.0	0.0
1.426230505E8	0.38333333333333336	0.8755950357709131
1.426246095E8	0.0	0.0
1.426261665E8	0.0	0.0
1.426277225E8	0.0	0.0
1.42629278E8	0.0	0.0
1.42630832E8	0.1931745009658725	0.5406823572687453
1.426323845E8	1.7358247422680413	2.624232828493754
1.426339355E8	0.0	0.0
1.426354855E8	0.0	0.0
1.42637035E8	0.0	0.0
1.426385825E8	0.0	0.0
1.426401275E8	0.0	0.0
1.42641671E8	5.971484121840571	7.614368857060999
1.42643213E8	0.0	0.0
1.426447535E8	0.0	0.0
1.426462925E8	0.0	0.0
1.42647757E8	0.0	0.0
1.42648524E8	0.0	0.0
1.42649362E8	1.2883235485975213	1.736376474609871
1.42650895E8	0.0	0.0
1.426524275E8	0.0	0.0
1.42653958E8	0.0	0.0
1.42655486E8	1.891290111329404	5.065646331618498
1.42657012E8	0.0	0.0
1.42658537E8	0.0	0.0
1.42660062E8	34.23213114754098	34.84238044981766
1.42661585E8	0.0	0.0
1.426631055E8	0.0	0.0
1.42664625E8	0.0	0.0
1.426661435E8	0.0	0.0
1.426676605E8	0.0	0.0
1.426691735E8	0.0	0.0
1.42670683E8	0.0	0.0
1.426721915E8	0.0	0.0
1.426736975E8	24.54787234042553	42.23858904195687
1.426752015E8	0.0	0.0
1.426767045E8	0.0	0.0
1.426782025E8	0.20080321285140562	0.5352375643904975
1.426796955E8	0.0	0.0
1.426811875E8	5.7801608579088475	5.416685570875103
1.426826785E8	0.0	0.0
1.42684168E8	0.0	0.0
1.426856565E8	0.0	0.0
1.42687144E8	0.20107599193006054	0.4899803051090467
1.42688631E8	3.422999327505044	9.111024087296697
1.42690117E8	3.2181818181818183	4.063469516531963
1.426916015E8	0.0	0.0
1.426930845E8	0.0	0.0
1.426945645E8	0.0	0.0
1.426960415E8	0.0	0.0
1.42697517E8	0.40203389830508474	0.6467650923989039
1.42698991E8	0.0	0.0
1.42700463E8	0.0	0.0
1.427019325E8	0.0	0.0
1.427034E8	0.0	0.0
1.427048665E8	0.0	0.0
1.427063315E8	0.0	0.0
1.427077945E8	0.0	0.0
1.42709256E8	0.2053388090349076	0.5450291830753955
1.42710717E8	0.0	0.0
1.42712177E8	0.0	0.0
1.427136355E8	28.162551440329217	31.700436834107684
1.427150925E8	0.20604395604395603	0.5459642140991688
1.42716547E8	0.0	0.0
1.427179995E8	0.0	0.0
1.427194515E8	0.0	0.0
1.42720903E8	0.0	0.0
1.427223515E8	0.0	0.0
1.427237975E8	0.0	0.0
1.42725243E8	0.0	0.0
1.42726687E8	6.356895356895357	6.327677381117105
1.42728129E8	0.0	0.0
1.427295695E8	1452.1944444444443	1332.6787044020275
1.427310075E8	0.0	0.0
1.427324415E8	0.0	0.0
1.427338735E8	0.0	0.0
1.427353055E8	0.0	0.0
1.427367365E8	0.2097902097902098	0.5445213462330898
1.42738166E8	1.1182645206438069	1.006626053307106
1.42739595E8	16.659902029391183	17.633505546108708
1.42741022E8	0.0	0.0
1.427424465E8	0.0	0.0
1.427438705E8	0.0	0.0
1.427452945E8	0.0	0.0
1.42746718E8	0.0	0.0
1.427481405E8	2.4275668073136427	2.9750486055432077
1.42749562E8	0.0	0.0
1.42750982E8	0.0	0.0
1.427523995E8	1.9350282485875707	4.372487171827564
1.427538155E8	0.0	0.0
1.427552315E8	1.0593220338983051	1.5486462103223455
1.42756647E8	0.8431095406360424	1.512492151660273
1.427580605E8	0.0	0.0
1.427594725E8	0.0	0.0
1.42760884E8	0.0	0.0
1.427622945E8	0.0	0.0
1.427637035E8	0.0	0.0
1.427651115E8	0.0	0.0
1.42766519E8	0.0	0.0
1.427679255E8	0.0	0.0
1.427693305E8	0.0	0.0
1.427707335E8	0.0	0.0
1.42772132E8	0.0	0.0
1.427735265E8	0.0	0.0
1.4277492E8	5.346733668341709	5.128359561059362
1.42776312E8	0.0	0.0
1.42777703E8	0.0	0.0
1.42779094E8	0.0	0.0
1.427804825E8	0.21645021645021645	0.6006249751303726
1.427818685E8	0.0	0.0
1.42783254E8	0.0	0.0
1.427846385E8	0.6502890173410405	1.4334968764520166
1.42786022E8	15.082429501084599	8.961635916146378
1.427874045E8	1.0115774240231548	1.2651398623081789
1.42788786E8	0.0	0.0
1.42790167E8	0.0	0.0
1.427915475E8	0.0	0.0
1.427929275E8	0.6521739130434783	1.0129595038903279
1.42794307E8	5.362581580855693	8.456088855003408
1.427956855E8	0.6531204644412192	1.1008638908788537
1.42797063E8	0.0	0.0
1.4279844E8	4.169208424110385	5.755361240316367
1.42799817E8	0.15250544662309368	0.4493196664652866
1.42801194E8	0.6535947712418301	1.465160644886139
1.428025705E8	0.0	0.0
1.42803946E8	0.0	0.0
1.428053205E8	0.0	0.0
1.428066945E8	0.0	0.0
1.42808068E8	0.0	0.0
1.4280944E8	0.0	0.0
1.4281081E8	0.0	0.0
1.428121785E8	0.0	0.0
1.428135455E8	0.8594436310395315	1.868283480234812
1.42814909E8	0.0	0.0
1.428162695E8	8016.073529411765	6026.418765588341
1.428176275E8	7.686578171091446	7.679945535082193
1.428189835E8	2.786135693215339	4.01986219109539
1.42820339E8	0.0	0.0
1.42821694E8	0.22140221402214022	0.5197217535441547
1.428230475E8	0.0	0.0
1.42824399E8	0.0	0.0
1.42825748E8	0.0	0.0
1.42827095E8	4.67706013363029	4.898070162220135
1.428284415E8	0.0	0.0
1.428297865E8	0.0	0.0
1.4283113E8	0.8332092330603127	2.4526794805682615
1.42832472E8	41.44593586875466	67.71837655681014
1.428338125E8	5.5694029850746265	5.161568661247869
1.428351525E8	0.0	0.0
1.428364925E8	0.0	0.0
1.42837832E8	1.1187453323375653	1.6625290936714334
1.42839171E8	0.0	0.0
1.42840509E8	0.4487658937920718	0.9473815427715191
1.42841846E8	0.0	0.0
1.428431825E8	0.0	0.0
1.428445175E8	0.16266866566716642	0.5070714341001273
1.42845851E8	0.0	0.0
1.42847184E8	74.48912228057014	59.04662671170563
1.42848517E8	0.0	0.0
1.428498495E8	1.695945945945946	2.556567236752446
1.428511805E8	1.668421052631579	2.749299295555388
1.428525105E8	0.0	0.0
1.428538395E8	0.22590361445783133	0.5872644362400036
1.42855167E8	0.0	0.0
1.428564935E8	0.0	0.0
1.428578195E8	0.0	0.0
1.42859144E8	0.0	0.0
1.42860467E8	0.0	0.0
1.428617895E8	0.9092284417549168	1.3327028262127538
1.428631085E8	0.0	0.0
1.42864424E8	0.0	0.0
1.42865739E8	0.0	0.0
1.42867054E8	0.0	0.0
1.42868369E8	0.0	0.0
1.428696825E8	0.0	0.0
1.42870994E8	0.0	0.0
1.42872305E8	0.593440122044241	1.1480756957638556
1.428736155E8	0.0	0.0
1.428749255E8	7.718320610687023	10.7477318750523
1.42876235E8	1.9014514896867838	2.878624363763827
1.428775435E8	0.0	0.0
1.428788505E8	0.0	0.0
1.428801555E8	15.86963190184049	17.5713706774589
1.428814595E8	0.0	0.0
1.428827635E8	0.0	0.0
1.428840675E8	1.0828220858895705	1.3228756555322954
1.42885371E8	0.0	0.0
1.42886674E8	0.0	0.0
1.428879765E8	0.0	0.0
1.42889278E8	0.0	0.0
1.42890579E8	0.6917755572636434	1.2704892628229887
1.42891879E8	7.294842186297152	8.910555451842166
1.42893177E8	0.2313030069390902	0.48093971237473226
1.42894474E8	0.9236700077101002	1.7900607967690734
1.42895771E8	0.0	0.0
1.428970675E8	0.0	0.0
1.42898363E8	0.0	0.0
1.428996575E8	0.0	0.0
1.429009515E8	0.0	0.0
1.429022455E8	0.0	0.0
1.42903539E8	1.128383604021655	1.192915410709201
1.42904831E8	0.0	0.0
1.429061215E8	0.0	0.0
1.42907411E8	0.4484096198603569	0.8539598811803938
1.42908699E8	109.13209013209013	59.581772111842795
1.429099855E8	0.0	0.0
1.42911271E8	0.0	0.0
1.429125555E8	0.0	0.0
1.429138395E8	18.319314641744548	10.172691131643242
1.42915123E8	0.0	0.0
1.42916406E8	37.35931410756041	41.42702925534049
1.429176885E8	5.376755070202808	5.438709698313314
1.4291897E8	0.0	0.0
1.429202505E8	0.0	0.0
1.429215305E8	0.0	0.0
1.4292281E8	0.0	0.0
1.429240885E8	0.4694835680751174	0.9444674580644496
1.429253665E8	1.5187793427230047	1.716394299009223
1.429266445E8	0.0	0.0
1.42927922E8	1111.6499608457323	674.6222400700861
1.42929199E8	221.0399373531715	366.0458044177963
1.42930476E8	0.6389976507439311	1.4383711312991294
1.429317525E8	0.0	0.0
1.42933028E8	0.0	0.0
1.42934303E8	0.0	0.0
1.429355775E8	0.0	0.0
1.429368515E8	0.0	0.0
1.429381245E8	0.235062893081761	0.565657629188469
1.42939396E8	0.0	0.0
1.42940667E8	0.0	0.0
1.42941938E8	0.0	0.0
1.42943209E8	0.46105428796223447	1.0328971271217502
1.4294448E8	1.071597167584579	1.2653463932401738
1.429457505E8	130.73858267716537	118.34487836919885
1.429470205E8	1.615748031496063	3.8922495165665576
1.429482905E8	4.4834645669291335	6.144391207197554
1.4294956E8	0.2364066193853428	0.567021165710828
1.429508285E8	0.0	0.0
1.429520965E8	0.46214511041009465	0.969568507885157
1.429533635E8	13.257503949447077	15.969362452045557
1.42954629E8	0.0	0.0
1.429558935E8	4.4580696202531644	7.366265477744309
1.42957157E8	0.0	0.0
1.4295842E8	0.0	0.0
1.42959683E8	2.6595407759303247	4.8742703536633805
1.429609455E8	0.0	0.0
1.429622075E8	0.23771790808240886	0.48756323495769127
1.429634695E8	0.0	0.0
1.42964731E8	0.0	0.0
1.42965992E8	58.65979381443299	29.53566104884715
1.429672525E8	138.43253968253967	106.85342653328794
1.429685125E8	0.0	0.0
1.429697725E8	1.8833333333333333	3.8137179293236207
1.429710325E8	0.23809523809523808	0.4960158727618966
1.42972292E8	127.64495631453535	254.3023614216406
1.429735505E8	0.0	0.0
1.429748085E8	8.738473767885532	19.701327096116437
1.429760665E8	18.664546899841017	33.321541369463745
1.42977324E8	0.0	0.0
1.42978579E8	0.0	0.0
1.42979832E8	10.36632083000798	8.035336960193192
1.429810845E8	0.0	0.0
1.42982336E8	0.0	0.0
1.42983587E8	0.23980815347721823	0.5696844457292435
1.42984838E8	0.0	0.0
1.42986089E8	0.08792965627498002	0.419355830470926
1.429873395E8	4.8952	8.29529987402505
1.42988589E8	0.0	0.0
1.429898375E8	0.0	0.0
1.42991085E8	3.6006415396952685	4.333806237432479
1.429923315E8	0.0	0.0
1.429935775E8	1.1404494382022472	1.803109495379426
1.429948225E8	0.0	0.0
1.42996066E8	150.24778761061947	174.37275014624262
1.429973085E8	10.121578099838969	16.932636259378853
1.4299855E8	0.0	0.0
1.42999791E8	0.24174053182917002	0.5858938088061875
1.43001032E8	0.48267526188557613	1.0332895765041703
1.430022725E8	0.7258064516129032	1.8148135956887623
1.430035125E8	0.0	0.0
1.430047525E8	107.38629032258065	96.5942377898058
1.43005992E8	4.804681194511703	8.54730935295671
1.4300719E8	0.0	0.0
1.43007809E8	0.0	0.0
1.430084685E8	0.0	0.0
1.430097065E8	0.0	0.0
1.430109445E8	0.0	0.0
1.43012182E8	0.0	0.0
1.430134185E8	0.0	0.0
1.43014654E8	0.0	0.0
1.43015889E8	0.4477732793522267	0.93730598532254
1.430171235E8	0.0	0.0
1.430183575E8	19.6580226904376	15.224521719526386
1.430195915E8	0.0	0.0
1.43020825E8	0.0	0.0
1.43022058E8	0.0	0.0
1.430232905E8	0.9569805194805194	1.6683162831966907
1.43024522E8	0.9740048740861088	1.5025026509409174
1.43025753E8	0.2307067424857839	0.4794730386590833
1.43026984E8	0.0	0.0
1.43028215E8	0.0	0.0
1.430294455E8	1.1788617886178863	1.4597583049748644
1.43030675E8	0.9772172497965825	1.5334618641664115
1.43031904E8	0.0	0.0
1.430331325E8	0.0	0.0
1.4303436E8	0.0	0.0
1.43035587E8	739.0684596577017	790.122955263026
1.43036814E8	0.0	0.0
1.43038041E8	0.0	0.0
1.430392675E8	2.8817292006525284	2.8498304233915555
1.430404935E8	0.0	0.0
1.430417195E8	0.6916802610114192	1.1495087254784369
1.43042945E8	2.196734693877551	2.6552988993516267
1.4304417E8	0.0	0.0
1.43045395E8	0.0	0.0
1.4304662E8	0.0	0.0
1.43047845E8	0.0	0.0
1.4304907E8	1.1118367346938776	2.048593345170669
1.430502945E8	50.59803921568628	69.89833303294374
1.430515185E8	1.4485294117647058	2.1942065726955
1.430527425E8	0.49019607843137253	1.2859217593780075
1.430539665E8	1.7295751633986929	2.3523385666238914
1.4305519E8	0.0	0.0
1.43056413E8	0.0	0.0
1.43057636E8	0.0	0.0
1.430588585E8	79.20785597381342	58.690364795284765
1.430600805E8	0.24468085106382978	0.5044807412881146
1.43061302E8	0.0	0.0
1.430625225E8	0.0	0.0
1.430637425E8	0.2459016393442623	0.565395552819034
1.43064962E8	0.2247744052502051	0.5494422557947561
1.43066181E8	0.0	0.0
1.430674E8	0.0	0.0
1.430686185E8	9.344827586206897	10.413889613402446
1.430698365E8	0.0	0.0
1.430710525E8	0.2471169686985173	0.5085755537817839
1.43072266E8	0.0	0.0
1.430734785E8	0.0	0.0
1.430746905E8	1.9414191419141915	2.33233123224333
1.43075902E8	0.2180016515276631	0.5251715145890489
1.43077113E8	0.0	0.0
1.430783235E8	0.0	0.0
1.43079533E8	0.0	0.0
1.43080742E8	0.0	0.0
1.43081951E8	0.0	0.0
1.430831595E8	0.0	0.0
1.430843675E8	0.0	0.0
1.430855755E8	0.24834437086092714	0.6673561555950436
1.430867835E8	0.0	0.0
1.43087991E8	0.4291632145816073	0.9406585153068148
1.430891975E8	1.8391376451077943	3.0769565631549445
1.43090403E8	9.621576763485477	12.116824146033155
1.43091608E8	0.24730290456431536	0.5600829814037303
1.43092813E8	1.7427385892116183	2.5593373104926336
1.43094017E8	0.0	0.0
1.4309522E8	0.0	0.0
1.43096423E8	0.0	0.0
1.430976255E8	0.24958402662229617	0.5045549594987072
1.430988275E8	0.49916805324459235	0.9991677068886807
1.43100029E8	0.0	0.0
1.431012295E8	0.0	0.0
1.431024295E8	1.75	3.6393680770155687
1.431036295E8	0.5	0.9092121131323904
1.43104829E8	0.25020850708924103	0.6955116440716139
1.43106028E8	0.0	0.0
1.431072265E8	0.1986644407345576	0.44571789366656306
1.431084245E8	2.7545909849749584	4.3454733417976215
1.43109622E8	0.0	0.0
1.43110819E8	0.0	0.0
1.43112015E8	0.0	0.0
1.4311321E8	0.0	0.0
1.43114405E8	2.9774058577405857	4.786836902525587
1.431156E8	0.0	0.0
1.43116795E8	161.3338912133891	196.04941098640708
1.431179895E8	0.0	0.0
1.43119183E8	0.0	0.0
1.43120376E8	0.0	0.0
1.43121569E8	0.7527242246437552	1.6161382261848125
1.43122762E8	0.0	0.0
1.431239545E8	0.0	0.0
1.431251465E8	20.744127516778523	16.922270977429626
1.431263385E8	0.75	1.3902826712723815
1.4312753E8	0.5054575986565911	1.0037712264569911
1.43128721E8	0.0	0.0
1.431299115E8	0.0	0.0
1.431311015E8	0.738655462184874	1.488612235121901
1.431322915E8	0.22857142857142856	0.5037673199057696
1.43133481E8	0.2523128679562658	0.5471848590510968
1.4313467E8	0.0	0.0
1.43135859E8	0.0	0.0
1.43137048E8	0.0	0.0
1.43138237E8	0.0	0.0
1.43139426E8	1.0580319596299412	1.4168872171202223
1.431406145E8	0.0	0.0
1.431418015E8	0.0	0.0
1.431429875E8	0.0	0.0
1.431441735E8	9.310286677908937	10.292026088764272
1.431453595E8	0.0	0.0
1.431465455E8	0.0	0.0
1.43147731E8	0.0	0.0
1.43148916E8	0.2320675105485232	0.6681418278402458
1.43150101E8	2.718143459915612	2.717500713262515
1.43151286E8	0.0	0.0
1.431524705E8	0.5067567567567568	1.0067340828210365
1.431536545E8	0.0	0.0
1.431548385E8	0.0	0.0
1.431560225E8	0.0	0.0
1.431572055E8	0.3350253807106599	0.5831822381062712
1.431583875E8	77.16497461928934	47.10990857152662
1.43159569E8	0.0	0.0
1.4316075E8	32.86113463166808	38.5145760150927
1.43161931E8	0.0	0.0
1.43163111E8	0.0	0.0
1.4316429E8	0.0	0.0
1.43165469E8	0.0	0.0
1.431666475E8	0.0	0.0
1.431678255E8	0.0	0.0
1.431690035E8	0.0	0.0
1.431701815E8	2.7606112054329373	2.9027824600177596
1.431713595E8	1.0186757215619695	1.6409446945775288
1.431725375E8	0.0	0.0
1.43173715E8	0.0	0.0
1.431748915E8	11228.202380952382	14353.156562062159
1.43176067E8	0.0	0.0
1.43177242E8	0.0	0.0
1.431784165E8	0.0	0.0
1.431795905E8	0.0	0.0
1.43180764E8	0.0	0.0
1.43181937E8	0.0	0.0
1.4318311E8	0.5115089514066496	1.0696144264700589
1.43184282E8	0.5123825789923142	0.9148177663816147
1.43185453E8	6.39197267292912	8.996108846655371
1.43186624E8	0.5132365499573015	0.7346493380327137
1.43187795E8	0.0	0.0
1.431889655E8	0.2564102564102564	0.6458281637510221
1.43190135E8	0.0	0.0
1.43191304E8	1.0265183917878529	1.7211510660895262
1.431924725E8	0.0	0.0
1.4319364E8	0.0	0.0
1.43194807E8	0.0	0.0
1.43195974E8	0.7712082262210797	1.7342756650147089
1.431971405E8	0.0	0.0
1.431983065E8	262.5960548885077	151.3973450533193
1.431994725E8	451.1012006861063	494.0613507990124
1.432006385E8	0.25728987993138935	0.5958691419307743
1.43201804E8	0.0	0.0
1.43202969E8	0.0	0.0
1.432041335E8	0.0	0.0
1.43205297E8	0.0	0.0
1.4320646E8	228.47291487532243	179.81786189524612
1.43207623E8	0.0	0.0
1.43208786E8	1.5116079105760962	2.480361386034511
1.43209949E8	0.0	0.0
1.43211112E8	24.918314703353396	38.19508010796676
1.432122745E8	48.80722891566265	42.411931633946445
1.432134365E8	0.5163511187607573	0.8751690271951985
1.432145985E8	82.25645438898451	131.93310840977094
1.4321576E8	0.0	0.0
1.43216921E8	0.0	0.0
1.43218082E8	0.2153316106804479	0.46403837199142045
1.432192425E8	0.0	0.0
1.432204025E8	2.6801724137931036	3.689687399150269
1.432215625E8	0.0	0.0
1.43222722E8	0.0	0.0
1.43223881E8	0.0	0.0
1.4322504E8	3.180327868852459	4.450475248735027
1.43226199E8	0.0	0.0
1.43227358E8	13.9732528041415	12.730362230487131
1.432285165E8	0.0	0.0
1.432296745E8	152.9853195164076	178.12457072032626
1.432308325E8	0.7892918825561313	1.6793986916327182
1.4323199E8	1.6222990492653413	2.001727862093328
1.43233147E8	1.0371650821089022	1.5397358594427593
1.432343035E8	0.0	0.0
1.432354595E8	0.0	0.0
1.43236615E8	0.25887445887445887	0.6023043771803114
1.4323777E8	1.9792207792207792	2.2464979961605236
1.43238925E8	0.0	0.0
1.4324008E8	50.1030303030303	85.17449875458756
1.432412345E8	0.0	0.0
1.432423885E8	0.0	0.0
1.432435425E8	0.25996533795493937	0.5098679612948233
1.432446965E8	6.365684575389948	4.114269036581422
1.4324585E8	0.0	0.0
1.43247003E8	0.0	0.0
1.43248156E8	0.0	0.0
1.432493085E8	0.2595486111111111	0.5128555677121321
1.432504605E8	0.0	0.0
1.432516125E8	0.78125	1.2493053625470791
1.432527645E8	0.234375	0.4841229182759271
1.43253916E8	0.9991311902693311	1.6819169072989932
1.432550665E8	0.2608695652173913	0.6447109227499124
1.432562165E8	0.2617391304347826	0.598548970064453
1.432573655E8	0.0	0.0
1.432585135E8	0.0	0.0
1.432596615E8	0.24738675958188153	0.567714410216919
1.432608095E8	11.1698606271777	8.878731977771434
1.432619575E8	0.0	0.0
1.432631055E8	0.0	0.0
1.43264253E8	0.0	0.0
1.432654E8	272.6259808195292	181.42172951638102
1.43266547E8	0.7837837837837838	1.1083419916061352
1.432676935E8	0.0	0.0
1.432688395E8	0.0	0.0
1.432699855E8	0.0	0.0
1.43271131E8	0.9580786026200874	1.1802597597294764
1.432722755E8	6.555944055944056	3.9318939723484667
1.432734195E8	1.0463286713286712	1.397737932758258
1.432745635E8	186.8924825174825	79.8972515434405
1.432757075E8	8.38986013986014	11.505015628645822
1.432768515E8	0.5244755244755245	0.9423968846042988
1.43277995E8	0.0	0.0
1.43279138E8	0.0	0.0
1.432802805E8	0.0	0.0
1.432814225E8	0.5253940455341506	0.9139893502658001
1.432825645E8	301.6523642732049	470.65646017305124
1.43283706E8	35.58457493426818	40.02954649334354
1.43284847E8	75.15863277826467	63.77387336324409
1.432859875E8	7.87719298245614	6.284414025915448
1.432871275E8	0.0	0.0
1.432882675E8	0.0	0.0
1.432894075E8	0.0	0.0
1.43290547E8	5.231782265144864	4.833487226718575
1.43291686E8	0.0	0.0
1.43292825E8	0.0	0.0
1.43293964E8	0.2633889376646181	0.6910947404650881
1.43295103E8	0.0	0.0
1.432962415E8	0.7908611599297012	1.1812834460724702
1.43297379E8	1.5778364116094987	2.538879731345592
1.432985155E8	9.230633802816902	12.896595794960449
1.432996515E8	0.0	0.0
1.433007875E8	535.5695422535211	421.81328265304217
1.433019235E8	0.0	0.0
1.43303059E8	0.0	0.0
1.43304194E8	0.0	0.0
1.43305329E8	3.436123348017621	3.780194153930416
1.433064635E8	0.0	0.0
1.433075975E8	35.139329805996475	24.199767515317465
1.433087315E8	0.0	0.0
1.433098655E8	0.0	0.0
1.43310999E8	0.0	0.0
1.43312132E8	0.0	0.0
1.43313265E8	0.0	0.0
1.433143975E8	9535.95848056537	10645.476617194921
1.433155295E8	0.9876325088339223	2.1877429193742315
1.433166615E8	0.0	0.0
1.433177935E8	0.0	0.0
1.43318925E8	0.0	0.0
1.43320056E8	986.1131741821397	1571.9027677401045
1.43321187E8	0.0	0.0
1.433223175E8	0.0	0.0
1.433234475E8	2.3761061946902653	3.1337444028351906
1.433245775E8	1.5380530973451327	2.085347109325371
1.43325707E8	0.0	0.0
1.43326836E8	0.0	0.0
1.43327965E8	3.387068201948627	4.968456746781769
1.43329094E8	1.0434012400354296	1.8645449581056408
1.43330222E8	0.7985803016858918	1.2339475036974223
1.43331349E8	0.13842058562555457	0.3720491709781848
1.433324755E8	66.91207815275311	78.97954295916809
1.433336015E8	0.0	0.0
1.433347275E8	0.0	0.0
1.433358535E8	0.0	0.0
1.433369795E8	5.102131438721137	8.968714123958918
1.43338105E8	0.0	0.0
1.4333923E8	0.0	0.0
1.433403545E8	0.2669039145907473	0.516627442738718
1.433414785E8	0.0	0.0
1.43342602E8	0.0	0.0
1.43343725E8	0.0	0.0
1.43344848E8	0.20035618878005343	0.6079028370598643
1.43345971E8	3.186108637577916	4.643190323978103
1.43347094E8	0.8014247551202137	1.6014241213322236
1.433482165E8	307.541889483066	192.903892559756
1.43349338E8	0.0	0.0
1.433504585E8	0.0	0.0
1.43351578E8	0.8042895442359249	2.1515420410957167
1.43352697E8	1.1867739052725648	2.2131704237127297
1.433538155E8	1.8488372093023255	2.712688004086245
1.433549335E8	0.0	0.0
1.433560515E8	0.0	0.0
1.433571695E8	0.0	0.0
1.43358287E8	0.0	0.0
1.43359404E8	0.0	0.0
1.43360521E8	0.0	0.0
1.43361638E8	1.0743061772605194	1.505287606695803
1.43362755E8	12.939122649955237	8.148355832638323
1.43363872E8	2.14503133393017	1.6023706698678184
1.433649885E8	0.0	0.0
1.433661045E8	7.4668458781362	11.576881857753715
1.433668735E8	98.91469194312796	50.48372643804229
1.433674315E8	5.641210374639769	4.364680088695741
1.433683365E8	0.26881720430107525	0.5865884600854132
1.433694525E8	2.370967741935484	1.9842570361883771
1.433705685E8	0.0	0.0
1.43371684E8	0.0	0.0
1.43372799E8	0.26547085201793724	0.5152386359910689
1.43373914E8	0.0	0.0
1.433750285E8	0.33662477558348297	0.5110976676260446
1.433761425E8	0.0	0.0
1.433772565E8	0.0	0.0
1.433783705E8	0.0	0.0
1.433794845E8	0.0	0.0
1.433805985E8	0.0	0.0
1.433817115E8	0.0	0.0
1.433828235E8	0.0	0.0
1.433839355E8	0.0	0.0
1.433850475E8	283.3588129496403	428.31942586758726
1.43386159E8	4.0495049504950495	2.8381165392825314
1.433872695E8	0.0	0.0
1.433883795E8	0.0	0.0
1.433894895E8	1.3513513513513513	1.9218984608177647
1.433905995E8	0.0	0.0
1.43391709E8	0.0	0.0
1.43392818E8	0.0	0.0
1.43393927E8	1.5770964833183048	2.3472255940108187
1.43395036E8	0.4842200180342651	0.9753499291126329
1.433961445E8	5.092057761732852	2.8787156181374187
1.433972525E8	0.0	0.0
1.4339836E8	0.0	0.0
1.43399467E8	0.1951219512195122	0.4883465826888197
1.43400574E8	0.0	0.0
1.434016805E8	67.53254972875226	44.191204643140644
1.434027865E8	1.6274864376130198	2.6675330117726617
1.43403892E8	0.23710407239819004	0.48693333465495053
1.43404997E8	0.0	0.0
1.43406102E8	0.0	0.0
1.43407207E8	0.0	0.0
1.43408312E8	0.5429864253393665	1.2677696237899554
1.43409417E8	0.0	0.0
1.43410521E8	0.0	0.0
1.43411624E8	0.0	0.0
1.43412727E8	0.0	0.0
1.434138295E8	0.0	0.0
1.434149315E8	0.0	0.0
1.434160335E8	0.37477313974591653	0.5217588570404736
1.43417135E8	4.275204359673024	3.9914759311552697
1.43418236E8	0.0	0.0
1.43419337E8	0.5449591280653951	0.8598417783185769
1.434204375E8	3.2745454545454544	4.824464171848988
1.434215375E8	0.0	0.0
1.43422637E8	0.0	0.0
1.43423736E8	1.0900818926296634	1.1841384224226865
1.434248345E8	3.0018214936247722	4.602802662479326
1.434259325E8	0.0	0.0
1.434270305E8	0.0	0.0
1.43428128E8	0.0	0.0
1.43429225E8	0.0	0.0
1.43430322E8	0.0	0.0
1.434314185E8	0.0	0.0
1.434325145E8	0.0	0.0
1.434336095E8	2.4424131627056673	5.19791126661941
1.43434703E8	0.0	0.0
1.434357955E8	0.0	0.0
1.43436887E8	0.0	0.0
1.43437978E8	3.0247479376718607	5.429913412755998
1.434390685E8	0.5504587155963303	0.84484404944931
1.434401585E8	0.0	0.0
1.434412485E8	0.7110091743119266	0.8903148602930964
1.434423385E8	8.23302752293578	6.997902700226323
1.434434285E8	0.0	0.0
1.43444518E8	0.0	0.0
1.43445607E8	1.0964187327823691	2.5107665316942254
1.434466955E8	0.0	0.0
1.434477835E8	1.328125	1.702884663290673
1.434488715E8	0.8272058823529411	1.360552439701047
1.434499595E8	4.136029411764706	6.775143801382504
1.43451047E8	0.0	0.0
1.43452134E8	19.282428702851885	24.035966610318884
1.43453221E8	9.531738730450781	6.754193899688594
1.434543075E8	8.267034990791897	5.2488707897241245
1.434553935E8	3.1215469613259668	3.085342285156476
1.434564795E8	3.867403314917127	3.7608039577781476
1.434575655E8	0.5524861878453039	1.1418701341724098
1.434586505E8	0.0	0.0
1.434597345E8	0.0	0.0
1.434608185E8	0.0	0.0
1.434619025E8	0.0	0.0
1.434629865E8	0.0	0.0
1.4346407E8	0.0	0.0
1.43465153E8	0.0	0.0
1.43466236E8	492.7488457987073	316.37188398318403
1.434673185E8	0.0	0.0
1.434684005E8	1.1090573012939002	1.393144026030448
1.43469482E8	0.0	0.0
1.43470563E8	9.373728029602221	5.878668378607771
1.434716435E8	0.0	0.0
1.434727235E8	0.0	0.0
1.434738035E8	4.159259259259259	4.629814811111259
1.43474883E8	0.0	0.0
1.43475962E8	0.0	0.0
1.434770405E8	0.2782931354359926	0.7385489458759964
1.434781185E8	0.0	0.0
1.434791965E8	0.0	0.0
1.434802745E8	0.0	0.0
1.43481352E8	1.1142061281337048	1.3576017961664986
1.43482429E8	0.0	0.0
1.434835055E8	0.0	0.0
1.434845815E8	0.0	0.0
1.434856575E8	0.0	0.0
1.434867335E8	0.0	0.0
1.43487809E8	0.0	0.0
1.43488884E8	7.952558139534884	5.922130352075741
1.43489959E8	20.164651162790697	25.995455774620158
1.43491034E8	0.0	0.0
1.434921085E8	0.0	0.0
1.434931825E8	7.539106145251397	9.531336145320015
1.434942565E8	1.3966480446927374	2.3612325159571657
1.434953305E8	0.27932960893854747	0.560991407602734
1.43496404E8	0.0	0.0
1.434974765E8	232.1082089552239	55.19967147858114
1.434985485E8	0.558768656716418	1.0566950731464306
1.4349962E8	0.0	0.0
1.43500691E8	6.837535014005602	6.586563580091253
1.435017615E8	0.0	0.0
1.435028315E8	0.0	0.0
1.435039015E8	0.0	0.0
1.43504971E8	0.0	0.0
1.4350604E8	0.0	0.0
1.435071085E8	0.0	0.0
1.43508176E8	0.0	0.0
1.43509243E8	0.0	0.0
1.4351031E8	0.0	0.0
1.435113765E8	0.5628517823639775	1.1034654604989098
1.435124415E8	2.344924812030075	3.125056390468662
1.435135055E8	0.0	0.0
1.435145695E8	7.31296992481203	3.850471116571175
1.43515633E8	0.0	0.0
1.43516696E8	0.0	0.0
1.43517759E8	1.6180620884289747	1.5387744815228412
1.43518822E8	8.53904045155221	8.093352323631466
1.43519885E8	0.0	0.0
1.43520948E8	0.0	0.0
1.43522011E8	0.28222013170272814	0.5754461641757067
1.43523074E8	0.0	0.0
1.435241365E8	84.35593220338983	39.824118973021875
1.435251985E8	0.0	0.0
1.435262605E8	0.5630885122410546	1.0177335330311763
1.435273225E8	0.0	0.0
1.435283845E8	0.0	0.0
1.43529446E8	1.1310084825636193	2.6599625120486645
1.435305065E8	0.0	0.0
1.435315665E8	307.83490566037733	207.47237824792256
1.435326265E8	0.0	0.0
1.43533686E8	7.009442870632673	4.276999998785696
1.43534745E8	0.0	0.0
1.43535804E8	0.0	0.0
1.435368625E8	0.0	0.0
1.435379205E8	5535.506616257089	4759.235540609635
1.435389785E8	0.2835538752362949	0.5324977701702561
1.435400365E8	12.32703213610586	16.974572332171242
1.43541094E8	0.0	0.0
1.435421505E8	0.9053030303030303	1.886956825315847
1.435432065E8	1.003787878787879	1.7922391615298479
1.435442625E8	1.9526515151515151	3.5563643335191735
1.435453185E8	0.8522727272727273	1.5990053726670783
1.43546374E8	0.0	0.0
1.43547429E8	0.0	0.0
1.43548484E8	0.0	0.0
1.435495385E8	3.700189753320683	3.246367112749271
1.435505925E8	0.0	0.0
1.43551646E8	0.0	0.0
1.43552699E8	5.280151946818614	3.607921010373428
1.43553752E8	10.975308641975309	12.903800687190532
1.43554805E8	26.77777777777778	36.67378848214933
1.43555858E8	3.566951566951567	3.017045591727792
1.435569105E8	0.0	0.0
1.435579625E8	350.6577946768061	488.47501794451426
1.435590145E8	0.8555133079847909	1.5104200810677721
1.43560066E8	0.0	0.0
1.43561117E8	0.0	0.0
1.43562168E8	0.285442435775452	0.6644428498118046
1.43563219E8	0.0	0.0
1.4356427E8	0.5680304471931494	1.0609404656912653
1.435653205E8	0.0	0.0
1.435663705E8	5.426666666666667	8.79480366060388
1.4356742E8	1.117254528122021	1.708220465630604
1.43568469E8	0.0	0.0
1.43569518E8	0.0	0.0
1.43570567E8	0.0	0.0
1.43571616E8	1.1382268827454718	1.1647016908198706
1.435726645E8	0.0	0.0
1.435737125E8	12.751908396946565	10.125830472020139
1.435747605E8	0.0	0.0
1.435758085E8	0.0	0.0
1.435768565E8	11.724236641221374	7.183260864065941
1.43577904E8	4.868194842406877	8.530466776167247
1.43578951E8	0.0	0.0
1.43579998E8	0.28653295128939826	0.5352877275721892
1.43581045E8	2.292263610315186	2.889231728487316
1.435820915E8	0.0	0.0
1.43583137E8	0.0	0.0
1.43584182E8	0.0	0.0
1.43585227E8	0.0	0.0
1.43586272E8	0.0	0.0
1.435873165E8	0.0	0.0
1.435883605E8	4.022988505747127	5.7122909764151295
1.435894045E8	6.800766283524904	11.15220370642406
1.43590448E8	0.8619367209971237	1.4762420222136914
1.43591491E8	0.0	0.0
1.435925335E8	0.0	0.0
1.435935755E8	0.0	0.0
1.435946175E8	90.25815738963531	79.66799510078134
1.435956595E8	0.8637236084452975	1.2591317119135144
1.435967015E8	0.18809980806142035	0.6133511360736529
1.43597743E8	5.095100864553314	4.654540303518676
1.43598784E8	0.0	0.0
1.43599825E8	0.0	0.0
1.436008655E8	0.0	0.0
1.436019055E8	0.0	0.0
1.436029455E8	0.0	0.0
1.436039855E8	0.8653846153846154	1.6899021364473241
1.43605025E8	0.8662175168431184	1.6986661811536685
1.43606064E8	4.007699711260828	4.179214343782822
1.43607103E8	0.28873917228103946	0.5373445563891379
1.436081415E8	0.0	0.0
1.436091795E8	2.3082851637764934	3.2330780742655634
1.436102175E8	0.0	0.0
1.43611255E8	0.0	0.0
1.43612292E8	0.0	0.0
1.43613329E8	0.0	0.0
1.43614366E8	129.98553519768564	56.47386984196918
1.436154025E8	0.0	0.0
1.436164385E8	6.073359073359073	9.046213397547994
1.43617474E8	0.5797101449275363	1.2070645512638811
1.43618509E8	0.5227053140096618	0.8147196548150959
1.43619544E8	0.8695652173913043	1.6121519210127564
1.43620579E8	0.0	0.0
1.43621614E8	0.5507246376811594	0.7714720229053053
1.43622648E8	0.0	0.0
1.43623681E8	0.0	0.0
1.43624714E8	0.2787996127783156	0.728349989804097
1.43625747E8	7.297192642787996	6.826149822117741
1.436267795E8	0.0	0.0
1.436278115E8	2.477713178294574	3.4875192755989777
1.436288435E8	0.0	0.0
1.43629875E8	0.0	0.0
1.43630906E8	0.0	0.0
1.43631937E8	1.743937924345296	2.9957940124909173
1.436329675E8	8.53495145631068	5.551086659996952
1.436339975E8	0.0	0.0
1.436350275E8	0.0	0.0
1.43636057E8	2.3323615160349855	2.347796353227713
1.43637086E8	0.2915451895043732	0.5399492471560389
1.43638115E8	6921.640427599611	5773.141269751273
1.43639144E8	115.067055393586	156.9015927750726
1.43640173E8	0.0	0.0
1.43641202E8	0.0	0.0
1.43642231E8	0.0	0.0
1.436432595E8	0.4143968871595331	0.9103811148739116
1.436442875E8	0.0	0.0
1.43645315E8	0.0	0.0
1.43646342E8	0.0	0.0
1.43647369E8	0.0	0.0
1.436483955E8	0.0	0.0
1.436494215E8	0.0	0.0
1.43650447E8	0.0	0.0
1.43651472E8	1.4634146341463414	2.7538000352506247
1.43652497E8	0.0	0.0
1.43653522E8	1.7902439024390244	1.7932121336020346
1.43654546E8	0.0	0.0
1.43655569E8	0.0	0.0
1.436565915E8	0.0	0.0
1.436576135E8	3.5009784735812133	2.647230210739086
1.436586355E8	14.606653620352251	15.536429004861187
1.436596575E8	0.0	0.0
1.43660679E8	3.5200783545543586	3.2964825583628676
1.436617E8	2.8658178256611166	3.62721781930958
1.43662721E8	0.0	0.0
1.436637415E8	344.6921568627451	258.32227553816506
1.436647615E8	0.0	0.0
1.436657815E8	0.0	0.0
1.43666801E8	0.0	0.0
1.4366782E8	0.0	0.0
1.43668839E8	0.5711481844946026	1.2067848752094747
1.43669858E8	0.0	0.0
1.43670877E8	6.854759568204122	8.959947953024217
1.436718955E8	20.836935166994106	33.53656773203811
1.436729135E8	0.0	0.0
1.436739315E8	0.24263261296660119	0.4925775197535929
1.436749495E8	0.0	0.0
1.436759665E8	0.0	0.0
1.436769825E8	0.0	0.0
1.436779985E8	0.7204724409448819	1.3537640730032434
1.43679014E8	0.0	0.0
1.43680029E8	0.0	0.0
1.436810435E8	0.0	0.0
1.436820575E8	63.66962524654832	78.76763444896889
1.436830715E8	0.0	0.0
1.436840855E8	0.0	0.0
1.436850995E8	0.0	0.0
1.43686113E8	0.5923000987166831	1.181462610203549
1.43687126E8	0.0	0.0
1.43688139E8	0.5923000987166831	1.0883934019615178
1.436891515E8	0.0	0.0
1.436901635E8	0.0	0.0
1.436911755E8	0.2964426877470356	0.5693071859170222
1.436921875E8	43.84782608695652	47.20792247773706
1.436931995E8	4.646245059288537	6.024406880421472
1.43694211E8	0.0	0.0
1.43695222E8	10.294757665677547	14.879004252868349
1.43696233E8	0.0	0.0
1.43697244E8	0.592482690405539	1.0697716923663332
1.436982545E8	13.466336633663367	11.41750436569192
1.436992645E8	0.0	0.0
1.437002745E8	0.594059405940594	1.0900086292691393
1.437012845E8	0.8564356435643564	1.5739211297813742
1.437022935E8	0.0	0.0
1.437033015E8	0.0	0.0
1.437043095E8	0.0	0.0
1.43705317E8	0.0	0.0
1.43706324E8	0.0	0.0
1.437073305E8	0.12127236580516898	0.4612197502836255
1.437083365E8	1.1928429423459244	1.6772362005292532
1.437093425E8	0.0	0.0
1.43710348E8	0.0	0.0
1.43711353E8	0.0	0.0
1.43712358E8	1.4587064676616917	1.8712275482456517
1.43713363E8	0.0	0.0
1.43714368E8	3.2049751243781093	2.5464832837519
1.437153725E8	0.0	0.0
1.437163765E8	0.0	0.0
1.437173805E8	0.0	0.0
1.437183845E8	0.0	0.0
1.43719388E8	0.0	0.0
1.4372039E8	1.6513486513486513	1.9396488760179669
1.43721391E8	0.2997002997002997	0.5474489014513589
1.43722392E8	1.1988011988011988	2.3898302683012265
1.43723393E8	0.0	0.0
1.43724394E8	4.69030969030969	4.757978734542814
1.437251765E8	1.7145390070921986	3.211515185583597
1.437257305E8	0.0	0.0
