#Position (bp)	insert size	chromosomes
179658.5	529.9886585214073	0.0
538974.5	509.822202768412	36829.47621517871
898290.5	895.855754175992	0.0
1257606.5	652.9515866777219	0.0
1616922.5	577.0849719713033	36829.47621517871
1976238.5	497.7543568046741	0.0
2335554.5	716.5999259912898	0.0
2694870.5	527.0941819112536	36829.47621517871
3054186.5	596.0439787974159	0.0
3413502.5	444.18938133193194	0.0
3772818.5	776.2883950776784	36829.47621517871
4132134.5	520.8691125882626	0.0
4491450.5	450.1541794013768	0.0
4850766.5	581.1001859488538	36829.47621517871
5210082.5	604.9058826160116	0.0
5569398.5	772.2484369018757	0.0
5928714.5	1048.0726551263535	36829.47621517871
6288030.5	521.2971561652809	0.0
6647346.5	593.7528829613269	0.0
7006662.5	462.0742887377613	36829.47621517871
7365978.5	1164.5160608227868	0.0
7725294.5	548.2134246562136	0.0
8084610.5	731.3723239604105	36829.47621517871
8443926.5	812.808812919527	0.0
8803242.5	966.6107278464088	0.0
9162558.5	545.4145797598628	36829.47621517871
9521874.5	678.7408159825412	0.0
9881190.5	427.0861709143802	0.0
1.02405065E7	467.8183028842445	36829.47621517871
1.05998225E7	540.1648620587363	0.0
1.09591385E7	516.9090337448968	0.0
1.13184545E7	471.2910815415074	36829.47621517871
1.16777705E7	562.1665242639712	0.0
1.20370865E7	987.636327562731	0.0
1.23964025E7	2898.246672532662	36829.47621517871
1.27557185E7	689.1515047471189	0.0
1.31150345E7	518.3162604722011	0.0
1.34743505E7	526.8591123641778	36829.47621517871
1.38336665E7	472.47456784864943	0.0
1.41929825E7	805.7297217637349	0.0
1.45522985E7	1130.0788392398563	36829.47621517871
1.49116145E7	1131.1322767838142	0.0
1.52709305E7	440.3644206735292	0.0
1.56302465E7	736.136791355649	36829.47621517871
1.59895625E7	739.5535186280307	0.0
1.63488785E7	989.4347355596962	0.0
1.67081945E7	779.6298178156184	36829.47621517871
1.70675105E7	764.0292379471229	0.0
1.74268265E7	713.8546329025902	0.0
1.77861425E7	3894.307430516166	36829.47621517871
1.81454585E7	2120.175760025147	0.0
1.85047745E7	556.6118118283324	0.0
1.88640905E7	601.9962282653793	36829.47621517871
1.92234065E7	638.376200551978	0.0
1.95827225E7	710.0929589825203	0.0
1.99420385E7	549.510714828512	36829.47621517871
2.03013545E7	922.8811735625313	0.0
2.06606705E7	964.8640891021612	0.0
2.10199865E7	915.3774325617667	36829.47621517871
2.13793025E7	1291.5560266839773	0.0
2.17386185E7	521.3526633050767	0.0
2.20979345E7	509.35808192822594	36829.47621517871
2.24572505E7	562.4200773963901	0.0
2.28165665E7	1690.067856073247	0.0
2.31758825E7	1083.2880349890659	36829.47621517871
2.34346265E7	354.68623713305374	0.0
2.36142845E7	6466.855445544555	0.0
2.38945145E7	1591.6544604596806	36829.47621517871
2.42538305E7	2671.2159156724197	0.0
2.46131465E7	4949.247313745597	0.0
2.49724625E7	2024.8783396946565	36829.47621517871
2.53317785E7	1143.9387999642315	0.0
2.56910945E7	1532.9380621075852	0.0
2.60504105E7	12637.64001041938	36829.47621517871
2.64097265E7	3746.4100706816985	0.0
2.67690425E7	1751.2145845786013	0.0
2.71283585E7	1223.0138178744983	36829.47621517871
2.74876745E7	3952.5498652291103	0.0
2.78469905E7	6637.492870141511	0.0
2.82063065E7	814.846304361888	36829.47621517871
2.85656225E7	842.4508817074094	0.0
2.89249385E7	1067.1701108799134	0.0
2.92842545E7	595.4688280302042	36829.47621517871
2.96435705E7	665.6266210130175	0.0
3.00028865E7	844.3569511449344	0.0
3.03622025E7	967.3655450364499	36829.47621517871
3.07215185E7	544.1854788128152	0.0
3.10808345E7	604.6650963697605	0.0
3.14401505E7	443.8419920493421	36829.47621517871
3.17994665E7	567.4468408967776	0.0
3.21587825E7	638.8855722105988	0.0
3.25180985E7	427.0727767861611	36829.47621517871
3.28774145E7	575.9894327651303	0.0
3.32367305E7	448.78907411612187	0.0
3.35960465E7	739.6665694117647	36829.47621517871
3.39553625E7	1638.7162091977227	0.0
3.43146785E7	524.5488623390938	0.0
3.46739945E7	762.198921265257	36829.47621517871
3.50333105E7	1199.633590639966	0.0
3.53926265E7	446.1101851261814	0.0
3.57519425E7	1167.617636226469	36829.47621517871
3.61112585E7	574.2166601908216	0.0
3.64705745E7	523.159372927344	0.0
3.68298905E7	551.154750483282	36829.47621517871
3.71892065E7	769.8570261631348	0.0
3.75485225E7	1011.405251136733	0.0
3.79078385E7	527.7683350324097	36829.47621517871
3.82671545E7	441.965652385357	0.0
3.86264705E7	759.38170663313	0.0
3.89857865E7	449.91832022329356	36829.47621517871
3.93451025E7	743.137699593538	0.0
3.97044185E7	672.0168490249185	0.0
4.00637345E7	538.2290773532153	36829.47621517871
4.04230505E7	424.03704740148487	0.0
4.07823665E7	901.1572489091999	0.0
4.11416825E7	446.91808934845477	36829.47621517871
4.15009985E7	515.1654439998383	0.0
4.18603145E7	589.7786095648403	0.0
4.22196305E7	801.1181249077581	36829.47621517871
4.25789465E7	823.5193704431712	0.0
4.29382625E7	778.8475102816684	0.0
4.32975785E7	518.9541575067891	36829.47621517871
4.36568945E7	409.22067045327987	0.0
4.40162105E7	841.9472047921104	0.0
4.43755265E7	477.35268370941304	36829.47621517871
4.47348425E7	937.1317402016492	0.0
4.50941585E7	903.303021905198	0.0
4.54534745E7	804.784952787085	36829.47621517871
4.58127905E7	738.9496751718294	0.0
4.61721065E7	682.2087886043699	0.0
4.65314225E7	590.6839402685406	36829.47621517871
4.68907385E7	622.3248117824205	0.0
4.72500545E7	544.6747693924501	0.0
4.76093705E7	635.5304378412854	36829.47621517871
4.79686865E7	670.3759253905808	0.0
4.83280025E7	463.5804340926292	0.0
4.86541545E7	1336.516584514274	36829.47621517871
4.88338125E7	2737.3197674418607	0.0
4.90466345E7	485.32016472057023	0.0
4.94059505E7	787.8086938978211	36829.47621517871
4.97652665E7	634.2844832441566	0.0
5.01245825E7	583.8343934575194	0.0
5.04838985E7	504.54589165476744	36829.47621517871
5.08432145E7	549.2815066505028	0.0
5.12025305E7	1071.696947186811	0.0
5.15618465E7	496.0096865367201	36829.47621517871
5.19211625E7	534.2344445294818	0.0
5.22804785E7	1279.8407966790319	0.0
5.26397945E7	626.2727280552256	36829.47621517871
5.29991105E7	800.4307095092372	0.0
5.33584265E7	772.8783582901273	0.0
5.37177425E7	395.56993399488124	36829.47621517871
5.40770585E7	729.4717635915274	0.0
5.44363745E7	702.6876629912614	0.0
5.47956905E7	493.20089209492915	36829.47621517871
5.51550065E7	541.7336485935589	0.0
5.55143225E7	562.6115095174856	0.0
5.58736385E7	581.9966115461249	36829.47621517871
5.62329545E7	511.36645959051083	0.0
5.65922705E7	828.2410187610469	0.0
5.69515865E7	540.9241265640597	36829.47621517871
5.73109025E7	579.8837755892442	0.0
5.76702185E7	449.05396199811435	0.0
5.80295345E7	826.0277714132967	36829.47621517871
5.83888505E7	681.9152564716131	0.0
5.87481665E7	562.6108328479907	0.0
5.91074825E7	1198.7117053302638	36829.47621517871
5.94667985E7	370.34912988751853	0.0
5.98261145E7	531.7871229503234	0.0
6.01854305E7	895.9172732756887	36829.47621517871
6.05447465E7	580.1487917347054	0.0
6.09040625E7	630.1689756324242	0.0
6.12633785E7	628.5047983705125	36829.47621517871
6.16226945E7	635.1223974139999	0.0
6.19820105E7	758.0458425723219	0.0
6.23413265E7	597.2875201612903	36829.47621517871
6.27006425E7	499.0595412506292	0.0
6.30599585E7	1355.988446268457	0.0
6.34192745E7	641.1479226965358	36829.47621517871
6.37785905E7	647.6981215469614	0.0
6.41379065E7	457.96734209959044	0.0
6.44972225E7	525.7743110374689	36829.47621517871
6.48565385E7	599.0520679858727	0.0
6.52158545E7	641.4814845547468	0.0
6.55751705E7	766.3848192757349	36829.47621517871
6.59344865E7	909.6734948056325	0.0
6.62938025E7	645.9165045835302	0.0
6.66531185E7	541.7354525467205	36829.47621517871
6.70124345E7	692.036214953271	0.0
6.73717505E7	468.6949126204308	0.0
6.77310665E7	518.4411516039013	36829.47621517871
6.80903825E7	660.6116548042704	0.0
6.84496985E7	480.7146533657473	0.0
6.88090145E7	597.6066704650578	36829.47621517871
6.91683305E7	607.1156126535329	0.0
6.95276465E7	629.6025986396583	0.0
6.98869625E7	589.888821426162	36829.47621517871
7.02462785E7	484.60134358752657	0.0
7.06055945E7	643.1489722483162	0.0
7.09649105E7	371.8007651222532	36829.47621517871
7.13242265E7	686.6104066462615	0.0
7.16835425E7	663.4077726369153	0.0
7.20428585E7	758.3231324960698	36829.47621517871
7.24021745E7	10393.91528704747	0.0
7.27614905E7	1306.5169143409448	0.0
7.31208065E7	957.6023529411765	36829.47621517871
7.34801225E7	1952.7720851781573	0.0
7.38394385E7	895.5069118509826	0.0
7.41987545E7	2479.3276726508166	36829.47621517871
7.45580705E7	21723.11305488738	0.0
7.49173865E7	5243.928685897436	0.0
7.52767025E7	4606.051863857374	36829.47621517871
7.56360185E7	3947.453781512605	0.0
7.59953345E7	2012.5573463567557	0.0
7.63546505E7	12416.3372118078	36829.47621517871
7.67139665E7	1406.8870720098264	0.0
7.690225E7	299.79411764705884	0.0
7.7081908E7	2017.9096306068602	36829.47621517871
7.74325985E7	6785.529816513761	0.0
7.77919145E7	1372.9688319254296	0.0
7.81512305E7	4959.542682926829	36829.47621517871
7.85105465E7	2472.3343301435407	0.0
7.88698625E7	1985.4940683879972	0.0
7.92291785E7	1696.4370929929669	36829.47621517871
7.95884945E7	2037.1526350317079	0.0
7.99478105E7	1555.918995468278	0.0
8.03071265E7	10394.59407351838	36829.47621517871
8.06664425E7	2542.272975126882	0.0
8.10257585E7	554.799006704743	0.0
8.13850745E7	444.9904514567702	36829.47621517871
8.17443905E7	614.3945290950941	0.0
8.21037065E7	1119.5849282296651	0.0
8.24630225E7	583.7759272519324	36829.47621517871
8.28223385E7	666.2460367948294	0.0
8.31816545E7	676.5408670179836	0.0
8.35409705E7	445.5829036914828	36829.47621517871
8.39002865E7	476.5307361142931	0.0
8.42596025E7	555.5727080820266	0.0
8.46189185E7	480.88579486267435	36829.47621517871
8.49782345E7	626.5990482054012	0.0
8.53375505E7	399.2098304063571	0.0
8.56968665E7	589.8857679686673	36829.47621517871
8.60561825E7	837.6697232058183	0.0
8.64154985E7	527.45041809746	0.0
8.67748145E7	486.97132224773816	36829.47621517871
8.71341305E7	652.7072347843201	0.0
8.74934465E7	482.5154360280076	0.0
8.78527625E7	502.6987821463897	36829.47621517871
8.82120785E7	552.3557422836919	0.0
8.85713945E7	2113.0875463158127	0.0
8.89307105E7	1281.6921991249471	36829.47621517871
8.92900265E7	483.3810599257106	0.0
8.96493425E7	579.1770774924302	0.0
9.00086585E7	898.4104809300828	36829.47621517871
9.03679745E7	705.6805905155054	0.0
9.07272905E7	705.6554802156351	0.0
9.10866065E7	462.58585059657037	36829.47621517871
9.14459225E7	527.5354819363503	0.0
9.18052385E7	729.031209298287	0.0
9.21645545E7	576.8853791290888	36829.47621517871
9.25238705E7	467.09298811766683	0.0
9.28831865E7	449.5041746949261	0.0
9.32425025E7	691.3451259249747	36829.47621517871
9.36018185E7	796.4335204304952	0.0
9.39611345E7	587.0366064496092	0.0
9.43204505E7	534.6759876226816	36829.47621517871
9.46797665E7	581.3548145639892	0.0
9.50390825E7	1212.1186045340246	0.0
9.53983985E7	1013.5129061598294	36829.47621517871
9.57577145E7	561.0940904588973	0.0
9.61170305E7	678.9601146916592	0.0
9.64763465E7	892.9622069287298	36829.47621517871
9.68356625E7	797.847543449811	0.0
9.71949785E7	716.2580428579422	0.0
9.75542945E7	644.4845562675378	36829.47621517871
9.79136105E7	826.4791296244995	0.0
9.82729265E7	821.254038670796	0.0
9.86322425E7	949.7095395375948	36829.47621517871
9.89915585E7	897.1269909480309	0.0
9.93508745E7	557.5572500512801	0.0
9.97101905E7	714.3265561820149	36829.47621517871
1.000695065E8	690.0615331109193	0.0
1.004288225E8	445.95010113885115	0.0
1.007881385E8	517.4127741583166	36829.47621517871
1.011474545E8	594.2141984051532	0.0
1.015067705E8	605.1014953271028	0.0
1.018660865E8	417.1777419756905	36829.47621517871
1.022254025E8	671.1576141717927	0.0
1.025847185E8	503.1970142748175	0.0
1.029440345E8	518.8824507725317	36829.47621517871
1.033033505E8	1401.9687060263077	0.0
1.036626665E8	880.7347708160978	0.0
1.040219825E8	523.840541129208	36829.47621517871
1.043812985E8	646.071394907289	0.0
1.047406145E8	471.21813312647754	0.0
1.050999305E8	496.88320321073587	36829.47621517871
1.054592465E8	789.4923968982139	0.0
1.058185625E8	826.238558600179	0.0
1.061778785E8	444.2798686547107	36829.47621517871
1.065371945E8	533.0874449905239	0.0
1.068965105E8	730.5147933401322	0.0
1.072558265E8	828.307405188701	36829.47621517871
1.076151425E8	951.0492368109069	0.0
1.079744585E8	686.6208724978922	0.0
1.083337745E8	713.2169666042636	36829.47621517871
1.086930905E8	854.978055257002	0.0
1.089314775E8	523.8379972157483	0.0
1.091111355E8	502.502865415421	36829.47621517871
1.094117225E8	971.2118151815182	0.0
1.097710385E8	753.7607342753141	0.0
1.101303545E8	718.630647176681	36829.47621517871
1.10324175E8	440.1492699596148	0.0
1.10503833E8	1064.0201706221355	0.0
1.108489865E8	497.7151846669807	36829.47621517871
1.112083025E8	613.644185101318	0.0
1.115676185E8	674.5600526863536	0.0
1.119269345E8	477.9977020972486	36829.47621517871
1.122862505E8	563.9236365822861	0.0
1.126455665E8	562.4652440358941	0.0
1.130048825E8	1039.8938868889413	36829.47621517871
1.133641985E8	1267.3639569236634	0.0
1.137235145E8	740.515081901718	0.0
1.140828305E8	925.8736152126044	36829.47621517871
1.144421465E8	997.2170046514741	0.0
1.148014625E8	752.1719313023539	0.0
1.151607785E8	1153.0338044057764	36829.47621517871
1.155200945E8	532.5722308484857	0.0
1.158794105E8	567.6280523779868	0.0
1.162387265E8	524.5723781004967	36829.47621517871
1.165980425E8	615.8377081625717	0.0
1.169573585E8	686.5763613369467	0.0
1.173166745E8	580.3098761388674	36829.47621517871
1.176759905E8	637.6529687379983	0.0
1.180353065E8	537.3297843047269	0.0
1.183946225E8	603.540022019503	36829.47621517871
1.187539385E8	692.1742393329193	0.0
1.191132545E8	1245.843986458235	0.0
1.194725705E8	706.9815083488037	36829.47621517871
1.198318865E8	478.7308242445915	0.0
1.201912025E8	572.8663355408388	0.0
1.205505185E8	1444.3264036175917	36829.47621517871
1.209098345E8	712.4524747109826	0.0
1.212691505E8	866.5897601967616	0.0
1.216284665E8	581.0551439531373	36829.47621517871
1.219877825E8	645.1001514857254	0.0
1.223470985E8	409.2575619170151	0.0
1.227064145E8	1215.1607791683489	36829.47621517871
1.230657305E8	1149.0636537672638	0.0
1.234250465E8	508.052110817942	0.0
1.237843625E8	738.2965095407726	36829.47621517871
1.241436785E8	812.322983159583	0.0
1.245029945E8	800.2386853703616	0.0
1.248623105E8	1130.9139523027247	36829.47621517871
1.252216265E8	2081.12632460733	0.0
1.255809425E8	482.03389707417597	0.0
1.259402585E8	439.64585412976976	36829.47621517871
1.262995745E8	532.189501232336	0.0
1.266588905E8	637.7142109173594	0.0
1.270182065E8	574.6308607657337	36829.47621517871
1.273775225E8	1107.2169403066218	0.0
1.277368385E8	659.2610656458993	0.0
1.280961545E8	637.2711783312511	36829.47621517871
1.284554705E8	850.848337167141	0.0
1.288147865E8	561.5044851956211	0.0
1.291741025E8	1019.0941030748372	36829.47621517871
1.295334185E8	749.6385686574461	0.0
1.298927345E8	418.7597115549448	0.0
1.302520505E8	719.362951329399	36829.47621517871
1.306113665E8	610.674199765124	0.0
1.309706825E8	653.9252247235701	0.0
1.313299985E8	870.2342660022997	36829.47621517871
1.316893145E8	909.1347288545824	0.0
1.320486305E8	749.3586886973541	0.0
1.324079465E8	1512.6261168384879	36829.47621517871
1.327672625E8	535.7967467867257	0.0
1.331265785E8	1215.924909090909	0.0
1.334858945E8	554.5730239050777	36829.47621517871
1.337730805E8	1342.3944591029024	0.0
1.339527385E8	3660.3566137566136	0.0
1.342045265E8	15707.683220466517	36829.47621517871
1.345638425E8	36829.47621517871	0.0
1.349231585E8	16674.851738330854	0.0
1.352824745E8	3138.2883726443047	36829.47621517871
1.356417905E8	2201.901374194333	0.0
1.360011065E8	5686.966844681798	0.0
1.363604225E8	6786.620240480962	36829.47621517871
1.367197385E8	2187.900090826521	0.0
1.370790545E8	750.2553896958144	0.0
1.374033365E8	516.4866169372532	36829.47621517871
1.375577225E8	287.1104549785539	0.0
1.375927565E8	610.3429470372313	0.0
1.376371405E8	353.6914119359534	36829.47621517871
1.37699935E8	427.73541666666665	0.0
1.37786751E8	336.5073041168659	0.0
1.37868371E8	417.62613636363636	36829.47621517871
1.37942101E8	310.4639175257732	0.0
1.37980213E8	443.2074468085106	0.0
1.38019627E8	281.1709401709402	36829.47621517871
1.38089538E8	416.9145077720207	0.0
1.38156123E8	446.1501421800948	0.0
1.382206275E8	284.56962025316454	36829.47621517871
1.38280805E8	389.4225352112676	0.0
1.38323179E8	370.0	0.0
1.383484915E8	366.5	36829.47621517871
1.38384028E8	387.32142857142856	0.0
1.384312265E8	602.4782608695652	0.0
1.384772795E8	706.042372881356	36829.47621517871
1.38522045E8	519.7624750499002	0.0
1.385663025E8	286.0847076461769	0.0
1.38610046E8	1787.125	36829.47621517871
1.38651258E8	1002.9065420560747	0.0
1.386833775E8	504.256	0.0
1.387019305E8	303.1666666666667	36829.47621517871
1.38726341E8	0.0	0.0
1.387630385E8	661.6565217391304	0.0
1.3879854E8	542.4855857060107	36829.47621517871
1.3883298E8	322.95	0.0
1.388668195E8	321.4	0.0
1.389001375E8	1460.8423236514523	36829.47621517871
1.389325255E8	349.8569798402434	0.0
1.38963047E8	239.41666666666666	0.0
1.38991991E8	283.9189189189189	36829.47621517871
1.390198715E8	262.3333333333333	0.0
1.39044446E8	305.6041666666667	0.0
1.390581695E8	278.6666666666667	36829.47621517871
1.39074104E8	300.3478260869565	0.0
1.391000815E8	327.83216783216784	0.0
1.39125904E8	3117.721518987342	36829.47621517871
1.391516555E8	472.64646464646466	0.0
1.391772845E8	293.6338736724427	0.0
1.39202833E8	362.859375	36829.47621517871
1.39227853E8	207.0	0.0
1.392522945E8	382.01256281407035	0.0
1.392761035E8	0.0	36829.47621517871
1.392991635E8	0.0	0.0
1.393219065E8	283.38461538461536	0.0
1.39344169E8	275.677366255144	36829.47621517871
1.393656665E8	0.0	0.0
1.39386585E8	407.97769516728624	0.0
1.394057875E8	265.0	36829.47621517871
1.394157655E8	0.0	0.0
1.39426072E8	2341.181818181818	0.0
1.394433E8	137.0	36829.47621517871
1.394591395E8	360.8888888888889	0.0
1.39474609E8	0.0	0.0
1.394898515E8	255.0	36829.47621517871
1.39504877E8	287.94642857142856	0.0
1.39519712E8	266.6	0.0
1.39534307E8	0.0	36829.47621517871
1.39548658E8	265.25	0.0
1.395628065E8	461.15	0.0
1.395768695E8	364.4	36829.47621517871
1.395908865E8	375.0	0.0
1.396048595E8	318.0	0.0
1.39618797E8	187.0	36829.47621517871
1.396327175E8	322.0	0.0
1.39646447E8	0.0	0.0
1.39659998E8	299.0421686746988	36829.47621517871
1.39673523E8	0.0	0.0
1.39687001E8	318.46666666666664	0.0
1.39700456E8	305.44444444444446	36829.47621517871
1.397138915E8	0.0	0.0
1.397272965E8	0.0	0.0
1.39740652E8	253.14285714285714	36829.47621517871
1.397539385E8	0.0	0.0
1.397671835E8	0.0	0.0
1.397738625E8	0.0	36829.47621517871
1.39780441E8	407.43548387096774	0.0
1.397935115E8	325.0	0.0
1.39806605E8	0.0	36829.47621517871
1.398195725E8	299.0041841004184	0.0
1.398324245E8	0.0	0.0
1.39845262E8	230.0	36829.47621517871
1.398580325E8	251.25	0.0
1.3987073E8	365.5	0.0
1.398833975E8	0.0	36829.47621517871
1.398960405E8	325.4108527131783	0.0
1.399086725E8	0.0	0.0
1.399212565E8	272.3333333333333	36829.47621517871
1.39933781E8	393.89881494986327	0.0
1.39946267E8	286.0	0.0
1.399587085E8	299.4166666666667	36829.47621517871
1.399711325E8	0.0	0.0
1.39983544E8	235.6	0.0
1.399959275E8	299.395	36829.47621517871
1.400082885E8	243.57142857142858	0.0
1.40020559E8	0.0	0.0
1.400327265E8	321.0	36829.47621517871
1.400448715E8	0.0	0.0
1.4005699E8	0.0	0.0
1.400690545E8	0.0	36829.47621517871
1.40081085E8	338.8	0.0
1.400930995E8	234.26666666666668	0.0
1.40105101E8	258.0	36829.47621517871
1.40117094E8	315.8333333333333	0.0
1.401281635E8	0.0	0.0
1.40134155E8	0.0	36829.47621517871
1.401410485E8	280.58288770053474	0.0
1.40153003E8	311.14285714285717	0.0
1.40164882E8	0.0	36829.47621517871
1.40176667E8	312.0	0.0
1.4018842E8	447.70958083832335	0.0
1.40200076E8	288.2439024390244	36829.47621517871
1.402116215E8	0.0	0.0
1.402231315E8	237.33333333333334	0.0
1.402345955E8	0.0	36829.47621517871
1.402459205E8	0.0	0.0
1.402571045E8	0.0	0.0
1.402682415E8	0.0	36829.47621517871
1.4027885E8	310.56347826086954	0.0
1.40288828E8	331.6666666666667	0.0
1.402984445E8	0.0	36829.47621517871
1.40307799E8	0.0	0.0
1.403166425E8	281.3333333333333	0.0
1.40324819E8	0.0	36829.47621517871
1.403326835E8	268.85714285714283	0.0
1.403402015E8	0.0	0.0
1.4034742E8	0.0	36829.47621517871
1.40354483E8	239.0	0.0
1.403614525E8	306.4342105263158	0.0
1.403683705E8	280.4255319148936	36829.47621517871
1.403752505E8	283.70175438596493	0.0
1.403821105E8	347.0	0.0
1.40388953E8	260.75	36829.47621517871
1.403957145E8	0.0	0.0
1.404023365E8	274.25	0.0
1.404088075E8	0.0	36829.47621517871
1.404151525E8	227.55555555555554	0.0
1.40421418E8	321.3666666666667	0.0
1.40427633E8	299.86503067484665	36829.47621517871
1.404337675E8	252.83333333333334	0.0
1.404398365E8	0.0	0.0
1.40445888E8	273.76271186440675	36829.47621517871
1.404519085E8	0.0	0.0
1.404579005E8	298.2352941176471	0.0
1.404638765E8	471.6551724137931	36829.47621517871
1.404698365E8	289.625	0.0
1.4047577E8	258.77777777777777	0.0
1.40481673E8	265.609477124183	36829.47621517871
1.404875345E8	0.0	0.0
1.404915035E8	0.0	0.0
1.404943895E8	196.0	36829.47621517871
1.404990715E8	0.0	0.0
1.405047025E8	339.985076810534	0.0
1.40510262E8	0.0	36829.47621517871
1.405157995E8	261.96774193548384	0.0
1.40521292E8	274.125	0.0
1.40526756E8	320.1602434077079	36829.47621517871
1.40532181E8	0.0	0.0
1.40537566E8	286.44462025316454	0.0
1.405429375E8	327.0	36829.47621517871
1.405482795E8	425.0	0.0
1.40553603E8	0.0	0.0
1.405589225E8	270.0	36829.47621517871
1.40564221E8	0.0	0.0
1.405694775E8	298.0	0.0
1.40574688E8	302.0	36829.47621517871
1.405798735E8	330.0	0.0
1.405850135E8	261.5	0.0
1.40590093E8	0.0	36829.47621517871
1.405951535E8	0.0	0.0
1.40600212E8	0.0	0.0
1.406052535E8	0.0	36829.47621517871
1.406102665E8	277.9642857142857	0.0
1.406152645E8	0.0	0.0
1.406202595E8	245.125	36829.47621517871
1.406252495E8	0.0	0.0
1.40630226E8	0.0	0.0
1.40635179E8	0.0	36829.47621517871
1.40640115E8	0.0	0.0
1.4064504E8	0.0	0.0
1.4064995E8	298.2316602316602	36829.47621517871
1.406548455E8	0.0	0.0
1.40659729E8	296.6060606060606	0.0
1.40664601E8	268.0	36829.47621517871
1.406694435E8	0.0	0.0
1.40674261E8	0.0	0.0
1.40679061E8	313.875	36829.47621517871
1.40683806E8	0.0	0.0
1.40688509E8	0.0	0.0
1.406931635E8	0.0	36829.47621517871
1.40697758E8	0.0	0.0
1.40702335E8	323.0	0.0
1.40706898E8	0.0	36829.47621517871
1.40711432E8	0.0	0.0
1.40715925E8	367.6	0.0
1.40720393E8	355.42857142857144	36829.47621517871
1.407248515E8	0.0	0.0
1.407292955E8	228.33333333333334	0.0
1.407337135E8	0.0	36829.47621517871
1.40738111E8	0.0	0.0
1.40742499E8	0.0	0.0
1.407468785E8	0.0	36829.47621517871
1.40751256E8	0.0	0.0
1.407556295E8	331.0	0.0
1.40759995E8	299.0	36829.47621517871
1.407643435E8	219.66666666666666	0.0
1.407686665E8	278.54761904761904	0.0
1.407729765E8	267.84375	36829.47621517871
1.40777284E8	0.0	0.0
1.40781584E8	297.03791737408034	0.0
1.40785876E8	324.5210280373832	36829.47621517871
1.40790157E8	0.0	0.0
1.407944295E8	229.0	0.0
1.407986935E8	289.0	36829.47621517871
1.40802937E8	0.0	0.0
1.40807165E8	252.0	0.0
1.408113885E8	0.0	36829.47621517871
1.408156105E8	286.72727272727275	0.0
1.408198225E8	448.25396825396825	0.0
1.40824022E8	285.0	36829.47621517871
1.408282145E8	319.14285714285717	0.0
1.408324E8	204.2	0.0
1.408365825E8	0.0	36829.47621517871
1.40840755E8	0.0	0.0
1.408449115E8	304.0	0.0
1.40849054E8	0.0	36829.47621517871
1.40851497E8	0.0	0.0
1.408535395E8	0.0	0.0
1.40857247E8	0.0	36829.47621517871
1.408613235E8	0.0	0.0
1.40865389E8	325.630303030303	0.0
1.408694335E8	0.0	36829.47621517871
1.40873455E8	0.0	0.0
1.408774675E8	0.0	0.0
1.408814765E8	389.0	36829.47621517871
1.40885475E8	259.42857142857144	0.0
1.408894625E8	386.6666666666667	0.0
1.408934395E8	256.42857142857144	36829.47621517871
1.408974065E8	0.0	0.0
1.409013685E8	426.96153846153845	0.0
1.409053235E8	307.54237288135596	36829.47621517871
1.40909269E8	0.0	0.0
1.409132055E8	0.0	0.0
1.409171345E8	0.0	36829.47621517871
1.409210595E8	331.3333333333333	0.0
1.40924982E8	0.0	0.0
1.40928899E8	0.0	36829.47621517871
1.40932812E8	0.0	0.0
1.409367215E8	296.0	0.0
1.4094061E8	0.0	36829.47621517871
1.409444775E8	297.84375	0.0
1.409483385E8	315.981718464351	0.0
1.409521765E8	0.0	36829.47621517871
1.40955989E8	303.48275862068965	0.0
1.409597955E8	0.0	0.0
1.409636015E8	0.0	36829.47621517871
1.40967392E8	0.0	0.0
1.40971157E8	276.4	0.0
1.40974907E8	0.0	36829.47621517871
1.40978648E8	0.0	0.0
1.409823815E8	298.0	0.0
1.40986105E8	253.14285714285714	36829.47621517871
1.409898215E8	274.9	0.0
1.40993536E8	269.0	0.0
1.409972465E8	0.0	36829.47621517871
1.41000941E8	0.0	0.0
1.410046115E8	246.78947368421052	0.0
1.410082665E8	300.3333333333333	36829.47621517871
1.41011916E8	261.0	0.0
1.410155645E8	0.0	0.0
1.410192115E8	0.0	36829.47621517871
1.410228535E8	340.25	0.0
1.410264835E8	347.0	0.0
1.410301055E8	0.0	36829.47621517871
1.41033718E8	308.375	0.0
1.41037321E8	298.0	0.0
1.410409235E8	296.0	36829.47621517871
1.41044521E8	0.0	0.0
1.410481085E8	0.0	0.0
1.410516865E8	0.0	36829.47621517871
1.41055252E8	347.7142857142857	0.0
1.410588075E8	294.8014184397163	0.0
1.41062361E8	164.5	36829.47621517871
1.41065914E8	0.0	0.0
1.41069467E8	292.94736842105266	0.0
1.41073012E8	287.1515151515151	36829.47621517871
1.41076544E8	0.0	0.0
1.41080071E8	0.0	0.0
1.41083596E8	0.0	36829.47621517871
1.41087117E8	0.0	0.0
1.41090628E8	0.0	0.0
1.410941305E8	300.7227626459144	36829.47621517871
1.41097631E8	319.5111111111111	0.0
1.411011295E8	0.0	0.0
1.411046235E8	302.7	36829.47621517871
1.411081075E8	0.0	0.0
1.41111585E8	0.0	0.0
1.4111506E8	0.0	36829.47621517871
1.411185295E8	284.8076923076923	0.0
1.41121994E8	256.5	0.0
1.411254545E8	338.1923076923077	36829.47621517871
1.411289005E8	0.0	0.0
1.411323185E8	354.0	0.0
1.411357175E8	0.0	36829.47621517871
1.4113911E8	361.0	0.0
1.411424975E8	0.0	0.0
1.41145878E8	364.4166666666667	36829.47621517871
1.411492525E8	310.2702573879886	0.0
1.41152626E8	323.14285714285717	0.0
1.41155995E8	0.0	36829.47621517871
1.411593515E8	280.0	0.0
1.41162699E8	388.0	0.0
1.41166043E8	249.33333333333334	36829.47621517871
1.4116937E8	0.0	0.0
1.411726805E8	0.0	0.0
1.411759855E8	0.0	36829.47621517871
1.41179286E8	0.0	0.0
1.411825805E8	0.0	0.0
1.411858675E8	266.77777777777777	36829.47621517871
1.41189148E8	0.0	0.0
1.41192424E8	0.0	0.0
1.411956955E8	277.5	36829.47621517871
1.411989605E8	236.6	0.0
1.41202221E8	159.0	0.0
1.4120548E8	342.7681741009415	36829.47621517871
1.412087365E8	0.0	0.0
1.41210776E8	0.0	0.0
1.41212402E8	0.0	36829.47621517871
1.412152325E8	0.0	0.0
1.41218463E8	189.0	0.0
1.41221688E8	309.75	36829.47621517871
1.412249085E8	272.81176470588235	0.0
1.41228124E8	454.81111111111113	0.0
1.41231335E8	0.0	36829.47621517871
1.412345425E8	335.0	0.0
1.41237746E8	0.0	0.0
1.41240947E8	265.25	36829.47621517871
1.41244146E8	0.0	0.0
1.412473425E8	345.85714285714283	0.0
1.41250538E8	283.524374460742	36829.47621517871
1.412537305E8	296.1983621474067	0.0
1.412569125E8	0.0	0.0
1.41260086E8	259.0	36829.47621517871
1.41263258E8	0.0	0.0
1.412664245E8	0.0	0.0
1.41269585E8	0.0	36829.47621517871
1.41272743E8	0.0	0.0
1.412758995E8	0.0	0.0
1.412790545E8	298.0769230769231	36829.47621517871
1.412822035E8	0.0	0.0
1.4128534E8	321.3693379790941	0.0
1.41288466E8	0.0	36829.47621517871
1.41291589E8	0.0	0.0
1.412947105E8	0.0	0.0
1.412978215E8	326.0	36829.47621517871
1.413009225E8	0.0	0.0
1.413040225E8	256.1666666666667	0.0
1.41307117E8	0.0	36829.47621517871
1.41310204E8	274.54545454545456	0.0
1.413132865E8	0.0	0.0
1.413163665E8	96.75	36829.47621517871
1.41319445E8	261.4074074074074	0.0
1.413225215E8	0.0	0.0
1.41325596E8	0.0	36829.47621517871
1.41328669E8	279.4	0.0
1.41331738E8	0.0	0.0
1.413348E8	0.0	36829.47621517871
1.413378585E8	267.6791277258567	0.0
1.413409105E8	331.45454545454544	0.0
1.413439555E8	0.0	36829.47621517871
1.41346999E8	0.0	0.0
1.41350033E8	0.0	0.0
1.413530575E8	2201.0	36829.47621517871
1.41356076E8	0.0	0.0
1.413590875E8	0.0	0.0
1.41362097E8	0.0	36829.47621517871
1.413651025E8	0.0	0.0
1.41368103E8	584.6666666666666	0.0
1.41371102E8	256.2	36829.47621517871
1.413740995E8	308.125	0.0
1.41377093E8	256.0	0.0
1.413800805E8	269.4	36829.47621517871
1.413830635E8	295.8888888888889	0.0
1.413860455E8	288.25	0.0
1.41389022E8	329.625	36829.47621517871
1.413919895E8	0.0	0.0
1.4139495E8	0.0	0.0
1.413979065E8	0.0	36829.47621517871
1.41400857E8	0.0	0.0
1.41403801E8	0.0	0.0
1.41406741E8	294.6666666666667	36829.47621517871
1.41409678E8	0.0	0.0
1.414126105E8	0.0	0.0
1.41415538E8	290.06201550387595	36829.47621517871
1.414184645E8	0.0	0.0
1.414213895E8	300.0	0.0
1.414243125E8	322.12175324675326	36829.47621517871
1.414272345E8	288.7142857142857	0.0
1.41430155E8	0.0	0.0
1.414330725E8	0.0	36829.47621517871
1.414359875E8	278.1578947368421	0.0
1.414389E8	239.27272727272728	0.0
1.414418105E8	350.0	36829.47621517871
1.41444718E8	297.319587628866	0.0
1.414476225E8	295.8392857142857	0.0
1.41450526E8	0.0	36829.47621517871
1.41453427E8	339.63510791366906	0.0
1.41456323E8	206.0	0.0
1.41459214E8	258.0	36829.47621517871
1.414621005E8	254.59259259259258	0.0
1.414649835E8	327.2720848056537	0.0
1.414678655E8	219.33333333333334	36829.47621517871
1.414707475E8	302.0	0.0
1.41473629E8	350.6666666666667	0.0
1.41476508E8	345.0	36829.47621517871
1.414793845E8	291.04761904761904	0.0
1.41482258E8	0.0	0.0
1.414851235E8	0.0	36829.47621517871
1.414879835E8	0.0	0.0
1.414908425E8	0.0	0.0
1.41493699E8	287.1666666666667	36829.47621517871
1.41496551E8	317.4988258973499	0.0
1.414993995E8	0.0	0.0
1.415022465E8	0.0	36829.47621517871
1.415050915E8	341.0	0.0
1.41507934E8	0.0	0.0
1.415107725E8	300.0	36829.47621517871
1.415136075E8	0.0	0.0
1.41516441E8	0.0	0.0
1.415192725E8	0.0	36829.47621517871
1.41522102E8	0.0	0.0
1.415249305E8	369.4	0.0
1.41527757E8	241.71428571428572	36829.47621517871
1.41530581E8	0.0	0.0
1.415334035E8	0.0	0.0
1.415362255E8	0.0	36829.47621517871
1.415390465E8	0.0	0.0
1.41541866E8	233.0	0.0
1.41544683E8	302.9171270718232	36829.47621517871
1.415474975E8	0.0	0.0
1.4155031E8	0.0	0.0
1.415531175E8	0.0	36829.47621517871
1.41555919E8	308.25531914893617	0.0
1.415587165E8	258.0	0.0
1.41561512E8	0.0	36829.47621517871
1.41564307E8	357.6666666666667	0.0
1.415671015E8	0.0	0.0
1.415695015E8	296.19251336898395	36829.47621517871
1.41570898E8	280.64285714285717	0.0
1.41572688E8	0.0	0.0
1.4157548E8	0.0	36829.47621517871
1.415782705E8	301.6363636363636	0.0
1.415810595E8	0.0	0.0
1.41583847E8	291.26666666666665	36829.47621517871
1.415866325E8	0.0	0.0
1.41589416E8	327.48955773955777	0.0
1.41592198E8	0.0	36829.47621517871
1.41594971E8	267.6	0.0
1.415977345E8	275.7142857142857	0.0
1.41600491E8	0.0	36829.47621517871
1.416032415E8	0.0	0.0
1.41605989E8	346.75	0.0
1.416087335E8	0.0	36829.47621517871
1.416114735E8	0.0	0.0
1.41614208E8	201.0	0.0
1.416169385E8	292.49910873440285	36829.47621517871
1.41619657E8	329.4571129707113	0.0
1.416223655E8	0.0	0.0
1.41625071E8	211.0	36829.47621517871
1.416277715E8	0.0	0.0
1.41630469E8	0.0	0.0
1.416331645E8	323.9061522419187	36829.47621517871
1.41635856E8	0.0	0.0
1.416385445E8	246.5	0.0
1.416412325E8	0.0	36829.47621517871
1.416439195E8	266.15	0.0
1.41646598E8	518.0645161290323	0.0
1.416492685E8	0.0	36829.47621517871
1.41651938E8	289.06666666666666	0.0
1.416546065E8	0.0	0.0
1.41657273E8	296.3192307692308	36829.47621517871
1.416599375E8	0.0	0.0
1.41662593E8	288.2093023255814	0.0
1.416652385E8	0.0	36829.47621517871
1.416678815E8	315.586038961039	0.0
1.41670523E8	0.0	0.0
1.41673163E8	0.0	36829.47621517871
1.41675801E8	0.0	0.0
1.416784375E8	291.4782608695652	0.0
1.41681073E8	0.0	36829.47621517871
1.41683705E8	242.0	0.0
1.416863335E8	272.5	0.0
1.416889605E8	216.0	36829.47621517871
1.416915825E8	0.0	0.0
1.416942E8	0.0	0.0
1.416968145E8	0.0	36829.47621517871
1.41699426E8	0.0	0.0
1.41702034E8	0.0	0.0
1.41704638E8	0.0	36829.47621517871
1.41707241E8	247.5	0.0
1.41709838E8	0.0	0.0
1.417124275E8	283.0	36829.47621517871
1.417150135E8	0.0	0.0
1.41717597E8	0.0	0.0
1.41720177E8	0.0	36829.47621517871
1.41722754E8	0.0	0.0
1.417253305E8	0.0	0.0
1.41727906E8	308.14285714285717	36829.47621517871
1.41730481E8	0.0	0.0
1.41733056E8	243.16666666666666	0.0
1.417356305E8	310.3076923076923	36829.47621517871
1.417382025E8	0.0	0.0
1.4174077E8	0.0	0.0
1.41743333E8	0.0	36829.47621517871
1.41745892E8	0.0	0.0
1.417484485E8	0.0	0.0
1.41751004E8	256.5192307692308	36829.47621517871
1.41753556E8	273.6666666666667	0.0
1.41756104E8	420.97217806041334	0.0
1.41758648E8	258.0	36829.47621517871
1.41761189E8	234.0	0.0
1.417637275E8	0.0	0.0
1.4176626E8	0.0	36829.47621517871
1.41768789E8	0.0	0.0
1.417713145E8	0.0	0.0
1.41773836E8	289.0425531914894	36829.47621517871
1.41776357E8	0.0	0.0
1.417788775E8	0.0	0.0
1.417813975E8	260.0	36829.47621517871
1.41783916E8	298.8264462809917	0.0
1.417864325E8	0.0	0.0
1.41788946E8	253.6086956521739	36829.47621517871
1.41791457E8	0.0	0.0
1.417939675E8	0.0	0.0
1.417964765E8	244.0	36829.47621517871
1.41798983E8	0.0	0.0
1.418014855E8	0.0	0.0
1.41803981E8	294.0223880597015	36829.47621517871
1.4180647E8	306.0	0.0
1.41808953E8	786.0	0.0
1.41811431E8	310.95942408376965	36829.47621517871
1.418139075E8	287.5925925925926	0.0
1.41816383E8	0.0	0.0
1.41818857E8	0.0	36829.47621517871
1.418213285E8	0.0	0.0
1.418237955E8	0.0	0.0
1.41826259E8	332.1578947368421	36829.47621517871
1.418287215E8	314.25	0.0
1.41831178E8	233.0	0.0
1.41833627E8	346.25	36829.47621517871
1.418360715E8	0.0	0.0
1.41838512E8	0.0	0.0
1.418409505E8	271.8837209302326	36829.47621517871
1.418433885E8	0.0	0.0
1.418458265E8	299.99415204678365	0.0
1.41848263E8	0.0	36829.47621517871
1.418506975E8	0.0	0.0
1.418531305E8	0.0	0.0
1.41855562E8	0.0	36829.47621517871
1.41857992E8	290.7	0.0
1.418604205E8	286.5	0.0
1.41862847E8	0.0	36829.47621517871
1.41865272E8	0.0	0.0
1.41867695E8	0.0	0.0
1.41870116E8	311.2631578947368	36829.47621517871
1.418725365E8	0.0	0.0
1.41874956E8	0.0	0.0
1.41877374E8	0.0	36829.47621517871
1.41879789E8	0.0	0.0
1.418822015E8	0.0	0.0
1.418846075E8	0.0	36829.47621517871
1.418870045E8	0.0	0.0
1.418893965E8	313.16326530612247	0.0
1.418917865E8	0.0	36829.47621517871
1.41894176E8	0.0	0.0
1.41896563E8	0.0	0.0
1.41898948E8	0.0	36829.47621517871
1.41901333E8	295.81159420289856	0.0
1.419037175E8	332.91582278481013	0.0
1.41906101E8	287.6875	36829.47621517871
1.41908484E8	290.60787992495307	0.0
1.419108665E8	0.0	0.0
1.41913248E8	0.0	36829.47621517871
1.41915629E8	303.7967498822421	0.0
1.41918009E8	292.91052631578947	0.0
1.41920388E8	331.14285714285717	36829.47621517871
1.419227665E8	0.0	0.0
1.41925143E8	182.0	0.0
1.419275165E8	0.0	36829.47621517871
1.419292615E8	275.02564102564105	0.0
1.41930446E8	0.0	0.0
1.419322555E8	0.0	36829.47621517871
1.419346225E8	0.0	0.0
1.41936987E8	0.0	0.0
1.41939347E8	0.0	36829.47621517871
1.41941703E8	370.3333333333333	0.0
1.419440575E8	0.0	0.0
1.41946411E8	0.0	36829.47621517871
1.419487635E8	0.0	0.0
1.419511115E8	0.0	0.0
1.419534545E8	0.0	36829.47621517871
1.419557965E8	349.63235294117646	0.0
1.41958135E8	0.0	0.0
1.419604675E8	230.23076923076923	36829.47621517871
1.419627965E8	0.0	0.0
1.419651245E8	321.09102244389027	0.0
1.419674515E8	307.5135571336346	36829.47621517871
1.41969777E8	0.0	0.0
1.419721005E8	0.0	0.0
1.419744205E8	207.0	36829.47621517871
1.41976738E8	0.0	0.0
1.419790505E8	312.4	0.0
1.41981358E8	0.0	36829.47621517871
1.419836635E8	297.494623655914	0.0
1.41985967E8	270.68831168831167	0.0
1.41988266E8	307.8235294117647	36829.47621517871
1.4199056E8	0.0	0.0
1.41992852E8	227.0	0.0
1.41995142E8	0.0	36829.47621517871
1.4199743E8	0.0	0.0
1.419997165E8	0.0	0.0
1.420020015E8	285.0	36829.47621517871
1.42004285E8	0.0	0.0
1.420065675E8	0.0	0.0
1.42008845E8	0.0	36829.47621517871
1.420111165E8	349.258064516129	0.0
1.42013386E8	0.0	0.0
1.420156535E8	0.0	36829.47621517871
1.42017916E8	0.0	0.0
1.42020175E8	0.0	0.0
1.42022431E8	0.0	36829.47621517871
1.420246815E8	0.0	0.0
1.42026929E8	0.0	0.0
1.42029171E8	0.0	36829.47621517871
1.420314065E8	0.0	0.0
1.420336395E8	277.6	0.0
1.420358715E8	305.28979591836736	36829.47621517871
1.420381015E8	0.0	0.0
1.42040329E8	323.2	0.0
1.42042554E8	292.0	36829.47621517871
1.42044776E8	0.0	0.0
1.420469965E8	0.0	0.0
1.42049215E8	0.0	36829.47621517871
1.420514315E8	0.0	0.0
1.420536445E8	0.0	0.0
1.42055854E8	0.0	36829.47621517871
1.42058062E8	259.0	0.0
1.420602685E8	293.23	0.0
1.42062474E8	198.0	36829.47621517871
1.42064677E8	1624.0	0.0
1.420668775E8	0.0	0.0
1.420690765E8	0.0	36829.47621517871
1.420712745E8	0.0	0.0
1.420734715E8	0.0	0.0
1.420756655E8	0.0	36829.47621517871
1.420778565E8	291.5977653631285	0.0
1.42080046E8	0.0	0.0
1.42082235E8	0.0	36829.47621517871
1.42084423E8	0.0	0.0
1.42086609E8	0.0	0.0
1.4208879E8	0.0	36829.47621517871
1.420909665E8	0.0	0.0
1.42093141E8	0.0	0.0
1.420953105E8	0.0	36829.47621517871
1.42097474E8	0.0	0.0
1.42099635E8	0.0	0.0
1.42101794E8	265.3333333333333	36829.47621517871
1.42103946E8	0.0	0.0
1.42106089E8	0.0	0.0
1.421082245E8	0.0	36829.47621517871
1.42110355E8	0.0	0.0
1.421124825E8	0.0	0.0
1.421146075E8	246.0	36829.47621517871
1.421167315E8	414.90625	0.0
1.42118853E8	292.4117647058824	0.0
1.42120971E8	344.14285714285717	36829.47621517871
1.421230865E8	0.0	0.0
1.421252E8	0.0	0.0
1.42127313E8	0.0	36829.47621517871
1.42129426E8	0.0	0.0
1.421315385E8	0.0	0.0
1.42133649E8	0.0	36829.47621517871
1.421357575E8	0.0	0.0
1.42137864E8	0.0	0.0
1.42139969E8	298.6666666666667	36829.47621517871
1.42142073E8	0.0	0.0
1.421441755E8	356.0	0.0
1.421462745E8	0.0	36829.47621517871
1.421483705E8	0.0	0.0
1.421504655E8	0.0	0.0
1.421525595E8	0.0	36829.47621517871
1.421546525E8	316.375	0.0
1.421567435E8	282.7647058823529	0.0
1.42158833E8	0.0	36829.47621517871
1.421609215E8	243.33333333333334	0.0
1.42163009E8	230.89473684210526	0.0
1.42165096E8	283.25	36829.47621517871
1.421671825E8	0.0	0.0
1.421692675E8	0.0	0.0
1.4217135E8	298.35714285714283	36829.47621517871
1.4217343E8	0.0	0.0
1.42175509E8	0.0	0.0
1.421775875E8	0.0	36829.47621517871
1.421796645E8	282.5	0.0
1.421817365E8	0.0	0.0
1.421838025E8	289.9712460063898	36829.47621517871
1.42185866E8	0.0	0.0
1.42187929E8	335.16346153846155	0.0
1.421899915E8	289.5	36829.47621517871
1.421920525E8	0.0	0.0
1.421941125E8	0.0	0.0
1.421961725E8	208.5	36829.47621517871
1.42198232E8	310.6666666666667	0.0
1.422002865E8	416.6666666666667	0.0
1.422023345E8	0.0	36829.47621517871
1.422043795E8	0.0	0.0
1.42206423E8	0.0	0.0
1.42208462E8	0.0	36829.47621517871
1.42210496E8	0.0	0.0
1.42212529E8	0.0	0.0
1.422145605E8	0.0	36829.47621517871
1.42216589E8	271.7142857142857	0.0
1.42218613E8	0.0	0.0
1.422206335E8	0.0	36829.47621517871
1.42222652E8	0.0	0.0
1.422246675E8	0.0	0.0
1.422266795E8	0.0	36829.47621517871
1.42228689E8	0.0	0.0
1.422306975E8	297.1666666666667	0.0
1.422327045E8	0.0	36829.47621517871
1.422347105E8	0.0	0.0
1.42236716E8	419.25	0.0
1.42238721E8	238.625	36829.47621517871
1.422407225E8	0.0	0.0
1.422427205E8	255.0	0.0
1.422447185E8	231.0	36829.47621517871
1.42246715E8	0.0	0.0
1.42248709E8	0.0	0.0
1.422507005E8	0.0	36829.47621517871
1.422526905E8	292.49612403100775	0.0
1.422546795E8	349.0	0.0
1.422566665E8	0.0	36829.47621517871
1.422586525E8	0.0	0.0
1.422606355E8	0.0	0.0
1.422626145E8	263.0	36829.47621517871
1.422645915E8	228.0	0.0
1.422665675E8	0.0	0.0
1.42268543E8	303.0	36829.47621517871
1.422705175E8	235.4	0.0
1.422724895E8	0.0	0.0
1.422744575E8	261.0	36829.47621517871
1.422764235E8	0.0	0.0
1.422783895E8	0.0	0.0
1.422803545E8	0.0	36829.47621517871
1.42282318E8	0.0	0.0
1.422842805E8	232.33333333333334	0.0
1.422862425E8	274.5	36829.47621517871
1.4228818E8	201.8	0.0
1.42289161E8	0.0	0.0
1.42290166E8	0.0	36829.47621517871
1.42292127E8	0.0	0.0
1.42294088E8	0.0	0.0
1.422960465E8	0.0	36829.47621517871
1.422980025E8	362.2518518518518	0.0
1.42299954E8	0.0	0.0
1.42301901E8	314.0833333333333	36829.47621517871
1.42303848E8	310.0	0.0
1.423057945E8	0.0	0.0
1.4230774E8	246.0	36829.47621517871
1.423096845E8	0.0	0.0
1.42311628E8	272.3333333333333	0.0
1.42313569E8	0.0	36829.47621517871
1.423155065E8	270.6666666666667	0.0
1.423174425E8	0.0	0.0
1.42319378E8	0.0	36829.47621517871
1.42321312E8	307.0	0.0
1.42323245E8	348.14285714285717	0.0
1.42325177E8	0.0	36829.47621517871
1.42327107E8	302.27272727272725	0.0
1.423290355E8	0.0	0.0
1.423309635E8	360.0	36829.47621517871
1.42332891E8	0.0	0.0
1.423348175E8	323.7391304347826	0.0
1.423367435E8	0.0	36829.47621517871
1.423386685E8	0.0	0.0
1.423405905E8	0.0	0.0
1.42342509E8	303.0	36829.47621517871
1.423444255E8	0.0	0.0
1.423463415E8	0.0	0.0
1.42348253E8	282.0	36829.47621517871
1.423501595E8	0.0	0.0
1.42352065E8	317.0	0.0
1.423539695E8	0.0	36829.47621517871
1.42355873E8	0.0	0.0
1.42357776E8	0.0	0.0
1.42359679E8	211.0	36829.47621517871
1.423615815E8	0.0	0.0
1.42363483E8	223.0	0.0
1.423653835E8	0.0	36829.47621517871
1.423672835E8	0.0	0.0
1.42369183E8	0.0	0.0
1.4237108E8	0.0	36829.47621517871
1.42372975E8	0.0	0.0
1.42374869E8	0.0	0.0
1.42376761E8	0.0	36829.47621517871
1.423786515E8	0.0	0.0
1.423805415E8	292.67816091954023	0.0
1.423824305E8	229.125	36829.47621517871
1.423843155E8	204.0	0.0
1.423861925E8	0.0	0.0
1.423880645E8	0.0	36829.47621517871
1.42389936E8	0.0	0.0
1.423918065E8	0.0	0.0
1.423936765E8	0.0	36829.47621517871
1.42395546E8	354.5	0.0
1.42397415E8	0.0	0.0
1.42399284E8	0.0	36829.47621517871
1.424011525E8	0.0	0.0
1.42403019E8	0.0	0.0
1.42404883E8	318.20711258522203	36829.47621517871
1.42406746E8	0.0	0.0
1.424086055E8	0.0	0.0
1.424104605E8	277.0	36829.47621517871
1.42412313E8	0.0	0.0
1.42414163E8	0.0	0.0
1.42416009E8	0.0	36829.47621517871
1.42417852E8	0.0	0.0
1.42419695E8	0.0	0.0
1.42421538E8	0.0	36829.47621517871
1.424233805E8	0.0	0.0
1.42425222E8	0.0	0.0
1.42427063E8	0.0	36829.47621517871
1.424288995E8	0.0	0.0
1.424307315E8	0.0	0.0
1.424325625E8	0.0	36829.47621517871
1.42434392E8	0.0	0.0
1.42436221E8	0.0	0.0
1.424380485E8	166.0	36829.47621517871
1.42439871E8	285.0	0.0
1.424416895E8	0.0	0.0
1.424435075E8	0.0	36829.47621517871
1.42445323E8	0.0	0.0
1.42447136E8	0.0	0.0
1.424489455E8	0.0	36829.47621517871
1.4245075E8	0.0	0.0
1.424525525E8	0.0	0.0
1.42454354E8	269.85714285714283	36829.47621517871
1.424561545E8	0.0	0.0
1.424579545E8	277.25	0.0
1.424597535E8	0.0	36829.47621517871
1.42461551E8	0.0	0.0
1.42463346E8	0.0	0.0
1.424651385E8	0.0	36829.47621517871
1.42466928E8	0.0	0.0
1.424687145E8	0.0	0.0
1.424705E8	0.0	36829.47621517871
1.42472285E8	353.75	0.0
1.424740655E8	0.0	0.0
1.42475841E8	0.0	36829.47621517871
1.42477616E8	301.27777777777777	0.0
1.42479391E8	367.0	0.0
1.424811635E8	0.0	36829.47621517871
1.42482933E8	0.0	0.0
1.424847005E8	323.3151125401929	0.0
1.42486464E8	0.0	36829.47621517871
1.424882225E8	254.66666666666666	0.0
1.424899775E8	291.05	0.0
1.4249173E8	311.6666666666667	36829.47621517871
1.42493479E8	0.0	0.0
1.42495226E8	0.0	0.0
1.42496973E8	0.0	36829.47621517871
1.42498718E8	0.0	0.0
1.4250046E8	0.0	0.0
1.425021995E8	834.75	36829.47621517871
1.42503937E8	0.0	0.0
1.425056725E8	0.0	0.0
1.42507406E8	310.0	36829.47621517871
1.425091385E8	147.0	0.0
1.425108685E8	302.0	0.0
1.425125945E8	0.0	36829.47621517871
1.425143185E8	282.0	0.0
1.4251604E8	295.0	0.0
1.42517759E8	273.9512195121951	36829.47621517871
1.425194765E8	0.0	0.0
1.425211925E8	0.0	0.0
1.42522908E8	0.0	36829.47621517871
1.425246225E8	0.0	0.0
1.42526336E8	0.0	0.0
1.425280485E8	299.0	36829.47621517871
1.425297595E8	270.5	0.0
1.425314695E8	268.75	0.0
1.42533179E8	0.0	36829.47621517871
1.425348875E8	0.0	0.0
1.425365935E8	0.0	0.0
1.42538297E8	990.0	36829.47621517871
1.4254E8	0.0	0.0
1.425416995E8	0.0	0.0
1.425433925E8	241.34375	36829.47621517871
1.425450825E8	279.0	0.0
1.42546771E8	0.0	0.0
1.42548457E8	174.0	36829.47621517871
1.42550141E8	0.0	0.0
1.42551824E8	246.35433070866142	0.0
1.42553507E8	316.2	36829.47621517871
1.425551885E8	0.0	0.0
1.42556868E8	348.25	0.0
1.425585465E8	0.0	36829.47621517871
1.42560223E8	0.0	0.0
1.42561894E8	306.3809523809524	0.0
1.42563556E8	0.0	36829.47621517871
1.425652095E8	0.0	0.0
1.42566857E8	0.0	0.0
1.42568501E8	0.0	36829.47621517871
1.42570144E8	255.0	0.0
1.42571786E8	0.0	0.0
1.42573425E8	0.0	36829.47621517871
1.42575062E8	0.0	0.0
1.42576699E8	328.65055762081784	0.0
1.425783355E8	0.0	36829.47621517871
1.425799685E8	0.0	0.0
1.42581598E8	0.0	0.0
1.42583225E8	215.25	36829.47621517871
1.4258485E8	0.0	0.0
1.42586474E8	0.0	0.0
1.425880965E8	0.0	36829.47621517871
1.42589717E8	289.27777777777777	0.0
1.425913335E8	245.25	0.0
1.42592946E8	280.6818181818182	36829.47621517871
1.425945565E8	333.5	0.0
1.425961665E8	296.4	0.0
1.425977755E8	352.4	36829.47621517871
1.42599378E8	224.0	0.0
1.42600974E8	0.0	0.0
1.426025685E8	270.6	36829.47621517871
1.426041585E8	0.0	0.0
1.426057445E8	0.0	0.0
1.426073305E8	0.0	36829.47621517871
1.42608914E8	413.0	0.0
1.42610493E8	0.0	0.0
1.4261207E8	0.0	36829.47621517871
1.42613646E8	0.0	0.0
1.4261522E8	0.0	0.0
1.42616792E8	0.0	36829.47621517871
1.42618361E8	0.0	0.0
1.426199275E8	293.0	0.0
1.426214905E8	0.0	36829.47621517871
1.426230505E8	653.0	0.0
1.426246095E8	0.0	0.0
1.426261665E8	0.0	36829.47621517871
1.426277225E8	0.0	0.0
1.42629278E8	0.0	0.0
1.42630832E8	223.0	36829.47621517871
1.426323845E8	262.44444444444446	0.0
1.426339355E8	0.0	0.0
1.426354855E8	0.0	36829.47621517871
1.42637035E8	0.0	0.0
1.426385825E8	0.0	0.0
1.426401275E8	0.0	36829.47621517871
1.42641671E8	254.66666666666666	0.0
1.42643213E8	0.0	0.0
1.426447535E8	0.0	36829.47621517871
1.426462925E8	0.0	0.0
1.42647757E8	0.0	0.0
1.42648524E8	0.0	36829.47621517871
1.42649362E8	312.6666666666667	0.0
1.42650895E8	0.0	0.0
1.426524275E8	0.0	36829.47621517871
1.42653958E8	0.0	0.0
1.42655486E8	172.0	0.0
1.42657012E8	0.0	36829.47621517871
1.42658537E8	0.0	0.0
1.42660062E8	278.4689265536723	0.0
1.42661585E8	0.0	36829.47621517871
1.426631055E8	0.0	0.0
1.42664625E8	0.0	0.0
1.426661435E8	0.0	36829.47621517871
1.426676605E8	0.0	0.0
1.426691735E8	0.0	0.0
1.42670683E8	0.0	36829.47621517871
1.426721915E8	0.0	0.0
1.426736975E8	281.46774193548384	0.0
1.426752015E8	0.0	36829.47621517871
1.426767045E8	0.0	0.0
1.426782025E8	236.0	0.0
1.426796955E8	0.0	36829.47621517871
1.426811875E8	264.86206896551727	0.0
1.426826785E8	0.0	0.0
1.42684168E8	0.0	36829.47621517871
1.426856565E8	0.0	0.0
1.42687144E8	270.0	0.0
1.42688631E8	180.26315789473685	36829.47621517871
1.42690117E8	284.4375	0.0
1.426916015E8	0.0	0.0
1.426930845E8	0.0	36829.47621517871
1.426945645E8	0.0	0.0
1.426960415E8	0.0	0.0
1.42697517E8	293.0	36829.47621517871
1.42698991E8	0.0	0.0
1.42700463E8	0.0	0.0
1.427019325E8	0.0	36829.47621517871
1.427034E8	0.0	0.0
1.427048665E8	0.0	0.0
1.427063315E8	0.0	36829.47621517871
1.427077945E8	0.0	0.0
1.42709256E8	233.0	0.0
1.42710717E8	0.0	36829.47621517871
1.42712177E8	0.0	0.0
1.427136355E8	292.87142857142857	0.0
1.427150925E8	233.0	36829.47621517871
1.42716547E8	0.0	0.0
1.427179995E8	0.0	0.0
1.427194515E8	0.0	36829.47621517871
1.42720903E8	0.0	0.0
1.427223515E8	0.0	0.0
1.427237975E8	0.0	36829.47621517871
1.42725243E8	0.0	0.0
1.42726687E8	353.93548387096774	0.0
1.42728129E8	0.0	36829.47621517871
1.427295695E8	300.2240827023879	0.0
1.427310075E8	0.0	0.0
1.427324415E8	0.0	36829.47621517871
1.427338735E8	0.0	0.0
1.427353055E8	0.0	0.0
1.427367365E8	238.0	36829.47621517871
1.42738166E8	729.0	0.0
1.42739595E8	304.6551724137931	0.0
1.42741022E8	0.0	36829.47621517871
1.427424465E8	0.0	0.0
1.427438705E8	0.0	0.0
1.427452945E8	0.0	36829.47621517871
1.42746718E8	0.0	0.0
1.427481405E8	309.4166666666667	0.0
1.42749562E8	0.0	36829.47621517871
1.42750982E8	0.0	0.0
1.427523995E8	261.8	0.0
1.427538155E8	0.0	36829.47621517871
1.427552315E8	368.8	0.0
1.42756647E8	219.25	0.0
1.427580605E8	0.0	36829.47621517871
1.427594725E8	0.0	0.0
1.42760884E8	0.0	0.0
1.427622945E8	0.0	36829.47621517871
1.427637035E8	0.0	0.0
1.427651115E8	0.0	0.0
1.42766519E8	0.0	36829.47621517871
1.427679255E8	0.0	0.0
1.427693305E8	0.0	0.0
1.427707335E8	0.0	36829.47621517871
1.42772132E8	0.0	0.0
1.427735265E8	0.0	0.0
1.4277492E8	312.65384615384613	36829.47621517871
1.42776312E8	0.0	0.0
1.42777703E8	0.0	0.0
1.42779094E8	0.0	36829.47621517871
1.427804825E8	200.0	0.0
1.427818685E8	0.0	0.0
1.42783254E8	0.0	36829.47621517871
1.427846385E8	292.0	0.0
1.42786022E8	309.48571428571427	0.0
1.427874045E8	272.8	36829.47621517871
1.42788786E8	0.0	0.0
1.42790167E8	0.0	0.0
1.427915475E8	0.0	36829.47621517871
1.427929275E8	376.3333333333333	0.0
1.42794307E8	296.36	0.0
1.427956855E8	275.6666666666667	36829.47621517871
1.42797063E8	0.0	0.0
1.4279844E8	291.05	0.0
1.42799817E8	176.0	36829.47621517871
1.42801194E8	246.66666666666666	0.0
1.428025705E8	0.0	0.0
1.42803946E8	0.0	36829.47621517871
1.428053205E8	0.0	0.0
1.428066945E8	0.0	0.0
1.42808068E8	0.0	36829.47621517871
1.4280944E8	0.0	0.0
1.4281081E8	0.0	0.0
1.428121785E8	0.0	36829.47621517871
1.428135455E8	281.5	0.0
1.42814909E8	0.0	0.0
1.428162695E8	320.07072652028967	36829.47621517871
1.428176275E8	288.2647058823529	0.0
1.428189835E8	309.2307692307692	0.0
1.42820339E8	0.0	36829.47621517871
1.42821694E8	267.0	0.0
1.428230475E8	0.0	0.0
1.42824399E8	0.0	36829.47621517871
1.42825748E8	0.0	0.0
1.42827095E8	310.0952380952381	0.0
1.428284415E8	0.0	36829.47621517871
1.428297865E8	0.0	0.0
1.4283113E8	152.0	0.0
1.42832472E8	260.1044776119403	36829.47621517871
1.428338125E8	272.88	0.0
1.428351525E8	0.0	0.0
1.428364925E8	0.0	36829.47621517871
1.42837832E8	299.0	0.0
1.42839171E8	0.0	0.0
1.42840509E8	327.0	36829.47621517871
1.42841846E8	0.0	0.0
1.428431825E8	0.0	0.0
1.428445175E8	154.0	36829.47621517871
1.42845851E8	0.0	0.0
1.42847184E8	295.4923076923077	0.0
1.42848517E8	0.0	36829.47621517871
1.428498495E8	354.0	0.0
1.428511805E8	323.42857142857144	0.0
1.428525105E8	0.0	36829.47621517871
1.428538395E8	221.0	0.0
1.42855167E8	0.0	0.0
1.428564935E8	0.0	36829.47621517871
1.428578195E8	0.0	0.0
1.42859144E8	0.0	0.0
1.42860467E8	0.0	36829.47621517871
1.428617895E8	264.0	0.0
1.428631085E8	0.0	0.0
1.42864424E8	0.0	36829.47621517871
1.42865739E8	0.0	0.0
1.42867054E8	0.0	0.0
1.42868369E8	0.0	36829.47621517871
1.428696825E8	0.0	0.0
1.42870994E8	0.0	0.0
1.42872305E8	226.0	36829.47621517871
1.428736155E8	0.0	0.0
1.428749255E8	482.97222222222223	0.0
1.42876235E8	300.0	36829.47621517871
1.428775435E8	0.0	0.0
1.428788505E8	0.0	0.0
1.428801555E8	288.18840579710144	36829.47621517871
1.428814595E8	0.0	0.0
1.428827635E8	0.0	0.0
1.428840675E8	293.0	36829.47621517871
1.42885371E8	0.0	0.0
1.42886674E8	0.0	0.0
1.428879765E8	0.0	36829.47621517871
1.42889278E8	0.0	0.0
1.42890579E8	347.6666666666667	0.0
1.42891879E8	253.09375	36829.47621517871
1.42893177E8	375.0	0.0
1.42894474E8	274.0	0.0
1.42895771E8	0.0	36829.47621517871
1.428970675E8	0.0	0.0
1.42898363E8	0.0	0.0
1.428996575E8	0.0	36829.47621517871
1.429009515E8	0.0	0.0
1.429022455E8	0.0	0.0
1.42903539E8	296.8	36829.47621517871
1.42904831E8	0.0	0.0
1.429061215E8	0.0	0.0
1.42907411E8	243.0	36829.47621517871
1.42908699E8	285.8936170212766	0.0
1.429099855E8	0.0	0.0
1.42911271E8	0.0	36829.47621517871
1.429125555E8	0.0	0.0
1.429138395E8	327.5	0.0
1.42915123E8	0.0	36829.47621517871
1.42916406E8	374.3333333333333	0.0
1.429176885E8	306.04347826086956	0.0
1.4291897E8	0.0	36829.47621517871
1.429202505E8	0.0	0.0
1.429215305E8	0.0	0.0
1.4292281E8	0.0	36829.47621517871
1.429240885E8	338.5	0.0
1.429253665E8	287.42857142857144	0.0
1.429266445E8	0.0	36829.47621517871
1.42927922E8	306.1937115215479	0.0
1.42929199E8	286.3811040339703	0.0
1.42930476E8	143.0	36829.47621517871
1.429317525E8	0.0	0.0
1.42933028E8	0.0	0.0
1.42934303E8	0.0	36829.47621517871
1.429355775E8	0.0	0.0
1.429368515E8	0.0	0.0
1.429381245E8	245.0	36829.47621517871
1.42939396E8	0.0	0.0
1.42940667E8	0.0	0.0
1.42941938E8	0.0	36829.47621517871
1.42943209E8	270.0	0.0
1.4294448E8	194.4	0.0
1.429457505E8	276.15972222222223	36829.47621517871
1.429470205E8	200.28571428571428	0.0
1.429482905E8	311.27777777777777	0.0
1.4294956E8	246.0	36829.47621517871
1.429508285E8	0.0	0.0
1.429520965E8	280.5	0.0
1.429533635E8	276.5357142857143	36829.47621517871
1.42954629E8	0.0	0.0
1.429558935E8	222.26315789473685	0.0
1.42957157E8	0.0	36829.47621517871
1.4295842E8	0.0	0.0
1.42959683E8	315.5833333333333	0.0
1.429609455E8	0.0	36829.47621517871
1.429622075E8	347.0	0.0
1.429634695E8	0.0	0.0
1.42964731E8	0.0	36829.47621517871
1.42965992E8	287.8252032520325	0.0
1.429672525E8	284.3989983305509	0.0
1.429685125E8	0.0	36829.47621517871
1.429697725E8	261.55555555555554	0.0
1.429710325E8	295.0	0.0
1.42972292E8	234.80442804428046	36829.47621517871
1.429735505E8	0.0	0.0
1.429748085E8	215.72972972972974	0.0
1.429760665E8	261.1392405063291	36829.47621517871
1.42977324E8	0.0	0.0
1.42978579E8	0.0	0.0
1.42979832E8	287.9130434782609	36829.47621517871
1.429810845E8	0.0	0.0
1.42982336E8	0.0	0.0
1.42983587E8	247.0	36829.47621517871
1.42984838E8	0.0	0.0
1.42986089E8	55.0	0.0
1.429873395E8	284.75	36829.47621517871
1.42988589E8	0.0	0.0
1.429898375E8	0.0	0.0
1.42991085E8	305.06666666666666	36829.47621517871
1.429923315E8	0.0	0.0
1.429935775E8	337.4	0.0
1.429948225E8	0.0	36829.47621517871
1.42996066E8	229.37	0.0
1.429973085E8	292.04761904761904	0.0
1.4299855E8	0.0	36829.47621517871
1.42999791E8	237.0	0.0
1.43001032E8	265.0	0.0
1.430022725E8	210.66666666666666	36829.47621517871
1.430035125E8	0.0	0.0
1.430047525E8	285.80405405405406	0.0
1.43005992E8	252.25	36829.47621517871
1.4300719E8	0.0	0.0
1.43007809E8	0.0	0.0
1.430084685E8	0.0	36829.47621517871
1.430097065E8	0.0	0.0
1.430109445E8	0.0	0.0
1.43012182E8	0.0	36829.47621517871
1.430134185E8	0.0	0.0
1.43014654E8	0.0	0.0
1.43015889E8	280.0	36829.47621517871
1.430171235E8	0.0	0.0
1.430183575E8	297.2857142857143	0.0
1.430195915E8	0.0	36829.47621517871
1.43020825E8	0.0	0.0
1.43022058E8	0.0	0.0
1.430232905E8	245.75	36829.47621517871
1.43024522E8	270.5	0.0
1.43025753E8	389.0	0.0
1.43026984E8	0.0	36829.47621517871
1.43028215E8	0.0	0.0
1.430294455E8	304.0	0.0
1.43030675E8	241.5	36829.47621517871
1.43031904E8	0.0	0.0
1.430331325E8	0.0	0.0
1.4303436E8	0.0	36829.47621517871
1.43035587E8	289.3180064308682	0.0
1.43036814E8	0.0	0.0
1.43038041E8	0.0	36829.47621517871
1.430392675E8	284.0	0.0
1.430404935E8	0.0	0.0
1.430417195E8	219.33333333333334	36829.47621517871
1.43042945E8	338.8888888888889	0.0
1.4304417E8	0.0	0.0
1.43045395E8	0.0	36829.47621517871
1.4304662E8	0.0	0.0
1.43047845E8	0.0	0.0
1.4304907E8	129.33333333333334	36829.47621517871
1.430502945E8	295.70935960591135	0.0
1.430515185E8	252.83333333333334	0.0
1.430527425E8	197.0	36829.47621517871
1.430539665E8	297.85714285714283	0.0
1.4305519E8	0.0	0.0
1.43056413E8	0.0	36829.47621517871
1.43057636E8	0.0	0.0
1.430588585E8	275.7470588235294	0.0
1.430600805E8	293.0	36829.47621517871
1.43061302E8	0.0	0.0
1.430625225E8	0.0	0.0
1.430637425E8	255.0	36829.47621517871
1.43064962E8	227.0	0.0
1.43066181E8	0.0	0.0
1.430674E8	0.0	36829.47621517871
1.430686185E8	256.07894736842104	0.0
1.430698365E8	0.0	0.0
1.430710525E8	293.0	36829.47621517871
1.43072266E8	0.0	0.0
1.430734785E8	0.0	0.0
1.430746905E8	287.875	36829.47621517871
1.43075902E8	229.0	0.0
1.43077113E8	0.0	0.0
1.430783235E8	0.0	36829.47621517871
1.43079533E8	0.0	0.0
1.43080742E8	0.0	0.0
1.43081951E8	0.0	36829.47621517871
1.430831595E8	0.0	0.0
1.430843675E8	0.0	0.0
1.430855755E8	181.0	36829.47621517871
1.430867835E8	0.0	0.0
1.43087991E8	268.5	0.0
1.430891975E8	253.125	36829.47621517871
1.43090403E8	268.2564102564103	0.0
1.43091608E8	258.0	0.0
1.43092813E8	320.14285714285717	36829.47621517871
1.43094017E8	0.0	0.0
1.4309522E8	0.0	0.0
1.43096423E8	0.0	36829.47621517871
1.430976255E8	297.0	0.0
1.430988275E8	363.0	0.0
1.43100029E8	0.0	36829.47621517871
1.431012295E8	0.0	0.0
1.431024295E8	241.71428571428572	0.0
1.431036295E8	321.0	36829.47621517871
1.43104829E8	160.0	0.0
1.43106028E8	0.0	0.0
1.431072265E8	304.0	36829.47621517871
1.431084245E8	333.54545454545456	0.0
1.43109622E8	0.0	0.0
1.43110819E8	0.0	36829.47621517871
1.43112015E8	0.0	0.0
1.4311321E8	0.0	0.0
1.43114405E8	245.84615384615384	36829.47621517871
1.431156E8	0.0	0.0
1.43116795E8	273.07275541795667	0.0
1.431179895E8	0.0	36829.47621517871
1.43119183E8	0.0	0.0
1.43120376E8	0.0	0.0
1.43121569E8	258.3333333333333	36829.47621517871
1.43122762E8	0.0	0.0
1.431239545E8	0.0	0.0
1.431251465E8	291.51807228915663	36829.47621517871
1.431263385E8	290.3333333333333	0.0
1.4312753E8	317.0	0.0
1.43128721E8	0.0	36829.47621517871
1.431299115E8	0.0	0.0
1.431311015E8	398.0	0.0
1.431322915E8	257.0	36829.47621517871
1.43133481E8	272.0	0.0
1.4313467E8	0.0	0.0
1.43135859E8	0.0	36829.47621517871
1.43137048E8	0.0	0.0
1.43138237E8	0.0	0.0
1.43139426E8	201.6	36829.47621517871
1.431406145E8	0.0	0.0
1.431418015E8	0.0	0.0
1.431429875E8	0.0	36829.47621517871
1.431441735E8	297.72222222222223	0.0
1.431453595E8	0.0	0.0
1.431465455E8	0.0	36829.47621517871
1.43147731E8	0.0	0.0
1.43148916E8	148.0	0.0
1.43150101E8	240.0	36829.47621517871
1.43151286E8	0.0	0.0
1.431524705E8	698.0	0.0
1.431536545E8	0.0	36829.47621517871
1.431548385E8	0.0	0.0
1.431560225E8	0.0	0.0
1.431572055E8	345.0	36829.47621517871
1.431583875E8	292.0523076923077	0.0
1.43159569E8	0.0	0.0
1.4316075E8	260.8881118881119	36829.47621517871
1.43161931E8	0.0	0.0
1.43163111E8	0.0	0.0
1.4316429E8	0.0	36829.47621517871
1.43165469E8	0.0	0.0
1.431666475E8	0.0	0.0
1.431678255E8	0.0	36829.47621517871
1.431690035E8	0.0	0.0
1.431701815E8	279.8181818181818	0.0
1.431713595E8	236.25	36829.47621517871
1.431725375E8	0.0	0.0
1.43173715E8	0.0	0.0
1.431748915E8	332.68336291501356	36829.47621517871
1.43176067E8	0.0	0.0
1.43177242E8	0.0	0.0
1.431784165E8	0.0	36829.47621517871
1.431795905E8	0.0	0.0
1.43180764E8	0.0	0.0
1.43181937E8	0.0	36829.47621517871
1.4318311E8	196.0	0.0
1.43184282E8	205.0	0.0
1.43185453E8	333.72	36829.47621517871
1.43186624E8	293.0	0.0
1.43187795E8	0.0	0.0
1.431889655E8	206.0	36829.47621517871
1.43190135E8	0.0	0.0
1.43191304E8	288.5	0.0
1.431924725E8	0.0	36829.47621517871
1.4319364E8	0.0	0.0
1.43194807E8	0.0	0.0
1.43195974E8	255.0	36829.47621517871
1.431971405E8	0.0	0.0
1.431983065E8	283.0838769804287	0.0
1.431994725E8	319.34986945169715	36829.47621517871
1.432006385E8	243.0	0.0
1.43201804E8	0.0	0.0
1.43202969E8	0.0	36829.47621517871
1.432041335E8	0.0	0.0
1.43205297E8	0.0	0.0
1.4320646E8	272.7521645021645	36829.47621517871
1.43207623E8	0.0	0.0
1.43208786E8	274.6666666666667	0.0
1.43209949E8	0.0	36829.47621517871
1.43211112E8	246.55	0.0
1.432122745E8	277.484375	0.0
1.432134365E8	268.0	36829.47621517871
1.432145985E8	251.3343373493976	0.0
1.4321576E8	0.0	0.0
1.43216921E8	0.0	36829.47621517871
1.43218082E8	268.0	0.0
1.432192425E8	0.0	0.0
1.432204025E8	294.125	36829.47621517871
1.432215625E8	0.0	0.0
1.43222722E8	0.0	0.0
1.43223881E8	0.0	36829.47621517871
1.4322504E8	242.0	0.0
1.43226199E8	0.0	0.0
1.43227358E8	288.74074074074076	36829.47621517871
1.432285165E8	0.0	0.0
1.432296745E8	260.983164983165	0.0
1.432308325E8	265.0	36829.47621517871
1.4323199E8	276.42857142857144	0.0
1.43233147E8	255.5	0.0
1.432343035E8	0.0	36829.47621517871
1.432354595E8	0.0	0.0
1.43236615E8	239.0	0.0
1.4323777E8	336.7142857142857	36829.47621517871
1.43238925E8	0.0	0.0
1.4324008E8	224.78865979381445	0.0
1.432412345E8	0.0	36829.47621517871
1.432423885E8	0.0	0.0
1.432435425E8	346.0	0.0
1.432446965E8	285.56	36829.47621517871
1.4324585E8	0.0	0.0
1.43247003E8	0.0	0.0
1.43248156E8	0.0	36829.47621517871
1.432493085E8	297.0	0.0
1.432504605E8	0.0	0.0
1.432516125E8	263.6666666666667	36829.47621517871
1.432527645E8	287.0	0.0
1.43253916E8	263.25	0.0
1.432550665E8	211.0	36829.47621517871
1.432562165E8	245.0	0.0
1.432573655E8	0.0	0.0
1.432585135E8	0.0	36829.47621517871
1.432596615E8	241.0	0.0
1.432608095E8	268.4418604651163	0.0
1.432619575E8	0.0	36829.47621517871
1.432631055E8	0.0	0.0
1.43264253E8	0.0	0.0
1.432654E8	283.1034482758621	36829.47621517871
1.43266547E8	273.3333333333333	0.0
1.432676935E8	0.0	0.0
1.432688395E8	0.0	36829.47621517871
1.432699855E8	0.0	0.0
1.43271131E8	293.3333333333333	0.0
1.432722755E8	284.72	36829.47621517871
1.432734195E8	292.25	0.0
1.432745635E8	264.16402116402116	0.0
1.432757075E8	326.9375	36829.47621517871
1.432768515E8	289.5	0.0
1.43277995E8	0.0	0.0
1.43279138E8	0.0	36829.47621517871
1.432802805E8	0.0	0.0
1.432814225E8	211.5	0.0
1.432825645E8	244.23631624674195	36829.47621517871
1.43283706E8	276.92028985507244	0.0
1.43284847E8	306.1628787878788	0.0
1.432859875E8	299.1	36829.47621517871
1.432871275E8	0.0	0.0
1.432882675E8	0.0	0.0
1.432894075E8	0.0	36829.47621517871
1.43290547E8	310.0	0.0
1.43291686E8	0.0	0.0
1.43292825E8	0.0	36829.47621517871
1.43293964E8	178.0	0.0
1.43295103E8	0.0	0.0
1.432962415E8	302.0	36829.47621517871
1.43297379E8	276.8333333333333	0.0
1.432985155E8	311.42857142857144	0.0
1.432996515E8	0.0	36829.47621517871
1.433007875E8	385.3116164720344	0.0
1.433019235E8	0.0	0.0
1.43303059E8	0.0	36829.47621517871
1.43304194E8	0.0	0.0
1.43305329E8	300.6923076923077	0.0
1.433064635E8	0.0	36829.47621517871
1.433075975E8	300.14925373134326	0.0
1.433087315E8	0.0	0.0
1.433098655E8	0.0	36829.47621517871
1.43310999E8	0.0	0.0
1.43312132E8	0.0	0.0
1.43313265E8	0.0	36829.47621517871
1.433143975E8	283.23748981255096	0.0
1.433155295E8	237.0	0.0
1.433166615E8	0.0	36829.47621517871
1.433177935E8	0.0	0.0
1.43318925E8	0.0	0.0
1.43320056E8	266.44854814060113	36829.47621517871
1.43321187E8	0.0	0.0
1.433223175E8	0.0	0.0
1.433234475E8	419.0	36829.47621517871
1.433245775E8	271.0	0.0
1.43325707E8	0.0	0.0
1.43326836E8	0.0	36829.47621517871
1.43327965E8	312.5	0.0
1.43329094E8	179.0	0.0
1.43330222E8	265.6666666666667	36829.47621517871
1.43331349E8	461.0	0.0
1.433324755E8	256.748031496063	0.0
1.433336015E8	0.0	36829.47621517871
1.433347275E8	0.0	0.0
1.433358535E8	0.0	0.0
1.433369795E8	207.0	36829.47621517871
1.43338105E8	0.0	0.0
1.4333923E8	0.0	0.0
1.433403545E8	302.0	36829.47621517871
1.433414785E8	0.0	0.0
1.43342602E8	0.0	0.0
1.43343725E8	0.0	36829.47621517871
1.43344848E8	95.0	0.0
1.43345971E8	326.1666666666667	0.0
1.43347094E8	290.0	36829.47621517871
1.433482165E8	327.37023914969	0.0
1.43349338E8	0.0	0.0
1.433504585E8	0.0	36829.47621517871
1.43351578E8	160.0	0.0
1.43352697E8	181.6	0.0
1.433538155E8	312.85714285714283	36829.47621517871
1.433549335E8	0.0	0.0
1.433560515E8	0.0	0.0
1.433571695E8	0.0	36829.47621517871
1.43358287E8	0.0	0.0
1.43359404E8	0.0	0.0
1.43360521E8	0.0	36829.47621517871
1.43361638E8	419.25	0.0
1.43362755E8	315.25	0.0
1.43363872E8	345.25	36829.47621517871
1.433649885E8	0.0	0.0
1.433661045E8	229.41379310344828	0.0
1.433668735E8	269.0551724137931	36829.47621517871
1.433674315E8	283.9166666666667	0.0
1.433683365E8	258.0	0.0
1.433694525E8	280.1111111111111	36829.47621517871
1.433705685E8	0.0	0.0
1.43371684E8	0.0	0.0
1.43372799E8	380.0	36829.47621517871
1.43373914E8	0.0	0.0
1.433750285E8	369.0	0.0
1.433761425E8	0.0	36829.47621517871
1.433772565E8	0.0	0.0
1.433783705E8	0.0	0.0
1.433794845E8	0.0	36829.47621517871
1.433805985E8	0.0	0.0
1.433817115E8	0.0	0.0
1.433828235E8	0.0	36829.47621517871
1.433839355E8	0.0	0.0
1.433850475E8	302.4847908745247	0.0
1.43386159E8	349.61538461538464	36829.47621517871
1.433872695E8	0.0	0.0
1.433883795E8	0.0	0.0
1.433894895E8	259.2	36829.47621517871
1.433905995E8	0.0	0.0
1.43391709E8	0.0	0.0
1.43392818E8	0.0	36829.47621517871
1.43393927E8	223.16666666666666	0.0
1.43395036E8	257.5	0.0
1.433961445E8	307.42105263157896	36829.47621517871
1.433972525E8	0.0	0.0
1.4339836E8	0.0	0.0
1.43399467E8	192.0	36829.47621517871
1.43400574E8	0.0	0.0
1.434016805E8	267.55984555984554	0.0
1.434027865E8	326.6666666666667	36829.47621517871
1.43403892E8	288.0	0.0
1.43404997E8	0.0	0.0
1.43406102E8	0.0	36829.47621517871
1.43407207E8	0.0	0.0
1.43408312E8	228.0	0.0
1.43409417E8	0.0	36829.47621517871
1.43410521E8	0.0	0.0
1.43411624E8	0.0	0.0
1.43412727E8	0.0	36829.47621517871
1.434138295E8	0.0	0.0
1.434149315E8	0.0	0.0
1.434160335E8	415.0	36829.47621517871
1.43417135E8	248.11764705882354	0.0
1.43418236E8	0.0	0.0
1.43419337E8	250.0	36829.47621517871
1.434204375E8	283.0833333333333	0.0
1.434215375E8	0.0	0.0
1.43422637E8	0.0	36829.47621517871
1.43423736E8	275.5	0.0
1.434248345E8	222.1818181818182	0.0
1.434259325E8	0.0	36829.47621517871
1.434270305E8	0.0	0.0
1.43428128E8	0.0	0.0
1.43429225E8	0.0	36829.47621517871
1.43430322E8	0.0	0.0
1.434314185E8	0.0	0.0
1.434325145E8	0.0	36829.47621517871
1.434336095E8	210.2	0.0
1.43434703E8	0.0	0.0
1.434357955E8	0.0	36829.47621517871
1.43436887E8	0.0	0.0
1.43437978E8	239.27272727272728	0.0
1.434390685E8	384.5	36829.47621517871
1.434401585E8	0.0	0.0
1.434412485E8	550.5	0.0
1.434423385E8	277.76666666666665	36829.47621517871
1.434434285E8	0.0	0.0
1.43444518E8	0.0	0.0
1.43445607E8	187.0	36829.47621517871
1.434466955E8	0.0	0.0
1.434477835E8	306.8	0.0
1.434488715E8	265.6666666666667	36829.47621517871
1.434499595E8	292.0	0.0
1.43451047E8	0.0	0.0
1.43452134E8	285.51724137931035	36829.47621517871
1.43453221E8	259.42857142857144	0.0
1.434543075E8	279.3333333333333	0.0
1.434553935E8	280.9166666666667	36829.47621517871
1.434564795E8	274.35714285714283	0.0
1.434575655E8	273.0	0.0
1.434586505E8	0.0	36829.47621517871
1.434597345E8	0.0	0.0
1.434608185E8	0.0	0.0
1.434619025E8	0.0	36829.47621517871
1.434629865E8	0.0	0.0
1.4346407E8	0.0	0.0
1.43465153E8	0.0	36829.47621517871
1.43466236E8	289.86450167973123	0.0
1.434673185E8	0.0	0.0
1.434684005E8	208.0	36829.47621517871
1.43469482E8	0.0	0.0
1.43470563E8	266.1470588235294	0.0
1.434716435E8	0.0	36829.47621517871
1.434727235E8	0.0	0.0
1.434738035E8	268.26666666666665	0.0
1.43474883E8	0.0	36829.47621517871
1.43475962E8	0.0	0.0
1.434770405E8	156.0	0.0
1.434781185E8	0.0	36829.47621517871
1.434791965E8	0.0	0.0
1.434802745E8	0.0	0.0
1.43481352E8	311.75	36829.47621517871
1.43482429E8	0.0	0.0
1.434835055E8	0.0	0.0
1.434845815E8	0.0	36829.47621517871
1.434856575E8	0.0	0.0
1.434867335E8	0.0	0.0
1.43487809E8	0.0	36829.47621517871
1.43488884E8	306.25925925925924	0.0
1.43489959E8	277.6027397260274	0.0
1.43491034E8	0.0	36829.47621517871
1.434921085E8	0.0	0.0
1.434931825E8	284.85185185185185	0.0
1.434942565E8	275.0	36829.47621517871
1.434953305E8	281.0	0.0
1.43496404E8	0.0	0.0
1.434974765E8	291.2122641509434	36829.47621517871
1.434985485E8	301.0	0.0
1.4349962E8	0.0	0.0
1.43500691E8	303.44	36829.47621517871
1.435017615E8	0.0	0.0
1.435028315E8	0.0	0.0
1.435039015E8	0.0	36829.47621517871
1.43504971E8	0.0	0.0
1.4350604E8	0.0	0.0
1.435071085E8	0.0	36829.47621517871
1.43508176E8	0.0	0.0
1.43509243E8	0.0	0.0
1.4351031E8	0.0	36829.47621517871
1.435113765E8	275.0	0.0
1.435124415E8	275.1111111111111	0.0
1.435135055E8	0.0	36829.47621517871
1.435145695E8	258.8888888888889	0.0
1.43515633E8	0.0	0.0
1.43516696E8	0.0	36829.47621517871
1.43517759E8	304.6	0.0
1.43518822E8	416.5357142857143	0.0
1.43519885E8	0.0	36829.47621517871
1.43520948E8	0.0	0.0
1.43522011E8	274.0	0.0
1.43523074E8	0.0	36829.47621517871
1.435241365E8	319.56401384083046	0.0
1.435251985E8	0.0	0.0
1.435262605E8	391.0	36829.47621517871
1.435273225E8	0.0	0.0
1.435283845E8	0.0	0.0
1.43529446E8	176.5	36829.47621517871
1.435305065E8	0.0	0.0
1.435315665E8	289.39478417266184	0.0
1.435326265E8	0.0	36829.47621517871
1.43533686E8	285.68	0.0
1.43534745E8	0.0	0.0
1.43535804E8	0.0	36829.47621517871
1.435368625E8	0.0	0.0
1.435379205E8	295.45664856165763	0.0
1.435389785E8	372.0	36829.47621517871
1.435400365E8	284.2564102564103	0.0
1.43541094E8	0.0	0.0
1.435421505E8	239.0	36829.47621517871
1.435432065E8	182.5	0.0
1.435442625E8	276.7142857142857	0.0
1.435453185E8	329.0	36829.47621517871
1.43546374E8	0.0	0.0
1.43547429E8	0.0	0.0
1.43548484E8	0.0	36829.47621517871
1.435495385E8	307.61538461538464	0.0
1.435505925E8	0.0	0.0
1.43551646E8	0.0	36829.47621517871
1.43552699E8	256.57894736842104	0.0
1.43553752E8	280.1025641025641	0.0
1.43554805E8	296.75531914893617	36829.47621517871
1.43555858E8	291.6923076923077	0.0
1.435569105E8	0.0	0.0
1.435579625E8	268.3417004048583	36829.47621517871
1.435590145E8	344.0	0.0
1.43560066E8	0.0	0.0
1.43561117E8	0.0	36829.47621517871
1.43562168E8	218.0	0.0
1.43563219E8	0.0	0.0
1.4356427E8	247.0	36829.47621517871
1.435653205E8	0.0	0.0
1.435663705E8	295.63157894736844	0.0
1.4356742E8	175.6	36829.47621517871
1.43568469E8	0.0	0.0
1.43569518E8	0.0	0.0
1.43570567E8	0.0	36829.47621517871
1.43571616E8	289.5	0.0
1.435726645E8	0.0	0.0
1.435737125E8	254.43478260869566	36829.47621517871
1.435747605E8	0.0	0.0
1.435758085E8	0.0	0.0
1.435768565E8	562.25	36829.47621517871
1.43577904E8	231.1764705882353	0.0
1.43578951E8	0.0	0.0
1.43579998E8	313.0	36829.47621517871
1.43581045E8	317.5	0.0
1.435820915E8	0.0	0.0
1.43583137E8	0.0	36829.47621517871
1.43584182E8	0.0	0.0
1.43585227E8	0.0	0.0
1.43586272E8	0.0	36829.47621517871
1.435873165E8	0.0	0.0
1.435883605E8	323.42857142857144	0.0
1.435894045E8	293.3333333333333	36829.47621517871
1.43590448E8	330.6666666666667	0.0
1.43591491E8	0.0	0.0
1.435925335E8	0.0	36829.47621517871
1.435935755E8	0.0	0.0
1.435946175E8	262.5732087227414	0.0
1.435956595E8	306.0	36829.47621517871
1.435967015E8	98.0	0.0
1.43597743E8	300.22222222222223	0.0
1.43598784E8	0.0	36829.47621517871
1.43599825E8	0.0	0.0
1.436008655E8	0.0	0.0
1.436019055E8	0.0	36829.47621517871
1.436029455E8	0.0	0.0
1.436039855E8	285.0	0.0
1.43605025E8	208.66666666666666	36829.47621517871
1.43606064E8	295.64285714285717	0.0
1.43607103E8	336.0	0.0
1.436081415E8	0.0	36829.47621517871
1.436091795E8	313.125	0.0
1.436102175E8	0.0	0.0
1.43611255E8	0.0	36829.47621517871
1.43612292E8	0.0	0.0
1.43613329E8	0.0	0.0
1.43614366E8	372.5942857142857	36829.47621517871
1.436154025E8	0.0	0.0
1.436164385E8	296.04761904761904	0.0
1.43617474E8	243.0	36829.47621517871
1.43618509E8	234.0	0.0
1.43619544E8	277.0	0.0
1.43620579E8	0.0	36829.47621517871
1.43621614E8	287.5	0.0
1.43622648E8	0.0	0.0
1.43623681E8	0.0	36829.47621517871
1.43624714E8	158.0	0.0
1.43625747E8	284.72	0.0
1.436267795E8	0.0	36829.47621517871
1.436278115E8	369.0	0.0
1.436288435E8	0.0	0.0
1.43629875E8	0.0	36829.47621517871
1.43630906E8	0.0	0.0
1.43631937E8	240.16666666666666	0.0
1.436329675E8	284.0	36829.47621517871
1.436339975E8	0.0	0.0
1.436350275E8	0.0	0.0
1.43636057E8	269.875	36829.47621517871
1.43637086E8	321.0	0.0
1.43638115E8	288.9984116763254	0.0
1.43639144E8	243.23155216284988	36829.47621517871
1.43640173E8	0.0	0.0
1.43641202E8	0.0	0.0
1.43642231E8	0.0	36829.47621517871
1.436432595E8	523.0	0.0
1.436442875E8	0.0	0.0
1.43645315E8	0.0	36829.47621517871
1.43646342E8	0.0	0.0
1.43647369E8	0.0	0.0
1.436483955E8	0.0	36829.47621517871
1.436494215E8	0.0	0.0
1.43650447E8	0.0	0.0
1.43651472E8	273.4	36829.47621517871
1.43652497E8	0.0	0.0
1.43653522E8	400.25	0.0
1.43654546E8	0.0	36829.47621517871
1.43655569E8	0.0	0.0
1.436565915E8	0.0	0.0
1.436576135E8	288.8333333333333	36829.47621517871
1.436586355E8	250.79245283018867	0.0
1.436596575E8	0.0	0.0
1.43660679E8	285.25	36829.47621517871
1.436617E8	269.6	0.0
1.43662721E8	0.0	0.0
1.436637415E8	286.64224137931035	36829.47621517871
1.436647615E8	0.0	0.0
1.436657815E8	0.0	0.0
1.43666801E8	0.0	36829.47621517871
1.4366782E8	0.0	0.0
1.43668839E8	251.0	0.0
1.43669858E8	0.0	36829.47621517871
1.43670877E8	315.84	0.0
1.436718955E8	272.38028169014086	0.0
1.436729135E8	0.0	36829.47621517871
1.436739315E8	278.0	0.0
1.436749495E8	0.0	0.0
1.436759665E8	0.0	36829.47621517871
1.436769825E8	0.0	0.0
1.436779985E8	336.6666666666667	0.0
1.43679014E8	0.0	36829.47621517871
1.43680029E8	0.0	0.0
1.436810435E8	0.0	0.0
1.436820575E8	290.0194174757282	36829.47621517871
1.436830715E8	0.0	0.0
1.436840855E8	0.0	0.0
1.436850995E8	0.0	36829.47621517871
1.43686113E8	264.5	0.0
1.43687126E8	0.0	0.0
1.43688139E8	377.0	36829.47621517871
1.436891515E8	0.0	0.0
1.436901635E8	0.0	0.0
1.436911755E8	286.0	36829.47621517871
1.436921875E8	339.4140127388535	0.0
1.436931995E8	252.375	0.0
1.43694211E8	0.0	36829.47621517871
1.43695222E8	281.0857142857143	0.0
1.43696233E8	0.0	0.0
1.43697244E8	233.0	36829.47621517871
1.436982545E8	325.8095238095238	0.0
1.436992645E8	0.0	0.0
1.437002745E8	303.0	36829.47621517871
1.437012845E8	313.3333333333333	0.0
1.437022935E8	0.0	0.0
1.437033015E8	0.0	36829.47621517871
1.437043095E8	0.0	0.0
1.43705317E8	0.0	0.0
1.43706324E8	0.0	36829.47621517871
1.437073305E8	76.0	0.0
1.437083365E8	318.5	0.0
1.437093425E8	0.0	36829.47621517871
1.43710348E8	0.0	0.0
1.43711353E8	0.0	0.0
1.43712358E8	533.4	36829.47621517871
1.43713363E8	0.0	0.0
1.43714368E8	227.1818181818182	0.0
1.437153725E8	0.0	36829.47621517871
1.437163765E8	0.0	0.0
1.437173805E8	0.0	0.0
1.437183845E8	0.0	36829.47621517871
1.43719388E8	0.0	0.0
1.4372039E8	229.16666666666666	0.0
1.43721391E8	362.0	36829.47621517871
1.43722392E8	225.25	0.0
1.43723393E8	0.0	0.0
1.43724394E8	266.5625	36829.47621517871
1.437251765E8	125.25	0.0
1.437257305E8	0.0	0.0
