#Position (bp)	mapping quality
179658.5	142.3066902068813
538974.5	155.9187953116109
898290.5	82.7228537726367
1257606.5	111.52418792897296
1616922.5	125.62427258953923
1976238.5	148.23429956666476
2335554.5	109.49453661904853
2694870.5	137.0666455920439
3054186.5	132.81402090263248
3413502.5	151.3398103675899
3772818.5	92.82932325212283
4132134.5	144.25984159340638
4491450.5	169.6700157775742
4850766.5	129.46500058775078
5210082.5	122.80358070255744
5569398.5	105.57362498084808
5928714.5	80.94569853383607
6288030.5	54.02569794029861
6647346.5	124.77856252446873
7006662.5	157.4335002075471
7365978.5	65.26940882048879
7725294.5	144.3775570095213
8084610.5	107.81005199199193
8443926.5	85.01362685062028
8803242.5	69.16343163460485
9162558.5	131.09757518216887
9521874.5	107.58877425014586
9881190.5	179.61253967737983
1.02405065E7	153.69001478120197
1.05998225E7	140.761841373873
1.09591385E7	141.4724057378773
1.13184545E7	152.10606762578308
1.16777705E7	141.10890191578187
1.20370865E7	109.39227662232082
1.23964025E7	23.140157836889273
1.27557185E7	109.02342830979467
1.31150345E7	141.23224558672413
1.34743505E7	137.3012346312288
1.38336665E7	160.28689337800307
1.41929825E7	87.925574638476
1.45522985E7	69.00073989930397
1.49116145E7	73.99220376588504
1.52709305E7	120.19855632546495
1.56302465E7	98.7574962861416
1.59895625E7	39.18836174336357
1.63488785E7	75.06712820073005
1.67081945E7	94.77453243417779
1.70675105E7	105.76832581481267
1.74268265E7	112.90341437250875
1.77861425E7	9.85192236593768
1.81454585E7	103.7587167303561
1.85047745E7	101.68013560772161
1.88640905E7	125.79204406508431
1.92234065E7	115.47690644115032
1.95827225E7	106.37593248461671
1.99420385E7	135.00327948095034
2.03013545E7	74.4446690549339
2.06606705E7	96.15118031579223
2.10199865E7	69.25284495366932
2.13793025E7	56.58469077412181
2.17386185E7	144.41770911410794
2.20979345E7	168.09174785167977
2.24572505E7	129.28750223490812
2.28165665E7	36.42090560657593
2.31758825E7	61.545594125687224
2.34346265E7	46.01021752267606
2.36142845E7	13.447081120985832
2.38945145E7	10.754453628210998
2.42538305E7	9.834892513121732
2.46131465E7	13.324269445872925
2.49724625E7	48.870882679416
2.53317785E7	2.275176151363811
2.56910945E7	8.077536391785852
2.60504105E7	4.797577989558709
2.64097265E7	5.084185409371554
2.67690425E7	6.294503002756283
2.71283585E7	74.0221845476268
2.74876745E7	20.343599873015346
2.78469905E7	10.621288970874977
2.82063065E7	70.61933897953604
2.85656225E7	79.69937620800295
2.89249385E7	69.68923791631701
2.92842545E7	120.63213757192902
2.96435705E7	114.45144500676608
3.00028865E7	89.96182051028836
3.03622025E7	72.66745086117918
3.07215185E7	126.71348543938035
3.10808345E7	127.01740152739826
3.14401505E7	147.0055282668354
3.17994665E7	134.15591594547058
3.21587825E7	119.46286466413842
3.25180985E7	175.63358929035297
3.28774145E7	132.6316928573682
3.32367305E7	167.31213683455115
3.35960465E7	95.22471449715036
3.39553625E7	46.3364667437432
3.43146785E7	137.84087626571954
3.46739945E7	95.34461518776442
3.50333105E7	64.70322084590521
3.53926265E7	164.86898245909074
3.57519425E7	62.77446438944492
3.61112585E7	132.09830188252758
3.64705745E7	145.5669758403096
3.68298905E7	133.80473607801227
3.71892065E7	128.43646323498234
3.75485225E7	71.05623585374103
3.79078385E7	115.72393575578575
3.82671545E7	161.93708936837447
3.86264705E7	98.54207319844731
3.89857865E7	161.3196028293055
3.93451025E7	106.91935273645392
3.97044185E7	108.65527468364897
4.00637345E7	133.5258034986848
4.04230505E7	172.97873925805638
4.07823665E7	84.83587924579345
4.11416825E7	167.87851555343792
4.15009985E7	148.46588152433404
4.18603145E7	125.56405037358799
4.22196305E7	82.8241899675592
4.25789465E7	93.61493109256095
4.29382625E7	91.81085015813618
4.32975785E7	66.50532782990463
4.36568945E7	183.84704480585916
4.40162105E7	87.7901952417599
4.43755265E7	157.72917270707273
4.47348425E7	140.05270527088012
4.50941585E7	51.36271044948773
4.54534745E7	92.28661256493031
4.58127905E7	112.81256319595528
4.61721065E7	104.72310419519809
4.65314225E7	130.4486025027591
4.68907385E7	124.6255229481963
4.72500545E7	141.55112652483191
4.76093705E7	112.2474034241154
4.79686865E7	112.59726280478016
4.83280025E7	149.95695338454865
4.86541545E7	53.594774316566735
4.88338125E7	53.98340167832759
4.90466345E7	160.14441749185428
4.94059505E7	94.74371904079966
4.97652665E7	119.22671202925781
5.01245825E7	134.0886343781123
5.04838985E7	149.2794598082026
5.08432145E7	117.19022264110353
5.12025305E7	83.34938904011443
5.15618465E7	139.09409543179225
5.19211625E7	133.5835063510209
5.22804785E7	57.358815118064506
5.26397945E7	94.87905045189065
5.29991105E7	97.09301733988998
5.33584265E7	95.3145195859759
5.37177425E7	192.2534570749337
5.40770585E7	74.11879472872303
5.44363745E7	105.450771576762
5.47956905E7	148.81069049059013
5.51550065E7	134.21941469409964
5.55143225E7	127.36448451640098
5.58736385E7	132.8192289668236
5.62329545E7	140.98700980742797
5.65922705E7	88.27281565482093
5.69515865E7	142.59344772387283
5.73109025E7	126.0966026228131
5.76702185E7	164.1080545345361
5.80295345E7	87.2793458831782
5.83888505E7	108.86442595059255
5.87481665E7	125.71310188413301
5.91074825E7	73.72581435355714
5.94667985E7	179.9037504838479
5.98261145E7	135.2572644519303
6.01854305E7	81.12934355396956
6.05447465E7	129.80804724643326
6.09040625E7	118.81633825461229
6.12633785E7	126.3569602047348
6.16226945E7	104.02663859159478
6.19820105E7	99.28855561558606
6.23413265E7	129.07952574198515
6.27006425E7	150.36010335211716
6.30599585E7	74.86099153223158
6.34192745E7	101.01252615897945
6.37785905E7	116.61763093471338
6.41379065E7	145.3969494877465
6.44972225E7	142.33127503827615
6.48565385E7	128.2772366558499
6.52158545E7	122.69256947891849
6.55751705E7	95.36991494667365
6.59344865E7	75.31995530610074
6.62938025E7	117.99595009116165
6.66531185E7	135.8770311410985
6.70124345E7	105.9996549945408
6.73717505E7	162.26070786555195
6.77310665E7	141.65567471368774
6.80903825E7	135.99612871070653
6.84496985E7	152.35562328665713
6.88090145E7	121.99078475586761
6.91683305E7	124.70783505786345
6.95276465E7	122.57694324769885
6.98869625E7	124.33916003560297
7.02462785E7	158.74307373022236
7.06055945E7	115.3315215411986
7.09649105E7	178.74473924753076
7.13242265E7	77.06044817893796
7.16835425E7	117.33529956467449
7.20428585E7	94.22481716139258
7.24021745E7	6.922318363293552
7.27614905E7	19.99881810725944
7.31208065E7	26.113161284280235
7.34801225E7	15.893259000064234
7.38394385E7	81.08543309062335
7.41987545E7	7.612607897957744
7.45580705E7	3.511052016866799
7.49173865E7	7.003601749811982
7.52767025E7	11.320746798603423
7.56360185E7	4.074964132896829
7.59953345E7	42.40047301111249
7.63546505E7	1.4921268224745117
7.67139665E7	30.802267408202457
7.690225E7	218.15154159394996
7.7081908E7	8.321856759570892
7.74325985E7	7.491989970674872
7.77919145E7	71.80227740621487
7.81512305E7	13.261982282716442
7.85105465E7	17.669557874845744
7.88698625E7	25.521501517014208
7.92291785E7	52.57248113829345
7.95884945E7	80.96811879133075
7.99478105E7	18.752270708110085
8.03071265E7	6.883834403889892
8.06664425E7	24.993548534172252
8.10257585E7	119.72540181222088
8.13850745E7	172.3110370352995
8.17443905E7	123.70244054730834
8.21037065E7	69.20627074751238
8.24630225E7	127.99428635084234
8.28223385E7	115.91891492123295
8.31816545E7	109.21891297489847
8.35409705E7	174.3532943830365
8.39002865E7	153.49554359381668
8.42596025E7	124.41025412818166
8.46189185E7	154.07643731804762
8.49782345E7	121.91693799046402
8.53375505E7	187.6857376516121
8.56968665E7	128.07186375886673
8.60561825E7	90.59322578209303
8.64154985E7	140.6566329038866
8.67748145E7	141.0215289718079
8.71341305E7	112.40379737763399
8.74934465E7	148.95770793013102
8.78527625E7	152.75238847290322
8.82120785E7	141.05101407565292
8.85713945E7	37.193685235743
8.89307105E7	75.76355102669729
8.92900265E7	115.6188350391027
8.96493425E7	127.5555562935878
9.00086585E7	82.77672223801353
9.03679745E7	122.74241480386831
9.07272905E7	116.84985951344903
9.10866065E7	96.2404225559943
9.14459225E7	139.67751388373946
9.18052385E7	103.68257308380696
9.21645545E7	125.74724421249573
9.25238705E7	169.84954201317095
9.28831865E7	165.15666835241794
9.32425025E7	109.8351411577926
9.36018185E7	94.70461160377442
9.39611345E7	122.93588819316803
9.43204505E7	141.8038409970762
9.46797665E7	144.8333482645422
9.50390825E7	63.566316148059855
9.53983985E7	73.82364957133399
9.57577145E7	133.26437794773614
9.61170305E7	119.21588159661306
9.64763465E7	78.3306174990294
9.68356625E7	94.32365334773742
9.71949785E7	105.58767710217532
9.75542945E7	116.67027391162465
9.79136105E7	96.69222115236799
9.82729265E7	80.16865310709171
9.86322425E7	81.8542596799501
9.89915585E7	87.11374249283173
9.93508745E7	129.68317953828583
9.97101905E7	108.93280696507352
1.000695065E8	109.48213999087378
1.004288225E8	166.16901954858926
1.007881385E8	148.2661352055913
1.011474545E8	123.05214886622399
1.015067705E8	125.96459351198577
1.018660865E8	180.96016967683227
1.022254025E8	111.13005024837854
1.025847185E8	142.77038710958948
1.029440345E8	144.80493687642823
1.033033505E8	57.13396481807925
1.036626665E8	84.54226330568748
1.040219825E8	140.15254455185175
1.043812985E8	121.84275907103527
1.047406145E8	157.61405622457616
1.050999305E8	161.43709571031536
1.054592465E8	92.64662041605654
1.058185625E8	95.66369726226759
1.061778785E8	172.05021850095224
1.065371945E8	134.45777518713572
1.068965105E8	99.98700970215289
1.072558265E8	90.91803669721611
1.076151425E8	72.11689841152592
1.079744585E8	102.55137794160402
1.083337745E8	124.31373366665687
1.086930905E8	78.97960740850414
1.089314775E8	114.55139744140534
1.091111355E8	146.88499910125796
1.094117225E8	81.72714432681404
1.097710385E8	102.82924149254966
1.101303545E8	102.01744347103224
1.10324175E8	3.3474701838853873
1.10503833E8	59.14436599392863
1.108489865E8	146.49863760029555
1.112083025E8	112.16473370222555
1.115676185E8	113.09093874878985
1.119269345E8	158.4291899501339
1.122862505E8	134.29679864114476
1.126455665E8	135.20184264467258
1.130048825E8	76.21784072211638
1.133641985E8	67.8939155116326
1.137235145E8	74.42602371360134
1.140828305E8	72.31917183895013
1.144421465E8	67.42097608276126
1.148014625E8	120.30274017375058
1.151607785E8	58.486921166296895
1.155200945E8	122.75714022083022
1.158794105E8	111.71704505385632
1.162387265E8	136.586519132976
1.165980425E8	114.82075173527751
1.169573585E8	104.3830094645407
1.173166745E8	125.43459017933726
1.176759905E8	120.99467353190589
1.180353065E8	151.83907489439946
1.183946225E8	128.54414970655088
1.187539385E8	105.48169165818624
1.191132545E8	65.14028868531118
1.194725705E8	95.16045063759245
1.198318865E8	152.85454538225954
1.201912025E8	132.80608625724807
1.205505185E8	57.52907265810205
1.209098345E8	91.35284456468462
1.212691505E8	84.10343992666529
1.216284665E8	127.49315320144065
1.219877825E8	116.53707004203046
1.223470985E8	165.18405635027855
1.227064145E8	53.6713836431032
1.230657305E8	64.16667949533188
1.234250465E8	144.71900963991953
1.237843625E8	98.09817382070904
1.241436785E8	91.69404012197354
1.245029945E8	90.24757102943872
1.248623105E8	60.14815427625014
1.252216265E8	37.13843520261145
1.255809425E8	155.47201410957257
1.259402585E8	171.45920924341988
1.262995745E8	143.0687086605147
1.266588905E8	109.1434906471022
1.270182065E8	132.78685101055441
1.273775225E8	68.61544699653923
1.277368385E8	109.3681445364966
1.280961545E8	111.8078623060186
1.284554705E8	92.23333095324924
1.288147865E8	135.29761618322513
1.291741025E8	67.07331110434097
1.295334185E8	129.06082800386605
1.298927345E8	144.15033446709904
1.302520505E8	102.21886218787952
1.306113665E8	122.82431155230191
1.309706825E8	116.41066482327439
1.313299985E8	86.92973580779586
1.316893145E8	80.65729244393711
1.320486305E8	91.56488382611488
1.324079465E8	21.38589412245777
1.327672625E8	144.06144407025437
1.331265785E8	73.42011768456253
1.334858945E8	133.5617335843008
1.337730805E8	28.078607220968674
1.339527385E8	5.285603302422653
1.342045265E8	8.831441792778989
1.345638425E8	51.1328784962558
1.349231585E8	2.4344784706285667
1.352824745E8	5.84603335009267
1.356417905E8	10.67812706491263
1.360011065E8	3.7611687876765445
1.363604225E8	14.725616616772534
1.367197385E8	16.03764734856153
1.370790545E8	51.559754042065855
1.374033365E8	14.487091683783076
1.375577225E8	254.39012834332
1.375927565E8	24.781953313484298
1.376371405E8	167.76649790951777
1.37699935E8	29.442820870120787
1.37786751E8	88.89812710460593
1.37868371E8	17.67255868322118
1.37942101E8	37.00995858804969
1.37980213E8	37.03984104046243
1.38019627E8	78.7670036764706
1.38089538E8	34.99000286376298
1.38156123E8	34.04897049336484
1.382206275E8	78.00545202663449
1.38280805E8	3.4768571495294367
1.38323179E8	255.0
1.383484915E8	120.45
1.38384028E8	124.6972081888856
1.384312265E8	18.78862763915547
1.384772795E8	89.94753632192698
1.38522045E8	96.15481868646286
1.385663025E8	0.9922038522424902
1.38610046E8	21.665255274586784
1.38651258E8	12.884468644100064
1.386833775E8	34.884636130229346
1.387019305E8	7.62456900797951
1.38726341E8	0.0
1.387630385E8	78.09012587320956
1.3879854E8	134.851316606955
1.3883298E8	16.576483050847457
1.388668195E8	96.58316633266533
1.389001375E8	50.71752820458666
1.389325255E8	10.223743446045901
1.38963047E8	43.76053962900506
1.38991991E8	126.6937148217636
1.390198715E8	21.411336652623515
1.39044446E8	0.5620603331328755
1.390581695E8	76.57446808510639
1.39074104E8	101.11047786058747
1.391000815E8	226.97708276598865
1.39125904E8	11.86805209060972
1.391516555E8	61.761155505998474
1.391772845E8	17.120046686877917
1.39202833E8	110.68414804765337
1.39227853E8	3.0
1.392522945E8	159.3026745975625
1.392761035E8	0.0
1.392991635E8	0.0
1.393219065E8	215.31496062992127
1.39344169E8	138.77293111855883
1.393656665E8	0.0
1.39386585E8	168.956841688574
1.394057875E8	127.5
1.394157655E8	0.0
1.39426072E8	208.23229198886483
1.394433E8	255.0
1.394591395E8	0.0
1.39474609E8	0.0
1.394898515E8	3.0
1.39504877E8	11.447955711896661
1.39519712E8	102.80722891566265
1.39534307E8	0.0
1.39548658E8	12.956488980975701
1.395628065E8	147.15485829959513
1.395768695E8	255.0
1.395908865E8	255.0
1.396048595E8	252.45847176079735
1.39618797E8	255.0
1.396327175E8	245.39390088945362
1.39646447E8	0.0
1.39659998E8	10.656536523164734
1.39673523E8	0.0
1.39687001E8	1.2014244380146895
1.39700456E8	255.0
1.397138915E8	0.0
1.397272965E8	0.0
1.39740652E8	140.36463536463538
1.397539385E8	0.0
1.397671835E8	0.0
1.397738625E8	0.0
1.39780441E8	6.077592126344701
1.397935115E8	0.0
1.39806605E8	0.0
1.398195725E8	239.048084189314
1.398324245E8	0.0
1.39845262E8	255.0
1.398580325E8	2.732861565678903
1.3987073E8	255.0
1.398833975E8	0.0
1.398960405E8	140.7792908762421
1.399086725E8	0.0
1.399212565E8	165.0
1.39933781E8	160.39377485952397
1.39946267E8	255.0
1.399587085E8	1.000277854959711
1.399711325E8	0.0
1.39983544E8	240.25695931477517
1.399959275E8	165.8296238426888
1.400082885E8	110.59358544758257
1.40020559E8	0.0
1.400327265E8	2.7921406411582215
1.400448715E8	0.0
1.4005699E8	0.0
1.400690545E8	0.0
1.40081085E8	255.0
1.400930995E8	123.8989419131937
1.40105101E8	255.0
1.40117094E8	255.0
1.401281635E8	0.0
1.40134155E8	0.0
1.401410485E8	1.1061988837797045
1.40153003E8	31.13691931540342
1.40164882E8	0.0
1.40176667E8	191.01746514981573
1.4018842E8	204.3600300346697
1.40200076E8	0.9439385078118473
1.402116215E8	0.0
1.402231315E8	250.81967213114754
1.402345955E8	0.0
1.402459205E8	0.0
1.402571045E8	0.0
1.402682415E8	0.0
1.4027885E8	26.05475397289875
1.40288828E8	254.71698113207546
1.402984445E8	0.0
1.40307799E8	0.0
1.403166425E8	3.0
1.40324819E8	0.0
1.403326835E8	1.7142857142857142
1.403402015E8	0.0
1.4034742E8	0.0
1.40354483E8	1.0
1.403614525E8	9.320542052054206
1.403683705E8	240.5863460528201
1.403752505E8	2.141384561321307
1.403821105E8	1.0
1.40388953E8	254.08492822966508
1.403957145E8	0.0
1.404023365E8	3.0
1.404088075E8	0.0
1.404151525E8	3.0
1.40421418E8	1.0
1.40427633E8	44.78607938663046
1.404337675E8	106.09178270249069
1.404398365E8	0.0
1.40445888E8	255.0
1.404519085E8	0.0
1.404579005E8	209.84420928865373
1.404638765E8	150.50644730991553
1.404698365E8	249.20933113129644
1.4047577E8	254.90467289719626
1.40481673E8	145.21141818102154
1.404875345E8	0.0
1.404915035E8	0.0
1.404943895E8	3.0
1.404990715E8	0.0
1.405047025E8	91.16802225714686
1.40510262E8	0.0
1.405157995E8	226.17760180995475
1.40521292E8	206.25474055563723
1.40526756E8	171.89799175049927
1.40532181E8	0.0
1.40537566E8	237.67044394224598
1.405429375E8	255.0
1.405482795E8	255.0
1.40553603E8	0.0
1.405589225E8	1.0
1.40564221E8	0.0
1.405694775E8	255.0
1.40574688E8	255.0
1.405798735E8	255.0
1.405850135E8	255.0
1.40590093E8	0.0
1.405951535E8	0.0
1.40600212E8	0.0
1.406052535E8	0.0
1.406102665E8	0.21428571428571427
1.406152645E8	0.0
1.406202595E8	3.0
1.406252495E8	0.0
1.40630226E8	0.0
1.40635179E8	0.0
1.40640115E8	0.0
1.4064504E8	0.0
1.4064995E8	232.24501083313586
1.406548455E8	0.0
1.40659729E8	149.60517767496802
1.40664601E8	1.0
1.406694435E8	0.0
1.40674261E8	0.0
1.40679061E8	151.4228359908884
1.40683806E8	0.0
1.40688509E8	0.0
1.406931635E8	0.0
1.40697758E8	0.0
1.40702335E8	3.0
1.40706898E8	0.0
1.40711432E8	0.0
1.40715925E8	233.871787824653
1.40720393E8	0.0
1.407248515E8	0.0
1.407292955E8	2.3333333333333335
1.407337135E8	0.0
1.40738111E8	0.0
1.40742499E8	0.0
1.407468785E8	0.0
1.40751256E8	0.0
1.407556295E8	3.0
1.40759995E8	86.33333333333333
1.407643435E8	255.0
1.407686665E8	116.84405272351914
1.407729765E8	0.4214635161861143
1.40777284E8	0.0
1.40781584E8	225.49405725898126
1.40785876E8	8.603592823498925
1.40790157E8	0.0
1.407944295E8	1.0
1.407986935E8	0.5
1.40802937E8	0.0
1.40807165E8	255.0
1.408113885E8	0.0
1.408156105E8	112.76262782770375
1.408198225E8	0.5782840523509453
1.40824022E8	2.940119760479042
1.408282145E8	2.497816593886463
1.408324E8	1.8
1.408365825E8	0.0
1.40840755E8	0.0
1.408449115E8	1.0
1.40849054E8	0.0
1.40851497E8	0.0
1.408535395E8	0.0
1.40857247E8	0.0
1.408613235E8	0.0
1.40865389E8	177.01958424507657
1.408694335E8	0.0
1.40873455E8	0.0
1.408774675E8	0.0
1.408814765E8	0.0
1.40885475E8	182.42857142857142
1.408894625E8	0.0
1.408934395E8	0.0
1.408974065E8	0.0
1.409013685E8	154.9786438868126
1.409053235E8	227.32550500158683
1.40909269E8	0.0
1.409132055E8	0.0
1.409171345E8	0.0
1.409210595E8	255.0
1.40924982E8	0.0
1.40928899E8	0.0
1.40932812E8	0.0
1.409367215E8	2.9966703662597114
1.4094061E8	0.0
1.409444775E8	2.341397309777153
1.409483385E8	215.28186285662284
1.409521765E8	0.0
1.40955989E8	0.0
1.409597955E8	0.0
1.409636015E8	0.0
1.40967392E8	0.0
1.40971157E8	2.245674740484429
1.40974907E8	0.0
1.40978648E8	0.0
1.409823815E8	58.09768637532134
1.40986105E8	0.0
1.409898215E8	24.730408573342263
1.40993536E8	1.0
1.409972465E8	0.0
1.41000941E8	0.0
1.410046115E8	0.5361054390198626
1.410082665E8	254.71022727272728
1.41011916E8	255.0
1.410155645E8	0.0
1.410192115E8	0.0
1.410228535E8	0.12531328320802004
1.410264835E8	255.0
1.410301055E8	0.0
1.41033718E8	255.0
1.41037321E8	248.5326086956522
1.410409235E8	255.0
1.41044521E8	0.0
1.410481085E8	0.0
1.410516865E8	0.0
1.41055252E8	244.07474931631722
1.410588075E8	207.85618986529826
1.41062361E8	0.0
1.41065914E8	0.0
1.41069467E8	220.8
1.41073012E8	240.0600983707347
1.41076544E8	0.0
1.41080071E8	0.0
1.41083596E8	0.0
1.41087117E8	0.0
1.41090628E8	0.0
1.410941305E8	233.0723297630769
1.41097631E8	46.269804509229616
1.411011295E8	0.0
1.411046235E8	178.47449149716573
1.411081075E8	0.0
1.41111585E8	0.0
1.4111506E8	0.0
1.411185295E8	215.40250914793518
1.41121994E8	2.98972602739726
1.411254545E8	46.38606496404662
1.411289005E8	0.0
1.411323185E8	0.307909604519774
1.411357175E8	0.0
1.4113911E8	255.0
1.411424975E8	0.0
1.41145878E8	188.74125874125875
1.411492525E8	229.9415437117025
1.41152626E8	236.47512864493996
1.41155995E8	0.0
1.411593515E8	3.0
1.41162699E8	212.5
1.41166043E8	1.664816870144284
1.4116937E8	0.0
1.411726805E8	0.0
1.411759855E8	0.0
1.41179286E8	0.0
1.411825805E8	0.0
1.411858675E8	3.0
1.41189148E8	0.0
1.41192424E8	0.0
1.411956955E8	255.0
1.411989605E8	103.69142033165105
1.41202221E8	0.0
1.4120548E8	223.11562145777646
1.412087365E8	0.0
1.41210776E8	0.0
1.41212402E8	0.0
1.412152325E8	0.0
1.41218463E8	3.0
1.41221688E8	128.10592160133444
1.412249085E8	212.2746081783066
1.41228124E8	161.69023649728348
1.41231335E8	0.0
1.412345425E8	255.0
1.41237746E8	0.0
1.41240947E8	191.26453488372093
1.41244146E8	0.0
1.412473425E8	179.94208494208493
1.41250538E8	224.38961848830695
1.412537305E8	236.66369517824518
1.412569125E8	0.0
1.41260086E8	253.95491803278688
1.41263258E8	0.0
1.412664245E8	0.0
1.41269585E8	0.0
1.41272743E8	0.0
1.412758995E8	0.0
1.412790545E8	251.60782808902533
1.412822035E8	0.0
1.4128534E8	207.94058144493022
1.41288466E8	0.0
1.41291589E8	0.0
1.412947105E8	0.0
1.412978215E8	8.112956100342075
1.413009225E8	0.0
1.413040225E8	254.70348837209303
1.41307117E8	0.0
1.41310204E8	243.2682590721176
1.413132865E8	0.0
1.413163665E8	214.73751783166904
1.41319445E8	77.68278096187392
1.413225215E8	0.0
1.41325596E8	0.0
1.41328669E8	0.6405135520684736
1.41331738E8	0.0
1.413348E8	0.0
1.413378585E8	187.82094587312193
1.413409105E8	207.79425538557604
1.413439555E8	0.0
1.41346999E8	0.0
1.41350033E8	0.0
1.413530575E8	1.0
1.41356076E8	0.0
1.413590875E8	0.0
1.41362097E8	0.0
1.413651025E8	0.0
1.41368103E8	1.6666666666666667
1.41371102E8	1.6064690026954178
1.413740995E8	1.0
1.41377093E8	255.0
1.413800805E8	206.01815736381977
1.413830635E8	254.71465870943678
1.413860455E8	1.0
1.41389022E8	33.44091858037578
1.413919895E8	0.0
1.4139495E8	0.0
1.413979065E8	0.0
1.41400857E8	0.0
1.41403801E8	0.0
1.41406741E8	0.0
1.41409678E8	0.0
1.414126105E8	0.0
1.41415538E8	242.11593489935638
1.414184645E8	0.0
1.414213895E8	255.0
1.414243125E8	213.21256327334083
1.414272345E8	0.0
1.41430155E8	0.0
1.414330725E8	0.0
1.414359875E8	178.40995345506624
1.414389E8	0.0
1.414418105E8	0.0
1.41444718E8	208.41313360041804
1.414476225E8	0.37502233339288904
1.41450526E8	0.0
1.41453427E8	181.71960767681833
1.41456323E8	1.0
1.41459214E8	126.93656093489149
1.414621005E8	149.6981818181818
1.414649835E8	187.37887121253235
1.414678655E8	0.0
1.414707475E8	255.0
1.41473629E8	0.0
1.41476508E8	1.0
1.414793845E8	206.88184849928538
1.41482258E8	0.0
1.414851235E8	0.0
1.414879835E8	0.0
1.414908425E8	0.0
1.41493699E8	255.0
1.41496551E8	228.78095632446923
1.414993995E8	0.0
1.415022465E8	0.0
1.415050915E8	255.0
1.41507934E8	0.0
1.415107725E8	252.89256198347107
1.415136075E8	0.0
1.41516441E8	0.0
1.415192725E8	0.0
1.41522102E8	0.0
1.415249305E8	125.57411504424779
1.41527757E8	1.8715462918080465
1.41530581E8	0.0
1.415334035E8	0.0
1.415362255E8	0.0
1.415390465E8	0.0
1.41541866E8	255.0
1.41544683E8	214.89675014600294
1.415474975E8	0.0
1.4155031E8	0.0
1.415531175E8	0.0
1.41555919E8	192.1270960478758
1.415587165E8	1.0
1.41561512E8	0.0
1.41564307E8	0.3333333333333333
1.415671015E8	0.0
1.415695015E8	222.76281753910672
1.41570898E8	255.0
1.41572688E8	0.0
1.4157548E8	0.0
1.415782705E8	232.30769230769232
1.415810595E8	0.0
1.41583847E8	137.3879003558719
1.415866325E8	0.0
1.41589416E8	217.1586805167728
1.41592198E8	0.0
1.41594971E8	204.6
1.415977345E8	184.21227621483376
1.41600491E8	0.0
1.416032415E8	0.0
1.41605989E8	71.10810810810811
1.416087335E8	0.0
1.416114735E8	0.0
1.41614208E8	255.0
1.416169385E8	163.30862806385153
1.41619657E8	218.23232069957137
1.416223655E8	0.0
1.41625071E8	255.0
1.416277715E8	0.0
1.41630469E8	0.0
1.416331645E8	219.84085415870908
1.41635856E8	0.0
1.416385445E8	1.9752634975263497
1.416412325E8	0.0
1.416439195E8	248.20999042729093
1.41646598E8	206.40075765128103
1.416492685E8	0.0
1.41651938E8	1.6426426426426426
1.416546065E8	0.0
1.41657273E8	49.240284488918185
1.416599375E8	0.0
1.41662593E8	243.06214175593945
1.416652385E8	0.0
1.416678815E8	204.64600158745907
1.41670523E8	0.0
1.41673163E8	0.0
1.41675801E8	0.0
1.416784375E8	130.39801884513167
1.41681073E8	0.0
1.41683705E8	255.0
1.416863335E8	253.07627829002516
1.416889605E8	0.0
1.416915825E8	0.0
1.416942E8	0.0
1.416968145E8	0.0
1.41699426E8	0.0
1.41702034E8	0.0
1.41704638E8	0.0
1.41707241E8	255.0
1.41709838E8	0.0
1.417124275E8	255.0
1.417150135E8	0.0
1.41717597E8	0.0
1.41720177E8	0.0
1.41722754E8	0.0
1.417253305E8	0.0
1.41727906E8	182.47282347282348
1.41730481E8	0.0
1.41733056E8	3.0
1.417356305E8	255.0
1.417382025E8	0.0
1.4174077E8	0.0
1.41743333E8	0.0
1.41745892E8	0.0
1.417484485E8	0.0
1.41751004E8	255.0
1.41753556E8	2.332591768631813
1.41756104E8	133.33067112966813
1.41758648E8	3.0
1.41761189E8	128.78964941569282
1.417637275E8	0.0
1.4176626E8	0.0
1.41768789E8	0.0
1.417713145E8	0.0
1.41773836E8	137.15781716349164
1.41776357E8	0.0
1.417788775E8	0.0
1.417813975E8	176.82426778242677
1.41783916E8	0.0
1.417864325E8	0.0
1.41788946E8	9.581061272354148
1.41791457E8	0.0
1.417939675E8	0.0
1.417964765E8	2.990033222591362
1.41798983E8	0.0
1.418014855E8	0.0
1.41803981E8	79.41841176186101
1.4180647E8	3.0
1.41808953E8	3.0
1.41811431E8	199.39566533089265
1.418139075E8	226.68368107302533
1.41816383E8	0.0
1.41818857E8	0.0
1.418213285E8	0.0
1.418237955E8	0.0
1.41826259E8	95.43510506798516
1.418287215E8	255.0
1.41831178E8	255.0
1.41833627E8	255.0
1.418360715E8	0.0
1.41838512E8	0.0
1.418409505E8	187.2395446671616
1.418433885E8	0.0
1.418458265E8	143.68832051153962
1.41848263E8	0.0
1.418506975E8	0.0
1.418531305E8	0.0
1.41855562E8	0.0
1.41857992E8	1.2
1.418604205E8	251.64473684210526
1.41862847E8	0.0
1.41865272E8	0.0
1.41867695E8	0.0
1.41870116E8	254.82042253521126
1.418725365E8	0.0
1.41874956E8	0.0
1.41877374E8	0.0
1.41879789E8	0.0
1.418822015E8	0.0
1.418846075E8	0.0
1.418870045E8	0.0
1.418893965E8	53.97422680412371
1.418917865E8	0.0
1.41894176E8	0.0
1.41896563E8	0.0
1.41898948E8	0.0
1.41901333E8	192.03830022583767
1.419037175E8	185.0208614615004
1.41906101E8	59.13290241210783
1.41908484E8	197.64728756511948
1.419108665E8	0.0
1.41913248E8	0.0
1.41915629E8	90.28337001679088
1.41918009E8	5.073384311790824
1.41920388E8	145.61010486177312
1.419227665E8	0.0
1.41925143E8	0.0
1.419275165E8	0.0
1.419292615E8	26.465147793681716
1.41930446E8	0.0
1.419322555E8	0.0
1.419346225E8	0.0
1.41936987E8	0.0
1.41939347E8	0.0
1.41941703E8	85.66739606126914
1.419440575E8	0.0
1.41946411E8	0.0
1.419487635E8	0.0
1.419511115E8	0.0
1.419534545E8	0.0
1.419557965E8	246.93074915037187
1.41958135E8	0.0
1.419604675E8	254.5326001571092
1.419627965E8	0.0
1.419651245E8	227.0795520527689
1.419674515E8	234.82801662500128
1.41969777E8	0.0
1.419721005E8	0.0
1.419744205E8	255.0
1.41976738E8	0.0
1.419790505E8	0.0
1.41981358E8	0.0
1.419836635E8	228.47859521439116
1.41985967E8	149.03164974284584
1.41988266E8	1.8226281673541544
1.4199056E8	0.0
1.41992852E8	3.0
1.41995142E8	0.0
1.4199743E8	0.0
1.419997165E8	0.0
1.420020015E8	255.0
1.42004285E8	0.0
1.420065675E8	0.0
1.42008845E8	0.0
1.420111165E8	199.8509110988404
1.42013386E8	0.0
1.420156535E8	0.0
1.42017916E8	0.0
1.42020175E8	0.0
1.42022431E8	0.0
1.420246815E8	0.0
1.42026929E8	0.0
1.42029171E8	0.0
1.420314065E8	0.0
1.420336395E8	229.9262103505843
1.420358715E8	182.96989047407348
1.420381015E8	0.0
1.42040329E8	255.0
1.42042554E8	1.0
1.42044776E8	0.0
1.420469965E8	0.0
1.42049215E8	0.0
1.420514315E8	0.0
1.420536445E8	0.0
1.42055854E8	0.0
1.42058062E8	255.0
1.420602685E8	182.4817190149014
1.42062474E8	0.0
1.42064677E8	255.0
1.420668775E8	0.0
1.420690765E8	0.0
1.420712745E8	0.0
1.420734715E8	0.0
1.420756655E8	0.0
1.420778565E8	227.89116304298693
1.42080046E8	0.0
1.42082235E8	0.0
1.42084423E8	0.0
1.42086609E8	0.0
1.4208879E8	0.0
1.420909665E8	0.0
1.42093141E8	0.0
1.420953105E8	0.0
1.42097474E8	0.0
1.42099635E8	0.0
1.42101794E8	255.0
1.42103946E8	0.0
1.42106089E8	0.0
1.421082245E8	0.0
1.42110355E8	0.0
1.421124825E8	0.0
1.421146075E8	255.0
1.421167315E8	166.6597432024169
1.42118853E8	176.42568170550322
1.42120971E8	182.51677852348993
1.421230865E8	0.0
1.421252E8	0.0
1.42127313E8	0.0
1.42129426E8	0.0
1.421315385E8	0.0
1.42133649E8	0.0
1.421357575E8	0.0
1.42137864E8	0.0
1.42139969E8	169.23766816143498
1.42142073E8	0.0
1.421441755E8	207.3170731707317
1.421462745E8	0.0
1.421483705E8	0.0
1.421504655E8	0.0
1.421525595E8	0.0
1.421546525E8	3.0
1.421567435E8	83.55342136854742
1.42158833E8	0.0
1.421609215E8	255.0
1.42163009E8	0.7880127298444131
1.42165096E8	1.9991659716430359
1.421671825E8	0.0
1.421692675E8	0.0
1.4217135E8	178.91806919121083
1.4217343E8	0.0
1.42175509E8	0.0
1.421775875E8	0.0
1.421796645E8	255.0
1.421817365E8	0.0
1.421838025E8	11.969047749575132
1.42185866E8	0.0
1.42187929E8	204.73026056723558
1.421899915E8	255.0
1.421920525E8	0.0
1.421941125E8	0.0
1.421961725E8	255.0
1.42198232E8	85.0
1.422002865E8	254.4250281848929
1.422023345E8	0.0
1.422043795E8	0.0
1.42206423E8	0.0
1.42208462E8	0.0
1.42210496E8	0.0
1.42212529E8	0.0
1.422145605E8	0.0
1.42216589E8	24.306731583403895
1.42218613E8	0.0
1.422206335E8	0.0
1.42222652E8	0.0
1.422246675E8	0.0
1.422266795E8	0.0
1.42228689E8	0.0
1.422306975E8	255.0
1.422327045E8	0.0
1.422347105E8	0.0
1.42236716E8	0.3450258769407706
1.42238721E8	254.7875
1.422407225E8	0.0
1.422427205E8	1.0
1.422447185E8	1.0
1.42246715E8	0.0
1.42248709E8	0.0
1.422507005E8	0.0
1.422526905E8	198.66470916482874
1.422546795E8	255.0
1.422566665E8	0.0
1.422586525E8	0.0
1.422606355E8	0.0
1.422626145E8	3.0
1.422645915E8	1.0
1.422665675E8	0.0
1.42268543E8	1.0
1.422705175E8	215.0056179775281
1.422724895E8	0.0
1.422744575E8	1.5
1.422764235E8	0.0
1.422783895E8	0.0
1.422803545E8	0.0
1.42282318E8	0.0
1.422842805E8	1.6270022883295194
1.422862425E8	231.84589716365844
1.4228818E8	51.102204408817634
1.42289161E8	0.0
1.42290166E8	0.0
1.42292127E8	0.0
1.42294088E8	0.0
1.422960465E8	0.0
1.422980025E8	28.3718728021702
1.42299954E8	0.0
1.42301901E8	255.0
1.42303848E8	255.0
1.423057945E8	0.0
1.4230774E8	255.0
1.423096845E8	0.0
1.42311628E8	255.0
1.42313569E8	0.0
1.423155065E8	168.65688487584652
1.423174425E8	0.0
1.42319378E8	0.0
1.42321312E8	3.0
1.42323245E8	0.0
1.42325177E8	0.0
1.42327107E8	112.99313143927569
1.423290355E8	0.0
1.423309635E8	0.0
1.42332891E8	0.0
1.423348175E8	220.12999227003348
1.423367435E8	0.0
1.423386685E8	0.0
1.423405905E8	0.0
1.42342509E8	255.0
1.423444255E8	0.0
1.423463415E8	0.0
1.42348253E8	255.0
1.423501595E8	0.0
1.42352065E8	0.9868421052631579
1.423539695E8	0.0
1.42355873E8	0.0
1.42357776E8	0.0
1.42359679E8	1.0
1.423615815E8	0.0
1.42363483E8	255.0
1.423653835E8	0.0
1.423672835E8	0.0
1.42369183E8	0.0
1.4237108E8	0.0
1.42372975E8	0.0
1.42374869E8	0.0
1.42376761E8	0.0
1.423786515E8	0.0
1.423805415E8	252.94514321539125
1.423824305E8	0.11308562197092084
1.423843155E8	255.0
1.423861925E8	0.0
1.423880645E8	0.0
1.42389936E8	0.0
1.423918065E8	0.0
1.423936765E8	0.0
1.42395546E8	128.57859531772576
1.42397415E8	0.0
1.42399284E8	0.0
1.424011525E8	0.0
1.42403019E8	0.0
1.42404883E8	213.53080221676106
1.42406746E8	0.0
1.424086055E8	0.0
1.424104605E8	255.0
1.42412313E8	0.0
1.42414163E8	0.0
1.42416009E8	0.0
1.42417852E8	0.0
1.42419695E8	0.0
1.42421538E8	0.0
1.424233805E8	0.0
1.42425222E8	0.0
1.42427063E8	0.0
1.424288995E8	0.0
1.424307315E8	0.0
1.424325625E8	0.0
1.42434392E8	0.0
1.42436221E8	0.0
1.424380485E8	1.9094269870609981
1.42439871E8	255.0
1.424416895E8	0.0
1.424435075E8	0.0
1.42445323E8	0.0
1.42447136E8	0.0
1.424489455E8	0.0
1.4245075E8	0.0
1.424525525E8	0.0
1.42454354E8	254.7483966452886
1.424561545E8	0.0
1.424579545E8	191.4095079232694
1.424597535E8	0.0
1.42461551E8	0.0
1.42463346E8	0.0
1.424651385E8	0.0
1.42466928E8	0.0
1.424687145E8	0.0
1.424705E8	0.0
1.42472285E8	253.94190871369295
1.424740655E8	0.0
1.42475841E8	0.0
1.42477616E8	41.68632567849687
1.42479391E8	255.0
1.424811635E8	0.0
1.42482933E8	0.0
1.424847005E8	209.70953126377987
1.42486464E8	0.0
1.424882225E8	253.89523434423
1.424899775E8	255.0
1.4249173E8	255.0
1.42493479E8	0.0
1.42495226E8	0.0
1.42496973E8	0.0
1.42498718E8	0.0
1.4250046E8	0.0
1.425021995E8	64.44695071010861
1.42503937E8	0.0
1.425056725E8	0.0
1.42507406E8	3.0
1.425091385E8	0.0
1.425108685E8	255.0
1.425125945E8	0.0
1.425143185E8	1.0
1.4251604E8	255.0
1.42517759E8	255.0
1.425194765E8	0.0
1.425211925E8	0.0
1.42522908E8	0.0
1.425246225E8	0.0
1.42526336E8	0.0
1.425280485E8	221.59037095501185
1.425297595E8	179.4
1.425314695E8	0.0
1.42533179E8	0.0
1.425348875E8	0.0
1.425365935E8	0.0
1.42538297E8	0.0
1.4254E8	0.0
1.425416995E8	0.0
1.425433925E8	240.14384025270758
1.425450825E8	255.0
1.42546771E8	0.0
1.42548457E8	1.0
1.42550141E8	0.0
1.42551824E8	115.92308348984122
1.42553507E8	254.49101796407186
1.425551885E8	0.0
1.42556868E8	0.0
1.425585465E8	0.0
1.42560223E8	0.0
1.42561894E8	0.0
1.42563556E8	0.0
1.425652095E8	0.0
1.42566857E8	0.0
1.42568501E8	0.0
1.42570144E8	129.0
1.42571786E8	0.0
1.42573425E8	0.0
1.42575062E8	0.0
1.42576699E8	178.82373578213148
1.425783355E8	0.0
1.425799685E8	0.0
1.42581598E8	0.0
1.42583225E8	255.0
1.4258485E8	0.0
1.42586474E8	0.0
1.425880965E8	0.0
1.42589717E8	95.23286590975725
1.425913335E8	0.75
1.42592946E8	254.8012470771629
1.425945565E8	41.40551181102362
1.425961665E8	204.6
1.425977755E8	255.0
1.42599378E8	1.0
1.42600974E8	0.0
1.426025685E8	255.0
1.426041585E8	0.0
1.426057445E8	0.0
1.426073305E8	0.0
1.42608914E8	1.0
1.42610493E8	0.0
1.4261207E8	0.0
1.42613646E8	0.0
1.4261522E8	0.0
1.42616792E8	0.0
1.42618361E8	0.0
1.426199275E8	172.76732431110386
1.426214905E8	0.0
1.426230505E8	255.0
1.426246095E8	0.0
1.426261665E8	0.0
1.426277225E8	0.0
1.42629278E8	0.0
1.42630832E8	3.0
1.426323845E8	30.398663697104677
1.426339355E8	0.0
1.426354855E8	0.0
1.42637035E8	0.0
1.426385825E8	0.0
1.426401275E8	0.0
1.42641671E8	81.10462339917517
1.42643213E8	0.0
1.426447535E8	0.0
1.426462925E8	0.0
1.42647757E8	0.0
1.42648524E8	0.0
1.42649362E8	213.16708860759493
1.42650895E8	0.0
1.426524275E8	0.0
1.42653958E8	0.0
1.42655486E8	228.5266620498615
1.42657012E8	0.0
1.42658537E8	0.0
1.42660062E8	201.93188261435904
1.42661585E8	0.0
1.426631055E8	0.0
1.42664625E8	0.0
1.426661435E8	0.0
1.426676605E8	0.0
1.426691735E8	0.0
1.42670683E8	0.0
1.426721915E8	0.0
1.426736975E8	6.468039003250271
1.426752015E8	0.0
1.426767045E8	0.0
1.426782025E8	255.0
1.426796955E8	0.0
1.426811875E8	212.18460111317253
1.426826785E8	0.0
1.42684168E8	0.0
1.426856565E8	0.0
1.42687144E8	255.0
1.42688631E8	181.42986247544204
1.42690117E8	223.36032642812305
1.426916015E8	0.0
1.426930845E8	0.0
1.426945645E8	0.0
1.426960415E8	0.0
1.42697517E8	1.4418212478920742
1.42698991E8	0.0
1.42700463E8	0.0
1.427019325E8	0.0
1.427034E8	0.0
1.427048665E8	0.0
1.427063315E8	0.0
1.427077945E8	0.0
1.42709256E8	255.0
1.42710717E8	0.0
1.42712177E8	0.0
1.427136355E8	230.3584423175276
1.427150925E8	255.0
1.42716547E8	0.0
1.427179995E8	0.0
1.427194515E8	0.0
1.42720903E8	0.0
1.427223515E8	0.0
1.427237975E8	0.0
1.42725243E8	0.0
1.42726687E8	222.56873432900906
1.42728129E8	0.0
1.427295695E8	231.36972111172747
1.427310075E8	0.0
1.427324415E8	0.0
1.427338735E8	0.0
1.427353055E8	0.0
1.427367365E8	3.0
1.42738166E8	70.85106382978724
1.42739595E8	178.50850590162557
1.42741022E8	0.0
1.427424465E8	0.0
1.427438705E8	0.0
1.427452945E8	0.0
1.42746718E8	0.0
1.427481405E8	222.0034762456547
1.42749562E8	0.0
1.42750982E8	0.0
1.427523995E8	254.06934306569343
1.427538155E8	0.0
1.427552315E8	1.6
1.42756647E8	3.0
1.427580605E8	0.0
1.427594725E8	0.0
1.42760884E8	0.0
1.427622945E8	0.0
1.427637035E8	0.0
1.427651115E8	0.0
1.42766519E8	0.0
1.427679255E8	0.0
1.427693305E8	0.0
1.427707335E8	0.0
1.42772132E8	0.0
1.427735265E8	0.0
1.4277492E8	223.21361439312568
1.42776312E8	0.0
1.42777703E8	0.0
1.42779094E8	0.0
1.427804825E8	255.0
1.427818685E8	0.0
1.42783254E8	0.0
1.427846385E8	255.0
1.42786022E8	255.0
1.427874045E8	50.8068669527897
1.42788786E8	0.0
1.42790167E8	0.0
1.427915475E8	0.0
1.427929275E8	85.0
1.42794307E8	23.127653820148748
1.427956855E8	85.66666666666667
1.42797063E8	0.0
1.4279844E8	68.73471520641003
1.42799817E8	255.0
1.42801194E8	255.0
1.428025705E8	0.0
1.42803946E8	0.0
1.428053205E8	0.0
1.428066945E8	0.0
1.42808068E8	0.0
1.4280944E8	0.0
1.4281081E8	0.0
1.428121785E8	0.0
1.428135455E8	65.03407155025553
1.42814909E8	0.0
1.428162695E8	206.62568726804417
1.428176275E8	161.842559723688
1.428189835E8	255.0
1.42820339E8	0.0
1.42821694E8	255.0
1.428230475E8	0.0
1.42824399E8	0.0
1.42825748E8	0.0
1.42827095E8	171.0
1.428284415E8	0.0
1.428297865E8	0.0
1.4283113E8	0.2680965147453083
1.42832472E8	242.78144622969106
1.428338125E8	254.7608200455581
1.428351525E8	0.0
1.428364925E8	0.0
1.42837832E8	255.0
1.42839171E8	0.0
1.42840509E8	1.0
1.42841846E8	0.0
1.428431825E8	0.0
1.428445175E8	255.0
1.42845851E8	0.0
1.42847184E8	41.51309243257397
1.42848517E8	0.0
1.428498495E8	203.18725099601593
1.428511805E8	192.25552050473186
1.428525105E8	0.0
1.428538395E8	255.0
1.42855167E8	0.0
1.428564935E8	0.0
1.428578195E8	0.0
1.42859144E8	0.0
1.42860467E8	0.0
1.428617895E8	190.93178036605659
1.428631085E8	0.0
1.42864424E8	0.0
1.42865739E8	0.0
1.42867054E8	0.0
1.42868369E8	0.0
1.428696825E8	0.0
1.42870994E8	0.0
1.42872305E8	157.82776349614397
1.428736155E8	0.0
1.428749255E8	173.4911482543764
1.42876235E8	122.94094013660104
1.428775435E8	0.0
1.428788505E8	0.0
1.428801555E8	255.0
1.428814595E8	0.0
1.428827635E8	0.0
1.428840675E8	217.1643059490085
1.42885371E8	0.0
1.42886674E8	0.0
1.428879765E8	0.0
1.42889278E8	0.0
1.42890579E8	255.0
1.42891879E8	249.6448923596454
1.42893177E8	0.0
1.42894474E8	129.21035058430718
1.42895771E8	0.0
1.428970675E8	0.0
1.42898363E8	0.0
1.428996575E8	0.0
1.429009515E8	0.0
1.429022455E8	0.0
1.42903539E8	150.95613433858807
1.42904831E8	0.0
1.429061215E8	0.0
1.42907411E8	132.83044982698962
1.42908699E8	241.54354125579374
1.429099855E8	0.0
1.42911271E8	0.0
1.429125555E8	0.0
1.429138395E8	220.1844656066661
1.42915123E8	0.0
1.42916406E8	186.91817574897772
1.429176885E8	254.9260118961265
1.4291897E8	0.0
1.429202505E8	0.0
1.429215305E8	0.0
1.4292281E8	0.0
1.429240885E8	0.0
1.429253665E8	176.31375579598145
1.429266445E8	0.0
1.42927922E8	236.6610145134783
1.42929199E8	2.691909816203041
1.42930476E8	2.2058823529411766
1.429317525E8	0.0
1.42933028E8	0.0
1.42934303E8	0.0
1.429355775E8	0.0
1.429368515E8	0.0
1.429381245E8	255.0
1.42939396E8	0.0
1.42940667E8	0.0
1.42941938E8	0.0
1.42943209E8	255.0
1.4294448E8	255.0
1.429457505E8	223.14129295703393
1.429470205E8	1.0
1.429482905E8	212.2421847558834
1.4294956E8	3.0
1.429508285E8	0.0
1.429520965E8	255.0
1.429533635E8	237.02275977121067
1.42954629E8	0.0
1.429558935E8	40.71641526175688
1.42957157E8	0.0
1.4295842E8	0.0
1.42959683E8	106.79160464423936
1.429609455E8	0.0
1.429622075E8	3.0
1.429634695E8	0.0
1.42964731E8	0.0
1.42965992E8	182.95275111531703
1.429672525E8	215.81897090440017
1.429685125E8	0.0
1.429697725E8	249.30467762326168
1.429710325E8	3.0
1.42972292E8	55.901714321271896
1.429735505E8	0.0
1.429748085E8	6.958973892477031
1.429760665E8	2.3750425894378195
1.42977324E8	0.0
1.42978579E8	0.0
1.42979832E8	249.11386557856648
1.429810845E8	0.0
1.42982336E8	0.0
1.42983587E8	255.0
1.42984838E8	0.0
1.42986089E8	0.0
1.429873395E8	14.31590129106063
1.42988589E8	0.0
1.429898375E8	0.0
1.42991085E8	255.0
1.429923315E8	0.0
1.429935775E8	255.0
1.429948225E8	0.0
1.42996066E8	232.45785454973816
1.429973085E8	122.15845994749822
1.4299855E8	0.0
1.42999791E8	255.0
1.43001032E8	0.0
1.430022725E8	1.0
1.430035125E8	0.0
1.430047525E8	236.2206384848189
1.43005992E8	3.0
1.4300719E8	0.0
1.43007809E8	0.0
1.430084685E8	0.0
1.430097065E8	0.0
1.430109445E8	0.0
1.43012182E8	0.0
1.430134185E8	0.0
1.43014654E8	0.0
1.43015889E8	255.0
1.430171235E8	0.0
1.430183575E8	166.66402836177755
1.430195915E8	0.0
1.43020825E8	0.0
1.43022058E8	0.0
1.430232905E8	125.22900763358778
1.43024522E8	191.44703919933278
1.43025753E8	2.98943661971831
1.43026984E8	0.0
1.43028215E8	0.0
1.430294455E8	150.2462068965517
1.43030675E8	254.78767693588676
1.43031904E8	0.0
1.430331325E8	0.0
1.4303436E8	0.0
1.43035587E8	223.3874389774568
1.43036814E8	0.0
1.43038041E8	0.0
1.430392675E8	255.0
1.430404935E8	0.0
1.430417195E8	165.8490566037736
1.43042945E8	248.1772575250836
1.4304417E8	0.0
1.43045395E8	0.0
1.4304662E8	0.0
1.43047845E8	0.0
1.4304907E8	44.49045521292217
1.430502945E8	201.98966608538396
1.430515185E8	173.4128595600677
1.430527425E8	255.0
1.430539665E8	108.69154463863958
1.4305519E8	0.0
1.43056413E8	0.0
1.43057636E8	0.0
1.430588585E8	201.5831576989834
1.430600805E8	255.0
1.43061302E8	0.0
1.430625225E8	0.0
1.430637425E8	0.0
1.43064962E8	255.0
1.43066181E8	0.0
1.430674E8	0.0
1.430686185E8	234.90906694781233
1.430698365E8	0.0
1.430710525E8	3.0
1.43072266E8	0.0
1.430734785E8	0.0
1.430746905E8	255.0
1.43075902E8	255.0
1.43077113E8	0.0
1.430783235E8	0.0
1.43079533E8	0.0
1.43080742E8	0.0
1.43081951E8	0.0
1.430831595E8	0.0
1.430843675E8	0.0
1.430855755E8	1.0
1.430867835E8	0.0
1.43087991E8	3.0
1.430891975E8	0.0
1.43090403E8	46.20752113161981
1.43091608E8	0.0
1.43092813E8	255.0
1.43094017E8	0.0
1.4309522E8	0.0
1.43096423E8	0.0
1.430976255E8	3.0
1.430988275E8	255.0
1.43100029E8	0.0
1.431012295E8	0.0
1.431024295E8	0.0
1.431036295E8	2.0
1.43104829E8	255.0
1.43106028E8	0.0
1.431072265E8	255.0
1.431084245E8	0.0
1.43109622E8	0.0
1.43110819E8	0.0
1.43112015E8	0.0
1.4311321E8	0.0
1.43114405E8	216.72681281618887
1.431156E8	0.0
1.43116795E8	14.059747709990974
1.431179895E8	0.0
1.43119183E8	0.0
1.43120376E8	0.0
1.43121569E8	255.0
1.43122762E8	0.0
1.431239545E8	0.0
1.431251465E8	238.97007319933675
1.431263385E8	0.9865771812080537
1.4312753E8	254.15282392026577
1.43128721E8	0.0
1.431299115E8	0.0
1.431311015E8	255.0
1.431322915E8	0.0
1.43133481E8	255.0
1.4313467E8	0.0
1.43135859E8	0.0
1.43137048E8	0.0
1.43138237E8	0.0
1.43139426E8	253.3783783783784
1.431406145E8	0.0
1.431418015E8	0.0
1.431429875E8	0.0
1.431441735E8	201.3466763267524
1.431453595E8	0.0
1.431465455E8	0.0
1.43147731E8	0.0
1.43148916E8	255.0
1.43150101E8	189.9239366656318
1.43151286E8	0.0
1.431524705E8	255.0
1.431536545E8	0.0
1.431548385E8	0.0
1.431560225E8	0.0
1.431572055E8	0.7575757575757576
1.431583875E8	240.2915501759695
1.43159569E8	0.0
1.4316075E8	248.99659872709938
1.43161931E8	0.0
1.43163111E8	0.0
1.4316429E8	0.0
1.43165469E8	0.0
1.431666475E8	0.0
1.431678255E8	0.0
1.431690035E8	0.0
1.431701815E8	255.0
1.431713595E8	63.75
1.431725375E8	0.0
1.43173715E8	0.0
1.431748915E8	12.90228163926992
1.43176067E8	0.0
1.43177242E8	0.0
1.431784165E8	0.0
1.431795905E8	0.0
1.43180764E8	0.0
1.43181937E8	0.0
1.4318311E8	129.0
1.43184282E8	255.0
1.43185453E8	124.20240480961924
1.43186624E8	254.5757071547421
1.43187795E8	0.0
1.431889655E8	3.0
1.43190135E8	0.0
1.43191304E8	2.0
1.431924725E8	0.0
1.4319364E8	0.0
1.43194807E8	0.0
1.43195974E8	255.0
1.431971405E8	0.0
1.431983065E8	251.3246872009589
1.431994725E8	196.89831819979315
1.432006385E8	255.0
1.43201804E8	0.0
1.43202969E8	0.0
1.432041335E8	0.0
1.43205297E8	0.0
1.4320646E8	236.61440496172577
1.43207623E8	0.0
1.43208786E8	1.2935153583617747
1.43209949E8	0.0
1.43211112E8	238.17677708764666
1.432122745E8	211.57387946538773
1.432134365E8	1.5
1.432145985E8	144.9969450314913
1.4321576E8	0.0
1.43216921E8	0.0
1.43218082E8	3.0
1.432192425E8	0.0
1.432204025E8	147.3367642328723
1.432215625E8	0.0
1.43222722E8	0.0
1.43223881E8	0.0
1.4322504E8	254.93081931633208
1.43226199E8	0.0
1.43227358E8	0.0
1.432285165E8	0.0
1.432296745E8	27.708394249168816
1.432308325E8	251.0940919037199
1.4323199E8	132.73042088438999
1.43233147E8	255.0
1.432343035E8	0.0
1.432354595E8	0.0
1.43236615E8	255.0
1.4323777E8	134.00437445319335
1.43238925E8	0.0
1.4324008E8	1.2745165805526275
1.432412345E8	0.0
1.432423885E8	0.0
1.432435425E8	3.0
1.432446965E8	255.0
1.4324585E8	0.0
1.43247003E8	0.0
1.43248156E8	0.0
1.432493085E8	255.0
1.432504605E8	0.0
1.432516125E8	255.0
1.432527645E8	0.0
1.43253916E8	255.0
1.432550665E8	1.0
1.432562165E8	254.15282392026577
1.432573655E8	0.0
1.432585135E8	0.0
1.432596615E8	1.0
1.432608095E8	101.60617640177806
1.432619575E8	0.0
1.432631055E8	0.0
1.43264253E8	0.0
1.432654E8	242.12616164911
1.43266547E8	170.90656284760846
1.432676935E8	0.0
1.432688395E8	0.0
1.432699855E8	0.0
1.43271131E8	208.50957155879672
1.432722755E8	10.76
1.432734195E8	191.8421052631579
1.432745635E8	238.6204906339889
1.432757075E8	0.0
1.432768515E8	0.5
1.43277995E8	0.0
1.43279138E8	0.0
1.432802805E8	0.0
1.432814225E8	129.0
1.432825645E8	0.9817728970904562
1.43283706E8	233.88796118417812
1.43284847E8	225.63917393535147
1.432859875E8	170.39766146993318
1.432871275E8	0.0
1.432882675E8	0.0
1.432894075E8	0.0
1.43290547E8	255.0
1.43291686E8	0.0
1.43292825E8	0.0
1.43293964E8	255.0
1.43295103E8	0.0
1.432962415E8	255.0
1.43297379E8	1.8294314381270902
1.432985155E8	255.0
1.432996515E8	0.0
1.433007875E8	146.17186192795285
1.433019235E8	0.0
1.43303059E8	0.0
1.43304194E8	0.0
1.43305329E8	255.0
1.433064635E8	0.0
1.433075975E8	154.0209797229472
1.433087315E8	0.0
1.433098655E8	0.0
1.43310999E8	0.0
1.43312132E8	0.0
1.43313265E8	0.0
1.433143975E8	225.87097683540216
1.433155295E8	186.84257602862255
1.433166615E8	0.0
1.433177935E8	0.0
1.43318925E8	0.0
1.43320056E8	226.11914795560634
1.43321187E8	0.0
1.433223175E8	0.0
1.433234475E8	85.90055865921788
1.433245775E8	81.5258918296893
1.43325707E8	0.0
1.43326836E8	0.0
1.43327965E8	160.2607217573222
1.43329094E8	0.23599320882852293
1.43330222E8	255.0
1.43331349E8	255.0
1.433324755E8	217.0405877121962
1.433336015E8	0.0
1.433347275E8	0.0
1.433358535E8	0.0
1.433369795E8	40.10443864229765
1.43338105E8	0.0
1.4333923E8	0.0
1.433403545E8	255.0
1.433414785E8	0.0
1.43342602E8	0.0
1.43343725E8	0.0
1.43344848E8	255.0
1.43345971E8	255.0
1.43347094E8	255.0
1.433482165E8	220.44924390399407
1.43349338E8	0.0
1.433504585E8	0.0
1.43351578E8	0.0
1.43352697E8	58.37951807228916
1.433538155E8	184.5645863570392
1.433549335E8	0.0
1.433560515E8	0.0
1.433571695E8	0.0
1.43358287E8	0.0
1.43359404E8	0.0
1.43360521E8	0.0
1.43361638E8	255.0
1.43362755E8	197.51283470559744
1.43363872E8	223.5525876460768
1.433649885E8	0.0
1.433661045E8	255.0
1.433668735E8	231.61530353121557
1.433674315E8	253.1961685823755
1.433683365E8	255.0
1.433694525E8	226.42857142857142
1.433705685E8	0.0
1.43371684E8	0.0
1.43372799E8	0.0
1.43373914E8	0.0
1.433750285E8	189.72
1.433761425E8	0.0
1.433772565E8	0.0
1.433783705E8	0.0
1.433794845E8	0.0
1.433805985E8	0.0
1.433817115E8	0.0
1.433828235E8	0.0
1.433839355E8	0.0
1.433850475E8	232.23043843920087
1.43386159E8	164.34585463436318
1.433872695E8	0.0
1.433883795E8	0.0
1.433894895E8	103.8
1.433905995E8	0.0
1.43391709E8	0.0
1.43392818E8	0.0
1.43393927E8	131.52144082332762
1.43395036E8	255.0
1.433961445E8	2.574618929457639
1.433972525E8	0.0
1.4339836E8	0.0
1.43399467E8	3.0
1.43400574E8	0.0
1.434016805E8	238.25617544282443
1.434027865E8	86.5
1.43403892E8	255.0
1.43404997E8	0.0
1.43406102E8	0.0
1.43407207E8	0.0
1.43408312E8	255.0
1.43409417E8	0.0
1.43410521E8	0.0
1.43411624E8	0.0
1.43412727E8	0.0
1.434138295E8	0.0
1.434149315E8	0.0
1.434160335E8	185.23002421307507
1.43417135E8	46.24835351603994
1.43418236E8	0.0
1.43419337E8	0.5
1.434204375E8	65.58273181565797
1.434215375E8	0.0
1.43422637E8	0.0
1.43423736E8	128.78964941569282
1.434248345E8	46.41990291262136
1.434259325E8	0.0
1.434270305E8	0.0
1.43428128E8	0.0
1.43429225E8	0.0
1.43430322E8	0.0
1.434314185E8	0.0
1.434325145E8	0.0
1.434336095E8	0.8895958083832335
1.43434703E8	0.0
1.434357955E8	0.0
1.43436887E8	0.0
1.43437978E8	255.0
1.434390685E8	129.0
1.434401585E8	0.0
1.434412485E8	193.47096774193548
1.434423385E8	187.17071540004457
1.434434285E8	0.0
1.43444518E8	0.0
1.43445607E8	0.0
1.434466955E8	0.0
1.434477835E8	207.88235294117646
1.434488715E8	255.0
1.434499595E8	255.0
1.43451047E8	0.0
1.43452134E8	188.6451812977099
1.43453221E8	255.0
1.434543075E8	196.0619291601693
1.434553935E8	254.8495575221239
1.434564795E8	1.3571428571428572
1.434575655E8	255.0
1.434586505E8	0.0
1.434597345E8	0.0
1.434608185E8	0.0
1.434619025E8	0.0
1.434629865E8	0.0
1.4346407E8	0.0
1.43465153E8	0.0
1.43466236E8	243.09119324197457
1.434673185E8	0.0
1.434684005E8	127.5
1.43469482E8	0.0
1.43470563E8	239.90081910589163
1.434716435E8	0.0
1.434727235E8	0.0
1.434738035E8	204.24977738201247
1.43474883E8	0.0
1.43475962E8	0.0
1.434770405E8	1.0
1.434781185E8	0.0
1.434791965E8	0.0
1.434802745E8	0.0
1.43481352E8	1.0
1.43482429E8	0.0
1.434835055E8	0.0
1.434845815E8	0.0
1.434856575E8	0.0
1.434867335E8	0.0
1.43487809E8	0.0
1.43488884E8	210.88700432799158
1.43489959E8	48.02933985330073
1.43491034E8	0.0
1.434921085E8	0.0
1.434931825E8	19.00703964431271
1.434942565E8	255.0
1.434953305E8	255.0
1.43496404E8	0.0
1.434974765E8	239.86677115987462
1.434985485E8	255.0
1.4349962E8	0.0
1.43500691E8	189.9072784377987
1.435017615E8	0.0
1.435028315E8	0.0
1.435039015E8	0.0
1.43504971E8	0.0
1.4350604E8	0.0
1.435071085E8	0.0
1.43508176E8	0.0
1.43509243E8	0.0
1.4351031E8	0.0
1.435113765E8	0.0
1.435124415E8	232.8068136272545
1.435135055E8	0.0
1.435145695E8	255.0
1.43515633E8	0.0
1.43516696E8	0.0
1.43517759E8	198.9593023255814
1.43518822E8	199.93775476479013
1.43519885E8	0.0
1.43520948E8	0.0
1.43522011E8	255.0
1.43523074E8	0.0
1.435241365E8	234.61656955327842
1.435251985E8	0.0
1.435262605E8	0.5
1.435273225E8	0.0
1.435283845E8	0.0
1.43529446E8	1.0
1.435305065E8	0.0
1.435315665E8	232.11058672101254
1.435326265E8	0.0
1.43533686E8	214.26175400781355
1.43534745E8	0.0
1.43535804E8	0.0
1.435368625E8	0.0
1.435379205E8	232.72901953124065
1.435389785E8	0.0
1.435400365E8	172.9918724122067
1.43541094E8	0.0
1.435421505E8	1.99581589958159
1.435432065E8	70.82830188679246
1.435442625E8	218.53831231813774
1.435453185E8	0.0
1.43546374E8	0.0
1.43547429E8	0.0
1.43548484E8	0.0
1.435495385E8	80.53846153846153
1.435505925E8	0.0
1.43551646E8	0.0
1.43552699E8	241.05755395683454
1.43553752E8	113.56744829973177
1.43554805E8	21.709224385572934
1.43555858E8	239.0990415335463
1.435569105E8	0.0
1.435579625E8	252.7412982661592
1.435590145E8	170.33333333333334
1.43560066E8	0.0
1.43561117E8	0.0
1.43562168E8	255.0
1.43563219E8	0.0
1.4356427E8	0.0
1.435653205E8	0.0
1.435663705E8	0.2106002106002106
1.4356742E8	0.8532423208191127
1.43568469E8	0.0
1.43569518E8	0.0
1.43570567E8	0.0
1.43571616E8	255.0
1.435726645E8	0.0
1.435737125E8	218.0374139479198
1.435747605E8	0.0
1.435758085E8	0.0
1.435768565E8	116.1788882558802
1.43577904E8	0.0
1.43578951E8	0.0
1.43579998E8	3.0
1.43581045E8	0.5
1.435820915E8	0.0
1.43583137E8	0.0
1.43584182E8	0.0
1.43585227E8	0.0
1.43586272E8	0.0
1.435873165E8	0.0
1.435883605E8	0.0
1.435894045E8	0.0
1.43590448E8	255.0
1.43591491E8	0.0
1.435925335E8	0.0
1.435935755E8	0.0
1.435946175E8	243.45129666450467
1.435956595E8	170.33333333333334
1.435967015E8	1.0
1.43597743E8	226.49321266968326
1.43598784E8	0.0
1.43599825E8	0.0
1.436008655E8	0.0
1.436019055E8	0.0
1.436029455E8	0.0
1.436039855E8	255.0
1.43605025E8	170.0
1.43606064E8	145.14048991354466
1.43607103E8	255.0
1.436081415E8	0.0
1.436091795E8	128.14440734557596
1.436102175E8	0.0
1.43611255E8	0.0
1.43612292E8	0.0
1.43613329E8	0.0
1.43614366E8	184.57416076263956
1.436154025E8	0.0
1.436164385E8	0.0
1.43617474E8	128.0
1.43618509E8	255.0
1.43619544E8	87.0
1.43620579E8	0.0
1.43621614E8	120.78947368421052
1.43622648E8	0.0
1.43623681E8	0.0
1.43624714E8	255.0
1.43625747E8	232.81042716901035
1.436267795E8	0.0
1.436278115E8	242.1353148220571
1.436288435E8	0.0
1.43629875E8	0.0
1.43630906E8	0.0
1.43631937E8	212.61957730812014
1.436329675E8	178.25480605164373
1.436339975E8	0.0
1.436350275E8	0.0
1.43636057E8	192.0
1.43637086E8	255.0
1.43638115E8	150.42507548051435
1.43639144E8	228.1554592750245
1.43640173E8	0.0
1.43641202E8	0.0
1.43642231E8	0.0
1.436432595E8	255.0
1.436442875E8	0.0
1.43645315E8	0.0
1.43646342E8	0.0
1.43647369E8	0.0
1.436483955E8	0.0
1.436494215E8	0.0
1.43650447E8	0.0
1.43651472E8	53.4
1.43652497E8	0.0
1.43653522E8	83.70517711171662
1.43654546E8	0.0
1.43655569E8	0.0
1.436565915E8	0.0
1.436576135E8	254.57238680827277
1.436586355E8	252.4206189710611
1.436596575E8	0.0
1.43660679E8	233.7145242070117
1.436617E8	253.86705399863294
1.43662721E8	0.0
1.436637415E8	213.62575870484036
1.436647615E8	0.0
1.436657815E8	0.0
1.43666801E8	0.0
1.4366782E8	0.0
1.43668839E8	255.0
1.43669858E8	0.0
1.43670877E8	140.45010737294203
1.436718955E8	255.0
1.436729135E8	0.0
1.436739315E8	0.0
1.436749495E8	0.0
1.436759665E8	0.0
1.436769825E8	0.0
1.436779985E8	1.0
1.43679014E8	0.0
1.43680029E8	0.0
1.436810435E8	0.0
1.436820575E8	196.21531574789734
1.436830715E8	0.0
1.436840855E8	0.0
1.436850995E8	0.0
1.43686113E8	1.0
1.43687126E8	0.0
1.43688139E8	1.0
1.436891515E8	0.0
1.436901635E8	0.0
1.436911755E8	255.0
1.436921875E8	218.97892910262766
1.436931995E8	106.89174819225862
1.43694211E8	0.0
1.43695222E8	0.4321675634127594
1.43696233E8	0.0
1.43697244E8	128.78964941569282
1.436982545E8	210.07653848981693
1.436992645E8	0.0
1.437002745E8	255.0
1.437012845E8	90.39537572254335
1.437022935E8	0.0
1.437033015E8	0.0
1.437043095E8	0.0
1.43705317E8	0.0
1.43706324E8	0.0
1.437073305E8	0.0
1.437083365E8	0.5
1.437093425E8	0.0
1.43710348E8	0.0
1.43711353E8	0.0
1.43712358E8	1.6371077762619373
1.43713363E8	0.0
1.43714368E8	142.96802235330642
1.437153725E8	0.0
1.437163765E8	0.0
1.437173805E8	0.0
1.437183845E8	0.0
1.43719388E8	0.0
1.4372039E8	208.90199637023593
1.43721391E8	0.0
1.43722392E8	65.5
1.43723393E8	0.0
1.43724394E8	190.27156549520768
1.437251765E8	223.2068252326784
1.437257305E8	0.0
