Sample	0	1	2	3	4	5	6	7	8	9	10	11	12	13	14	15	16	17	18	19	20	21	22	23	24	25
HSF4_0H_1_1	(25, 305.0)	(30, 444.0)	(35, 1702.0)	(40, 6530.0)	(45, 6637.0)	(50, 7260.0)	(55, 7592.0)	(60, 9161.0)	(65, 11428.0)	(70, 15170.0)	(75, 20523.0)	(80, 27401.0)	(85, 36092.0)	(90, 47248.0)	(95, 61276.0)	(100, 76993.0)	(105, 95995.0)	(110, 117617.0)	(115, 143888.0)	(120, 176487.0)	(125, 218268.0)	(130, 310383.0)	(135, 536931.0)	(140, 73550909.0)		
HSF4_0H_1_1.sub	(25, 7.0)	(30, 1517.0)	(35, 2012.0)	(40, 2947.0)	(45, 3781.0)	(50, 4063.0)	(55, 4119.0)	(60, 4834.0)	(65, 5311.0)	(70, 6624.0)	(75, 8297.0)	(80, 11443.0)	(85, 15520.0)	(90, 20274.0)	(95, 26792.0)	(100, 34681.0)	(105, 44343.0)	(110, 55831.0)	(115, 68592.0)	(120, 84228.0)	(125, 102951.0)	(130, 126709.0)	(135, 158486.0)	(140, 256435.0)	(145, 317803.0)	(150, 48626349.0)
HSF4_0H_1_2	(25, 14.0)	(30, 17.0)	(35, 1278.0)	(40, 6540.0)	(45, 6649.0)	(50, 7254.0)	(55, 7602.0)	(60, 9182.0)	(65, 11447.0)	(70, 15185.0)	(75, 20611.0)	(80, 27535.0)	(85, 36347.0)	(90, 47561.0)	(95, 61802.0)	(100, 77775.0)	(105, 97248.0)	(110, 119602.0)	(115, 147532.0)	(120, 183363.0)	(125, 232521.0)	(130, 310721.0)	(135, 467403.0)	(140, 73591051.0)		
HSF4_0H_1_2.sub	(25, 6.0)	(30, 1523.0)	(35, 2004.0)	(40, 2950.0)	(45, 3778.0)	(50, 4079.0)	(55, 4116.0)	(60, 4849.0)	(65, 5316.0)	(70, 6643.0)	(75, 8334.0)	(80, 11478.0)	(85, 15612.0)	(90, 20392.0)	(95, 26950.0)	(100, 34928.0)	(105, 44792.0)	(110, 56483.0)	(115, 69617.0)	(120, 86074.0)	(125, 106095.0)	(130, 133111.0)	(135, 171629.0)	(140, 245614.0)	(145, 277919.0)	(150, 48649657.0)
HSF4_0H_1_ZKRN250030468-1A_23F5KYLT4_L8_1	(150, 75778540.0)																									
HSF4_0H_1_ZKRN250030468-1A_23F5KYLT4_L8_2	(150, 75778540.0)																									
HSF4_0H_2_1	(25, 9.0)	(30, 17.0)	(35, 1220.0)	(40, 6141.0)	(45, 6062.0)	(50, 5942.0)	(55, 5636.0)	(60, 6072.0)	(65, 6495.0)	(70, 7316.0)	(75, 8490.0)	(80, 10235.0)	(85, 12746.0)	(90, 15449.0)	(95, 19033.0)	(100, 23710.0)	(105, 28830.0)	(110, 35495.0)	(115, 44871.0)	(120, 57252.0)	(125, 75842.0)	(130, 107814.0)	(135, 188829.0)	(140, 59735533.0)		
HSF4_0H_2_1.sub	(25, 1.0)	(30, 1975.0)	(35, 2395.0)	(40, 3902.0)	(45, 4634.0)	(50, 4786.0)	(55, 4687.0)	(60, 4727.0)	(65, 4779.0)	(70, 5265.0)	(75, 5710.0)	(80, 6199.0)	(85, 7664.0)	(90, 9130.0)	(95, 11525.0)	(100, 13857.0)	(105, 17048.0)	(110, 21111.0)	(115, 25844.0)	(120, 32112.0)	(125, 40684.0)	(130, 52491.0)	(135, 71613.0)	(140, 112900.0)	(145, 137812.0)	(150, 49395855.0)
HSF4_0H_2_2	(25, 15.0)	(30, 19.0)	(35, 1225.0)	(40, 6149.0)	(45, 6081.0)	(50, 5957.0)	(55, 5669.0)	(60, 6116.0)	(65, 6532.0)	(70, 7364.0)	(75, 8596.0)	(80, 10385.0)	(85, 12927.0)	(90, 15736.0)	(95, 19447.0)	(100, 24423.0)	(105, 29852.0)	(110, 37228.0)	(115, 47860.0)	(120, 62861.0)	(125, 88009.0)	(130, 135124.0)	(135, 243291.0)	(140, 59628173.0)		
HSF4_0H_2_2.sub	(25, 9.0)	(30, 1978.0)	(35, 2395.0)	(40, 3911.0)	(45, 4641.0)	(50, 4793.0)	(55, 4698.0)	(60, 4745.0)	(65, 4821.0)	(70, 5300.0)	(75, 5747.0)	(80, 6289.0)	(85, 7768.0)	(90, 9290.0)	(95, 11726.0)	(100, 14199.0)	(105, 17458.0)	(110, 21863.0)	(115, 27036.0)	(120, 33917.0)	(125, 44166.0)	(130, 59140.0)	(135, 85771.0)	(140, 147501.0)	(145, 166423.0)	(150, 49303121.0)
HSF4_0H_2_ZKRN250030469-1A_23F5KYLT4_L8_1	(150, 60623791.0)																									
HSF4_0H_2_ZKRN250030469-1A_23F5KYLT4_L8_2	(150, 60623791.0)																									
HSF4_0H_3_1	(25, 196.0)	(30, 279.0)	(35, 1140.0)	(40, 4659.0)	(45, 4559.0)	(50, 4904.0)	(55, 5208.0)	(60, 5966.0)	(65, 7133.0)	(70, 9259.0)	(75, 12476.0)	(80, 16237.0)	(85, 21540.0)	(90, 28339.0)	(95, 36998.0)	(100, 47484.0)	(105, 59226.0)	(110, 73353.0)	(115, 90522.0)	(120, 112427.0)	(125, 142233.0)	(130, 209384.0)	(135, 379248.0)	(140, 56865511.0)		
HSF4_0H_3_1.sub	(25, 8.0)	(30, 1501.0)	(35, 1864.0)	(40, 2921.0)	(45, 3527.0)	(50, 3739.0)	(55, 3734.0)	(60, 4305.0)	(65, 4759.0)	(70, 5561.0)	(75, 6795.0)	(80, 8828.0)	(85, 12105.0)	(90, 15537.0)	(95, 20790.0)	(100, 27196.0)	(105, 35107.0)	(110, 44420.0)	(115, 54770.0)	(120, 67999.0)	(125, 84420.0)	(130, 105013.0)	(135, 133677.0)	(140, 229798.0)	(145, 285717.0)	(150, 48833201.0)
HSF4_0H_3_2	(25, 6.0)	(30, 20.0)	(35, 866.0)	(40, 4656.0)	(45, 4562.0)	(50, 4898.0)	(55, 5201.0)	(60, 5977.0)	(65, 7163.0)	(70, 9287.0)	(75, 12535.0)	(80, 16314.0)	(85, 21635.0)	(90, 28574.0)	(95, 37269.0)	(100, 47953.0)	(105, 60060.0)	(110, 74793.0)	(115, 93111.0)	(120, 117303.0)	(125, 152098.0)	(130, 207542.0)	(135, 323399.0)	(140, 56903059.0)		
HSF4_0H_3_2.sub	(25, 6.0)	(30, 1504.0)	(35, 1869.0)	(40, 2920.0)	(45, 3531.0)	(50, 3734.0)	(55, 3726.0)	(60, 4317.0)	(65, 4744.0)	(70, 5595.0)	(75, 6836.0)	(80, 8852.0)	(85, 12181.0)	(90, 15603.0)	(95, 20927.0)	(100, 27419.0)	(105, 35438.0)	(110, 44939.0)	(115, 55698.0)	(120, 69786.0)	(125, 87557.0)	(130, 110775.0)	(135, 145506.0)	(140, 216376.0)	(145, 245108.0)	(150, 48862345.0)
HSF4_0H_3_ZKRN250030470-1A_23F5KYLT4_L8_1	(150, 58357914.0)																									
HSF4_0H_3_ZKRN250030470-1A_23F5KYLT4_L8_2	(150, 58357914.0)																									
HSF4_2H_1_1	(25, 13.0)	(30, 13.0)	(35, 1160.0)	(40, 5772.0)	(45, 5581.0)	(50, 5560.0)	(55, 5482.0)	(60, 6083.0)	(65, 6628.0)	(70, 7800.0)	(75, 9448.0)	(80, 11869.0)	(85, 14699.0)	(90, 18310.0)	(95, 22667.0)	(100, 28327.0)	(105, 35311.0)	(110, 42999.0)	(115, 54918.0)	(120, 69068.0)	(125, 90657.0)	(130, 126610.0)	(135, 214917.0)	(140, 61578316.0)		
HSF4_2H_1_1.sub	(25, 5.0)	(30, 1470.0)	(35, 1857.0)	(40, 3186.0)	(45, 4109.0)	(50, 4164.0)	(55, 4052.0)	(60, 4461.0)	(65, 4512.0)	(70, 5109.0)	(75, 5681.0)	(80, 6583.0)	(85, 8330.0)	(90, 10418.0)	(95, 12760.0)	(100, 15926.0)	(105, 19692.0)	(110, 24988.0)	(115, 30186.0)	(120, 37959.0)	(125, 48191.0)	(130, 61312.0)	(135, 81870.0)	(140, 127045.0)	(145, 152905.0)	(150, 49321227.0)
HSF4_2H_1_2	(25, 11.0)	(30, 29.0)	(35, 1162.0)	(40, 5780.0)	(45, 5605.0)	(50, 5583.0)	(55, 5491.0)	(60, 6140.0)	(65, 6656.0)	(70, 7845.0)	(75, 9540.0)	(80, 11997.0)	(85, 14844.0)	(90, 18618.0)	(95, 23097.0)	(100, 29011.0)	(105, 36257.0)	(110, 44749.0)	(115, 57902.0)	(120, 74740.0)	(125, 101806.0)	(130, 152972.0)	(135, 266485.0)	(140, 61475888.0)		
HSF4_2H_1_2.sub	(25, 10.0)	(30, 1485.0)	(35, 1855.0)	(40, 3201.0)	(45, 4111.0)	(50, 4175.0)	(55, 4079.0)	(60, 4474.0)	(65, 4528.0)	(70, 5151.0)	(75, 5734.0)	(80, 6636.0)	(85, 8437.0)	(90, 10536.0)	(95, 12956.0)	(100, 16243.0)	(105, 20135.0)	(110, 25640.0)	(115, 31260.0)	(120, 39777.0)	(125, 51536.0)	(130, 67266.0)	(135, 94832.0)	(140, 158841.0)	(145, 179255.0)	(150, 49235845.0)
HSF4_2H_1_ZKRN250030471-1A_23F5KYLT4_L8_1	(150, 62610021.0)																									
HSF4_2H_1_ZKRN250030471-1A_23F5KYLT4_L8_2	(150, 62610021.0)																									
HSF4_2H_2_1	(25, 13.0)	(30, 12.0)	(35, 1121.0)	(40, 5655.0)	(45, 5724.0)	(50, 5633.0)	(55, 5367.0)	(60, 5838.0)	(65, 6225.0)	(70, 7626.0)	(75, 8821.0)	(80, 11461.0)	(85, 14362.0)	(90, 17913.0)	(95, 22921.0)	(100, 29131.0)	(105, 35669.0)	(110, 44575.0)	(115, 55795.0)	(120, 71235.0)	(125, 92525.0)	(130, 128031.0)	(135, 209967.0)	(140, 58533089.0)		
HSF4_2H_2_1.sub	(25, 1.0)	(30, 1715.0)	(35, 2168.0)	(40, 3441.0)	(45, 4255.0)	(50, 4403.0)	(55, 4456.0)	(60, 4535.0)	(65, 4734.0)	(70, 5060.0)	(75, 5786.0)	(80, 6632.0)	(85, 8295.0)	(90, 10549.0)	(95, 13266.0)	(100, 16547.0)	(105, 21258.0)	(110, 26383.0)	(115, 32685.0)	(120, 40504.0)	(125, 51772.0)	(130, 66332.0)	(135, 86758.0)	(140, 132102.0)	(145, 159524.0)	(150, 49284185.0)
HSF4_2H_2_2	(25, 13.0)	(30, 21.0)	(35, 1124.0)	(40, 5656.0)	(45, 5739.0)	(50, 5653.0)	(55, 5401.0)	(60, 5871.0)	(65, 6281.0)	(70, 7700.0)	(75, 8925.0)	(80, 11639.0)	(85, 14580.0)	(90, 18232.0)	(95, 23408.0)	(100, 29904.0)	(105, 36828.0)	(110, 46518.0)	(115, 59060.0)	(120, 77338.0)	(125, 105182.0)	(130, 156904.0)	(135, 266458.0)	(140, 58420274.0)		
HSF4_2H_2_2.sub	(25, 6.0)	(30, 1718.0)	(35, 2173.0)	(40, 3455.0)	(45, 4260.0)	(50, 4403.0)	(55, 4480.0)	(60, 4556.0)	(65, 4759.0)	(70, 5100.0)	(75, 5843.0)	(80, 6702.0)	(85, 8433.0)	(90, 10726.0)	(95, 13478.0)	(100, 16909.0)	(105, 21778.0)	(110, 27175.0)	(115, 33962.0)	(120, 42728.0)	(125, 55505.0)	(130, 73219.0)	(135, 102090.0)	(140, 168540.0)	(145, 189416.0)	(150, 49185932.0)
HSF4_2H_2_ZKRN250030472-1A_23F5KYLT4_L8_1	(150, 59543753.0)																									
HSF4_2H_2_ZKRN250030472-1A_23F5KYLT4_L8_2	(150, 59543753.0)																									
HSF4_2H_3_1	(25, 3.0)	(30, 8.0)	(35, 1177.0)	(40, 6004.0)	(45, 5960.0)	(50, 5859.0)	(55, 5963.0)	(60, 6198.0)	(65, 6617.0)	(70, 7931.0)	(75, 9600.0)	(80, 11618.0)	(85, 14846.0)	(90, 18611.0)	(95, 24297.0)	(100, 30758.0)	(105, 38024.0)	(110, 47762.0)	(115, 60089.0)	(120, 76793.0)	(125, 98811.0)	(130, 134482.0)	(135, 217867.0)	(140, 55780061.0)		
HSF4_2H_3_1.sub	(25, 1.0)	(30, 1212.0)	(35, 1597.0)	(40, 3290.0)	(45, 4561.0)	(50, 4959.0)	(55, 4813.0)	(60, 5209.0)	(65, 5266.0)	(70, 5726.0)	(75, 6422.0)	(80, 7382.0)	(85, 8960.0)	(90, 11421.0)	(95, 14321.0)	(100, 18357.0)	(105, 23256.0)	(110, 29762.0)	(115, 36346.0)	(120, 46031.0)	(125, 58175.0)	(130, 74326.0)	(135, 97075.0)	(140, 145216.0)	(145, 173761.0)	(150, 49209003.0)
HSF4_2H_3_2	(25, 11.0)	(30, 16.0)	(35, 1177.0)	(40, 6003.0)	(45, 5968.0)	(50, 5877.0)	(55, 5985.0)	(60, 6217.0)	(65, 6660.0)	(70, 7948.0)	(75, 9705.0)	(80, 11755.0)	(85, 15018.0)	(90, 18899.0)	(95, 24657.0)	(100, 31341.0)	(105, 38914.0)	(110, 49091.0)	(115, 62494.0)	(120, 81498.0)	(125, 109016.0)	(130, 158809.0)	(135, 267003.0)	(140, 55685277.0)		
HSF4_2H_3_2.sub	(25, 5.0)	(30, 1219.0)	(35, 1598.0)	(40, 3307.0)	(45, 4561.0)	(50, 4956.0)	(55, 4829.0)	(60, 5230.0)	(65, 5276.0)	(70, 5752.0)	(75, 6455.0)	(80, 7427.0)	(85, 9074.0)	(90, 11574.0)	(95, 14491.0)	(100, 18694.0)	(105, 23638.0)	(110, 30406.0)	(115, 37282.0)	(120, 47611.0)	(125, 61112.0)	(130, 80302.0)	(135, 110214.0)	(140, 177469.0)	(145, 201467.0)	(150, 49122499.0)
HSF4_2H_3_ZKRN250030473-1A_23F5KYLT4_L8_1	(150, 56821565.0)																									
HSF4_2H_3_ZKRN250030473-1A_23F5KYLT4_L8_2	(150, 56821565.0)																									
HSF4_4H_1_1	(25, 7.0)	(30, 11.0)	(35, 774.0)	(40, 3889.0)	(45, 3920.0)	(50, 3968.0)	(55, 3683.0)	(60, 3899.0)	(65, 4181.0)	(70, 5025.0)	(75, 5858.0)	(80, 7358.0)	(85, 9193.0)	(90, 11234.0)	(95, 14525.0)	(100, 19016.0)	(105, 23419.0)	(110, 29553.0)	(115, 37940.0)	(120, 49300.0)	(125, 66428.0)	(130, 94839.0)	(135, 166978.0)	(140, 51995375.0)		
HSF4_4H_1_1.sub	(25, 1.0)	(30, 1086.0)	(35, 1397.0)	(40, 2462.0)	(45, 3162.0)	(50, 3324.0)	(55, 3403.0)	(60, 3816.0)	(65, 3562.0)	(70, 3750.0)	(75, 4349.0)	(80, 4924.0)	(85, 6080.0)	(90, 7571.0)	(95, 9472.0)	(100, 11843.0)	(105, 15344.0)	(110, 19625.0)	(115, 24113.0)	(120, 31028.0)	(125, 39777.0)	(130, 52396.0)	(135, 71550.0)	(140, 114673.0)	(145, 160170.0)	(150, 49399810.0)
HSF4_4H_1_2	(25, 11.0)	(30, 12.0)	(35, 781.0)	(40, 3888.0)	(45, 3921.0)	(50, 3983.0)	(55, 3683.0)	(60, 3917.0)	(65, 4200.0)	(70, 5058.0)	(75, 5880.0)	(80, 7438.0)	(85, 9316.0)	(90, 11441.0)	(95, 14832.0)	(100, 19408.0)	(105, 24162.0)	(110, 30765.0)	(115, 40146.0)	(120, 53577.0)	(125, 75219.0)	(130, 115967.0)	(135, 210692.0)	(140, 51912076.0)		
HSF4_4H_1_2.sub	(25, 6.0)	(30, 1093.0)	(35, 1394.0)	(40, 2470.0)	(45, 3167.0)	(50, 3327.0)	(55, 3411.0)	(60, 3825.0)	(65, 3580.0)	(70, 3766.0)	(75, 4372.0)	(80, 4965.0)	(85, 6091.0)	(90, 7696.0)	(95, 9639.0)	(100, 12089.0)	(105, 15677.0)	(110, 20180.0)	(115, 25068.0)	(120, 32587.0)	(125, 42645.0)	(130, 57902.0)	(135, 83458.0)	(140, 145368.0)	(145, 165819.0)	(150, 49339093.0)
HSF4_4H_1_ZKRN250030474-1A_23F5KYLT4_L7_1	(150, 52746354.0)																									
HSF4_4H_1_ZKRN250030474-1A_23F5KYLT4_L7_2	(150, 52746354.0)																									
HSF4_4H_2_1	(25, 11.0)	(30, 6.0)	(35, 1088.0)	(40, 5342.0)	(45, 5692.0)	(50, 5840.0)	(55, 5816.0)	(60, 6276.0)	(65, 6739.0)	(70, 8073.0)	(75, 9826.0)	(80, 12444.0)	(85, 16043.0)	(90, 20097.0)	(95, 26170.0)	(100, 33121.0)	(105, 41384.0)	(110, 51722.0)	(115, 63995.0)	(120, 81170.0)	(125, 104140.0)	(130, 140105.0)	(135, 219993.0)	(140, 50601544.0)		
HSF4_4H_2_1.sub	(25, 4.0)	(30, 1175.0)	(35, 1673.0)	(40, 3621.0)	(45, 4652.0)	(50, 4996.0)	(55, 5290.0)	(60, 5609.0)	(65, 5856.0)	(70, 6341.0)	(75, 7201.0)	(80, 8274.0)	(85, 10611.0)	(90, 13422.0)	(95, 17124.0)	(100, 21648.0)	(105, 27870.0)	(110, 34967.0)	(115, 43685.0)	(120, 53938.0)	(125, 68001.0)	(130, 85924.0)	(135, 112283.0)	(140, 162333.0)	(145, 216811.0)	(150, 49076021.0)
HSF4_4H_2_2	(25, 31513.0)	(30, 17179.0)	(35, 10066.0)	(40, 13713.0)	(45, 20126.0)	(50, 22989.0)	(55, 21996.0)	(60, 15941.0)	(65, 12448.0)	(70, 16151.0)	(75, 15384.0)	(80, 16342.0)	(85, 19956.0)	(90, 23844.0)	(95, 31341.0)	(100, 36390.0)	(105, 49052.0)	(110, 57304.0)	(115, 70207.0)	(120, 90657.0)	(125, 126000.0)	(130, 203533.0)	(135, 356545.0)	(140, 50187960.0)		
HSF4_4H_2_2.sub	(25, 13298.0)	(30, 13205.0)	(35, 37374.0)	(40, 11849.0)	(45, 13438.0)	(50, 17021.0)	(55, 27940.0)	(60, 13129.0)	(65, 18023.0)	(70, 13580.0)	(75, 18838.0)	(80, 13086.0)	(85, 13402.0)	(90, 17671.0)	(95, 21110.0)	(100, 25834.0)	(105, 32104.0)	(110, 38267.0)	(115, 51594.0)	(120, 62092.0)	(125, 75988.0)	(130, 95726.0)	(135, 143150.0)	(140, 246851.0)	(145, 293940.0)	(150, 48670820.0)
HSF4_4H_2_ZKRN250030475-1A_23F5KYLT4_L7_1	(150, 51791807.0)																									
HSF4_4H_2_ZKRN250030475-1A_23F5KYLT4_L7_2	(150, 51791807.0)																									
HSF4_4H_3_1	(25, 7.0)	(30, 11.0)	(35, 937.0)	(40, 4875.0)	(45, 4788.0)	(50, 4934.0)	(55, 4772.0)	(60, 4968.0)	(65, 5011.0)	(70, 5723.0)	(75, 6603.0)	(80, 7790.0)	(85, 9569.0)	(90, 11921.0)	(95, 14795.0)	(100, 17847.0)	(105, 22321.0)	(110, 28025.0)	(115, 35575.0)	(120, 44950.0)	(125, 59935.0)	(130, 86016.0)	(135, 154983.0)	(140, 50867046.0)		
HSF4_4H_3_1.sub	(25, 2.0)	(30, 1207.0)	(35, 1676.0)	(40, 3211.0)	(45, 4126.0)	(50, 4485.0)	(55, 4392.0)	(60, 4664.0)	(65, 4611.0)	(70, 4944.0)	(75, 5299.0)	(80, 5651.0)	(85, 6913.0)	(90, 8254.0)	(95, 10145.0)	(100, 12797.0)	(105, 15404.0)	(110, 18994.0)	(115, 23450.0)	(120, 29651.0)	(125, 38052.0)	(130, 48581.0)	(135, 66258.0)	(140, 107221.0)	(145, 152799.0)	(150, 49416537.0)
HSF4_4H_3_2	(25, 9289.0)	(30, 13495.0)	(35, 6706.0)	(40, 12545.0)	(45, 9549.0)	(50, 13014.0)	(55, 8193.0)	(60, 6250.0)	(65, 8190.0)	(70, 8134.0)	(75, 9886.0)	(80, 10219.0)	(85, 12911.0)	(90, 14680.0)	(95, 19270.0)	(100, 21730.0)	(105, 26420.0)	(110, 40478.0)	(115, 43451.0)	(120, 53560.0)	(125, 70960.0)	(130, 244389.0)	(135, 252462.0)	(140, 50487621.0)		
HSF4_4H_3_2.sub	(25, 5536.0)	(30, 6601.0)	(35, 11028.0)	(40, 14644.0)	(45, 14966.0)	(50, 10657.0)	(55, 8037.0)	(60, 10064.0)	(65, 8022.0)	(70, 7522.0)	(75, 7830.0)	(80, 7939.0)	(85, 10127.0)	(90, 10156.0)	(95, 14664.0)	(100, 15708.0)	(105, 18392.0)	(110, 22818.0)	(115, 32260.0)	(120, 38039.0)	(125, 48660.0)	(130, 56770.0)	(135, 85055.0)	(140, 280068.0)	(145, 197744.0)	(150, 49056017.0)
HSF4_4H_3_ZKRN250030476-1A_23F5KYLT4_L7_1	(150, 51657803.0)																									
HSF4_4H_3_ZKRN250030476-1A_23F5KYLT4_L7_2	(150, 51657803.0)																									
HSF4_6H_1_1	(25, 2.0)	(30, 5.0)	(35, 860.0)	(40, 4504.0)	(45, 4485.0)	(50, 4552.0)	(55, 4431.0)	(60, 4817.0)	(65, 5565.0)	(70, 6644.0)	(75, 8155.0)	(80, 10473.0)	(85, 13443.0)	(90, 16800.0)	(95, 21508.0)	(100, 27558.0)	(105, 33924.0)	(110, 42540.0)	(115, 52655.0)	(120, 68024.0)	(125, 86941.0)	(130, 118270.0)	(135, 190754.0)	(140, 49940005.0)		
HSF4_6H_1_1.sub	(25, 2.0)	(30, 1651.0)	(35, 2162.0)	(40, 3526.0)	(45, 3986.0)	(50, 4146.0)	(55, 4281.0)	(60, 4347.0)	(65, 4623.0)	(70, 5024.0)	(75, 5876.0)	(80, 7012.0)	(85, 9010.0)	(90, 11330.0)	(95, 14426.0)	(100, 18440.0)	(105, 23065.0)	(110, 29674.0)	(115, 36202.0)	(120, 45196.0)	(125, 57178.0)	(130, 73258.0)	(135, 95323.0)	(140, 140633.0)	(145, 192118.0)	(150, 49207705.0)
HSF4_6H_1_2	(25, 12166.0)	(30, 18143.0)	(35, 8556.0)	(40, 14953.0)	(45, 11338.0)	(50, 16169.0)	(55, 9422.0)	(60, 6703.0)	(65, 10377.0)	(70, 10113.0)	(75, 13130.0)	(80, 14087.0)	(85, 18444.0)	(90, 21114.0)	(95, 28474.0)	(100, 33363.0)	(105, 39920.0)	(110, 61833.0)	(115, 64109.0)	(120, 78576.0)	(125, 99156.0)	(130, 325960.0)	(135, 298086.0)	(140, 49452723.0)		
HSF4_6H_1_2.sub	(25, 7591.0)	(30, 9040.0)	(35, 14758.0)	(40, 19109.0)	(45, 18746.0)	(50, 13189.0)	(55, 9685.0)	(60, 12052.0)	(65, 9787.0)	(70, 8868.0)	(75, 9699.0)	(80, 10380.0)	(85, 13907.0)	(90, 14188.0)	(95, 21468.0)	(100, 23117.0)	(105, 27602.0)	(110, 35492.0)	(115, 49963.0)	(120, 57767.0)	(125, 72508.0)	(130, 82211.0)	(135, 116908.0)	(140, 364793.0)	(145, 246611.0)	(150, 48730755.0)
HSF4_6H_1_ZKRN250030477-1A_23F5KYLT4_L7_1	(150, 50941899.0)																									
HSF4_6H_1_ZKRN250030477-1A_23F5KYLT4_L7_2	(150, 50941899.0)																									
HSF4_6H_2_1	(25, 3.0)	(30, 10.0)	(35, 916.0)	(40, 4871.0)	(45, 4780.0)	(50, 4859.0)	(55, 4609.0)	(60, 4934.0)	(65, 5174.0)	(70, 6152.0)	(75, 7352.0)	(80, 8930.0)	(85, 11177.0)	(90, 13718.0)	(95, 17494.0)	(100, 21983.0)	(105, 27041.0)	(110, 33494.0)	(115, 41851.0)	(120, 53682.0)	(125, 70439.0)	(130, 97629.0)	(135, 169280.0)	(140, 52359899.0)		
HSF4_6H_2_1.sub	(25, 3.0)	(30, 1539.0)	(35, 1967.0)	(40, 3436.0)	(45, 3964.0)	(50, 4303.0)	(55, 4290.0)	(60, 4408.0)	(65, 4536.0)	(70, 4720.0)	(75, 5317.0)	(80, 6159.0)	(85, 7487.0)	(90, 9090.0)	(95, 11420.0)	(100, 14274.0)	(105, 18191.0)	(110, 22338.0)	(115, 27475.0)	(120, 34482.0)	(125, 43347.0)	(130, 55939.0)	(135, 74272.0)	(140, 115503.0)	(145, 162912.0)	(150, 49356354.0)
HSF4_6H_2_2	(25, 8.0)	(30, 11.0)	(35, 924.0)	(40, 4890.0)	(45, 4773.0)	(50, 4876.0)	(55, 4633.0)	(60, 4962.0)	(65, 5201.0)	(70, 6241.0)	(75, 7442.0)	(80, 9070.0)	(85, 11378.0)	(90, 14047.0)	(95, 18048.0)	(100, 22707.0)	(105, 28100.0)	(110, 35378.0)	(115, 45108.0)	(120, 60100.0)	(125, 84520.0)	(130, 130289.0)	(135, 239417.0)	(140, 52228154.0)		
HSF4_6H_2_2.sub	(25, 8.0)	(30, 1543.0)	(35, 1971.0)	(40, 3430.0)	(45, 3982.0)	(50, 4317.0)	(55, 4290.0)	(60, 4432.0)	(65, 4575.0)	(70, 4754.0)	(75, 5353.0)	(80, 6271.0)	(85, 7602.0)	(90, 9242.0)	(95, 11622.0)	(100, 14742.0)	(105, 18805.0)	(110, 23212.0)	(115, 28758.0)	(120, 36804.0)	(125, 47655.0)	(130, 64282.0)	(135, 93370.0)	(140, 162921.0)	(145, 184828.0)	(150, 49248957.0)
HSF4_6H_2_ZKRN250030478-1A_23F5KYLT4_L7_1	(150, 53187475.0)																									
HSF4_6H_2_ZKRN250030478-1A_23F5KYLT4_L7_2	(150, 53187475.0)																									
HSF4_6H_3_1	(25, 9.0)	(30, 9.0)	(35, 982.0)	(40, 5138.0)	(45, 5113.0)	(50, 5223.0)	(55, 4890.0)	(60, 5511.0)	(65, 6149.0)	(70, 7025.0)	(75, 8916.0)	(80, 10852.0)	(85, 13895.0)	(90, 18155.0)	(95, 22808.0)	(100, 29127.0)	(105, 36738.0)	(110, 45577.0)	(115, 56733.0)	(120, 71465.0)	(125, 92001.0)	(130, 123234.0)	(135, 201791.0)	(140, 53827641.0)		
HSF4_6H_3_1.sub	(25, 2.0)	(30, 1553.0)	(35, 1963.0)	(40, 3334.0)	(45, 4022.0)	(50, 4440.0)	(55, 4512.0)	(60, 4551.0)	(65, 4677.0)	(70, 5273.0)	(75, 6096.0)	(80, 6759.0)	(85, 8833.0)	(90, 10866.0)	(95, 13999.0)	(100, 18406.0)	(105, 22900.0)	(110, 29350.0)	(115, 36421.0)	(120, 45257.0)	(125, 56798.0)	(130, 72069.0)	(135, 93295.0)	(140, 137963.0)	(145, 188641.0)	(150, 49216356.0)
HSF4_6H_3_2	(25, 12.0)	(30, 6.0)	(35, 990.0)	(40, 5148.0)	(45, 5125.0)	(50, 5244.0)	(55, 4903.0)	(60, 5515.0)	(65, 6180.0)	(70, 7060.0)	(75, 8989.0)	(80, 11003.0)	(85, 14082.0)	(90, 18314.0)	(95, 23187.0)	(100, 29758.0)	(105, 37572.0)	(110, 47092.0)	(115, 59559.0)	(120, 76843.0)	(125, 102730.0)	(130, 149394.0)	(135, 254443.0)	(140, 53725833.0)		
HSF4_6H_3_2.sub	(25, 5.0)	(30, 1551.0)	(35, 1962.0)	(40, 3346.0)	(45, 4024.0)	(50, 4463.0)	(55, 4525.0)	(60, 4568.0)	(65, 4696.0)	(70, 5290.0)	(75, 6144.0)	(80, 6808.0)	(85, 8920.0)	(90, 11026.0)	(95, 14176.0)	(100, 18675.0)	(105, 23310.0)	(110, 30069.0)	(115, 37475.0)	(120, 47190.0)	(125, 60331.0)	(130, 78672.0)	(135, 107629.0)	(140, 174098.0)	(145, 198296.0)	(150, 49141087.0)
HSF4_6H_3_ZKRN250030479-1A_23F5KYLT4_L7_1	(150, 54803659.0)																									
HSF4_6H_3_ZKRN250030479-1A_23F5KYLT4_L7_2	(150, 54803659.0)																									
