#Position (bp)	Coverage	Std
179658.5	293.8765181622861	423.7562646877253
538974.5	344.3915634149328	2773.803326674921
898290.5	249.05576985160695	522.6182886862334
1257606.5	151.8452476371773	262.6108558873272
1616922.5	118.72867893441985	285.5521344435486
1976238.5	108.9163688786472	253.91754965092167
2335554.5	188.45817609012678	310.30292694768025
2694870.5	228.19854946620802	1528.1589558830447
3054186.5	246.8242048781574	325.285525938347
3413502.5	87.41671676184751	207.2294559072315
3772818.5	74.35442618753409	88.70179308186412
4132134.5	122.66515824511015	1615.2197439432862
4491450.5	217.76455821616628	2519.4554631701967
4850766.5	217.06759509735164	418.2230150069875
5210082.5	336.78166572042437	1878.4496605934628
5569398.5	161.6734796112614	406.1689970486006
5928714.5	776.9660438165848	1606.8858327179717
6288030.5	224.6088985739572	304.86893071450424
6647346.5	233.3627113738325	445.40236920619884
7006662.5	258.9357863273553	1194.3277440934116
7365978.5	162.89055594518473	212.56026222457385
7725294.5	294.38389885226377	1984.9753425585998
8084610.5	517.9317898451502	2064.3575630139308
8443926.5	744.865739349208	2041.5146174425186
8803242.5	45.13333388994646	77.15504881343483
9162558.5	62.75146945863808	293.4974624211056
9521874.5	200.35461821906065	529.4967121985553
9881190.5	541.3408197798038	3390.4276439921655
1.02405065E7	767.7657048391944	3918.452045943252
1.05998225E7	204.61321789177214	332.64790981365604
1.09591385E7	480.01880239121	2586.0334260344594
1.13184545E7	27.77262075721649	87.07321727038142
1.16777705E7	94.06574435872602	248.76371429931905
1.20370865E7	204.19293880595353	403.9207464207074
1.23964025E7	576.3619849937103	348.3144573013049
1.27557185E7	134.28237540215298	328.45958725336243
1.31150345E7	177.97075554664974	300.2301977297964
1.34743505E7	253.6731651248483	1614.1696612169023
1.38336665E7	98.77569882777277	223.6608931785523
1.41929825E7	73.50142492958844	163.08157673947122
1.45522985E7	25.324959088935643	88.11666016212571
1.49116145E7	199.85011243585035	426.4099490289947
1.52709305E7	65.3863841298467	172.34154840805104
1.56302465E7	82.44363457235414	193.0836380463453
1.59895625E7	14.571594362622315	49.26400750112682
1.63488785E7	338.64082868561377	351.6411051069121
1.67081945E7	290.7290017700297	484.89985690035877
1.70675105E7	36.143753687561926	103.09554138714775
1.74268265E7	144.79255307306104	306.3484686859344
1.77861425E7	26.617826648409757	13.867689662438812
1.81454585E7	45.29095837647085	96.66282440509708
1.85047745E7	241.01427712654043	1975.606221128803
1.88640905E7	311.57992129490475	1627.4725020013761
1.92234065E7	174.1285804138975	304.4831057427534
1.95827225E7	279.64532611962727	402.8462124181302
1.99420385E7	110.57228177982611	340.98884225444954
2.03013545E7	114.51247091696446	298.5975956147575
2.06606705E7	267.56473688897796	312.3885455099779
2.10199865E7	355.74607309443496	317.96268352587225
2.13793025E7	244.0706425541863	376.19973493902233
2.17386185E7	537.6528487459507	2607.153429907288
2.20979345E7	197.83600507631166	2522.8096679179225
2.24572505E7	286.122004029879	2710.4155825162493
2.28165665E7	94.92647975598081	118.70157342935535
2.31758825E7	64.4994322546171	174.77340060478892
2.34346265E7	56.912816427686316	370.3657609521549
2.36142845E7	0.9311538002624985	2.6398783234727166
2.38945145E7	22.80534404256977	51.45866291090645
2.42538305E7	38.747740150730834	85.31413288006809
2.46131465E7	217.12656269133575	116.86261537087974
2.49724625E7	118.40411225773414	218.6125370813782
2.53317785E7	82.71108161061572	542.4191982381807
2.56910945E7	50.390297120083716	18.086133733368175
2.60504105E7	97.77880194591947	15.882827529535348
2.64097265E7	161.8930273074397	137.68961878772635
2.67690425E7	15.939081477028576	30.141823157839198
2.71283585E7	65.29086096917476	102.65613117462611
2.74876745E7	228.22692003695911	118.90527671386154
2.78469905E7	656.3713694909217	299.0072979745811
2.82063065E7	359.5386345166928	2017.9452587919702
2.85656225E7	116.96431274978013	211.81813249379474
2.89249385E7	149.39443275556891	296.3112405303333
2.92842545E7	169.66070534014628	327.8787205978076
2.96435705E7	288.4238748065769	1012.3712357174851
3.00028865E7	264.35796346391476	689.1606850418934
3.03622025E7	424.3920059223636	533.2130875267972
3.07215185E7	49.29519698538334	96.35932541220423
3.10808345E7	321.8405192087188	394.9722729084025
3.14401505E7	303.7388621714591	607.7888320054288
3.17994665E7	117.74683565441005	222.22596763825936
3.21587825E7	115.13896124859455	261.5800006539938
3.25180985E7	281.0490821449643	577.0040146256919
3.28774145E7	154.50093232697682	361.45779839027364
3.32367305E7	329.7675694931481	2290.7664050640574
3.35960465E7	429.8977028576518	837.9402185235007
3.39553625E7	438.4331785948858	309.45222775712205
3.43146785E7	154.9031354017077	355.471946296395
3.46739945E7	99.35254205212125	176.65079446135263
3.50333105E7	248.45745249307018	400.8593747605125
3.53926265E7	773.6360056329248	5989.066818251864
3.57519425E7	1067.265721537588	2476.904215520139
3.61112585E7	283.375903104788	657.50875496451
3.64705745E7	204.29243896737134	1147.7490282529216
3.68298905E7	194.4649556379343	272.33462891201196
3.71892065E7	123.16066359416224	291.6820744781664
3.75485225E7	622.7324973004264	1021.4396114727839
3.79078385E7	565.6676463057587	3737.088632984809
3.82671545E7	128.66091128700086	381.53978773875883
3.86264705E7	110.62564984581816	158.70734273004334
3.89857865E7	94.36455376326131	212.817259025238
3.93451025E7	193.79745961771812	295.6754535998006
3.97044185E7	485.4228005432544	576.1196952984118
4.00637345E7	332.9465651404335	3202.3320048478313
4.04230505E7	193.04275623685	824.8701621257094
4.07823665E7	558.2844098231084	2092.6054243873486
4.11416825E7	476.35464326665107	2162.623768504903
4.15009985E7	524.5513614756927	2354.1929748328967
4.18603145E7	226.63195627247325	414.8019980872069
4.22196305E7	309.590783599951	511.88156222596734
4.25789465E7	127.19943448106959	168.95395044180435
4.29382625E7	835.7554381101871	2498.1691222550908
4.32975785E7	41.95729385833083	99.73067674426079
4.36568945E7	162.8036463725523	2077.9195226764814
4.40162105E7	219.23711997239198	266.50575646622775
4.43755265E7	77.4634639147714	265.1326376753273
4.47348425E7	338.8854796335259	1171.7769908126709
4.50941585E7	663.0465412060693	851.3027971119415
4.54534745E7	73.86990559841476	119.98952767890927
4.58127905E7	177.52589642543055	289.43759922241657
4.61721065E7	627.116908236761	2873.9869580582463
4.65314225E7	341.2926532634227	2111.1571661346475
4.68907385E7	360.835022654154	1304.5081984876163
4.72500545E7	313.0639965935277	838.5906621682699
4.76093705E7	903.3604877044162	3217.7903836544015
4.79686865E7	268.7638930634873	635.1051314396236
4.83280025E7	535.4336099700542	4348.76232333135
4.86541545E7	89.55677024314988	74.6836514536409
4.88338125E7	2.599460258111205	2.5726654516732768
4.90466345E7	298.33908871299917	519.7955265276818
4.94059505E7	145.73541117011212	180.61661936284023
4.97652665E7	183.80909839806745	381.810247190072
5.01245825E7	214.62089636976924	369.27778061527374
5.04838985E7	452.690450745305	2294.242791683031
5.08432145E7	106.47078059424017	224.12168709796236
5.12025305E7	179.50593349586435	233.25866182958228
5.15618465E7	337.8707627826203	2584.0195421663316
5.19211625E7	607.7788130781819	2453.5546840405877
5.22804785E7	317.38782575782875	268.1848102170867
5.26397945E7	169.34504169032272	427.93604800200524
5.29991105E7	337.80209342194615	419.0897807189585
5.33584265E7	109.9801233454675	236.71427308515644
5.37177425E7	33.771744091551724	95.92322098657164
5.40770585E7	229.72181867770988	540.9493042082255
5.44363745E7	258.82016943303387	491.1021900530797
5.47956905E7	55.921102873236926	165.0832971443448
5.51550065E7	89.33644480067684	233.36180612033496
5.55143225E7	97.07338665687027	323.41091254846503
5.58736385E7	254.26984325774526	1791.6646447541266
5.62329545E7	236.72325195649512	452.205264602483
5.65922705E7	102.10921862650146	157.30532581241312
5.69515865E7	290.4350154181834	476.8604269679404
5.73109025E7	395.0474512685213	2276.760740580412
5.76702185E7	138.74765665876276	461.4098100621434
5.80295345E7	443.93099110532233	1134.279833717272
5.83888505E7	710.0377717663561	2999.9514543016944
5.87481665E7	139.20595798684167	277.53954880133654
5.91074825E7	56.979143706375446	76.8467454643278
5.94667985E7	439.1466926048381	9352.675286540207
5.98261145E7	222.21394816818622	497.25344682739535
6.01854305E7	114.64605249974953	144.119587819995
6.05447465E7	333.1600874995825	2066.559976962961
6.09040625E7	245.21870999343196	488.0292152890808
6.12633785E7	156.20395139654232	265.29969825572266
6.16226945E7	121.17435627692616	211.99367069579586
6.19820105E7	502.30100246023	2822.67451850841
6.23413265E7	73.84727092587026	144.3537760316622
6.27006425E7	184.58171080608713	478.0001906807119
6.30599585E7	55.731450867759854	89.36501268450456
6.34192745E7	139.39258758307452	418.8000501123228
6.37785905E7	244.25266339378152	635.3398462232111
6.41379065E7	41.42172906299747	145.45816759952982
6.44972225E7	181.07485333244276	344.7039845347043
6.48565385E7	214.58620545703502	296.9734261242147
6.52158545E7	203.0727215041913	443.68564320734015
6.55751705E7	326.2820219528215	461.1747615900123
6.59344865E7	161.15858186109162	213.28932996950624
6.62938025E7	206.40849558605797	488.3694135360292
6.66531185E7	80.80697491901279	207.4203775529068
6.70124345E7	29.07239031938461	89.89453486881645
6.73717505E7	111.45155796012423	341.6499163458764
6.77310665E7	296.12139732157766	2355.4698137040737
6.80903825E7	64.04097229179887	183.09041047853844
6.84496985E7	156.55652962851642	294.9415594046151
6.88090145E7	269.9190823676096	468.0936160143304
6.91683305E7	307.23191285664984	472.0911669158767
6.95276465E7	108.16401440514755	186.29718311416673
6.98869625E7	93.59266216923265	202.82646199948357
7.02462785E7	225.97597101158868	454.22714813687014
7.06055945E7	218.17850861080498	521.5818329135446
7.09649105E7	254.7087549677721	2299.827973107643
7.13242265E7	16.13738881652918	20.09731089690139
7.16835425E7	203.71229502721837	540.8205697797166
7.20428585E7	513.2543833283238	3754.4819283236798
7.24021745E7	1070.8766907123534	228.51446408416444
7.27614905E7	159.80875608099834	382.0867108507657
7.31208065E7	13.794952075610325	33.61018375785869
7.34801225E7	32.247136225495105	74.51027907601038
7.38394385E7	71.9780610938561	399.17912151132305
7.41987545E7	44.72026851016932	27.234882317706898
7.45580705E7	246.33078961137272	37.30195318189899
7.49173865E7	114.27622482717163	23.933558414062194
7.52767025E7	10.801759454073851	10.626186919369504
7.56360185E7	15.638955682463347	3.670218288832413
7.59953345E7	584.5878391165437	2661.2486486903235
7.63546505E7	263.61164267664117	56.17604656529108
7.67139665E7	169.275067071881	189.51403970074713
7.690225E7	6.1336154425830385	2.0267042207142536
7.7081908E7	1.544966599915221	29.269338130879145
7.74325985E7	14.575142771265405	6.597651273494443
7.77919145E7	27.803740996782775	126.83165627470791
7.81512305E7	0.9087182313061484	1.7262485617681291
7.85105465E7	3.663919780917076	25.560145767675696
7.88698625E7	8.382187266918256	12.2754276128489
7.92291785E7	17.58994868027029	47.49097685443024
7.95884945E7	19.978896013536833	123.32283196604058
7.99478105E7	34.858472764920016	77.14385965621015
8.03071265E7	358.39553484954746	121.17449508926666
8.06664425E7	354.5637934297387	387.3678647438776
8.10257585E7	58.29283416268688	121.5055204803346
8.13850745E7	284.27991795522604	769.0136855960831
8.17443905E7	168.9217374121943	409.6351530484553
8.21037065E7	257.6198332387091	336.02545607636233
8.24630225E7	696.8759921628873	2685.242916303216
8.28223385E7	247.13274109697315	569.0987140839414
8.31816545E7	119.10590121230338	212.45349749481704
8.35409705E7	49.99924022309054	252.4775330974343
8.39002865E7	365.9790212514889	2275.243149222646
8.42596025E7	59.97572888488128	116.02610460526296
8.46189185E7	37.16411181244364	183.7662081678242
8.49782345E7	213.88657337830767	246.7742372963379
8.53375505E7	136.30868928742387	521.666857247052
8.56968665E7	291.11298968039273	521.0668537844608
8.60561825E7	331.44429694196754	409.2670562214536
8.64154985E7	387.07392657159716	1485.441248650252
8.67748145E7	417.22211089959814	2664.982291965182
8.71341305E7	238.0675310868428	491.5108442582819
8.74934465E7	36.541812777610794	119.7900010868848
8.78527625E7	144.09205546093133	375.3994646874029
8.82120785E7	649.5055911787953	3777.8727687130518
8.85713945E7	1119.9431920649233	978.0261256893498
8.89307105E7	307.5234139309132	257.8863913374159
8.92900265E7	440.26893876142447	683.1670253846498
8.96493425E7	122.89206436674125	320.41386114511306
9.00086585E7	326.24466764630574	416.5418400001572
9.03679745E7	134.10752373954958	502.0845385173132
9.07272905E7	447.4997439579646	687.577796638473
9.10866065E7	221.65619955693595	489.0645466502024
9.14459225E7	122.42143405804362	770.3118678291269
9.18052385E7	303.68041222767704	1477.4514417680941
9.21645545E7	742.0266895991273	2257.8188547467057
9.25238705E7	53.01844615881286	333.73734171361707
9.28831865E7	271.5249585323225	1347.0028657332389
9.32425025E7	233.9068480112213	365.1682455150421
9.36018185E7	171.66944138307227	332.1405546604995
9.39611345E7	150.9348540003785	290.14530759446427
9.43204505E7	80.72645526500351	178.79139693691423
9.46797665E7	81.67641017934075	161.17773177868122
9.50390825E7	782.1588768660455	1467.5319302241771
9.53983985E7	149.25752540938896	202.69509461493425
9.57577145E7	93.59449620946465	173.10466306120102
9.61170305E7	165.4232597490788	448.07390902281753
9.64763465E7	109.6398239989313	235.72562057073145
9.68356625E7	164.83726023889835	213.28714030807694
9.71949785E7	37.04822774382438	69.68782018004192
9.75542945E7	321.5612608400405	1584.467034854505
9.79136105E7	433.8576461944361	1256.3092820753934
9.82729265E7	215.17187099934318	283.510514727513
9.86322425E7	108.0505488205368	114.56117294126754
9.89915585E7	168.7400032283561	266.65022002120617
9.93508745E7	316.788857161941	564.6274311881791
9.97101905E7	125.20955649066559	168.81250300292362
1.000695065E8	148.79909327722672	195.00186606510198
1.004288225E8	216.60462935132307	2268.5169986617793
1.007881385E8	409.1557487003084	705.134808103619
1.011474545E8	329.7978130670496	320.10338454043625
1.015067705E8	159.52367553907982	241.53862172513976
1.018660865E8	236.02223669416335	530.4698873224658
1.022254025E8	400.27041935232495	2270.7940842723365
1.025847185E8	243.5064177492792	2677.669629236629
1.029440345E8	116.14791437063755	471.21318324506126
1.033033505E8	104.58504213561322	156.80859859528232
1.036626665E8	229.47899898696411	652.0208223722614
1.040219825E8	178.11522448207148	269.22026138570874
1.043812985E8	88.02926950094067	238.58141494528064
1.047406145E8	343.49660465996504	2289.355482311125
1.050999305E8	37.504029878992306	140.87119416379466
1.054592465E8	105.42173741219428	272.12569503522997
1.058185625E8	152.6888783132396	140.39511702688452
1.061778785E8	305.90296563470594	1774.2867001537786
1.065371945E8	193.02659497489674	447.34254539819045
1.068965105E8	760.9982772823921	3676.7076524031236
1.072558265E8	452.9086792683877	2548.664249487871
1.076151425E8	145.00905052933908	343.0496579310499
1.079744585E8	344.49733104008726	1170.6601646046163
1.083337745E8	337.21709303231694	1941.3031406015918
1.086930905E8	395.54966937180643	1063.2971241164091
1.089314775E8	328.26749987229476	706.5693561337973
1.091111355E8	463.53036079021575	3218.454526833797
1.094117225E8	299.47103385321	300.2263805754747
1.097710385E8	236.75925647619366	301.9538472879134
1.101303545E8	349.30172327422105	779.701772774651
1.10324175E8	150.61023830538394	226.95158583372984
1.10503833E8	141.9975195700185	132.38707928448645
1.108489865E8	219.5248054637144	1634.3242456654161
1.112083025E8	157.34531164768615	452.5934158277734
1.115676185E8	118.69781751995458	153.74783662190617
1.119269345E8	256.99157287735585	2522.4931731093247
1.122862505E8	207.10447628271493	258.2478215253317
1.126455665E8	139.6595976800365	203.65438617888046
1.130048825E8	225.98385821950595	233.224086685086
1.133641985E8	45.78152378407864	75.79062685519942
1.137235145E8	99.77499471217536	304.3267604326116
1.140828305E8	140.91516381124137	244.19558739799572
1.144421465E8	308.86149795722986	577.1413331455368
1.148014625E8	86.1392506874172	133.9085025632986
1.151607785E8	464.5982644802903	789.2451517045515
1.155200945E8	126.3932777833439	311.34207772929295
1.158794105E8	203.5275885293168	1734.7013914316185
1.162387265E8	298.339859622171	1516.3219386328665
1.165980425E8	232.67541940798628	451.85529850451644
1.169573585E8	584.0626328913825	2741.6617940127117
1.173166745E8	113.54953578465752	146.90043680462287
1.176759905E8	51.688895011633214	122.54011588865015
1.180353065E8	31.26153580692204	90.22474159831218
1.183946225E8	471.4878296541206	2290.3213027112365
1.187539385E8	238.81644012512663	281.7185770506146
1.191132545E8	180.940275412172	259.93508019742694
1.194725705E8	394.454961649356	889.5970814545066
1.198318865E8	182.46042759019915	1911.1269995639193
1.201912025E8	49.20362856093244	176.18606264725324
1.205505185E8	163.41353850092955	196.35208338739218
1.209098345E8	125.03129557269924	246.4942741514247
1.212691505E8	283.1895657304434	614.4666939248868
1.216284665E8	217.19655679123667	572.1468382793838
1.219877825E8	205.2599967716439	304.4652308626741
1.223470985E8	94.21833149651003	208.04953931825955
1.227064145E8	33.226822629663026	62.01269704268104
1.230657305E8	222.16092798539447	169.67202774230478
1.234250465E8	90.82987119972393	278.39708015520364
1.237843625E8	316.9185563682107	1561.5120879522528
1.241436785E8	268.9051058121542	539.3964935664825
1.245029945E8	93.6284412606174	205.36025867645012
1.248623105E8	47.10197987286956	82.45046663405704
1.252216265E8	130.13876086787118	79.04589507954972
1.255809425E8	152.65115385899875	1649.1986200647757
1.259402585E8	253.80592292021507	477.6592809963028
1.262995745E8	266.65204722305714	437.53077872595765
1.266588905E8	340.8729057431342	808.4678672219619
1.270182065E8	226.24284195527056	1152.6028496625347
1.273775225E8	419.48949671041646	1365.552788150668
1.277368385E8	71.48128944995491	216.84719393037904
1.280961545E8	169.86432833494752	209.828625852168
1.284554705E8	56.66092798539447	133.30501722960926
1.288147865E8	117.35103363056474	267.3647338542412
1.291741025E8	150.6162736978036	214.76430048788765
1.295334185E8	98.52753008493916	194.1386151804259
1.298927345E8	442.4256531854969	2069.4519352890206
1.302520505E8	128.14428803615758	329.50823294847396
1.306113665E8	102.34372808335839	215.0791785358691
1.309706825E8	22.196843446993732	46.415609551878894
1.313299985E8	97.73140077257901	211.63449959916272
1.316893145E8	211.5518178984515	259.7272965465832
1.320486305E8	45.25519598347972	154.18696304945374
1.324079465E8	5.056265237284173	6.251839613935407
1.327672625E8	61.084285141769364	138.66928956411465
1.331265785E8	12.936743701922541	32.34622351614109
1.334858945E8	22.370041968629284	71.8377023680881
1.337730805E8	9.046146120080351	6.424714088557432
1.339527385E8	2.6046235962844864	42.38885663779428
1.342045265E8	25.79142871455766	48.863239575949514
1.345638425E8	76.11864486969687	311.34914851390334
1.349231585E8	613.901390419575	128.9073697598528
1.352824745E8	80.54690300459762	49.45028263681043
1.356417905E8	65.31151131594474	99.22197564479669
1.360011065E8	56.379571185251976	37.58574236965702
1.363604225E8	59.790437943203194	75.61424532604472
1.367197385E8	121.60292611517438	104.50958671525105
1.370790545E8	143.05295060615168	797.9725178629918
1.374033365E8	27.262276662241398	107.6495440530375
1.375577225E8	50432.87681827494	197355.20059758634
1.375927565E8	10.448342038619817	41.74749922849102
1.376371405E8	11.289556299706991	29.413199448545484
1.37699935E8	2.4440107594574485	8.382263189366826
1.37786751E8	3.32671821206255	23.693729451674603
1.37868371E8	8.182843334675795	19.604178504700627
1.37942101E8	3.2582603884404215	14.056783381066632
1.37980213E8	9.268607286038	16.47555644759759
1.38019627E8	0.6107591905980216	2.8601718669911214
1.38089538E8	1.869805637559755	10.853294144912265
1.38156123E8	25.60977738978612	149.64315063743868
1.382206275E8	0.5111714879335144	3.3020932333765893
1.38280805E8	1.8448732369992213	11.030733376647499
1.38323179E8	0.04357823684308126	0.3573422811752254
1.383484915E8	0.012213675936100076	0.11051550088607515
1.38384028E8	4.137647381409377	10.766971487476317
1.384312265E8	0.27074022049121016	1.1060003204370596
1.384772795E8	4.480075354609929	5.685176538112387
1.38522045E8	5.725676071243611	10.933241429948604
1.385663025E8	20.471793941592598	106.76492710574384
1.38610046E8	0.9073139248092571	1.2795523529753656
1.38651258E8	1.5650982300658283	2.950580373565054
1.386833775E8	2.4420588935629812	9.572323403816327
1.387019305E8	2.714981525025193	3.377977542971477
1.38726341E8	0.0	0.0
1.387630385E8	1.5555342360616193	4.999602527921786
1.3879854E8	658.7346253005417	994.2352317435203
1.3883298E8	0.7555807794173288	1.8492236330562342
1.388668195E8	0.015426170468187275	0.12420213552184711
1.389001375E8	6.7048265097850885	8.556702806848024
1.389325255E8	25.020470438652257	173.2728017522716
1.38963047E8	0.22925328736098435	1.2635634679997372
1.38991991E8	1.0922098569157392	1.8590312460107368
1.390198715E8	0.045964452214452216	0.42210897962018135
1.39044446E8	3.1801041810722355	13.832104327530608
1.390581695E8	0.348627042057699	1.139397788362401
1.39074104E8	0.14799923415661498	0.7094990183071065
1.391000815E8	1.784017027863777	3.8892713827328755
1.39125904E8	3.0910288703739583	2.9340685051029545
1.391516555E8	1.5343217371001634	3.565460252179019
1.391772845E8	20.98141627543036	159.72018531735142
1.39202833E8	0.836159298273094	1.7199014078952708
1.39227853E8	0.036648573644043586	0.23971306086400454
1.392522945E8	9.39253486464315	12.871334310152463
1.392761035E8	0.0	0.0
1.392991635E8	0.039332226204003146	0.3348739272546744
1.393219065E8	0.3440099097504866	1.057349500747767
1.39344169E8	21.70959354044067	121.4964136965571
1.393656665E8	0.0	0.0
1.39386585E8	15.568559456725907	34.88122076017937
1.394057875E8	0.01581453349960322	0.16374070709150346
1.394157655E8	0.0	0.0
1.39426072E8	0.2389201595715613	0.7987913707409228
1.394433E8	0.07346660890016711	0.4610871384677548
1.394591395E8	0.07718077567323799	0.39955522237204927
1.39474609E8	0.0	0.0
1.394898515E8	0.0755242898858508	0.6353242056594317
1.39504877E8	1.7191483681505706	5.279500248374739
1.39519712E8	0.15551167699325935	0.7482987218046935
1.39534307E8	0.0	0.0
1.39548658E8	0.45573631945911686	1.4162538806941745
1.395628065E8	0.21010072350688042	0.6885048080891013
1.395768695E8	0.1454234388366125	0.9669473452676225
1.395908865E8	0.0	0.0
1.396048595E8	0.0	0.0
1.39618797E8	0.10764262648008611	0.44017806358808365
1.396327175E8	0.23579749748310083	0.6437588274135436
1.39646447E8	0.044270641186453186	0.24477118785851132
1.39659998E8	6.239279651634807	35.81272068931253
1.39673523E8	0.0	0.0
1.39687001E8	0.48814567075436643	1.5226275476390907
1.39700456E8	0.022296544035674472	0.21046567610311176
1.397138915E8	0.0	0.0
1.397272965E8	0.02239808869643124	0.14965991011767726
1.39740652E8	0.2700307877149508	1.800478022181259
1.397539385E8	0.0	0.0
1.397671835E8	0.0	0.0
1.397738625E8	0.0	0.0
1.39780441E8	1.2093148162357092	3.0740496619818205
1.397935115E8	0.091547146780592	0.4282516207991738
1.39806605E8	0.0	0.0
1.398195725E8	6.5196017423771	12.990937916590429
1.398324245E8	0.0	0.0
1.39845262E8	0.11312076089498714	0.6308633907268781
1.398580325E8	0.13135126632059146	0.9677024388042236
1.3987073E8	0.03848276949767369	0.2774266371409699
1.398833975E8	0.0	0.0
1.398960405E8	4.063410386320456	4.808072231298176
1.399086725E8	0.023749208359721344	0.16834702841432675
1.399212565E8	0.37667517549457563	1.8187669476750805
1.39933781E8	184.64021417725564	325.2052212782192
1.39946267E8	0.09334617545549402	0.5431090989647299
1.399587085E8	0.6633934320669672	1.0750941497278912
1.399711325E8	0.0	0.0
1.39983544E8	0.09129768529720139	0.40422799781269797
1.399959275E8	5.783958602846054	16.590784295645317
1.400082885E8	0.7090011332361988	3.8192740750165988
1.40020559E8	0.043406909001394926	0.3150970081720172
1.400327265E8	0.0	0.0
1.400448715E8	0.0	0.0
1.4005699E8	0.0	0.0
1.400690545E8	0.0	0.0
1.40081085E8	0.09969235885923339	0.44437861545134927
1.400930995E8	0.48158640226628896	2.1907457114427116
1.40105101E8	0.0	0.0
1.40117094E8	0.15018773466833543	0.7317805078867481
1.401281635E8	0.0	0.0
1.40134155E8	0.0	0.0
1.401410485E8	3.130707476166583	14.44965479980117
1.40153003E8	0.45058990879424315	1.8426060497674968
1.40164882E8	0.0	0.0
1.40176667E8	0.1825214656125138	0.7552136786476794
1.4018842E8	206.808311334412	535.2193331385488
1.40200076E8	1.442994208661077	4.747892608840713
1.402116215E8	0.0	0.0
1.402231315E8	0.025395720994955646	0.1766998057730584
1.402345955E8	0.05249343832020997	0.2618996488576131
1.402459205E8	0.053475935828877004	0.3348450568863338
1.402571045E8	0.0	0.0
1.402682415E8	0.0	0.0
1.4027885E8	18.489644237439304	45.58898294728533
1.40288828E8	0.12164216928535225	0.535036981636032
1.402984445E8	0.0	0.0
1.40307799E8	0.0	0.0
1.403166425E8	0.10675772825305535	0.35755513501367386
1.40324819E8	0.0	0.0
1.403326835E8	0.11655011655011654	0.5068809100057498
1.403402015E8	0.0	0.0
1.4034742E8	0.0	0.0
1.40354483E8	0.5269170355561902	0.46634560533841124
1.403614525E8	6.332324106113034	9.142628647869763
1.403683705E8	8.113188405797102	8.32542813452788
1.403752505E8	5.9809037900874635	13.883359378712486
1.403821105E8	0.043731778425655975	0.24026224739202348
1.40388953E8	0.9665934065934066	2.193530280523862
1.403957145E8	0.0	0.0
1.404023365E8	0.36434463794683775	0.9833629796625722
1.404088075E8	0.04690431519699812	0.2525665628461484
1.404151525E8	0.40530664124563076	1.3753123110665024
1.40421418E8	0.5772005772005772	1.9672645653622367
1.40427633E8	10.904246730179235	11.113887196484386
1.404337675E8	0.7287689269256089	2.4911297542021433
1.404398365E8	0.0	0.0
1.40445888E8	4.2037742095679524	12.6904429849831
1.404519085E8	0.0	0.0
1.404579005E8	0.6497326203208557	1.781515307664756
1.404638765E8	1.7134718498659518	6.422942394887478
1.404698365E8	0.8729838709677419	2.878766817075807
1.4047577E8	0.5582417582417583	1.1781326830055474
1.40481673E8	36.49567136309625	156.69208750565005
1.404875345E8	0.0	0.0
1.404915035E8	0.0	0.0
1.404943895E8	0.0	0.0
1.404990715E8	0.0	0.0
1.405047025E8	469.8368080517613	600.4186752175219
1.40510262E8	0.05454545454545454	0.2323906205939775
1.405157995E8	2.5831521739130436	3.407525771591166
1.40521292E8	1.0484903934126257	2.565910662851432
1.40526756E8	71.13271096467143	145.36493933089227
1.40532181E8	0.0	0.0
1.40537566E8	29.843953185955787	30.98291044051005
1.405429375E8	0.055970149253731345	0.30846272664836394
1.405482795E8	0.0	0.0
1.40553603E8	0.0	0.0
1.405589225E8	0.39503386004514673	1.662108137652018
1.40564221E8	0.0	0.0
1.405694775E8	0.05733944954128441	0.23945657130528786
1.40574688E8	0.057814607824243594	0.26192874594331134
1.405798735E8	1.2028174450019298	1.6096846036879577
1.405850135E8	0.05727736367202824	0.2744515555354314
1.40590093E8	0.0	0.0
1.405951535E8	0.0	0.0
1.40600212E8	0.0	0.0
1.406052535E8	0.0	0.0
1.406102665E8	1.1398	3.372269265642944
1.406152645E8	0.0	0.0
1.406202595E8	0.961153384060873	1.9189629758500344
1.406252495E8	0.0	0.0
1.40630226E8	0.0	0.0
1.40635179E8	0.060741040696497266	0.26998008970254955
1.40640115E8	0.0	0.0
1.4064504E8	0.0	0.0
1.4064995E8	67.2200693452988	61.48688443046308
1.406548455E8	0.0953355155482815	0.43665894139083306
1.40659729E8	2.5515474482475917	5.2297296044835315
1.40664601E8	0.17307297019527235	0.5291114155174055
1.406694435E8	0.0	0.0
1.40674261E8	0.0	0.0
1.40679061E8	0.9055381400208986	2.0591057295422317
1.40683806E8	0.0	0.0
1.40688509E8	0.0	0.0
1.406931635E8	0.0	0.0
1.40697758E8	0.0	0.0
1.40702335E8	0.0	0.0
1.40706898E8	0.0	0.0
1.40711432E8	0.33222591362126247	1.7919470408247864
1.40715925E8	1.9490046969358086	2.4945030150074006
1.40720393E8	0.5375139977603584	1.2606544808331872
1.407248515E8	0.0	0.0
1.407292955E8	0.40554553651938685	1.6322797679189187
1.407337135E8	0.0	0.0
1.40738111E8	0.0	0.0
1.40742499E8	0.0	0.0
1.407468785E8	0.0	0.0
1.40751256E8	0.23075165638565226	1.0692281330699829
1.407556295E8	0.0	0.0
1.40759995E8	0.18986470992891538	0.7024704987762813
1.407643435E8	0.06872693726937269	0.328532463138414
1.407686665E8	3.399303944315545	5.207147506150759
1.407729765E8	4.3174013921113685	15.34194922532605
1.40777284E8	0.0	0.0
1.40781584E8	166.6735739231665	316.8217381066258
1.40785876E8	24.183259501049196	51.814897785756365
1.40790157E8	0.0	0.0
1.407944295E8	0.3192883895131086	1.033837620092779
1.407986935E8	0.2100563909774436	0.7405418662297883
1.40802937E8	0.0	0.0
1.40807165E8	0.12828402366863906	0.6649287010761326
1.408113885E8	0.0	0.0
1.408156105E8	0.9703931785883467	1.818115067031859
1.408198225E8	4.681342217991433	11.70100904048215
1.40824022E8	0.7760304979747439	1.6305108531148536
1.408282145E8	0.9195319961795606	2.55573030699666
1.408324E8	0.0	0.0
1.408365825E8	0.0	0.0
1.40840755E8	0.0	0.0
1.408449115E8	0.0	0.0
1.40849054E8	0.05562273276904474	0.3335348040881033
1.40851497E8	0.0	0.0
1.408535395E8	0.08968206358728255	0.3131778790451448
1.40857247E8	0.0	0.0
1.408613235E8	0.14734774066797643	0.4568836094816344
1.40865389E8	15.521064301552107	37.55462146655102
1.408694335E8	0.0	0.0
1.40873455E8	0.0	0.0
1.408774675E8	0.0	0.0
1.408814765E8	0.22466300549176235	0.6421693140116652
1.40885475E8	0.5261839138060637	1.5443011197249918
1.408894625E8	0.15060240963855423	0.5488212999484517
1.408934395E8	0.07556675062972293	0.3440754413205035
1.408974065E8	0.2124117053481332	0.6200484991284496
1.409013685E8	4.567171717171717	9.32597112228734
1.409053235E8	83.23544303797469	144.26447407803715
1.40909269E8	0.0	0.0
1.409132055E8	0.0	0.0
1.409171345E8	0.0	0.0
1.409210595E8	1.253058103975535	1.7128911006038978
1.40924982E8	0.0	0.0
1.40928899E8	0.07666751852798365	0.35096886818485823
1.40932812E8	0.0	0.0
1.409367215E8	0.8218125960061444	1.5037927813148542
1.4094061E8	0.2324980625161457	1.1572332695239103
1.409444775E8	2.7135093167701863	5.902218237597082
1.409483385E8	89.47148781752203	84.65681030704737
1.409521765E8	0.0	0.0
1.40955989E8	6.62253743104807	18.354511730548005
1.409597955E8	0.0	0.0
1.409636015E8	0.6988964792433	1.694478064690818
1.40967392E8	0.0	0.0
1.40971157E8	1.51797603195739	2.1594865494195226
1.40974907E8	0.0801068090787717	0.2830314630545016
1.40978648E8	0.0	0.0
1.409823815E8	0.782573726541555	2.4159323712637546
1.40986105E8	0.4035512510088781	1.675280404494447
1.409898215E8	1.1302475780409043	3.6566143969830747
1.40993536E8	0.161055750067331	0.7938628045433179
1.409972465E8	0.0	0.0
1.41000941E8	0.0	0.0
1.410046115E8	1.2647540983606558	1.9054853232024356
1.410082665E8	0.6561643835616439	1.9251756724681033
1.41011916E8	0.0	0.0
1.410155645E8	0.0	0.0
1.410192115E8	0.24684585847504115	1.039800394364553
1.410228535E8	0.49450247388675095	1.9089356155112003
1.410264835E8	0.6617890668139149	1.5889770766733118
1.410301055E8	0.0	0.0
1.41033718E8	0.16652789342214822	0.4874215779134097
1.41037321E8	0.0	0.0
1.410409235E8	0.07828983897834536	0.2798032147391187
1.41044521E8	0.0	0.0
1.410481085E8	0.0	0.0
1.410516865E8	0.0	0.0
1.41055252E8	0.2507731234186112	0.6731945418676906
1.410588075E8	19.550928531232415	22.378685644769096
1.41062361E8	0.07036307345904869	0.37513483831563466
1.41065914E8	0.0	0.0
1.41069467E8	3.3692654095130874	4.072727524023956
1.41073012E8	6.3867684478371505	12.385979834713586
1.41076544E8	0.0	0.0
1.41080071E8	0.06662886305642189	0.25757588392469133
1.41083596E8	0.0	0.0
1.41087117E8	0.0625177607274794	0.2810688809319885
1.41090628E8	0.0	0.0
1.410941305E8	183.63278126784695	106.33465888496919
1.41097631E8	6.48070877393541	8.942929785081475
1.411011295E8	0.0	0.0
1.411046235E8	0.5111747851002866	1.1076705726077603
1.411081075E8	0.0	0.0
1.41111585E8	0.0	0.0
1.4111506E8	0.0	0.0
1.411185295E8	5.879111367570687	9.306770860134396
1.41121994E8	0.0	0.0
1.411254545E8	18.273857721226143	16.54349997901933
1.411289005E8	0.262085032032615	1.127565346642637
1.411323185E8	0.0	0.0
1.411357175E8	0.17667844522968199	0.44944672177311856
1.4113911E8	0.5868987902035999	1.3539882402066428
1.411424975E8	0.0	0.0
1.41145878E8	1.5914074074074074	2.441857216682963
1.411492525E8	414.407231772377	506.59756987845645
1.41152626E8	1.393418321968574	4.508745660334801
1.41155995E8	0.0	0.0
1.411593515E8	0.0	0.0
1.41162699E8	0.537795040334628	1.532829663145096
1.41166043E8	0.3549835378629153	0.8653771325626801
1.4116937E8	0.0	0.0
1.411726805E8	0.0	0.0
1.411759855E8	0.0	0.0
1.41179286E8	0.18187329493785995	0.603114077000131
1.411825805E8	0.0	0.0
1.411858675E8	1.0956151035322776	2.779119989704327
1.41189148E8	0.0	0.0
1.41192424E8	0.366412213740458	1.2400443232659557
1.411956955E8	0.0	0.0
1.411989605E8	0.7762109135499693	2.8279935496497903
1.41202221E8	0.0	0.0
1.4120548E8	742.2798404418534	1103.733883149055
1.412087365E8	0.0	0.0
1.41210776E8	0.0	0.0
1.41212402E8	0.0	0.0
1.412152325E8	0.0	0.0
1.41218463E8	0.09296560272699102	0.38325664026686584
1.41221688E8	0.18771331058020477	0.7159371008413757
1.412249085E8	15.400870105655686	37.740972191722655
1.41228124E8	13.870214752567694	13.93922159007427
1.41231335E8	0.0	0.0
1.412345425E8	0.09357454772301933	0.3139509360843618
1.41237746E8	0.0	0.0
1.41240947E8	0.1696344892221181	0.4325841215076769
1.41244146E8	0.0	0.0
1.412473425E8	0.7740926157697121	1.9948306159880103
1.41250538E8	560.3461658841941	270.505813231759
1.412537305E8	188.13103448275862	366.9466712768063
1.412569125E8	0.0	0.0
1.41260086E8	0.08887488181531673	0.3550544495558188
1.41263258E8	0.28382213812677387	1.0039342350379827
1.412664245E8	0.18975332068311196	0.6933313871426974
1.41269585E8	0.0	0.0
1.41272743E8	0.0	0.0
1.412758995E8	0.0	0.0
1.412790545E8	5.006658211794546	3.77493821523641
1.412822035E8	0.0	0.0
1.4128534E8	83.52732502396933	154.96478326514355
1.41288466E8	0.0	0.0
1.41291589E8	0.0	0.0
1.412947105E8	0.0	0.0
1.412978215E8	3.0696324951644103	3.3568640765021893
1.413009225E8	0.09903225806451613	0.38771456078558786
1.413040225E8	0.8722580645161291	1.929399037307029
1.41307117E8	0.0	0.0
1.41310204E8	2.108265802269044	2.313514659784389
1.413132865E8	0.0	0.0
1.413163665E8	0.12272727272727273	0.4225771273642583
1.41319445E8	2.2619434514137144	5.335357377818404
1.413225215E8	0.0	0.0
1.41325596E8	0.0	0.0
1.41328669E8	1.351773511226814	2.0960502424653726
1.41331738E8	0.0	0.0
1.413348E8	0.0	0.0
1.413378585E8	32.49640287769784	56.78701617462397
1.413409105E8	0.8575180564674983	2.485810024387894
1.413439555E8	0.0	0.0
1.41346999E8	0.0	0.0
1.41350033E8	0.0	0.0
1.413530575E8	0.0	0.0
1.41356076E8	0.0	0.0
1.413590875E8	0.0	0.0
1.41362097E8	0.0	0.0
1.413651025E8	0.0	0.0
1.41368103E8	0.0	0.0
1.41371102E8	0.7995998666222074	2.7180500238180545
1.413740995E8	0.9005340453938585	2.0727747570808206
1.41377093E8	0.4008692744901371	0.9274952338925234
1.413800805E8	2.8515415549597853	3.4343712912583926
1.413830635E8	0.6716968477531858	1.0202510178890727
1.413860455E8	1.4077800134138163	2.340269464613426
1.41389022E8	0.8078088185796028	2.6489933819084595
1.413919895E8	0.0	0.0
1.4139495E8	0.0608725059181603	0.3489197785112225
1.413979065E8	0.0	0.0
1.41400857E8	0.0	0.0
1.41403801E8	0.0	0.0
1.41406741E8	0.5107252298263534	1.7834788284021006
1.41409678E8	0.0	0.0
1.414126105E8	0.0	0.0
1.41415538E8	24.861291424666895	45.71785547826958
1.414184645E8	0.0	0.0
1.414213895E8	0.307797537619699	0.7647321893822884
1.414243125E8	112.9801505817933	83.64493624447876
1.414272345E8	10.66290212183436	22.691899732810278
1.41430155E8	0.10277492291880781	0.4480554460868334
1.414330725E8	0.0	0.0
1.414359875E8	2.6736444749485244	4.5852333783392805
1.414389E8	2.0611473720371007	6.2209406891055155
1.414418105E8	0.0	0.0
1.41444718E8	10.949053356282272	24.964746227768217
1.414476225E8	8.15358126721763	16.79215840867512
1.41450526E8	0.0	0.0
1.41453427E8	548.5574335977924	610.14455957629
1.41456323E8	0.0	0.0
1.41459214E8	0.47109726548978886	1.5210533596653069
1.414621005E8	4.094660194174757	8.174352672161666
1.414649835E8	822.7956280360861	1166.8780656925167
1.414678655E8	0.07286606523247745	0.381748779257976
1.414707475E8	0.4163775156141568	0.9365728123823709
1.41473629E8	0.599791738979521	1.2105632493887157
1.41476508E8	0.20820298922488703	0.4964244766687086
1.414793845E8	3.0744089012517386	4.59477540876849
1.41482258E8	0.0	0.0
1.414851235E8	0.0	0.0
1.414879835E8	0.6293706293706294	1.1514660767361433
1.414908425E8	0.0	0.0
1.41493699E8	3.010507880910683	4.379421708499383
1.41496551E8	360.7841347841348	600.1321853338978
1.414993995E8	0.14782303370786518	0.43503519165410987
1.415022465E8	0.10716795502459592	0.3940884319535126
1.415050915E8	0.0	0.0
1.41507934E8	0.0	0.0
1.415107725E8	0.0	0.0
1.415136075E8	0.0	0.0
1.41516441E8	0.0	0.0
1.415192725E8	0.0	0.0
1.41522102E8	0.0	0.0
1.415249305E8	2.4695898161244694	4.696518316780907
1.41527757E8	0.9557522123893806	2.6048287358985487
1.41530581E8	0.0	0.0
1.415334035E8	0.0	0.0
1.415362255E8	0.0	0.0
1.415390465E8	0.10638297872340426	0.33580642853704945
1.41541866E8	0.2983327421071302	0.8523489651691808
1.41544683E8	27.115452930728242	31.641811940491685
1.415474975E8	0.0	0.0
1.4155031E8	0.0	0.0
1.415531175E8	0.21398002853067047	0.6541865613579516
1.41555919E8	6.606645230439443	8.648819119893284
1.415587165E8	0.0	0.0
1.41561512E8	0.0	0.0
1.41564307E8	1.3305903398926655	3.238299427825908
1.415671015E8	0.1073729420186113	0.40132208141082515
1.415695015E8	10.243768693918245	13.74944936811003
1.41570898E8	12.819567979669632	10.086348921271089
1.41572688E8	0.0	0.0
1.4157548E8	0.0	0.0
1.415782705E8	3.9974910394265235	5.551647370868033
1.415810595E8	0.430416068866571	1.312122050522086
1.41583847E8	0.6451381413706494	2.003943009473343
1.415866325E8	0.0	0.0
1.41589416E8	181.62666187567373	190.0528927644867
1.41592198E8	0.0	0.0
1.41594971E8	0.0	0.0
1.415977345E8	1.0981173062997827	2.475659933667934
1.41600491E8	0.0	0.0
1.416032415E8	0.0	0.0
1.41605989E8	0.7213114754098361	1.4488234030369656
1.416087335E8	0.0794460641399417	0.3789274413801457
1.416114735E8	0.0	0.0
1.41614208E8	0.10976948408342481	0.33131478096128586
1.416169385E8	136.44868035190615	117.24417305081519
1.41619657E8	432.4245108896272	127.54203412525486
1.416223655E8	0.14918759231905465	0.7589933471605488
1.41625071E8	0.11098779134295228	0.3331483023263848
1.416277715E8	0.0	0.0
1.41630469E8	0.2443455691509084	0.333518672982535
1.416331645E8	393.3095768374165	652.6138447533666
1.41635856E8	0.0	0.0
1.416385445E8	3.0669642857142856	5.891251585028027
1.416412325E8	0.0	0.0
1.416439195E8	5.613924050632911	9.031631350692004
1.41646598E8	8.244103332085361	5.555647488735581
1.416492685E8	0.0	0.0
1.41651938E8	1.5024353690520795	2.758616732985108
1.416546065E8	0.0	0.0
1.41657273E8	320.13170731707316	340.2945402277533
1.416599375E8	0.0	0.0
1.41662593E8	8.02795617680393	4.854513515622969
1.416652385E8	0.0	0.0
1.416678815E8	151.723315669947	216.41867822494632
1.41670523E8	0.0	0.0
1.41673163E8	0.0	0.0
1.41675801E8	0.0	0.0
1.416784375E8	7.039453717754173	14.956690130712772
1.41681073E8	0.0	0.0
1.41683705E8	0.0	0.0
1.416863335E8	0.79337899543379	1.3793431476706133
1.416889605E8	0.0	0.0
1.416915825E8	0.0	0.0
1.416942E8	0.0	0.0
1.416968145E8	0.0	0.0
1.41699426E8	0.0	0.0
1.41702034E8	0.0	0.0
1.41704638E8	0.0	0.0
1.41707241E8	1.6039185555128697	2.793989487634329
1.41709838E8	0.0	0.0
1.417124275E8	0.8979907264296755	1.71433631337705
1.417150135E8	0.0	0.0
1.41717597E8	0.0	0.0
1.41720177E8	0.11641443538998836	0.3411955969674702
1.41722754E8	0.0	0.0
1.417253305E8	0.9495341614906833	1.9807889450217802
1.41727906E8	1.712621359223301	3.0546478989251393
1.41730481E8	0.0	0.0
1.41733056E8	0.0	0.0
1.417356305E8	1.6231546231546232	2.192379257000669
1.417382025E8	0.0	0.0
1.4174077E8	0.33021442495126707	1.0977559957116416
1.41743333E8	0.0	0.0
1.41745892E8	0.0	0.0
1.417484485E8	0.0	0.0
1.41751004E8	9.209001956947162	17.505861472946155
1.41753556E8	0.23538642604943116	0.706968064798516
1.41756104E8	527.7020023557126	699.054079317729
1.41758648E8	0.3541912632821724	0.9030099651970509
1.41761189E8	1.4144037780401417	2.3327148221671763
1.417637275E8	0.0	0.0
1.4176626E8	0.11862396204033215	0.4481851281055212
1.41768789E8	0.0	0.0
1.417713145E8	0.0	0.0
1.41773836E8	11.54145180483935	24.869680168228385
1.41776357E8	0.0	0.0
1.417788775E8	0.0	0.0
1.417813975E8	2.140873015873016	5.192905722355245
1.41783916E8	21.09336511720302	41.97290402424931
1.417864325E8	0.0	0.0
1.41788946E8	5.068100358422939	9.128316650650984
1.41791457E8	0.0	0.0
1.417939675E8	0.0	0.0
1.417964765E8	0.4780701754385965	1.1624439414721859
1.41798983E8	0.0	0.0
1.418014855E8	0.0	0.0
1.41803981E8	20.758329987956643	13.146031542757054
1.4180647E8	0.0	0.0
1.41808953E8	0.12101653892698669	0.3478743148422814
1.41811431E8	133.12918853451757	174.58382256709723
1.418139075E8	6.73546042003231	7.3638969980835896
1.41816383E8	0.0	0.0
1.41818857E8	0.14274160938131825	0.4800929954395474
1.418213285E8	0.0	0.0
1.418237955E8	0.48295454545454547	1.6063490102892157
1.41826259E8	3.409663012586277	6.0198952865530595
1.418287215E8	0.2437043054427295	0.6499390710679972
1.41831178E8	3.0599755201958385	4.533613522433009
1.41833627E8	0.6129955046996322	1.5057443475069197
1.418360715E8	0.0	0.0
1.41838512E8	0.0	0.0
1.418409505E8	4.796144380639869	5.83098706672141
1.418433885E8	0.0	0.0
1.418458265E8	30.00738310090238	47.96682439793138
1.41848263E8	0.0	0.0
1.418506975E8	0.0	0.0
1.418531305E8	0.0	0.0
1.41855562E8	0.0	0.0
1.41857992E8	1.4812680115273775	4.008687560434715
1.418604205E8	0.7434102141680395	1.2884929833101688
1.41862847E8	0.0	0.0
1.41865272E8	0.0	0.0
1.41867695E8	0.0	0.0
1.41870116E8	2.141263940520446	2.982532100114177
1.418725365E8	0.0	0.0
1.41874956E8	0.0	0.0
1.41877374E8	0.0	0.0
1.41879789E8	0.0	0.0
1.418822015E8	0.0	0.0
1.418846075E8	0.0	0.0
1.418870045E8	0.0	0.0
1.418893965E8	6.227196652719665	9.063213613513923
1.418917865E8	0.0	0.0
1.41894176E8	0.24529091670154876	0.8785619362139007
1.41896563E8	0.0	0.0
1.41898948E8	0.0	0.0
1.41901333E8	10.880083857442347	8.363191791367896
1.419037175E8	765.1430369127517	962.4642312276427
1.41906101E8	10.505665127989928	15.629268195890312
1.41908484E8	195.6634494334872	213.1034838721295
1.419108665E8	0.12594458438287154	0.43657317565261866
1.41913248E8	0.0	0.0
1.41915629E8	720.8240235195296	523.7556405620655
1.41918009E8	30.134089953762086	75.55736291304844
1.41920388E8	0.9806641445985709	2.129379743407723
1.419227665E8	0.0	0.0
1.41925143E8	0.37894736842105264	0.870571500132014
1.419275165E8	0.0	0.0
1.419292615E8	13.0304114490161	19.573219263664075
1.41930446E8	0.3333333333333333	0.7464276767234298
1.419322555E8	0.0	0.0
1.419346225E8	0.0	0.0
1.41936987E8	0.0	0.0
1.41939347E8	0.0	0.0
1.41941703E8	0.0	0.0
1.419440575E8	0.0	0.0
1.41946411E8	0.0	0.0
1.419487635E8	0.0	0.0
1.419511115E8	0.12798634812286688	0.4212771091934327
1.419534545E8	0.0	0.0
1.419557965E8	9.114432109308284	12.721126950061857
1.41958135E8	0.0	0.0
1.419604675E8	2.0446351931330473	4.909874433505372
1.419627965E8	0.0	0.0
1.419651245E8	138.66881443298968	65.27888229915403
1.419674515E8	331.8456577815993	278.0413862498815
1.41969777E8	0.0	0.0
1.419721005E8	0.0	0.0
1.419744205E8	0.0	0.0
1.41976738E8	0.0	0.0
1.419790505E8	7.919844020797227	13.203988814896688
1.41981358E8	0.0	0.0
1.419836635E8	60.583767361111114	56.467023470193055
1.41985967E8	15.071645679548416	33.96582021853252
1.41988266E8	2.3529411764705883	4.888562080580165
1.4199056E8	0.0	0.0
1.41992852E8	0.2618943692710607	0.5797394017124083
1.41995142E8	0.0	0.0
1.4199743E8	0.0	0.0
1.419997165E8	0.0	0.0
1.420020015E8	0.9190017513134852	1.7097894709660222
1.42004285E8	0.0	0.0
1.420065675E8	0.0	0.0
1.42008845E8	0.0	0.0
1.420111165E8	6.62511013215859	6.1209541164065415
1.42013386E8	0.0	0.0
1.420156535E8	0.0	0.0
1.42017916E8	0.0	0.0
1.42020175E8	0.0	0.0
1.42022431E8	0.0	0.0
1.420246815E8	0.0	0.0
1.42026929E8	0.0	0.0
1.42029171E8	0.0	0.0
1.420314065E8	0.0	0.0
1.420336395E8	0.0	0.0
1.420358715E8	58.90232974910394	50.97172682462182
1.420381015E8	0.0	0.0
1.42040329E8	0.5383924562191289	1.1857180341036997
1.42042554E8	0.0	0.0
1.42044776E8	0.0	0.0
1.420469965E8	0.0	0.0
1.42049215E8	0.0	0.0
1.420514315E8	0.0	0.0
1.420536445E8	0.0	0.0
1.42055854E8	0.0	0.0
1.42058062E8	0.0	0.0
1.420602685E8	58.35131459655485	38.66877619009802
1.42062474E8	0.0	0.0
1.42064677E8	0.0	0.0
1.420668775E8	0.0	0.0
1.420690765E8	0.0	0.0
1.420712745E8	0.0	0.0
1.420734715E8	0.0	0.0
1.420756655E8	0.0	0.0
1.420778565E8	104.87442922374429	113.2028566688618
1.42080046E8	0.0	0.0
1.42082235E8	0.0	0.0
1.42084423E8	0.27343392775491543	0.8940181229744035
1.42086609E8	0.5491990846681922	1.572649530131372
1.4208879E8	0.0	0.0
1.420909665E8	0.25735294117647056	0.5423261445466404
1.42093141E8	0.0	0.0
1.420953105E8	0.0	0.0
1.42097474E8	0.0	0.0
1.42099635E8	0.0	0.0
1.42101794E8	0.5558646267964766	1.1838427015260182
1.42103946E8	0.0	0.0
1.42106089E8	0.0	0.0
1.421082245E8	0.0	0.0
1.42110355E8	0.0	0.0
1.421124825E8	0.0	0.0
1.421146075E8	0.3973634651600753	0.7847414918554696
1.421167315E8	7.788135593220339	8.778317106604515
1.42118853E8	22.291175082586125	40.2732174455519
1.42120971E8	0.9919697685403873	1.4938070868286253
1.421230865E8	0.0	0.0
1.421252E8	0.0	0.0
1.42127313E8	0.14197823000473261	0.3767999867366407
1.42129426E8	0.0	0.0
1.421315385E8	0.0	0.0
1.42133649E8	0.0	0.0
1.421357575E8	0.0	0.0
1.42137864E8	0.0	0.0
1.42139969E8	1.2812351543942992	3.5827509700039344
1.42142073E8	0.0	0.0
1.421441755E8	0.42816365366317793	1.3932008337899722
1.421462745E8	0.0	0.0
1.421483705E8	0.0	0.0
1.421504655E8	0.0	0.0
1.421525595E8	0.0	0.0
1.421546525E8	1.2906309751434035	1.63961474745639
1.421567435E8	4.168899521531101	8.657380622015516
1.42158833E8	0.0	0.0
1.421609215E8	0.3912835249042146	0.8197163325812065
1.42163009E8	2.718255869669382	7.86648894354996
1.42165096E8	0.12362242453282224	0.4972372160907151
1.421671825E8	0.0862895493767977	0.4154264059416486
1.421692675E8	0.0	0.0
1.4217135E8	5.332532436328688	13.21445482925446
1.4217343E8	0.0	0.0
1.42175509E8	0.0	0.0
1.421775875E8	0.0	0.0
1.421796645E8	1.5178227360308285	3.2111768921620154
1.421817365E8	0.0	0.0
1.421838025E8	45.83720930232558	94.43796413396173
1.42185866E8	0.0	0.0
1.42187929E8	80.95152690256907	114.19990381778895
1.421899915E8	1.3220174587778855	3.058276522182056
1.421920525E8	0.0	0.0
1.421941125E8	0.0	0.0
1.421961725E8	0.8737864077669902	1.6100413068330695
1.42198232E8	0.8742107819329772	1.875172001176715
1.422002865E8	0.2926829268292683	0.9265724933138548
1.422023345E8	0.0	0.0
1.422043795E8	0.0	0.0
1.42206423E8	0.2936857562408223	0.5649234654196031
1.42208462E8	0.0	0.0
1.42210496E8	0.0	0.0
1.42212529E8	0.0	0.0
1.422145605E8	0.0	0.0
1.42216589E8	26.487913172175627	42.41613217134386
1.42218613E8	0.0	0.0
1.422206335E8	0.0	0.0
1.42222652E8	0.1487357461576599	0.3856627362834785
1.422246675E8	0.0	0.0
1.422266795E8	0.0	0.0
1.42228689E8	0.0	0.0
1.422306975E8	0.0	0.0
1.422327045E8	0.0	0.0
1.422347105E8	0.0	0.0
1.42236716E8	1.346633416458853	2.303093441763981
1.42238721E8	1.9446384039900249	2.5417216856261122
1.422407225E8	0.0	0.0
1.422427205E8	0.5675675675675675	1.1394289351680946
1.422447185E8	0.28428428428428426	0.7074605999633482
1.42246715E8	0.0	0.0
1.42248709E8	0.0	0.0
1.422507005E8	0.0	0.0
1.422526905E8	29.364824120603014	12.472240533264179
1.422546795E8	0.15090543259557343	0.4231718878660071
1.422566665E8	0.0	0.0
1.422586525E8	0.0	0.0
1.422606355E8	0.0	0.0
1.422626145E8	0.0	0.0
1.422645915E8	0.0	0.0
1.422665675E8	0.0	0.0
1.42268543E8	0.3037974683544304	0.779483762953957
1.422705175E8	0.14285714285714285	0.4174511358964011
1.422724895E8	0.0	0.0
1.422744575E8	0.0	0.0
1.422764235E8	0.4577822990844354	1.5219653193707283
1.422783895E8	0.0	0.0
1.422803545E8	0.0	0.0
1.42282318E8	0.0	0.0
1.422842805E8	0.0	0.0
1.422862425E8	4.144240570846075	7.047747451394243
1.4228818E8	0.47046523784631467	1.4394922726907688
1.42289161E8	0.0	0.0
1.42290166E8	0.0	0.0
1.42292127E8	0.15553289138194798	0.39113063271891196
1.42294088E8	0.0	0.0
1.422960465E8	0.0	0.0
1.422980025E8	13.391104294478527	23.069280825188528
1.42299954E8	0.0	0.0
1.42301901E8	1.2254750898818696	1.8188365539160811
1.42303848E8	0.0	0.0
1.423057945E8	0.6145940390544707	1.3456946688715807
1.4230774E8	0.15424164524421594	0.5239753129057746
1.423096845E8	0.0	0.0
1.42311628E8	0.0	0.0
1.42313569E8	0.0	0.0
1.423155065E8	1.0175619834710743	1.518821313327602
1.423174425E8	0.0	0.0
1.42319378E8	0.0	0.0
1.42321312E8	0.0	0.0
1.42323245E8	0.0	0.0
1.42325177E8	0.0	0.0
1.42327107E8	2.6791083462934164	4.334150738393946
1.423290355E8	0.46680497925311204	1.1833912868359882
1.423309635E8	1.5560165975103735	2.8059657844318933
1.42332891E8	0.0	0.0
1.423348175E8	11.772066458982346	11.757854580687852
1.423367435E8	0.0	0.0
1.423386685E8	0.9355509355509356	2.6828166537251845
1.423405905E8	0.0	0.0
1.42342509E8	0.0	0.0
1.423444255E8	0.0	0.0
1.423463415E8	0.0	0.0
1.42348253E8	0.3177766124803356	0.8160683109895662
1.423501595E8	0.0	0.0
1.42352065E8	0.8073490813648294	1.6291311308393246
1.423539695E8	0.0	0.0
1.42355873E8	0.0	0.0
1.42357776E8	0.0	0.0
1.42359679E8	0.40357330530740937	1.0815414934721388
1.423615815E8	0.0	0.0
1.42363483E8	0.5502367175170962	1.0777262873997
1.423653835E8	0.0	0.0
1.423672835E8	0.0	0.0
1.42369183E8	0.0	0.0
1.4237108E8	0.0	0.0
1.42372975E8	0.0	0.0
1.42374869E8	0.0	0.0
1.42376761E8	0.0	0.0
1.423786515E8	0.0	0.0
1.423805415E8	41.36031746031746	28.090829624535992
1.423824305E8	0.5354872881355932	1.4499050231898594
1.423843155E8	0.4782146652497343	0.7547229963869122
1.423861925E8	0.0	0.0
1.423880645E8	0.0	0.0
1.42389936E8	0.0	0.0
1.423918065E8	0.6433155080213904	1.2508820417421225
1.423936765E8	0.0	0.0
1.42395546E8	0.0	0.0
1.42397415E8	0.0	0.0
1.42399284E8	0.48154093097913325	1.656738756286295
1.424011525E8	0.0	0.0
1.42403019E8	0.0	0.0
1.42404883E8	1144.2463768115942	1206.8921233579704
1.42406746E8	0.0	0.0
1.424086055E8	0.0	0.0
1.424104605E8	0.9703344120819849	1.6541601962000405
1.42412313E8	0.0	0.0
1.42414163E8	0.0	0.0
1.42416009E8	0.0	0.0
1.42417852E8	0.0	0.0
1.42419695E8	0.0	0.0
1.42421538E8	0.48833423765599565	1.2103729644072472
1.424233805E8	0.0	0.0
1.42425222E8	0.0	0.0
1.42427063E8	0.0	0.0
1.424288995E8	0.0	0.0
1.424307315E8	0.0	0.0
1.424325625E8	0.3273224043715847	0.7454781719930053
1.42434392E8	0.0	0.0
1.42436221E8	0.0	0.0
1.424380485E8	0.49178532311062434	0.983990133433468
1.42439871E8	0.16492578339747113	0.5588018282294228
1.424416895E8	0.0	0.0
1.424435075E8	0.0	0.0
1.42445323E8	0.1654715940430226	0.40678199817964245
1.42447136E8	0.0	0.0
1.424489455E8	0.0	0.0
1.4245075E8	0.0	0.0
1.424525525E8	0.0	0.0
1.42454354E8	0.1665741254858412	0.5247881040349436
1.424561545E8	0.0	0.0
1.424579545E8	0.5	1.2364824660660938
1.424597535E8	0.0	0.0
1.42461551E8	0.0	0.0
1.42463346E8	0.0	0.0
1.424651385E8	0.0	0.0
1.42466928E8	0.0	0.0
1.424687145E8	0.0	0.0
1.424705E8	0.0	0.0
1.42472285E8	0.8448179271708683	1.335991747571755
1.424740655E8	0.0	0.0
1.42475841E8	0.0	0.0
1.42477616E8	5.52112676056338	4.636596614868937
1.42479391E8	0.0	0.0
1.424811635E8	0.0	0.0
1.42482933E8	1.3550028264556246	3.083353067532425
1.424847005E8	119.54473386183466	158.4102469602767
1.42486464E8	0.0	0.0
1.424882225E8	1.4476082004555808	2.3882781323283164
1.424899775E8	7.350627137970354	4.870325288422871
1.4249173E8	0.9937178754997145	1.8572715075841943
1.42493479E8	0.0	0.0
1.42495226E8	0.0	0.0
1.42496973E8	0.0	0.0
1.42498718E8	0.0	0.0
1.4250046E8	0.0	0.0
1.425021995E8	0.0	0.0
1.42503937E8	0.0	0.0
1.425056725E8	0.0	0.0
1.42507406E8	0.17311021350259664	0.4657948055992622
1.425091385E8	0.17321016166281755	0.4161852492133972
1.425108685E8	0.0	0.0
1.425125945E8	0.0	0.0
1.425143185E8	2.0870069605568444	1.8930205181493862
1.4251604E8	0.16288539848749273	0.5707633458579707
1.42517759E8	21.26061663757999	24.658623281773338
1.425194765E8	0.0	0.0
1.425211925E8	0.0	0.0
1.42522908E8	0.0	0.0
1.425246225E8	0.0	0.0
1.42526336E8	0.0	0.0
1.425280485E8	1.355140186915888	3.1794095143301506
1.425297595E8	1.7426900584795322	2.5799496799118375
1.425314695E8	1.2263157894736842	2.3724786554909687
1.42533179E8	0.0	0.0
1.425348875E8	0.0	0.0
1.425365935E8	0.0	0.0
1.42538297E8	0.0	0.0
1.4254E8	0.17615971814445097	0.45334277447481847
1.425416995E8	0.0	0.0
1.425433925E8	13.942603550295859	13.488237259875667
1.425450825E8	1.163905325443787	1.3409790647400153
1.42546771E8	0.0	0.0
1.42548457E8	2.314540059347181	2.391379175709658
1.42550141E8	0.0	0.0
1.42551824E8	35.32442067736186	38.529753301611805
1.42553507E8	3.5692216280451574	4.950317634467032
1.425551885E8	0.0	0.0
1.42556868E8	0.5360333531864205	1.1875871805871505
1.425585465E8	0.0	0.0
1.42560223E8	0.0	0.0
1.42561894E8	2.8788242351529694	4.643564090492076
1.42563556E8	0.0	0.0
1.425652095E8	0.0	0.0
1.42566857E8	0.0	0.0
1.42568501E8	0.0	0.0
1.42570144E8	0.18259281801582472	0.42730880872716015
1.42571786E8	0.0	0.0
1.42573425E8	0.0	0.0
1.42575062E8	0.0	0.0
1.42576699E8	301.07086133170435	321.50300756437457
1.425783355E8	0.0	0.0
1.425799685E8	0.0	0.0
1.42581598E8	0.0	0.0
1.42583225E8	0.5538461538461539	1.0107118588096518
1.4258485E8	0.0	0.0
1.42586474E8	0.0	0.0
1.425880965E8	0.36991368680641185	0.8601321838024802
1.42589717E8	103.55281037677578	155.99479331201113
1.425913335E8	0.37174721189591076	0.7092939400787701
1.42592946E8	2.2166356300434513	2.091037895061859
1.425945565E8	3.4881987577639753	6.587490497594712
1.425961665E8	0.37267080745341613	0.7342550202638104
1.425977755E8	2.2388059701492535	3.443575025351398
1.42599378E8	0.5904821540388228	0.659215297923908
1.42600974E8	0.0	0.0
1.426025685E8	1.9648682559598494	2.7308130703316373
1.426041585E8	0.0	0.0
1.426057445E8	0.0	0.0
1.426073305E8	0.18915510718789408	0.5279095799378564
1.42608914E8	0.0	0.0
1.42610493E8	0.0	0.0
1.4261207E8	0.0	0.0
1.42613646E8	0.0	0.0
1.4261522E8	0.0	0.0
1.42616792E8	0.0	0.0
1.42618361E8	0.37141033822590935	1.1521185502356364
1.426199275E8	8.867177522349936	8.204366030766446
1.426214905E8	0.0	0.0
1.426230505E8	0.0	0.0
1.426246095E8	0.0	0.0
1.426261665E8	0.0	0.0
1.426277225E8	0.0	0.0
1.42629278E8	0.0	0.0
1.42630832E8	0.0	0.0
1.426323845E8	0.7731958762886598	1.6257432875806075
1.426339355E8	0.0	0.0
1.426354855E8	0.3851612903225806	1.0382988568466365
1.42637035E8	0.0	0.0
1.426385825E8	0.0	0.0
1.426401275E8	0.0	0.0
1.42641671E8	7.55346727154893	9.75121508954747
1.42643213E8	0.0	0.0
1.426447535E8	0.0	0.0
1.426462925E8	0.0	0.0
1.42647757E8	0.0	0.0
1.42648524E8	0.0	0.0
1.42649362E8	0.0	0.0
1.42650895E8	0.0	0.0
1.426524275E8	0.5835509138381201	1.5452276400356117
1.42653958E8	0.0	0.0
1.42655486E8	3.0301244269810086	7.895477969326026
1.42657012E8	0.0	0.0
1.42658537E8	0.0	0.0
1.42660062E8	58.67934426229508	69.70006938397657
1.42661585E8	0.0	0.0
1.426631055E8	0.0	0.0
1.42664625E8	0.0	0.0
1.426661435E8	0.0	0.0
1.426676605E8	0.19788918205804748	0.47357618851928546
1.426691735E8	0.0	0.0
1.42670683E8	0.0	0.0
1.426721915E8	0.0	0.0
1.426736975E8	17.09242021276596	30.783507517928864
1.426752015E8	0.0	0.0
1.426767045E8	0.0	0.0
1.426782025E8	0.0	0.0
1.426796955E8	0.0	0.0
1.426811875E8	6.785522788203753	6.803740494646945
1.426826785E8	0.0	0.0
1.42684168E8	0.0	0.0
1.426856565E8	0.0	0.0
1.42687144E8	0.8473436449226631	1.626528560473598
1.42688631E8	4.349024882313382	12.17621679948593
1.42690117E8	2.7582491582491584	3.499110035962151
1.426916015E8	0.0	0.0
1.426930845E8	0.0	0.0
1.426945645E8	0.0	0.0
1.426960415E8	0.0	0.0
1.42697517E8	0.7959322033898305	1.421386289173653
1.42698991E8	0.0	0.0
1.42700463E8	0.0	0.0
1.427019325E8	0.0	0.0
1.427034E8	0.0	0.0
1.427048665E8	0.0	0.0
1.427063315E8	0.0	0.0
1.427077945E8	0.0	0.0
1.42709256E8	0.0	0.0
1.42710717E8	0.0	0.0
1.42712177E8	0.0	0.0
1.427136355E8	13.005486968449931	18.062686151327874
1.427150925E8	0.0	0.0
1.42716547E8	0.0	0.0
1.427179995E8	0.0	0.0
1.427194515E8	0.0	0.0
1.42720903E8	0.4162646450723639	0.7526658342378413
1.427223515E8	0.0	0.0
1.427237975E8	0.0	0.0
1.42725243E8	0.0	0.0
1.42726687E8	8.8004158004158	8.193983899262442
1.42728129E8	0.0	0.0
1.427295695E8	1290.8861111111112	1286.847627872512
1.427310075E8	0.0	0.0
1.427324415E8	0.0	0.0
1.427338735E8	0.14664804469273743	0.5415681761195674
1.427353055E8	0.0	0.0
1.427367365E8	0.0	0.0
1.42738166E8	0.0	0.0
1.42739595E8	20.596221133659903	21.37564325494396
1.42741022E8	0.0	0.0
1.427424465E8	0.0	0.0
1.427438705E8	0.0	0.0
1.427452945E8	0.0	0.0
1.42746718E8	0.0	0.0
1.427481405E8	1.920534458509142	2.393733027283363
1.42749562E8	0.0	0.0
1.42750982E8	0.0	0.0
1.427523995E8	2.7803672316384183	6.021031876577059
1.427538155E8	0.6377118644067796	1.494812120915588
1.427552315E8	1.509180790960452	2.1062859914945316
1.42756647E8	0.21201413427561838	0.6479104767371218
1.427580605E8	0.0	0.0
1.427594725E8	0.0	0.0
1.42760884E8	0.0	0.0
1.427622945E8	0.34893617021276596	1.0491469009905887
1.427637035E8	0.0	0.0
1.427651115E8	0.0	0.0
1.42766519E8	0.0	0.0
1.427679255E8	0.0	0.0
1.427693305E8	0.6410256410256411	1.3867504905630728
1.427707335E8	0.0	0.0
1.42772132E8	0.4551971326164875	0.7888106377466155
1.427735265E8	0.0	0.0
1.4277492E8	12.178750897343862	12.01838147090475
1.42776312E8	0.0	0.0
1.42777703E8	0.0	0.0
1.42779094E8	0.43134435657800146	1.0032298666550303
1.427804825E8	0.4329004329004329	0.7644707871564383
1.427818685E8	0.0	0.0
1.42783254E8	0.0	0.0
1.427846385E8	0.8417630057803468	1.2262188698446155
1.42786022E8	28.74765003615329	14.076128107608557
1.427874045E8	0.8683068017366136	1.3784573688730055
1.42788786E8	0.0	0.0
1.42790167E8	0.0	0.0
1.427915475E8	0.0	0.0
1.427929275E8	2.8260869565217392	4.816788273877347
1.42794307E8	3.833212472806381	6.748405124074628
1.427956855E8	0.43541364296081275	1.124989920935337
1.42797063E8	0.6245461147421931	0.859818764575279
1.4279844E8	7.34713144517066	7.259531585305883
1.42799817E8	0.35584604212055193	1.1820492280918482
1.42801194E8	0.5838779956427015	1.3190961012482183
1.428025705E8	0.0	0.0
1.42803946E8	0.0	0.0
1.428053205E8	0.0	0.0
1.428066945E8	0.0	0.0
1.42808068E8	0.0	0.0
1.4280944E8	0.2188183807439825	0.5441821465344635
1.4281081E8	0.0	0.0
1.428121785E8	0.0	0.0
1.428135455E8	1.8382137628111275	3.179247311862567
1.42814909E8	0.0	0.0
1.428162695E8	6913.358823529412	5468.907926929772
1.428176275E8	12.563421828908554	15.693576650419619
1.428189835E8	6.983038348082596	7.397031613841135
1.42820339E8	0.0	0.0
1.42821694E8	0.0	0.0
1.428230475E8	0.1760355029585799	0.4230769230769231
1.42824399E8	0.0	0.0
1.42825748E8	0.37564959168522644	0.8837391036196816
1.42827095E8	5.5300668151447665	4.743299106555889
1.428284415E8	0.0	0.0
1.428297865E8	0.0	0.0
1.4283113E8	1.9627699180938198	5.674530627343133
1.42832472E8	40.26398210290828	68.99151024730742
1.428338125E8	4.4798507462686565	3.8772201150947727
1.428351525E8	0.0	0.0
1.428364925E8	0.0	0.0
1.42837832E8	0.818521284540702	1.3225227663496266
1.42839171E8	0.22180731889469754	0.4850259649817702
1.42840509E8	0.0	0.0
1.42841846E8	0.0	0.0
1.428431825E8	0.0	0.0
1.428445175E8	0.5344827586206896	1.0712964864681676
1.42845851E8	0.0	0.0
1.42847184E8	77.60765191297824	65.12123842436874
1.42848517E8	0.0	0.0
1.428498495E8	0.6756756756756757	1.044792606975945
1.428511805E8	4.2631578947368425	5.0371551823253435
1.428525105E8	0.0	0.0
1.428538395E8	0.0	0.0
1.42855167E8	0.0	0.0
1.428564935E8	0.0	0.0
1.428578195E8	0.0	0.0
1.42859144E8	0.0	0.0
1.42860467E8	0.0	0.0
1.428617895E8	1.7201210287443267	2.1493059077345626
1.428631085E8	0.0	0.0
1.42864424E8	0.0	0.0
1.42865739E8	0.0	0.0
1.42867054E8	1.5847908745247148	1.8298330452213476
1.42868369E8	0.0	0.0
1.428696825E8	0.0	0.0
1.42870994E8	0.0	0.0
1.42872305E8	1.3729977116704806	1.7652031126716003
1.428736155E8	0.0	0.0
1.428749255E8	10.02442748091603	13.38901224343909
1.42876235E8	4.940412528647823	5.516071386837792
1.428775435E8	0.0	0.0
1.428788505E8	0.0	0.0
1.428801555E8	15.170245398773005	17.0609697003589
1.428814595E8	0.0	0.0
1.428827635E8	0.6380368098159509	1.1478173472189237
1.428840675E8	0.23006134969325154	0.5
1.42885371E8	0.0	0.0
1.42886674E8	0.0	0.0
1.428879765E8	0.0	0.0
1.42889278E8	0.0	0.0
1.42890579E8	1.4327440430438125	2.9644317323514944
1.42891879E8	14.481139337952271	23.01380246560957
1.42893177E8	0.0	0.0
1.42894474E8	0.0	0.0
1.42895771E8	0.9252120277563608	1.836408952595237
1.428970675E8	0.0	0.0
1.42898363E8	0.0	0.0
1.428996575E8	0.0	0.0
1.429009515E8	0.0	0.0
1.429022455E8	1.1391035548686244	1.68546839466901
1.42903539E8	0.0	0.0
1.42904831E8	0.0	0.0
1.429061215E8	0.0	0.0
1.42907411E8	0.4670287044220326	0.9321430216861574
1.42908699E8	54.452991452991455	36.74628989829887
1.429099855E8	0.0	0.0
1.42911271E8	0.0	0.0
1.429125555E8	0.0	0.0
1.429138395E8	19.13317757009346	11.998150168948358
1.42915123E8	0.0	0.0
1.42916406E8	50.98285268901013	42.69122766704429
1.429176885E8	3.9157566302652107	4.306237539577896
1.4291897E8	0.0	0.0
1.429202505E8	0.0	0.0
1.429215305E8	0.0	0.0
1.4292281E8	0.0	0.0
1.429240885E8	1.591549295774648	2.1321739807515834
1.429253665E8	1.1737089201877935	1.8436542606638182
1.429266445E8	0.0	0.0
1.42927922E8	1251.2200469851214	714.4623598108797
1.42929199E8	206.00783085356304	346.6045320599245
1.42930476E8	0.29913860610806575	1.0692542355322245
1.429317525E8	0.0	0.0
1.42933028E8	0.0	0.0
1.42934303E8	0.0	0.0
1.429355775E8	0.0	0.0
1.429368515E8	0.0	0.0
1.429381245E8	0.0	0.0
1.42939396E8	0.0	0.0
1.42940667E8	0.0	0.0
1.42941938E8	0.0	0.0
1.42943209E8	0.7765538945712038	2.1937971349680847
1.4294448E8	0.23603461841070023	0.6042076435094282
1.429457505E8	150.10236220472441	144.7268020930971
1.429470205E8	2.9763779527559056	7.2076075294935835
1.429482905E8	7.349606299212598	11.592048591650274
1.4294956E8	3.5145784081954297	3.0461385081566306
1.429508285E8	0.0	0.0
1.429520965E8	0.7050473186119873	1.0325919120263989
1.429533635E8	22.03554502369668	26.611579159073827
1.42954629E8	0.0	0.0
1.429558935E8	5.94620253164557	8.256949508739497
1.42957157E8	0.0	0.0
1.4295842E8	0.0	0.0
1.42959683E8	1.4053840063341252	1.7106623850790856
1.429609455E8	0.0	0.0
1.429622075E8	0.4746434231378764	0.7826364480559754
1.429634695E8	0.0	0.0
1.42964731E8	0.0	0.0
1.42965992E8	29.04123711340206	17.86478866564617
1.429672525E8	147.43809523809523	121.54868382538142
1.429685125E8	0.23809523809523808	0.6248809410409238
1.429697725E8	3.0198412698412698	6.042048428004298
1.429710325E8	3.0952380952380953	2.413914689251492
1.42972292E8	140.66401906274822	289.2924319773412
1.429735505E8	0.0	0.0
1.429748085E8	11.320349761526233	25.906322005889102
1.429760665E8	23.543720190779013	45.05679157916801
1.42977324E8	0.0	0.0
1.42978579E8	0.0	0.0
1.42979832E8	11.830806065442937	11.806804752670283
1.429810845E8	0.0	0.0
1.42982336E8	0.0	0.0
1.42983587E8	0.0	0.0
1.42984838E8	0.0	0.0
1.42986089E8	0.47961630695443647	1.1435706348811296
1.429873395E8	5.5064	8.194632389558423
1.42988589E8	0.0	0.0
1.429898375E8	0.0	0.0
1.42991085E8	4.546110665597434	5.728766449776654
1.429923315E8	0.0	0.0
1.429935775E8	0.9109149277688604	1.912407741771225
1.429948225E8	0.0	0.0
1.42996066E8	220.69187449718424	287.3651868326763
1.429973085E8	6.995169082125604	12.451645604532342
1.4299855E8	0.0	0.0
1.42999791E8	3.0588235294117645	3.2713687264014366
1.43001032E8	0.48267526188557613	0.9605430910764314
1.430022725E8	0.967741935483871	2.2508063071393027
1.430035125E8	0.0	0.0
1.430047525E8	146.11854838709678	133.93337896133286
1.43005992E8	2.6198547215496366	5.276992564388984
1.4300719E8	0.0	0.0
1.43007809E8	0.0	0.0
1.430084685E8	0.0	0.0
1.430097065E8	0.0	0.0
1.430109445E8	0.0	0.0
1.43012182E8	0.0	0.0
1.430134185E8	0.0	0.0
1.43014654E8	0.0	0.0
1.43015889E8	0.242914979757085	0.5458715128141642
1.430171235E8	0.7277147487844409	1.4998649317902806
1.430183575E8	47.679092382495945	39.605387384629225
1.430195915E8	0.0	0.0
1.43020825E8	0.0	0.0
1.43022058E8	0.0	0.0
1.430232905E8	1.4707792207792207	2.692883840165293
1.43024522E8	2.0877335499593825	2.9302755891608845
1.43025753E8	0.0	0.0
1.43026984E8	0.487408610885459	1.1141217448682625
1.43028215E8	0.0	0.0
1.430294455E8	2.8878048780487804	3.4972695505126694
1.43030675E8	0.7323026851098454	1.288997061885413
1.43031904E8	0.0	0.0
1.430331325E8	0.0	0.0
1.4303436E8	0.19559902200489	0.5637804632638012
1.43035587E8	843.8092909535452	938.8523517498948
1.43036814E8	0.0	0.0
1.43038041E8	0.0	0.0
1.430392675E8	1.7438825448613378	1.8112391547482931
1.430404935E8	0.0	0.0
1.430417195E8	1.66557911908646	2.62998148474741
1.43042945E8	1.3983673469387754	2.516881776633742
1.4304417E8	0.0	0.0
1.43045395E8	0.0	0.0
1.4304662E8	0.0	0.0
1.43047845E8	0.0	0.0
1.4304907E8	1.609795918367347	4.255416716206702
1.430502945E8	65.93709150326798	94.38500195884535
1.430515185E8	3.991013071895425	4.669466946946669
1.430527425E8	0.24509803921568626	0.5630217260925973
1.430539665E8	2.465686274509804	2.7221555280612177
1.4305519E8	0.0	0.0
1.43056413E8	0.0	0.0
1.43057636E8	0.9811937857726901	1.741231977089099
1.430588585E8	87.3543371522095	63.881334341499226
1.430600805E8	0.24549918166939444	0.6805697045487632
1.43061302E8	0.0	0.0
1.430625225E8	0.2442622950819672	0.5782959705100812
1.430637425E8	0.0	0.0
1.43064962E8	0.0	0.0
1.43066181E8	0.0	0.0
1.430674E8	0.0	0.0
1.430686185E8	11.944991789819376	13.336093720827927
1.430698365E8	0.0	0.0
1.430710525E8	1.6919275123558484	3.4347291138701483
1.43072266E8	0.0	0.0
1.430734785E8	0.0	0.0
1.430746905E8	0.9900990099009901	1.529144802947987
1.43075902E8	0.22791081750619324	0.6751456398529035
1.43077113E8	0.0	0.0
1.430783235E8	0.0	0.0
1.43079533E8	0.0	0.0
1.43080742E8	0.9925558312655087	1.7289439874755796
1.43081951E8	0.0	0.0
1.430831595E8	0.0	0.0
1.430843675E8	0.24751655629139072	0.49751035797397297
1.430855755E8	0.7450331125827815	1.7764090573606204
1.430867835E8	0.24834437086092714	0.6586158473929139
1.43087991E8	2.2344656172328086	2.4825822406533264
1.430891975E8	0.0	0.0
1.43090403E8	5.935269709543569	6.727475095593125
1.43091608E8	0.0	0.0
1.43092813E8	5.917842323651453	5.367181663047131
1.43094017E8	0.0	0.0
1.4309522E8	0.0	0.0
1.43096423E8	0.485453034081463	0.9794225316114065
1.430976255E8	2.1913477537437602	1.8274119065515368
1.430988275E8	0.49916805324459235	0.9991677068886807
1.43100029E8	0.0	0.0
1.431012295E8	0.0	0.0
1.431024295E8	1.0	1.8106168378023366
1.431036295E8	0.0	0.0
1.43104829E8	0.25020850708924103	0.5002084636321551
1.43106028E8	0.19349457881567975	0.4398801868869292
1.431072265E8	0.44240400667779634	1.3239794318240579
1.431084245E8	1.501669449081803	2.194430649726887
1.43109622E8	0.2506265664160401	0.6076647714979307
1.43110819E8	0.0	0.0
1.43112015E8	0.0	0.0
1.4311321E8	0.0	0.0
1.43114405E8	11.042677824267782	14.633171464620057
1.431156E8	0.0	0.0
1.43116795E8	144.60585774058578	174.04082625930306
1.431179895E8	0.0	0.0
1.43119183E8	0.501257334450964	0.9345738771955351
1.43120376E8	0.2514668901927913	0.6196015808789237
1.43121569E8	0.1944677284157586	0.45777258745727234
1.43122762E8	0.0	0.0
1.431239545E8	0.0	0.0
1.431251465E8	56.881711409395976	48.27892776120667
1.431263385E8	0.7575503355704698	1.5050251397039651
1.4312753E8	0.0	0.0
1.43128721E8	0.0	0.0
1.431299115E8	0.0	0.0
1.431311015E8	0.1865546218487395	0.4319196937495899
1.431322915E8	0.0	0.0
1.43133481E8	0.7552565180824222	1.0576327566501733
1.4313467E8	0.0	0.0
1.43135859E8	0.0	0.0
1.43137048E8	0.0	0.0
1.43138237E8	0.0	0.0
1.43139426E8	0.5012615643397813	0.7705688045790668
1.431406145E8	0.0	0.0
1.431418015E8	0.0	0.0
1.431429875E8	0.0	0.0
1.431441735E8	12.627318718381114	13.03455648389587
1.431453595E8	0.0	0.0
1.431465455E8	0.2327150084317032	0.5432399213438318
1.43147731E8	0.0	0.0
1.43148916E8	0.0	0.0
1.43150101E8	6.440506329113924	6.263415980663861
1.43151286E8	0.0	0.0
1.431524705E8	0.0	0.0
1.431536545E8	0.0	0.0
1.431548385E8	0.0	0.0
1.431560225E8	0.0	0.0
1.431572055E8	0.25380710659898476	0.5932502460883818
1.431583875E8	133.1776649746193	76.3620982605993
1.43159569E8	0.0	0.0
1.4316075E8	50.751058425063505	67.00810041140646
1.43161931E8	0.0	0.0
1.43163111E8	0.5089058524173028	1.118128813735329
1.4316429E8	0.5089058524173028	1.191573467413686
1.43165469E8	0.7633587786259542	1.4479958950077474
1.431666475E8	0.0	0.0
1.431678255E8	0.0	0.0
1.431690035E8	0.0	0.0
1.431701815E8	1.2716468590831917	1.9829493904861017
1.431713595E8	1.268251273344652	1.8115831795142092
1.431725375E8	0.0	0.0
1.43173715E8	0.0	0.0
1.431748915E8	10430.272959183674	13684.031031973494
1.43176067E8	0.0	0.0
1.43177242E8	0.5106382978723404	1.0105823052798226
1.431784165E8	0.0	0.0
1.431795905E8	0.2555366269165247	0.5055063074943028
1.43180764E8	0.0	0.0
1.43181937E8	0.0	0.0
1.4318311E8	2.558397271952259	3.888470728137292
1.43184282E8	0.0	0.0
1.43185453E8	6.1127241673783095	8.957342688789264
1.43186624E8	0.0	0.0
1.43187795E8	0.0	0.0
1.431889655E8	0.0	0.0
1.43190135E8	0.2566295979469632	0.5065862196575852
1.43191304E8	0.0	0.0
1.431924725E8	0.7705479452054794	1.4635994286932585
1.4319364E8	0.0	0.0
1.43194807E8	0.0	0.0
1.43195974E8	0.0	0.0
1.431971405E8	0.0	0.0
1.431983065E8	361.6818181818182	220.4767405848892
1.431994725E8	550.4596912521441	567.8100569031968
1.432006385E8	0.0	0.0
1.43201804E8	0.0	0.0
1.43202969E8	0.0	0.0
1.432041335E8	0.0	0.0
1.43205297E8	0.0	0.0
1.4320646E8	272.31556319862426	215.17797628691878
1.43207623E8	0.0	0.0
1.43208786E8	1.530524505588994	2.486939228045125
1.43209949E8	0.0	0.0
1.43211112E8	37.90197764402408	54.134779731815755
1.432122745E8	97.35714285714286	81.93786739717629
1.432134365E8	0.25817555938037867	0.6572775436321912
1.432145985E8	129.88209982788297	195.04292082476468
1.4321576E8	0.0	0.0
1.43216921E8	0.0	0.0
1.43218082E8	0.0	0.0
1.432192425E8	0.0	0.0
1.432204025E8	0.868103448275862	1.492510035777499
1.432215625E8	0.25862068965517243	0.5085476277156078
1.43222722E8	0.0	0.0
1.43223881E8	0.0	0.0
1.4322504E8	2.0526315789473686	2.488454791156003
1.43226199E8	0.0	0.0
1.43227358E8	21.06902502157032	15.224067046253374
1.432285165E8	0.0	0.0
1.432296745E8	218.3825561312608	255.99781073653702
1.432308325E8	0.4153713298791019	0.8020913941007601
1.4323199E8	0.2411408815903198	0.5813286126800263
1.43233147E8	4.926534140017286	8.016944026860765
1.432343035E8	0.0	0.0
1.432354595E8	0.0	0.0
1.43236615E8	0.5194805194805194	1.147177979224373
1.4323777E8	2.3316017316017317	2.8474945317287457
1.43238925E8	0.0	0.0
1.4324008E8	86.88138528138528	149.29377761525106
1.432412345E8	0.0	0.0
1.432423885E8	0.0	0.0
1.432435425E8	0.0	0.0
1.432446965E8	7.700173310225304	5.539522406507716
1.4324585E8	0.0	0.0
1.43247003E8	0.26019080659150046	0.5100890183012181
1.43248156E8	0.0	0.0
1.432493085E8	0.78125	1.4737282653189494
1.432504605E8	0.0	0.0
1.432516125E8	0.0	0.0
1.432527645E8	0.0	0.0
1.43253916E8	1.785403996524761	3.026382689071629
1.432550665E8	1.826086956521739	3.3647792097602456
1.432562165E8	0.0	0.0
1.432573655E8	0.0	0.0
1.432585135E8	0.0	0.0
1.432596615E8	0.3336236933797909	0.619795402906003
1.432608095E8	19.536585365853657	21.31455147380814
1.432619575E8	0.2613240418118467	0.7132396521462672
1.432631055E8	0.0	0.0
1.43264253E8	2.4036617262423716	2.161726198419015
1.432654E8	328.4882301656495	191.67560597275232
1.43266547E8	0.5196163905841326	1.0039156121077373
1.432676935E8	0.0	0.0
1.432688395E8	0.0	0.0
1.432699855E8	0.0	0.0
1.43271131E8	1.8550218340611353	3.5299096318083873
1.432722755E8	8.895104895104895	7.208677754278863
1.432734195E8	1.659965034965035	2.9117257517058253
1.432745635E8	329.034965034965	156.31556806083591
1.432757075E8	7.604020979020979	10.702550182997529
1.432768515E8	0.5244755244755245	1.1617445285648431
1.43277995E8	0.0	0.0
1.43279138E8	0.26334208223972005	0.5123155195785599
1.432802805E8	0.0	0.0
1.432814225E8	0.7399299474605955	1.112341214391036
1.432825645E8	381.24080560420316	670.1972074304964
1.43283706E8	31.437335670464506	36.0214538274866
1.43284847E8	100.60297984224364	82.7618940881534
1.432859875E8	20.29035087719298	11.542940426261001
1.432871275E8	0.7894736842105263	1.8661340092155432
1.432882675E8	0.49122807017543857	0.77005354108682
1.432894075E8	0.256140350877193	0.7157378722370265
1.43290547E8	6.460052677787533	5.468562880907629
1.43291686E8	0.0	0.0
1.43292825E8	0.0	0.0
1.43293964E8	0.2633889376646181	0.5699529423145642
1.43295103E8	0.0	0.0
1.432962415E8	0.5272407732864675	1.09400025382094
1.43297379E8	1.3192612137203166	2.1214239919775366
1.432985155E8	13.730633802816902	20.99228563872996
1.432996515E8	0.0	0.0
1.433007875E8	714.6320422535211	566.2941002010662
1.433019235E8	0.5211267605633803	1.0087644094647754
1.43303059E8	0.0	0.0
1.43304194E8	0.0	0.0
1.43305329E8	7.598237885462555	5.249040189166871
1.433064635E8	0.0	0.0
1.433075975E8	52.7010582010582	46.5248696082374
1.433087315E8	0.0	0.0
1.433098655E8	0.0	0.0
1.43310999E8	0.0	0.0
1.43312132E8	0.0	0.0
1.43313265E8	0.264783759929391	0.6044845644866043
1.433143975E8	9124.353356890459	10301.537338443019
1.433155295E8	0.7791519434628975	1.391544379356014
1.433166615E8	0.0	0.0
1.433177935E8	0.5300353356890459	1.0960900636178752
1.43318925E8	0.0	0.0
1.43320056E8	987.3846153846154	1627.6299819339117
1.43321187E8	0.0	0.0
1.433223175E8	0.0	0.0
1.433234475E8	0.7955752212389381	1.3880016832001218
1.433245775E8	1.8584070796460177	3.2884889070871743
1.43325707E8	0.0	0.0
1.43326836E8	1.058458813108946	1.4818058071001454
1.43327965E8	13.634189548272808	19.62265822149463
1.43329094E8	2.1257750221434897	4.905303433170999
1.43330222E8	1.653061224489796	2.3415160530726253
1.43331349E8	0.0	0.0
1.433324755E8	83.91740674955595	107.51357880285738
1.433336015E8	0.0	0.0
1.433347275E8	0.0	0.0
1.433358535E8	0.0	0.0
1.433369795E8	4.793072824156305	6.649363275651347
1.43338105E8	0.0	0.0
1.4333923E8	0.0	0.0
1.433403545E8	0.0	0.0
1.433414785E8	0.0	0.0
1.43342602E8	0.0	0.0
1.43343725E8	0.0	0.0
1.43344848E8	0.17275155832591274	0.5877951315312381
1.43345971E8	0.8014247551202137	1.590824089043037
1.43347094E8	0.26714158504007124	0.6245211879179953
1.433482165E8	370.301247771836	223.75794432166833
1.43349338E8	0.0	0.0
1.433504585E8	1.0169642857142858	1.2503570918513067
1.43351578E8	1.8605898123324396	3.4255779731896547
1.43352697E8	2.8820375335120643	3.4300100177803095
1.433538155E8	1.3228980322003578	1.9648066358497138
1.433549335E8	0.0	0.0
1.433560515E8	0.5223613595706619	1.4454914175748839
1.433571695E8	0.26833631484794274	0.6620291893753425
1.43358287E8	0.0	0.0
1.43359404E8	0.0	0.0
1.43360521E8	0.23813786929274844	0.6901273350516532
1.43361638E8	0.8012533572068039	1.6126736198370002
1.43362755E8	17.45658012533572	11.456898325811645
1.43363872E8	5.777081468218443	6.105605977373583
1.433649885E8	0.0	0.0
1.433661045E8	12.993727598566307	21.95094726934365
1.433668735E8	149.2867298578199	77.09429813992216
1.433674315E8	3.0446685878962536	3.786256049228182
1.433683365E8	0.5376344086021505	0.9541458301711405
1.433694525E8	0.5367383512544803	0.9064681945957178
1.433705685E8	0.0	0.0
1.43371684E8	0.0	0.0
1.43372799E8	0.0	0.0
1.43373914E8	0.0	0.0
1.433750285E8	0.16696588868940754	0.5778683045286487
1.433761425E8	0.2585278276481149	0.508456318328443
1.433772565E8	0.0	0.0
1.433783705E8	0.5394973070017953	0.7949571762231757
1.433794845E8	0.0	0.0
1.433805985E8	0.0	0.0
1.433817115E8	0.539568345323741	0.9954934425924684
1.433828235E8	0.0	0.0
1.433839355E8	0.0	0.0
1.433850475E8	184.48381294964028	288.2721878998159
1.43386159E8	9.846984698469846	7.344671158019394
1.433872695E8	0.0	0.0
1.433883795E8	0.14774774774774774	0.382028723980208
1.433894895E8	1.6216216216216217	2.32223874586417
1.433905995E8	0.0	0.0
1.43391709E8	1.2822362488728585	2.072839516449794
1.43392818E8	0.0	0.0
1.43393927E8	1.522091974752029	2.259734976520878
1.43395036E8	0.27051397655545534	0.5388428974845285
1.433961445E8	8.640794223826715	6.138444869440668
1.433972525E8	0.0	0.0
1.4339836E8	0.0	0.0
1.43399467E8	2.098464317976513	1.782936282826138
1.43400574E8	0.5420054200542005	1.187103235671153
1.434016805E8	76.0614828209765	53.7406874055494
1.434027865E8	0.0	0.0
1.43403892E8	0.5547511312217195	1.0157136447566295
1.43404997E8	0.0	0.0
1.43406102E8	0.0	0.0
1.43407207E8	0.0	0.0
1.43408312E8	0.24615384615384617	0.7016464154456233
1.43409417E8	0.0	0.0
1.43410521E8	0.0	0.0
1.43411624E8	0.0	0.0
1.43412727E8	0.0	0.0
1.434138295E8	0.0	0.0
1.434149315E8	0.0	0.0
1.434160335E8	0.27404718693284935	0.605480115775003
1.43417135E8	3.042688465031789	2.5818130066782965
1.43418236E8	0.0	0.0
1.43419337E8	1.24613987284287	3.1773208600031952
1.434204375E8	6.262727272727273	8.466780004013547
1.434215375E8	0.0	0.0
1.43422637E8	0.5978161965423112	1.3604313398298589
1.43423736E8	2.424021838034577	2.958924133721137
1.434248345E8	10.083788706739526	14.46376037891685
1.434259325E8	0.273224043715847	0.684195777220588
1.434270305E8	0.0	0.0
1.43428128E8	0.0	0.0
1.43429225E8	0.0	0.0
1.43430322E8	0.0	0.0
1.434314185E8	0.0	0.0
1.434325145E8	0.0	0.0
1.434336095E8	0.2687385740402194	0.5184000135418781
1.43434703E8	0.0	0.0
1.434357955E8	0.0	0.0
1.43436887E8	0.0	0.0
1.43437978E8	1.924839596700275	3.0225246669056585
1.434390685E8	0.8256880733944955	1.183991073608801
1.434401585E8	0.0	0.0
1.434412485E8	7.698165137614679	8.665125715748431
1.434423385E8	6.0256880733944955	5.221339418300722
1.434434285E8	0.0	0.0
1.43444518E8	0.0	0.0
1.43445607E8	0.800734618916437	1.9926402694271026
1.434466955E8	0.0	0.0
1.434477835E8	0.7426470588235294	1.1072953269911647
1.434488715E8	0.5036764705882353	0.8713157731101786
1.434499595E8	9.926470588235293	16.67360762332107
1.43451047E8	0.0	0.0
1.43452134E8	34.396504139834406	31.971770552090334
1.43453221E8	18.761729530818766	12.886847448717369
1.434543075E8	15.748618784530386	12.872980540365681
1.434553935E8	7.461325966850829	8.3441182513352
1.434564795E8	3.81767955801105	3.9124865040747703
1.434575655E8	0.0	0.0
1.434586505E8	0.2767527675276753	0.6119957070008366
1.434597345E8	0.7601476014760148	1.5198562759784215
1.434608185E8	0.0	0.0
1.434619025E8	0.0	0.0
1.434629865E8	0.731549815498155	1.6655285166734308
1.4346407E8	0.0	0.0
1.43465153E8	0.0	0.0
1.43466236E8	550.6426592797784	348.69594419184875
1.434673185E8	0.0	0.0
1.434684005E8	0.7421441774491682	1.06663393357046
1.43469482E8	0.0	0.0
1.43470563E8	10.662349676225716	7.762549148810368
1.434716435E8	0.0	0.0
1.434727235E8	1.386111111111111	3.082357202844266
1.434738035E8	7.106481481481482	7.651252620758687
1.43474883E8	0.0	0.0
1.43475962E8	0.0	0.0
1.434770405E8	0.0	0.0
1.434781185E8	0.0	0.0
1.434791965E8	0.44712430426716143	1.1215547120719018
1.434802745E8	0.8348794063079777	1.5301545388624915
1.43481352E8	1.9489322191272052	3.4209469983954754
1.43482429E8	0.0	0.0
1.434835055E8	0.0	0.0
1.434845815E8	0.0	0.0
1.434856575E8	0.0	0.0
1.434867335E8	0.2788104089219331	0.6748261513697367
1.43487809E8	0.0	0.0
1.43488884E8	11.193488372093023	8.262608406212811
1.43489959E8	22.56093023255814	31.857079093540467
1.43491034E8	0.0	0.0
1.434921085E8	0.0	0.0
1.434931825E8	14.11731843575419	19.74356081532733
1.434942565E8	0.5586592178770949	0.9915847031210633
1.434953305E8	0.27932960893854747	0.52851642258169
1.43496404E8	0.8080149114631874	2.0783802568534675
1.434974765E8	261.8740671641791	77.71094306236279
1.434985485E8	0.0	0.0
1.4349962E8	0.0	0.0
1.43500691E8	8.899159663865547	8.045215360453593
1.435017615E8	0.0	0.0
1.435028315E8	0.0	0.0
1.435039015E8	0.0	0.0
1.43504971E8	0.0	0.0
1.4350604E8	0.0	0.0
1.435071085E8	0.0	0.0
1.43508176E8	0.0	0.0
1.43509243E8	0.0	0.0
1.4351031E8	0.507029053420806	1.2640957813116445
1.435113765E8	0.5628517823639775	1.1654822899148085
1.435124415E8	3.3261278195488724	4.42704011846813
1.435135055E8	0.0	0.0
1.435145695E8	7.510338345864661	4.962074208547048
1.43515633E8	0.0	0.0
1.43516696E8	0.0	0.0
1.43517759E8	2.8551269990592663	4.373980192928169
1.43518822E8	10.1552210724365	6.784756862410914
1.43519885E8	0.0	0.0
1.43520948E8	0.0	0.0
1.43522011E8	0.0	0.0
1.43523074E8	0.0	0.0
1.435241365E8	93.31261770244821	41.99393508358252
1.435251985E8	0.0	0.0
1.435262605E8	0.4726930320150659	0.8459496942031545
1.435273225E8	1.4124293785310735	2.628612660658472
1.435283845E8	0.0	0.0
1.43529446E8	1.696512723845429	3.8264666879322045
1.435305065E8	0.0	0.0
1.435315665E8	366.45188679245285	276.84867980439054
1.435326265E8	0.0	0.0
1.43533686E8	11.306893295561851	6.220302437773816
1.43534745E8	0.26440037771482533	0.6504157165565116
1.43535804E8	0.0	0.0
1.435368625E8	0.0	0.0
1.435379205E8	5164.170132325142	4900.020003431258
1.435389785E8	0.0	0.0
1.435400365E8	20.655954631379963	31.697903540248223
1.43541094E8	0.0	0.0
1.435421505E8	1.8589015151515151	3.5938446957220753
1.435432065E8	1.3484848484848484	1.7402324818566888
1.435442625E8	2.209280303030303	3.0548954750754342
1.435453185E8	0.0	0.0
1.43546374E8	0.0	0.0
1.43547429E8	0.0	0.0
1.43548484E8	0.2834123222748815	0.6025223442789904
1.435495385E8	7.10910815939279	6.035709674209592
1.435505925E8	0.0	0.0
1.43551646E8	0.0	0.0
1.43552699E8	4.660018993352327	4.704971002753592
1.43553752E8	16.726495726495727	20.819237396551756
1.43554805E8	35.88129154795821	49.37135671821801
1.43555858E8	10.389363722697055	5.3290581155454095
1.435569105E8	0.0	0.0
1.435579625E8	197.70722433460077	283.4545433343451
1.435590145E8	3.1359315589353614	6.223575317600029
1.43560066E8	0.0	0.0
1.43561117E8	0.0	0.0
1.43562168E8	0.570884871550904	0.9024757153220003
1.43563219E8	0.0	0.0
1.4356427E8	2.274024738344434	4.103791382459843
1.435653205E8	0.0	0.0
1.435663705E8	6.0	9.2740292779147
1.4356742E8	0.9418493803622497	2.796906912027497
1.43568469E8	0.0	0.0
1.43569518E8	0.0	0.0
1.43570567E8	0.5719733079122974	1.0695544005914774
1.43571616E8	1.351763584366063	1.7037501394438415
1.435726645E8	0.0	0.0
1.435737125E8	12.821564885496183	10.191955366781848
1.435747605E8	0.0	0.0
1.435758085E8	0.0	0.0
1.435768565E8	15.427480916030534	11.252947027063316
1.43577904E8	3.6857688634192933	5.940166482637651
1.43578951E8	0.0	0.0
1.43579998E8	0.0	0.0
1.43581045E8	2.291308500477555	3.510524495706734
1.435820915E8	0.0	0.0
1.43583137E8	0.5741626794258373	1.1689769788295632
1.43584182E8	0.861244019138756	1.5541270877198843
1.43585227E8	1.1483253588516746	2.175769126508148
1.43586272E8	0.0	0.0
1.435873165E8	0.0	0.0
1.435883605E8	6.894636015325671	11.57070551235489
1.435894045E8	7.1513409961685825	11.894008279389736
1.43590448E8	1.152444870565676	1.3774655398661324
1.43591491E8	1.1505273250239694	1.569422584367304
1.435925335E8	0.0	0.0
1.435935755E8	0.0	0.0
1.435946175E8	95.84932821497121	92.28863905309554
1.435956595E8	1.3157389635316699	1.015711507093916
1.435967015E8	0.8205374280230326	1.6430508582635812
1.43597743E8	7.102785782901057	5.388552993350977
1.43598784E8	0.5763688760806917	1.3352531807399948
1.43599825E8	1.4265129682997117	2.4764015913212782
1.436008655E8	0.0	0.0
1.436019055E8	0.0	0.0
1.436029455E8	0.0	0.0
1.436039855E8	0.5903846153846154	0.9893665417054257
1.43605025E8	1.5948026948989413	2.9506691627800197
1.43606064E8	8.660250240615976	6.533765118348814
1.43607103E8	0.5736284889316651	1.071100825255648
1.436081415E8	0.0	0.0
1.436091795E8	2.304431599229287	3.153430404189303
1.436102175E8	0.0	0.0
1.43611255E8	0.0	0.0
1.43612292E8	0.0	0.0
1.43613329E8	0.0	0.0
1.43614366E8	191.23818707810995	78.06804143527013
1.436154025E8	0.0	0.0
1.436164385E8	9.823359073359073	16.280510412914555
1.43617474E8	0.0	0.0
1.43618509E8	0.4995169082125604	0.7203058931524474
1.43619544E8	0.2898550724637681	0.5525522687147667
1.43620579E8	0.0	0.0
1.43621614E8	1.1594202898550725	1.4838909552759456
1.43622648E8	0.5111326234269119	0.8196521350297684
1.43623681E8	0.1665053242981607	0.5770707483457478
1.43624714E8	0.2904162633107454	0.724351697990288
1.43625747E8	2.7686350435624396	2.66234726007038
1.436267795E8	0.0	0.0
1.436278115E8	2.1598837209302326	2.1660702816659203
1.436288435E8	1.9563953488372092	3.4941812096085396
1.43629875E8	0.0	0.0
1.43630906E8	0.0	0.0
1.43631937E8	2.9049466537342385	5.572291850706237
1.436329675E8	7.848543689320389	5.255972100234799
1.436339975E8	0.0	0.0
1.436350275E8	0.0	0.0
1.43636057E8	1.1661807580174928	1.0749375645755737
1.43637086E8	1.4839650145772594	2.5812360212644783
1.43638115E8	6311.4062196307095	5621.390915086212
1.43639144E8	169.7444120505345	252.13420424149848
1.43640173E8	0.0	0.0
1.43641202E8	0.0	0.0
1.43642231E8	0.0	0.0
1.436432595E8	0.0	0.0
1.436442875E8	0.0	0.0
1.43645315E8	0.0	0.0
1.43646342E8	0.0	0.0
1.43647369E8	0.0	0.0
1.436483955E8	0.0	0.0
1.436494215E8	0.0	0.0
1.43650447E8	0.3473170731707317	0.8933357602199774
1.43651472E8	0.2926829268292683	0.7136303613797039
1.43652497E8	0.0	0.0
1.43653522E8	1.1239024390243904	1.0820035616009187
1.43654546E8	0.0	0.0
1.43655569E8	0.0	0.0
1.436565915E8	0.0	0.0
1.436576135E8	0.8816046966731899	1.1972734844126027
1.436586355E8	13.836594911937377	13.679873656161167
1.436596575E8	0.0	0.0
1.43660679E8	6.75024485798237	4.884162576577158
1.436617E8	2.182174338883448	2.5622513973672607
1.43662721E8	0.0	0.0
1.436637415E8	494.92745098039217	369.2879475900806
1.436647615E8	0.0	0.0
1.436657815E8	0.0	0.0
1.43666801E8	0.0	0.0
1.4366782E8	0.0	0.0
1.43668839E8	2.5426889106967616	2.4747993842227225
1.43669858E8	0.0	0.0
1.43670877E8	2.7772325809617273	3.778847174289264
1.436718955E8	30.846758349705304	45.98784754484021
1.436729135E8	0.0	0.0
1.436739315E8	0.0	0.0
1.436749495E8	0.0	0.0
1.436759665E8	0.0	0.0
1.436769825E8	0.2952755905511811	0.6743325659115234
1.436779985E8	0.0	0.0
1.43679014E8	0.0	0.0
1.43680029E8	0.0	0.0
1.436810435E8	0.0	0.0
1.436820575E8	60.273175542406314	76.51647023329372
1.436830715E8	0.0	0.0
1.436840855E8	0.0	0.0
1.436850995E8	0.0	0.0
1.43686113E8	0.0	0.0
1.43687126E8	0.22902270483711748	0.47856316702930396
1.43688139E8	0.29615004935834155	0.6408286836408779
1.436891515E8	0.0	0.0
1.436901635E8	0.0	0.0
1.436911755E8	2.075098814229249	2.106830600182562
1.436921875E8	69.56422924901186	73.72954931835504
1.436931995E8	8.962450592885375	11.3089037641951
1.43694211E8	0.0	0.0
1.43695222E8	20.44213649851632	30.54239323255316
1.43696233E8	0.0	0.0
1.43697244E8	1.1869436201780414	1.4990930327602838
1.436982545E8	19.135643564356435	13.520684557044037
1.436992645E8	0.299009900990099	0.5750591876554366
1.437002745E8	0.593069306930693	0.9413493580288809
1.437012845E8	0.0	0.0
1.437022935E8	0.0	0.0
1.437033015E8	0.0	0.0
1.437043095E8	0.8928571428571429	1.4267845968170128
1.43705317E8	0.0	0.0
1.43706324E8	0.0	0.0
1.437073305E8	0.9860834990059643	2.605049386511323
1.437083365E8	1.4910536779324055	2.318994091930711
1.437093425E8	0.2644135188866799	0.7272049489472413
1.43710348E8	0.0	0.0
1.43711353E8	0.0	0.0
1.43712358E8	1.2139303482587065	1.2040561630509992
1.43713363E8	0.0	0.0
1.43714368E8	1.7850746268656716	2.5643945490086106
1.437153725E8	0.0	0.0
1.437163765E8	0.0	0.0
1.437173805E8	0.500996015936255	0.8831084180822021
1.437183845E8	0.0	0.0
1.43719388E8	0.0	0.0
1.4372039E8	3.098901098901099	3.068156843055194
1.43721391E8	0.2977022977022977	0.6384296418497559
1.43722392E8	0.8931068931068931	1.7840451739844434
1.43723393E8	0.0	0.0
1.43724394E8	2.347652347652348	2.5611404802237145
1.437251765E8	4.909574468085107	9.199811129729515
1.437257305E8	0.0	0.0
