#Position (bp)	mapping quality
179658.5	152.52692674862388
538974.5	141.92372977034887
898290.5	83.9610569025898
1257606.5	117.2679669094232
1616922.5	122.42141152244642
1976238.5	146.76172134615535
2335554.5	112.10694939063032
2694870.5	144.1586208688074
3054186.5	131.6296086592931
3413502.5	152.52996188343127
3772818.5	92.07586252586628
4132134.5	144.10528886375428
4491450.5	170.94490637191873
4850766.5	138.60988161422927
5210082.5	119.16118853981266
5569398.5	110.68229038529111
5928714.5	80.76611749009625
6288030.5	56.223833779702765
6647346.5	127.74473227234284
7006662.5	159.3989874824606
7365978.5	70.01350374222719
7725294.5	152.0907334398185
8084610.5	114.92000893771876
8443926.5	88.67826723858151
8803242.5	79.97209715727118
9162558.5	148.21329314458958
9521874.5	111.86924214571287
9881190.5	176.91449406073394
1.02405065E7	151.26260927672507
1.05998225E7	141.41530727024295
1.09591385E7	143.22268027755075
1.13184545E7	165.61201864247516
1.16777705E7	138.46807204178947
1.20370865E7	117.02987620654223
1.23964025E7	26.276666014972385
1.27557185E7	105.06706252870737
1.31150345E7	148.45294121418522
1.34743505E7	136.05005314001463
1.38336665E7	173.75297123785796
1.41929825E7	92.84500207836068
1.45522985E7	76.95376663948984
1.49116145E7	73.1694987795669
1.52709305E7	121.55054993165598
1.56302465E7	105.22382253817153
1.59895625E7	35.11247263315855
1.63488785E7	81.1194745015634
1.67081945E7	92.79952860509799
1.70675105E7	116.10212004608599
1.74268265E7	127.81755962914205
1.77861425E7	12.707828068619564
1.81454585E7	113.60902792875355
1.85047745E7	122.37547491471334
1.88640905E7	126.56844778652575
1.92234065E7	118.47478997177194
1.95827225E7	112.00597781432198
1.99420385E7	136.9768803930694
2.03013545E7	79.05025856238406
2.06606705E7	82.25466247028523
2.10199865E7	62.31454308998215
2.13793025E7	58.35189937769394
2.17386185E7	148.35110845890048
2.20979345E7	167.53213114400796
2.24572505E7	127.90975890311644
2.28165665E7	42.253982580289204
2.31758825E7	71.89928109115081
2.34346265E7	46.77268497916133
2.36142845E7	106.84628609260209
2.38945145E7	13.737483197212706
2.42538305E7	20.339705141602376
2.46131465E7	14.709209992154536
2.49724625E7	50.084831615805875
2.53317785E7	2.12353446391862
2.56910945E7	7.562391997366625
2.60504105E7	5.344674061396922
2.64097265E7	6.700182505796942
2.67690425E7	6.87169066311494
2.71283585E7	60.09474097051196
2.74876745E7	20.175669829995968
2.78469905E7	10.863145005123815
2.82063065E7	85.73251965136325
2.85656225E7	80.54493625061266
2.89249385E7	81.06442686738272
2.92842545E7	123.79466789418936
2.96435705E7	109.96710795865498
3.00028865E7	93.65953447447482
3.03622025E7	76.32457267367106
3.07215185E7	142.05227117739605
3.10808345E7	135.0896807373016
3.14401505E7	147.4706929880384
3.17994665E7	136.23860357780202
3.21587825E7	127.57469283455178
3.25180985E7	175.004480012523
3.28774145E7	128.89128735857992
3.32367305E7	171.1338925876113
3.35960465E7	100.21187887497749
3.39553625E7	48.43691277252745
3.43146785E7	142.09792423261754
3.46739945E7	101.2149344807207
3.50333105E7	78.2751934259387
3.53926265E7	168.098723567301
3.57519425E7	66.55969606685413
3.61112585E7	139.31992388915597
3.64705745E7	152.4507518928203
3.68298905E7	134.67801233842968
3.71892065E7	123.91167468262523
3.75485225E7	76.3603066441274
3.79078385E7	118.31876866278414
3.82671545E7	169.33086824888574
3.86264705E7	103.99383464966637
3.89857865E7	169.2937980624121
3.93451025E7	113.28863837491653
3.97044185E7	106.50765788974451
4.00637345E7	138.84660221924668
4.04230505E7	171.65067905960888
4.07823665E7	83.32585152657704
4.11416825E7	167.50578359330024
4.15009985E7	153.97994686929064
4.18603145E7	122.90611938566829
4.22196305E7	88.27215870253215
4.25789465E7	97.72462504588141
4.29382625E7	96.21883354356012
4.32975785E7	76.04165899715487
4.36568945E7	183.58845961367368
4.40162105E7	86.52135598668137
4.43755265E7	150.38886490132055
4.47348425E7	141.44170130694303
4.50941585E7	50.028812319121045
4.54534745E7	88.85050698990406
4.58127905E7	118.39577247375854
4.61721065E7	104.15648378288468
4.65314225E7	129.0411868734558
4.68907385E7	123.66362376568115
4.72500545E7	142.89275306560683
4.76093705E7	111.02486489826731
4.79686865E7	118.64385260043508
4.83280025E7	152.87615814249008
4.86541545E7	48.73942987056053
4.88338125E7	83.39852798737944
4.90466345E7	156.12986666692538
4.94059505E7	100.3510856713345
4.97652665E7	119.12667870886078
5.01245825E7	131.56920685762552
5.04838985E7	152.90489071973562
5.08432145E7	110.10504888626566
5.12025305E7	89.34718693461643
5.15618465E7	139.45260597916987
5.19211625E7	140.0412478483149
5.22804785E7	59.90146641265148
5.26397945E7	104.50883038255922
5.29991105E7	104.97131220079089
5.33584265E7	89.8866851994976
5.37177425E7	144.11952299219232
5.40770585E7	75.90330649975513
5.44363745E7	122.81357860926124
5.47956905E7	156.98176824398644
5.51550065E7	118.59369048873312
5.55143225E7	123.74795161390527
5.58736385E7	134.89111636309065
5.62329545E7	140.75714941297073
5.65922705E7	92.44052847743042
5.69515865E7	147.0432707626639
5.73109025E7	125.6756358981357
5.76702185E7	167.03376975681493
5.80295345E7	91.72634594489571
5.83888505E7	112.37696161782866
5.87481665E7	131.79171136974387
5.91074825E7	47.62826471737783
5.94667985E7	170.20839751548795
5.98261145E7	137.74114490561823
6.01854305E7	87.34984251772964
6.05447465E7	131.83657970215458
6.09040625E7	115.37590349382687
6.12633785E7	122.93377590321334
6.16226945E7	110.58851448505204
6.19820105E7	101.82587294185632
6.23413265E7	131.19749525391578
6.27006425E7	153.7457138126195
6.30599585E7	72.28411998041268
6.34192745E7	111.10903470865014
6.37785905E7	116.08275646168373
6.41379065E7	140.2924379967333
6.44972225E7	146.19930864951823
6.48565385E7	133.32175517883533
6.52158545E7	129.93468151573367
6.55751705E7	100.45670108410174
6.59344865E7	86.59007614590445
6.62938025E7	127.40476103059527
6.66531185E7	133.27676958333285
6.70124345E7	114.77058511847638
6.73717505E7	152.64819263828633
6.77310665E7	138.16847963569117
6.80903825E7	134.84100466795238
6.84496985E7	148.93022326916983
6.88090145E7	127.96864923474457
6.91683305E7	127.19371730769778
6.95276465E7	130.60505210579754
6.98869625E7	131.32734753856758
7.02462785E7	158.45777612221136
7.06055945E7	123.57641395859423
7.09649105E7	173.50031291748988
7.13242265E7	50.17201214399366
7.16835425E7	116.36716804044401
7.20428585E7	95.17961173971797
7.24021745E7	6.10821605434785
7.27614905E7	20.27156984494559
7.31208065E7	24.303954589572555
7.34801225E7	17.43389325818648
7.38394385E7	91.25298542864677
7.41987545E7	11.529767421251291
7.45580705E7	3.4446522751841435
7.49173865E7	5.489869262708738
7.52767025E7	18.456012696956776
7.56360185E7	4.312970040718399
7.59953345E7	54.753813826576575
7.63546505E7	1.4732899316036936
7.67139665E7	30.02963492244083
7.690225E7	24.1526211830528
7.7081908E7	10.628414752525645
7.74325985E7	13.35408343806723
7.77919145E7	101.3173781363957
7.81512305E7	51.616013867578104
7.85105465E7	16.988578850820925
7.88698625E7	41.49346581872827
7.92291785E7	23.519984810967745
7.95884945E7	107.22486587821786
7.99478105E7	27.677516387553514
8.03071265E7	7.682592041684381
8.06664425E7	25.06912369944331
8.10257585E7	107.0955426422837
8.13850745E7	173.6840585343439
8.17443905E7	130.13963103803243
8.21037065E7	77.59888084435512
8.24630225E7	126.8693424335512
8.28223385E7	118.8963444507123
8.31816545E7	113.4825735917311
8.35409705E7	179.53029076185743
8.39002865E7	152.24804273494667
8.42596025E7	116.32966344363976
8.46189185E7	163.85372714297054
8.49782345E7	113.18765057668375
8.53375505E7	188.16415916462554
8.56968665E7	133.70007934394474
8.60561825E7	91.47723042447439
8.64154985E7	145.3169244830679
8.67748145E7	142.55486524392757
8.71341305E7	116.96391515259505
8.74934465E7	151.3631666364307
8.78527625E7	141.54722718084383
8.82120785E7	145.75349885859512
8.85713945E7	42.31273049114445
8.89307105E7	48.34783448686617
8.92900265E7	82.70951029293
8.96493425E7	134.85944280515798
9.00086585E7	86.02138212427495
9.03679745E7	128.24805987526216
9.07272905E7	116.37801594461797
9.10866065E7	102.11228036636098
9.14459225E7	139.0938490242107
9.18052385E7	112.51258751241589
9.21645545E7	127.01817113694065
9.25238705E7	179.0551591212688
9.28831865E7	159.3515940559675
9.32425025E7	112.22929511866607
9.36018185E7	90.4374670424836
9.39611345E7	122.806355644026
9.43204505E7	130.98727656023223
9.46797665E7	147.72430271312095
9.50390825E7	69.53259382588307
9.53983985E7	89.13983160029653
9.57577145E7	139.3997100505501
9.61170305E7	117.6914129800887
9.64763465E7	75.51122969027075
9.68356625E7	99.5177215120415
9.71949785E7	101.35015396985928
9.75542945E7	116.7674319957436
9.79136105E7	96.9447808397396
9.82729265E7	81.14091121822428
9.86322425E7	79.56172291723242
9.89915585E7	88.45565383625728
9.93508745E7	133.14224134534328
9.97101905E7	111.4965000842302
1.000695065E8	112.91233145914794
1.004288225E8	170.98293972277276
1.007881385E8	152.36567673113754
1.011474545E8	127.25934424480621
1.015067705E8	140.27108606440797
1.018660865E8	183.51055634064937
1.022254025E8	112.20115216723245
1.025847185E8	144.0535646804887
1.029440345E8	140.54391610216027
1.033033505E8	61.108101451874326
1.036626665E8	88.00817362330187
1.040219825E8	139.0337039499435
1.043812985E8	131.7677364048583
1.047406145E8	164.89959895587745
1.050999305E8	165.5918000551804
1.054592465E8	99.91218429641383
1.058185625E8	87.49775996113412
1.061778785E8	172.09350209155497
1.065371945E8	131.856929694627
1.068965105E8	103.47811404507151
1.072558265E8	89.63466802501098
1.076151425E8	72.91273933446124
1.079744585E8	101.83927888943238
1.083337745E8	123.09477733950385
1.086930905E8	82.77357826160451
1.089314775E8	117.95696396802667
1.091111355E8	148.88386272244807
1.094117225E8	80.09042640261534
1.097710385E8	102.35596558791346
1.101303545E8	99.63428806115046
1.10324175E8	2.515540308506611
1.10503833E8	52.000383319956356
1.108489865E8	141.42573560504712
1.112083025E8	114.9409860726189
1.115676185E8	113.22269766547616
1.119269345E8	152.64201099045903
1.122862505E8	133.84342561390602
1.126455665E8	137.4021498137736
1.130048825E8	80.25655862707528
1.133641985E8	59.18973267775617
1.137235145E8	70.82866839166999
1.140828305E8	71.27115436979304
1.144421465E8	74.09343947413129
1.148014625E8	102.96652221459122
1.151607785E8	59.35582658165845
1.155200945E8	112.92830956962864
1.158794105E8	112.14639347385604
1.162387265E8	141.57206187580334
1.165980425E8	118.25902132363258
1.169573585E8	104.3441298663301
1.173166745E8	119.12292901266453
1.176759905E8	114.16808503386727
1.180353065E8	141.4778721544196
1.183946225E8	136.39555468079712
1.187539385E8	100.12400494773557
1.191132545E8	75.16534291548919
1.194725705E8	96.31256331271135
1.198318865E8	161.518254425565
1.201912025E8	126.85455255875809
1.205505185E8	64.85362146382606
1.209098345E8	95.0189301924765
1.212691505E8	90.84065133918051
1.216284665E8	133.05448565146767
1.219877825E8	127.08253458721066
1.223470985E8	164.9573602105077
1.227064145E8	53.786692340661375
1.230657305E8	61.638604468800985
1.234250465E8	151.96657506814583
1.237843625E8	96.29441816469493
1.241436785E8	91.93852880589492
1.245029945E8	92.41252145334028
1.248623105E8	61.87430165567717
1.252216265E8	39.41295120271216
1.255809425E8	156.40971668515164
1.259402585E8	172.10097887607105
1.262995745E8	144.10784797913362
1.266588905E8	114.69558494046375
1.270182065E8	139.56763902941168
1.273775225E8	68.18277227581676
1.277368385E8	123.55125714388723
1.280961545E8	119.7121910814048
1.284554705E8	93.90206082976435
1.288147865E8	133.8276532022024
1.291741025E8	72.85913902769197
1.295334185E8	132.16110707153655
1.298927345E8	144.29220767440444
1.302520505E8	102.7235426983318
1.306113665E8	123.60004431423195
1.309706825E8	122.36178691198909
1.313299985E8	84.63538017617724
1.316893145E8	73.93809161589057
1.320486305E8	106.89300510500146
1.324079465E8	32.31494437738503
1.327672625E8	146.95325862137386
1.331265785E8	98.4593156022777
1.334858945E8	151.8215421314535
1.337730805E8	19.04412036837138
1.339527385E8	31.004300811991175
1.342045265E8	8.674927888711167
1.345638425E8	33.82618188154745
1.349231585E8	2.8361968137828955
1.352824745E8	5.305244447380606
1.356417905E8	12.169390429842228
1.360011065E8	4.766558699880867
1.363604225E8	23.9044348633131
1.367197385E8	14.605244872181977
1.370790545E8	40.211849840745
1.374033365E8	15.202083834513191
1.375577225E8	254.29184730211045
1.375927565E8	46.19843363296036
1.376371405E8	123.01836248528498
1.37699935E8	32.20638719376549
1.37786751E8	85.56798589478232
1.37868371E8	12.310511258093094
1.37942101E8	30.143696253238414
1.37980213E8	42.948602700567946
1.38019627E8	75.77240653211173
1.38089538E8	41.52393928222226
1.38156123E8	45.19633520777108
1.382206275E8	66.4502563781891
1.38280805E8	1.9237191152467965
1.38323179E8	125.29787234042553
1.383484915E8	255.0
1.38384028E8	88.81163276749758
1.384312265E8	48.57652700259413
1.384772795E8	59.39653014479992
1.38522045E8	100.74635740493859
1.385663025E8	0.8472789537572767
1.38610046E8	40.59628575783751
1.38651258E8	19.922426067459863
1.386833775E8	45.61985861704721
1.387019305E8	0.009279307145066501
1.38726341E8	0.0
1.387630385E8	110.5371019753652
1.3879854E8	125.21619259092871
1.3883298E8	18.208813219829743
1.388668195E8	107.24513618677042
1.389001375E8	118.88282194307408
1.389325255E8	10.71890784913561
1.38963047E8	0.7867885579475081
1.38991991E8	61.50509461426492
1.390198715E8	91.9635499207607
1.39044446E8	1.6952135215840896
1.390581695E8	39.930209371884345
1.39074104E8	100.05795601552393
1.391000815E8	248.32371634959543
1.39125904E8	25.228210721628805
1.391516555E8	83.98333713763981
1.391772845E8	16.86663621022404
1.39202833E8	40.78485458717745
1.39227853E8	255.0
1.392522945E8	134.48084632516705
1.392761035E8	0.0
1.392991635E8	85.66666666666667
1.393219065E8	187.09297839506172
1.39344169E8	148.27388126817624
1.393656665E8	0.0
1.39386585E8	136.52337200309358
1.394057875E8	255.0
1.394157655E8	0.0
1.39426072E8	150.8412625800549
1.394433E8	255.0
1.394591395E8	0.7512520868113522
1.39474609E8	0.0
1.394898515E8	0.26362038664323373
1.39504877E8	23.229559748427672
1.39519712E8	188.25481611208406
1.39534307E8	0.0
1.39548658E8	42.39653840210168
1.395628065E8	231.66948008102634
1.395768695E8	1.8823529411764706
1.395908865E8	0.0
1.396048595E8	0.0
1.39618797E8	255.0
1.396327175E8	231.7612076852699
1.39646447E8	129.0
1.39659998E8	26.766501845367653
1.39673523E8	0.0
1.39687001E8	1.0913520097442144
1.39700456E8	255.0
1.397138915E8	0.0
1.397272965E8	1.0
1.39740652E8	212.4527252502781
1.397539385E8	0.0
1.397671835E8	0.0
1.397738625E8	0.0
1.39780441E8	12.614935600532961
1.397935115E8	1.5
1.39806605E8	0.0
1.398195725E8	232.45436432184786
1.398324245E8	0.0
1.39845262E8	199.6354238456237
1.398580325E8	3.0
1.3987073E8	3.0
1.398833975E8	0.0
1.398960405E8	189.44957041828206
1.399086725E8	3.0
1.399212565E8	111.36255823803474
1.39933781E8	152.47712931466936
1.39946267E8	196.7128116938951
1.399587085E8	19.47342877942247
1.399711325E8	0.0
1.39983544E8	255.0
1.399959275E8	175.38678427644822
1.400082885E8	213.07135517753167
1.40020559E8	2.9943289224952743
1.400327265E8	0.0
1.400448715E8	0.0
1.4005699E8	0.0
1.400690545E8	0.0
1.40081085E8	191.94745621351126
1.400930995E8	144.38650519031142
1.40105101E8	0.0
1.40117094E8	212.66666666666666
1.401281635E8	0.0
1.40134155E8	0.0
1.401410485E8	1.1265592862675962
1.40153003E8	84.66258124419684
1.40164882E8	0.0
1.40176667E8	143.59897531439216
1.4018842E8	207.8394885837228
1.40200076E8	0.8051994728645022
1.402116215E8	0.0
1.402231315E8	247.1404109589041
1.402345955E8	3.0
1.402459205E8	0.0
1.402571045E8	0.0
1.402682415E8	0.0
1.4027885E8	40.20463717781744
1.40288828E8	255.0
1.402984445E8	0.0
1.40307799E8	0.0
1.403166425E8	3.0
1.40324819E8	0.0
1.403326835E8	1.0
1.403402015E8	0.0
1.4034742E8	0.0
1.40354483E8	20.74390243902439
1.403614525E8	10.866965688395073
1.403683705E8	246.7788178131866
1.403752505E8	2.5387165175851227
1.403821105E8	255.0
1.40388953E8	254.84538426557526
1.403957145E8	0.0
1.404023365E8	1.9924528301886792
1.404088075E8	255.0
1.404151525E8	2.8251666013328105
1.40421418E8	1.0
1.40427633E8	80.01208351843626
1.404337675E8	237.31842818428186
1.404398365E8	0.0
1.40445888E8	255.0
1.404519085E8	0.0
1.404579005E8	197.1327160493827
1.404638765E8	249.2396831605711
1.404698365E8	212.89260969976905
1.4047577E8	254.84554815263476
1.40481673E8	154.65861225325122
1.404875345E8	0.0
1.404915035E8	0.0
1.404943895E8	0.0
1.404990715E8	0.0
1.405047025E8	87.5579521928932
1.40510262E8	252.47524752475246
1.405157995E8	212.23437828739742
1.40521292E8	241.8062827225131
1.40526756E8	164.9893128631645
1.40532181E8	0.0
1.40537566E8	240.83619047619047
1.405429375E8	255.0
1.405482795E8	0.0
1.40553603E8	0.0
1.405589225E8	3.0
1.40564221E8	0.0
1.405694775E8	255.0
1.40574688E8	255.0
1.405798735E8	254.50906465586394
1.405850135E8	255.0
1.40590093E8	0.0
1.405951535E8	0.0
1.40600212E8	0.0
1.406052535E8	0.0
1.406102665E8	40.42814528864713
1.406152645E8	0.0
1.406202595E8	3.0
1.406252495E8	0.0
1.40630226E8	0.0
1.40635179E8	255.0
1.40640115E8	0.0
1.4064504E8	0.0
1.4064995E8	237.79590691182716
1.406548455E8	1.5708154506437768
1.40659729E8	145.34107157201382
1.40664601E8	2.2921615201900236
1.406694435E8	0.0
1.40674261E8	0.0
1.40679061E8	157.67412877913685
1.40683806E8	0.0
1.40688509E8	0.0
1.406931635E8	0.0
1.40697758E8	0.0
1.40702335E8	0.0
1.40706898E8	0.0
1.40711432E8	0.4
1.40715925E8	239.51388570117052
1.40720393E8	32.0
1.407248515E8	0.0
1.407292955E8	255.0
1.407337135E8	0.0
1.40738111E8	0.0
1.40742499E8	0.0
1.407468785E8	0.0
1.40751256E8	192.12475247524753
1.407556295E8	0.0
1.40759995E8	184.7826086956522
1.407643435E8	255.0
1.407686665E8	193.14811275680842
1.407729765E8	0.3706470335339639
1.40777284E8	0.0
1.40781584E8	230.9213746205629
1.40785876E8	6.871869034534622
1.40790157E8	0.0
1.407944295E8	57.74340175953079
1.407986935E8	0.9865771812080537
1.40802937E8	0.0
1.40807165E8	3.0
1.408113885E8	0.0
1.408156105E8	165.75298999267756
1.408198225E8	4.472675512175283
1.40824022E8	48.65121277249002
1.408282145E8	2.692028044663724
1.408324E8	0.0
1.408365825E8	0.0
1.40840755E8	0.0
1.408449115E8	0.0
1.40849054E8	3.0
1.40851497E8	0.0
1.408535395E8	255.0
1.40857247E8	0.0
1.408613235E8	255.0
1.40865389E8	195.336873015873
1.408694335E8	0.0
1.40873455E8	0.0
1.408774675E8	0.0
1.408814765E8	85.0
1.40885475E8	181.9
1.408894625E8	0.0
1.408934395E8	0.0
1.408974065E8	181.39429928741092
1.409013685E8	162.00431272807697
1.409053235E8	229.72905286209624
1.40909269E8	0.0
1.409132055E8	0.0
1.409171345E8	0.0
1.409210595E8	255.0
1.40924982E8	0.0
1.40928899E8	255.0
1.40932812E8	0.0
1.409367215E8	26.546728971962615
1.4094061E8	255.0
1.409444775E8	1.9308536003814973
1.409483385E8	211.11267422019174
1.409521765E8	0.0
1.40955989E8	1.972275107091861
1.409597955E8	0.0
1.409636015E8	255.0
1.40967392E8	0.0
1.40971157E8	3.0
1.40974907E8	255.0
1.40978648E8	0.0
1.409823815E8	1.3090099349092155
1.40986105E8	0.0
1.409898215E8	3.0
1.40993536E8	3.0
1.409972465E8	0.0
1.41000941E8	0.0
1.410046115E8	0.19442644199611148
1.410082665E8	254.46764091858037
1.41011916E8	0.0
1.410155645E8	0.0
1.410192115E8	255.0
1.410228535E8	0.16620344635908837
1.410264835E8	255.0
1.410301055E8	0.0
1.41033718E8	255.0
1.41037321E8	0.0
1.410409235E8	255.0
1.41044521E8	0.0
1.410481085E8	0.0
1.410516865E8	0.0
1.41055252E8	254.42825112107624
1.410588075E8	206.3003713085027
1.41062361E8	0.0
1.41065914E8	0.0
1.41069467E8	185.5742210341659
1.41073012E8	202.96706507304117
1.41076544E8	0.0
1.41080071E8	253.91489361702128
1.41083596E8	0.0
1.41087117E8	3.0
1.41090628E8	0.0
1.410941305E8	235.99482025620372
1.41097631E8	85.19042159110954
1.411011295E8	0.0
1.411046235E8	126.35650224215247
1.411081075E8	0.0
1.41111585E8	0.0
1.4111506E8	0.0
1.411185295E8	221.6296314472199
1.41121994E8	0.0
1.411254545E8	28.64550331534554
1.411289005E8	0.0
1.411323185E8	0.0
1.411357175E8	255.0
1.4113911E8	255.0
1.411424975E8	0.0
1.41145878E8	170.54645317445542
1.411492525E8	233.31690947711718
1.41152626E8	238.91489361702128
1.41155995E8	0.0
1.411593515E8	0.0
1.41162699E8	212.5
1.41166043E8	61.74536256323778
1.4116937E8	0.0
1.411726805E8	0.0
1.411759855E8	0.0
1.41179286E8	2.0
1.411825805E8	0.0
1.411858675E8	2.499722067815453
1.41189148E8	0.0
1.41192424E8	129.0
1.411956955E8	0.0
1.411989605E8	28.295023696682463
1.41202221E8	0.0
1.4120548E8	224.32982278460082
1.412087365E8	0.0
1.41210776E8	0.0
1.41212402E8	0.0
1.412152325E8	0.0
1.41218463E8	0.0
1.41221688E8	0.9917355371900827
1.412249085E8	221.78486682808716
1.41228124E8	198.146348030966
1.41231335E8	0.0
1.412345425E8	255.0
1.41237746E8	0.0
1.41240947E8	255.0
1.41244146E8	0.0
1.412473425E8	145.70493128536782
1.41250538E8	225.90063207071864
1.412537305E8	241.50624689654714
1.412569125E8	0.0
1.41260086E8	3.0
1.41263258E8	85.66666666666667
1.412664245E8	255.0
1.41269585E8	0.0
1.41272743E8	0.0
1.412758995E8	0.0
1.412790545E8	246.12203153695143
1.412822035E8	0.0
1.4128534E8	206.15266091973814
1.41288466E8	0.0
1.41291589E8	0.0
1.412947105E8	0.0
1.412978215E8	10.39413988657845
1.413009225E8	0.0
1.413040225E8	254.62278106508876
1.41307117E8	0.0
1.41310204E8	222.5169126691267
1.413132865E8	0.0
1.413163665E8	202.38095238095238
1.41319445E8	45.86494252873563
1.413225215E8	0.0
1.41325596E8	0.0
1.41328669E8	1.146605681271064
1.41331738E8	0.0
1.413348E8	0.0
1.413378585E8	183.21671664620524
1.413409105E8	233.7748851454824
1.413439555E8	0.0
1.41346999E8	0.0
1.41350033E8	0.0
1.413530575E8	0.0
1.41356076E8	0.0
1.413590875E8	0.0
1.41362097E8	0.0
1.413651025E8	0.0
1.41368103E8	0.0
1.41371102E8	2.0016680567139282
1.413740995E8	85.763528539659
1.41377093E8	255.0
1.413800805E8	186.74203784228465
1.413830635E8	229.1562656015976
1.413860455E8	1.0
1.41389022E8	32.625
1.413919895E8	0.0
1.4139495E8	3.0
1.413979065E8	0.0
1.41400857E8	0.0
1.41403801E8	0.0
1.41406741E8	0.0
1.41409678E8	0.0
1.414126105E8	0.0
1.41415538E8	234.41751295194382
1.414184645E8	0.0
1.414213895E8	255.0
1.414243125E8	207.75315332234769
1.414272345E8	4.910613987225984
1.41430155E8	255.0
1.414330725E8	0.0
1.414359875E8	128.23552817353357
1.414389E8	13.05
1.414418105E8	0.0
1.41444718E8	196.14543968308863
1.414476225E8	0.3925162598192415
1.41450526E8	0.0
1.41453427E8	183.31174619623863
1.41456323E8	0.0
1.41459214E8	168.626010286554
1.414621005E8	188.55889575747312
1.414649835E8	184.59257486514764
1.414678655E8	0.0
1.414707475E8	255.0
1.41473629E8	33.94097222222222
1.41476508E8	1.5025041736227045
1.414793845E8	198.80547387468897
1.41482258E8	0.0
1.414851235E8	0.0
1.414879835E8	3.0
1.414908425E8	0.0
1.41493699E8	246.04013961605585
1.41496551E8	227.5725730974808
1.414993995E8	255.0
1.415022465E8	0.9770491803278688
1.415050915E8	0.0
1.41507934E8	0.0
1.415107725E8	0.0
1.415136075E8	0.0
1.41516441E8	0.0
1.415192725E8	0.0
1.41522102E8	0.0
1.415249305E8	173.66752577319588
1.41527757E8	1.7777777777777777
1.41530581E8	0.0
1.415334035E8	0.0
1.415362255E8	0.0
1.415390465E8	255.0
1.41541866E8	0.356718192627824
1.41544683E8	195.66500720555482
1.415474975E8	0.0
1.4155031E8	0.0
1.415531175E8	255.0
1.41555919E8	201.6296776984642
1.415587165E8	0.0
1.41561512E8	0.0
1.41564307E8	41.339338531863405
1.415671015E8	255.0
1.415695015E8	229.77736142877998
1.41570898E8	255.0
1.41572688E8	0.0
1.4157548E8	0.0
1.415782705E8	175.67685824441855
1.415810595E8	255.0
1.41583847E8	44.57285873192436
1.415866325E8	0.0
1.41589416E8	219.7969719091454
1.41592198E8	0.0
1.41594971E8	0.0
1.415977345E8	202.5459940652819
1.41600491E8	0.0
1.416032415E8	0.0
1.41605989E8	145.75959595959597
1.416087335E8	3.0
1.416114735E8	0.0
1.41614208E8	255.0
1.416169385E8	127.31223269358894
1.41619657E8	225.72204845668315
1.416223655E8	252.47524752475246
1.41625071E8	255.0
1.416277715E8	0.0
1.41630469E8	116.08497723823976
1.416331645E8	223.3669288470105
1.41635856E8	0.0
1.416385445E8	9.235080058224163
1.416412325E8	0.0
1.416439195E8	244.0482790635984
1.41646598E8	154.18265213442325
1.416492685E8	0.0
1.41651938E8	59.01845386533666
1.416546065E8	0.0
1.41657273E8	49.010408473998154
1.416599375E8	0.0
1.41662593E8	255.0
1.416652385E8	0.0
1.416678815E8	211.95593646548735
1.41670523E8	0.0
1.41673163E8	0.0
1.41675801E8	0.0
1.416784375E8	189.83854278939427
1.41681073E8	0.0
1.41683705E8	0.0
1.416863335E8	254.63309352517985
1.416889605E8	0.0
1.416915825E8	0.0
1.416942E8	0.0
1.416968145E8	0.0
1.41699426E8	0.0
1.41702034E8	0.0
1.41704638E8	0.0
1.41707241E8	255.0
1.41709838E8	0.0
1.417124275E8	162.00946643717728
1.417150135E8	0.0
1.41717597E8	0.0
1.41720177E8	255.0
1.41722754E8	0.0
1.417253305E8	2.374897792313982
1.41727906E8	103.85510204081632
1.41730481E8	0.0
1.41733056E8	0.0
1.417356305E8	219.03111536620392
1.417382025E8	0.0
1.4174077E8	1.282172373081464
1.41743333E8	0.0
1.41745892E8	0.0
1.417484485E8	0.0
1.41751004E8	253.9487441030218
1.41753556E8	3.0
1.41756104E8	132.16633669554193
1.41758648E8	2.3333333333333335
1.41761189E8	212.92988313856426
1.417637275E8	0.0
1.4176626E8	3.0
1.41768789E8	0.0
1.417713145E8	0.0
1.41773836E8	141.81158922188618
1.41776357E8	0.0
1.417788775E8	0.0
1.417813975E8	81.59573679332715
1.41783916E8	0.016951706471784827
1.417864325E8	0.0
1.41788946E8	18.86885117083137
1.41791457E8	0.0
1.417939675E8	0.0
1.417964765E8	64.84153461217682
1.41798983E8	0.0
1.418014855E8	0.0
1.41803981E8	90.46645651627377
1.4180647E8	0.0
1.41808953E8	255.0
1.41811431E8	188.0415573703379
1.418139075E8	232.27127181147688
1.41816383E8	0.0
1.41818857E8	1.9206798866855523
1.418213285E8	0.0
1.418237955E8	1.0
1.41826259E8	100.91664682067159
1.418287215E8	127.5
1.41831178E8	204.6
1.41833627E8	204.0
1.418360715E8	0.0
1.41838512E8	0.0
1.418409505E8	197.14897802103823
1.418433885E8	0.0
1.418458265E8	127.71926515213647
1.41848263E8	0.0
1.418506975E8	0.0
1.418531305E8	0.0
1.41855562E8	0.0
1.41857992E8	1.2506948304613674
1.418604205E8	212.07590027700832
1.41862847E8	0.0
1.41865272E8	0.0
1.41867695E8	0.0
1.41870116E8	254.80324074074073
1.418725365E8	0.0
1.41874956E8	0.0
1.41877374E8	0.0
1.41879789E8	0.0
1.418822015E8	0.0
1.418846075E8	0.0
1.418870045E8	0.0
1.418893965E8	12.03124370086676
1.418917865E8	0.0
1.41894176E8	255.0
1.41896563E8	0.0
1.41898948E8	0.0
1.41901333E8	161.72241704882654
1.419037175E8	193.72008238578894
1.41906101E8	118.92035150788895
1.41908484E8	192.32715231219947
1.419108665E8	0.0
1.41913248E8	0.0
1.41915629E8	106.32935030490327
1.41918009E8	4.024383099220243
1.41920388E8	222.20960137162453
1.419227665E8	0.0
1.41925143E8	2.0
1.419275165E8	0.0
1.419292615E8	8.393808347062054
1.41930446E8	255.0
1.419322555E8	0.0
1.419346225E8	0.0
1.41936987E8	0.0
1.41939347E8	0.0
1.41941703E8	0.0
1.419440575E8	0.0
1.41946411E8	0.0
1.419487635E8	0.0
1.419511115E8	255.0
1.419534545E8	0.0
1.419557965E8	244.84460788906586
1.41958135E8	0.0
1.419604675E8	254.41120906801007
1.419627965E8	0.0
1.419651245E8	227.31784487378454
1.419674515E8	236.3714704361987
1.41969777E8	0.0
1.419721005E8	0.0
1.419744205E8	0.0
1.41976738E8	0.0
1.419790505E8	0.0
1.41981358E8	0.0
1.419836635E8	237.11730486800158
1.41985967E8	148.41316623451456
1.41988266E8	2.111111111111111
1.4199056E8	0.0
1.41992852E8	128.0
1.41995142E8	0.0
1.4199743E8	0.0
1.419997165E8	0.0
1.420020015E8	255.0
1.42004285E8	0.0
1.420065675E8	0.0
1.42008845E8	0.0
1.420111165E8	213.71234789547177
1.42013386E8	0.0
1.420156535E8	0.0
1.42017916E8	0.0
1.42020175E8	0.0
1.42022431E8	0.0
1.420246815E8	0.0
1.42026929E8	0.0
1.42029171E8	0.0
1.420314065E8	0.0
1.420336395E8	0.0
1.420358715E8	200.99618924469462
1.420381015E8	0.0
1.42040329E8	128.89491242702252
1.42042554E8	0.0
1.42044776E8	0.0
1.420469965E8	0.0
1.42049215E8	0.0
1.420514315E8	0.0
1.420536445E8	0.0
1.42055854E8	0.0
1.42058062E8	0.0
1.420602685E8	178.0252713190339
1.42062474E8	0.0
1.42064677E8	0.0
1.420668775E8	0.0
1.420690765E8	0.0
1.420712745E8	0.0
1.420734715E8	0.0
1.420756655E8	0.0
1.420778565E8	231.62648960487647
1.42080046E8	0.0
1.42082235E8	0.0
1.42084423E8	3.0
1.42086609E8	255.0
1.4208879E8	0.0
1.420909665E8	119.30357142857143
1.42093141E8	0.0
1.420953105E8	0.0
1.42097474E8	0.0
1.42099635E8	0.0
1.42101794E8	254.5746455379483
1.42103946E8	0.0
1.42106089E8	0.0
1.421082245E8	0.0
1.42110355E8	0.0
1.421124825E8	0.0
1.421146075E8	255.0
1.421167315E8	187.30413492927096
1.42118853E8	191.9038001481952
1.42120971E8	255.0
1.421230865E8	0.0
1.421252E8	0.0
1.42127313E8	0.0
1.42129426E8	0.0
1.421315385E8	0.0
1.42133649E8	0.0
1.421357575E8	0.0
1.42137864E8	0.0
1.42139969E8	170.0166852057842
1.42142073E8	0.0
1.421441755E8	255.0
1.421462745E8	0.0
1.421483705E8	0.0
1.421504655E8	0.0
1.421525595E8	0.0
1.421546525E8	3.0
1.421567435E8	35.42981751405945
1.42158833E8	0.0
1.421609215E8	177.2717258261934
1.42163009E8	0.8944121276220695
1.42165096E8	1.0
1.421671825E8	3.0
1.421692675E8	0.0
1.4217135E8	158.83482022168153
1.4217343E8	0.0
1.42175509E8	0.0
1.421775875E8	0.0
1.421796645E8	230.8838463979689
1.421817365E8	0.0
1.421838025E8	19.54774437679689
1.42185866E8	0.0
1.42187929E8	204.81578774034
1.421899915E8	255.0
1.421920525E8	0.0
1.421941125E8	0.0
1.421961725E8	171.0
1.42198232E8	85.0
1.422002865E8	255.0
1.422023345E8	0.0
1.422043795E8	0.0
1.42206423E8	255.0
1.42208462E8	0.0
1.42210496E8	0.0
1.42212529E8	0.0
1.422145605E8	0.0
1.42216589E8	15.64452142817232
1.42218613E8	0.0
1.422206335E8	0.0
1.42222652E8	255.0
1.422246675E8	0.0
1.422266795E8	0.0
1.42228689E8	0.0
1.422306975E8	0.0
1.422327045E8	0.0
1.422347105E8	0.0
1.42236716E8	29.0
1.42238721E8	254.9345986150295
1.422407225E8	0.0
1.422427205E8	0.26278659611992944
1.422447185E8	1.0
1.42246715E8	0.0
1.42248709E8	0.0
1.422507005E8	0.0
1.422526905E8	200.603121363543
1.422546795E8	255.0
1.422566665E8	0.0
1.422586525E8	0.0
1.422606355E8	0.0
1.422626145E8	0.0
1.422645915E8	0.0
1.422665675E8	0.0
1.42268543E8	3.0
1.422705175E8	255.0
1.422724895E8	0.0
1.422744575E8	0.0
1.422764235E8	255.0
1.422783895E8	0.0
1.422803545E8	0.0
1.42282318E8	0.0
1.422842805E8	0.0
1.422862425E8	233.65096544090517
1.4228818E8	0.0
1.42289161E8	0.0
1.42290166E8	0.0
1.42292127E8	250.81967213114754
1.42294088E8	0.0
1.422960465E8	0.0
1.422980025E8	28.367884549307067
1.42299954E8	0.0
1.42301901E8	223.0637049455155
1.42303848E8	0.0
1.423057945E8	127.5752508361204
1.4230774E8	3.0
1.423096845E8	0.0
1.42311628E8	0.0
1.42313569E8	0.0
1.423155065E8	216.62436548223351
1.423174425E8	0.0
1.42319378E8	0.0
1.42321312E8	0.0
1.42323245E8	0.0
1.42325177E8	0.0
1.42327107E8	75.13931888544892
1.423290355E8	0.0
1.423309635E8	25.5
1.42332891E8	0.0
1.423348175E8	251.58294006086535
1.423367435E8	0.0
1.423386685E8	212.66666666666666
1.423405905E8	0.0
1.42342509E8	0.0
1.423444255E8	0.0
1.423463415E8	0.0
1.42348253E8	0.49504950495049505
1.423501595E8	0.0
1.42352065E8	50.32509752925878
1.423539695E8	0.0
1.42355873E8	0.0
1.42357776E8	0.0
1.42359679E8	0.34765625
1.423615815E8	0.0
1.42363483E8	255.0
1.423653835E8	0.0
1.423672835E8	0.0
1.42369183E8	0.0
1.4237108E8	0.0
1.42372975E8	0.0
1.42374869E8	0.0
1.42376761E8	0.0
1.423786515E8	0.0
1.423805415E8	250.06407747118496
1.423824305E8	0.5014836795252225
1.423843155E8	255.0
1.423861925E8	0.0
1.423880645E8	0.0
1.42389936E8	0.0
1.423918065E8	254.3640897755611
1.423936765E8	0.0
1.42395546E8	0.0
1.42397415E8	0.0
1.42399284E8	1.0
1.424011525E8	0.0
1.42403019E8	0.0
1.42404883E8	212.5134639408068
1.42406746E8	0.0
1.424086055E8	0.0
1.424104605E8	213.11673151750972
1.42412313E8	0.0
1.42414163E8	0.0
1.42416009E8	0.0
1.42417852E8	0.0
1.42419695E8	0.0
1.42421538E8	255.0
1.424233805E8	0.0
1.42425222E8	0.0
1.42427063E8	0.0
1.424288995E8	0.0
1.424307315E8	0.0
1.424325625E8	255.0
1.42434392E8	0.0
1.42436221E8	0.0
1.424380485E8	170.71046770601336
1.42439871E8	1.0
1.424416895E8	0.0
1.424435075E8	0.0
1.42445323E8	1.0
1.42447136E8	0.0
1.424489455E8	0.0
1.4245075E8	0.0
1.424525525E8	0.0
1.42454354E8	255.0
1.424561545E8	0.0
1.424579545E8	85.66666666666667
1.424597535E8	0.0
1.42461551E8	0.0
1.42463346E8	0.0
1.424651385E8	0.0
1.42466928E8	0.0
1.424687145E8	0.0
1.424705E8	0.0
1.42472285E8	203.51458885941645
1.424740655E8	0.0
1.42475841E8	0.0
1.42477616E8	3.0
1.42479391E8	0.0
1.424811635E8	0.0
1.42482933E8	255.0
1.424847005E8	190.57070046798916
1.42486464E8	0.0
1.424882225E8	225.4319433516916
1.424899775E8	249.06654773908323
1.4249173E8	255.0
1.42493479E8	0.0
1.42495226E8	0.0
1.42496973E8	0.0
1.42498718E8	0.0
1.4250046E8	0.0
1.425021995E8	0.0
1.42503937E8	0.0
1.425056725E8	0.0
1.42507406E8	3.0
1.425091385E8	255.0
1.425108685E8	0.0
1.425125945E8	0.0
1.425143185E8	2.666481378543635
1.4251604E8	3.0
1.42517759E8	244.7950584179276
1.425194765E8	0.0
1.425211925E8	0.0
1.42522908E8	0.0
1.425246225E8	0.0
1.42526336E8	0.0
1.425280485E8	203.73103448275862
1.425297595E8	255.0
1.425314695E8	0.0
1.42533179E8	0.0
1.425348875E8	0.0
1.425365935E8	0.0
1.42538297E8	0.0
1.4254E8	255.0
1.425416995E8	0.0
1.425433925E8	214.2088868140729
1.425450825E8	117.56532791052364
1.42546771E8	0.0
1.42548457E8	3.0
1.42550141E8	0.0
1.42551824E8	112.11744125414207
1.42553507E8	241.88280339603796
1.425551885E8	0.0
1.42556868E8	85.0
1.425585465E8	0.0
1.42560223E8	0.0
1.42561894E8	0.0
1.42563556E8	0.0
1.425652095E8	0.0
1.42566857E8	0.0
1.42568501E8	0.0
1.42570144E8	3.0
1.42571786E8	0.0
1.42573425E8	0.0
1.42575062E8	0.0
1.42576699E8	185.26453526710804
1.425783355E8	0.0
1.425799685E8	0.0
1.42581598E8	0.0
1.42583225E8	255.0
1.4258485E8	0.0
1.42586474E8	0.0
1.425880965E8	0.0
1.42589717E8	80.82803664734092
1.425913335E8	0.5
1.42592946E8	233.75805096611595
1.425945565E8	65.16203703703704
1.425961665E8	255.0
1.425977755E8	255.0
1.42599378E8	0.3138918345705196
1.42600974E8	0.0
1.426025685E8	182.13122605363984
1.426041585E8	0.0
1.426057445E8	0.0
1.426073305E8	255.0
1.42608914E8	0.0
1.42610493E8	0.0
1.4261207E8	0.0
1.42613646E8	0.0
1.4261522E8	0.0
1.42616792E8	0.0
1.42618361E8	0.0
1.426199275E8	193.43497047385856
1.426214905E8	0.0
1.426230505E8	0.0
1.426246095E8	0.0
1.426261665E8	0.0
1.426277225E8	0.0
1.42629278E8	0.0
1.42630832E8	0.0
1.426323845E8	128.0
1.426339355E8	0.0
1.426354855E8	126.85929648241206
1.42637035E8	0.0
1.426385825E8	0.0
1.426401275E8	0.0
1.42641671E8	131.13993993993995
1.42643213E8	0.0
1.426447535E8	0.0
1.426462925E8	0.0
1.42647757E8	0.0
1.42648524E8	0.0
1.42649362E8	0.0
1.42650895E8	0.0
1.426524275E8	86.23489932885906
1.42653958E8	0.0
1.42655486E8	192.85714285714286
1.42657012E8	0.0
1.42658537E8	0.0
1.42660062E8	193.71481572536487
1.42661585E8	0.0
1.426631055E8	0.0
1.42664625E8	0.0
1.426661435E8	0.0
1.426676605E8	0.0
1.426691735E8	0.0
1.42670683E8	0.0
1.426721915E8	0.0
1.426736975E8	5.384875714785856
1.426752015E8	0.0
1.426767045E8	0.0
1.426782025E8	0.0
1.426796955E8	0.0
1.426811875E8	241.3097589885421
1.426826785E8	0.0
1.42684168E8	0.0
1.426856565E8	0.0
1.42687144E8	242.85714285714286
1.42688631E8	144.33353950827276
1.42690117E8	144.5654296875
1.426916015E8	0.0
1.426930845E8	0.0
1.426945645E8	0.0
1.426960415E8	0.0
1.42697517E8	67.11925042589438
1.42698991E8	0.0
1.42700463E8	0.0
1.427019325E8	0.0
1.427034E8	0.0
1.427048665E8	0.0
1.427063315E8	0.0
1.427077945E8	0.0
1.42709256E8	0.0
1.42710717E8	0.0
1.42712177E8	0.0
1.427136355E8	244.76690222550363
1.427150925E8	0.0
1.42716547E8	0.0
1.427179995E8	0.0
1.427194515E8	0.0
1.42720903E8	253.3112582781457
1.427223515E8	0.0
1.427237975E8	0.0
1.42725243E8	0.0
1.42726687E8	237.1086699740137
1.42728129E8	0.0
1.427295695E8	231.20907849689812
1.427310075E8	0.0
1.427324415E8	0.0
1.427338735E8	3.0
1.427353055E8	0.0
1.427367365E8	0.0
1.42738166E8	0.0
1.42739595E8	167.3523375917369
1.42741022E8	0.0
1.427424465E8	0.0
1.427438705E8	0.0
1.427452945E8	0.0
1.42746718E8	0.0
1.427481405E8	247.43683632369095
1.42749562E8	0.0
1.42750982E8	0.0
1.427523995E8	237.06121412242825
1.427538155E8	254.15282392026577
1.427552315E8	1.8249883013570425
1.42756647E8	3.0
1.427580605E8	0.0
1.427594725E8	0.0
1.42760884E8	0.0
1.427622945E8	1.0
1.427637035E8	0.0
1.427651115E8	0.0
1.42766519E8	0.0
1.427679255E8	0.0
1.427693305E8	255.0
1.427707335E8	0.0
1.42772132E8	225.68503937007873
1.427735265E8	0.0
1.4277492E8	200.74146772767463
1.42776312E8	0.0
1.42777703E8	0.0
1.42779094E8	128.0
1.427804825E8	255.0
1.427818685E8	0.0
1.42783254E8	0.0
1.427846385E8	254.56223175965664
1.42786022E8	253.13451380854167
1.427874045E8	3.0
1.42788786E8	0.0
1.42790167E8	0.0
1.427915475E8	0.0
1.427929275E8	157.15384615384616
1.42794307E8	44.59818388195233
1.427956855E8	0.0
1.42797063E8	1.3953488372093024
1.4279844E8	122.50331125827815
1.42799817E8	255.0
1.42801194E8	95.77611940298507
1.428025705E8	0.0
1.42803946E8	0.0
1.428053205E8	0.0
1.428066945E8	0.0
1.42808068E8	0.0
1.4280944E8	3.0
1.4281081E8	0.0
1.428121785E8	0.0
1.428135455E8	49.75029868578255
1.42814909E8	0.0
1.428162695E8	205.5495210253635
1.428176275E8	157.227929091336
1.428189835E8	255.0
1.42820339E8	0.0
1.42821694E8	0.0
1.428230475E8	255.0
1.42824399E8	0.0
1.42825748E8	255.0
1.42827095E8	194.03476976775406
1.428284415E8	0.0
1.428297865E8	0.0
1.4283113E8	24.98330804248862
1.42832472E8	228.7032633255547
1.428338125E8	254.87256371814092
1.428351525E8	0.0
1.428364925E8	0.0
1.42837832E8	186.02189781021897
1.42839171E8	3.0
1.42840509E8	0.0
1.42841846E8	0.0
1.428431825E8	0.0
1.428445175E8	185.72650771388498
1.42845851E8	0.0
1.42847184E8	20.940628896772385
1.42848517E8	0.0
1.428498495E8	255.0
1.428511805E8	128.10229276895944
1.428525105E8	0.0
1.428538395E8	0.0
1.42855167E8	0.0
1.428564935E8	0.0
1.428578195E8	0.0
1.42859144E8	0.0
1.42860467E8	0.0
1.428617895E8	198.81926121372032
1.428631085E8	0.0
1.42864424E8	0.0
1.42865739E8	0.0
1.42867054E8	218.72360844529751
1.42868369E8	0.0
1.428696825E8	0.0
1.42870994E8	0.0
1.42872305E8	170.66666666666666
1.428736155E8	0.0
1.428749255E8	175.62222053000303
1.42876235E8	149.38688727385187
1.428775435E8	0.0
1.428788505E8	0.0
1.428801555E8	255.0
1.428814595E8	0.0
1.428827635E8	1.9182692307692308
1.428840675E8	255.0
1.42885371E8	0.0
1.42886674E8	0.0
1.428879765E8	0.0
1.42889278E8	0.0
1.42890579E8	255.0
1.42891879E8	239.3365583966828
1.42893177E8	0.0
1.42894474E8	0.0
1.42895771E8	255.0
1.428970675E8	0.0
1.42898363E8	0.0
1.428996575E8	0.0
1.429009515E8	0.0
1.429022455E8	255.0
1.42903539E8	0.0
1.42904831E8	0.0
1.429061215E8	0.0
1.42907411E8	254.15282392026577
1.42908699E8	240.04130934204707
1.429099855E8	0.0
1.42911271E8	0.0
1.429125555E8	0.0
1.429138395E8	239.65380388325804
1.42915123E8	0.0
1.42916406E8	188.34590512299155
1.429176885E8	254.746015936255
1.4291897E8	0.0
1.429202505E8	0.0
1.429215305E8	0.0
1.4292281E8	0.0
1.429240885E8	0.0
1.429253665E8	204.0
1.429266445E8	0.0
1.42927922E8	237.35122617986642
1.42929199E8	2.0468578944167377
1.42930476E8	0.0
1.429317525E8	0.0
1.42933028E8	0.0
1.42934303E8	0.0
1.429355775E8	0.0
1.429368515E8	0.0
1.429381245E8	0.0
1.42939396E8	0.0
1.42940667E8	0.0
1.42941938E8	0.0
1.42943209E8	3.0
1.4294448E8	255.0
1.429457505E8	215.1650579656927
1.429470205E8	1.0
1.429482905E8	225.08881508463682
1.4294956E8	2.862780269058296
1.429508285E8	0.0
1.429520965E8	169.4295302013423
1.429533635E8	226.96634046671684
1.42954629E8	0.0
1.429558935E8	11.215274081958489
1.42957157E8	0.0
1.4295842E8	0.0
1.42959683E8	211.90140845070422
1.429609455E8	0.0
1.429622075E8	128.78964941569282
1.429634695E8	0.0
1.42964731E8	0.0
1.42965992E8	195.71557303186697
1.429672525E8	214.85112395840062
1.429685125E8	255.0
1.429697725E8	234.95716162943495
1.429710325E8	3.0
1.42972292E8	52.2593226272756
1.429735505E8	0.0
1.429748085E8	5.374833228003651
1.429760665E8	2.1500438922276994
1.42977324E8	0.0
1.42978579E8	0.0
1.42979832E8	229.33324338909875
1.429810845E8	0.0
1.42982336E8	0.0
1.42983587E8	0.0
1.42984838E8	0.0
1.42986089E8	0.5
1.429873395E8	49.7108818828999
1.42988589E8	0.0
1.429898375E8	0.0
1.42991085E8	255.0
1.429923315E8	0.0
1.429935775E8	255.0
1.429948225E8	0.0
1.42996066E8	230.51116579177602
1.429973085E8	167.49815837937385
1.4299855E8	0.0
1.42999791E8	255.0
1.43001032E8	0.0
1.430022725E8	1.0
1.430035125E8	0.0
1.430047525E8	236.43681941861172
1.43005992E8	3.0
1.4300719E8	0.0
1.43007809E8	0.0
1.430084685E8	0.0
1.430097065E8	0.0
1.430109445E8	0.0
1.43012182E8	0.0
1.430134185E8	0.0
1.43014654E8	0.0
1.43015889E8	255.0
1.430171235E8	255.0
1.430183575E8	178.8650826024883
1.430195915E8	0.0
1.43020825E8	0.0
1.43022058E8	0.0
1.430232905E8	168.73344370860926
1.43024522E8	109.32062256809338
1.43025753E8	0.0
1.43026984E8	255.0
1.43028215E8	0.0
1.430294455E8	212.26351351351352
1.43030675E8	255.0
1.43031904E8	0.0
1.430331325E8	0.0
1.4303436E8	255.0
1.43035587E8	225.45310879177558
1.43036814E8	0.0
1.43038041E8	0.0
1.430392675E8	215.10757717492984
1.430404935E8	0.0
1.430417195E8	31.689520078354555
1.43042945E8	255.0
1.4304417E8	0.0
1.43045395E8	0.0
1.4304662E8	0.0
1.43047845E8	0.0
1.4304907E8	0.4482758620689655
1.430502945E8	201.0674167048707
1.430515185E8	156.76028659160696
1.430527425E8	255.0
1.430539665E8	101.7892644135189
1.4305519E8	0.0
1.43056413E8	0.0
1.43057636E8	255.0
1.430588585E8	180.97788228240606
1.430600805E8	255.0
1.43061302E8	0.0
1.430625225E8	0.0
1.430637425E8	0.0
1.43064962E8	0.0
1.43066181E8	0.0
1.430674E8	0.0
1.430686185E8	228.92088803354181
1.430698365E8	0.0
1.430710525E8	186.6601752677702
1.43072266E8	0.0
1.430734785E8	0.0
1.430746905E8	255.0
1.43075902E8	255.0
1.43077113E8	0.0
1.430783235E8	0.0
1.43079533E8	0.0
1.43080742E8	255.0
1.43081951E8	0.0
1.430831595E8	0.0
1.430843675E8	255.0
1.430855755E8	2.3333333333333335
1.430867835E8	255.0
1.43087991E8	2.778272154245458
1.430891975E8	0.0
1.43090403E8	95.165548098434
1.43091608E8	0.0
1.43092813E8	233.93815734118638
1.43094017E8	0.0
1.4309522E8	0.0
1.43096423E8	255.0
1.430976255E8	226.2984054669704
1.430988275E8	3.0
1.43100029E8	0.0
1.431012295E8	0.0
1.431024295E8	0.0
1.431036295E8	0.0
1.43104829E8	255.0
1.43106028E8	1.0
1.431072265E8	0.0
1.431084245E8	0.0
1.43109622E8	255.0
1.43110819E8	0.0
1.43112015E8	0.0
1.4311321E8	0.0
1.43114405E8	197.23598060018188
1.431156E8	0.0
1.43116795E8	15.187530381241174
1.431179895E8	0.0
1.43119183E8	255.0
1.43120376E8	255.0
1.43121569E8	255.0
1.43122762E8	0.0
1.431239545E8	0.0
1.431251465E8	242.57751131955814
1.431263385E8	254.15282392026577
1.4312753E8	0.0
1.43128721E8	0.0
1.431299115E8	0.0
1.431311015E8	255.0
1.431322915E8	0.0
1.43133481E8	255.0
1.4313467E8	0.0
1.43135859E8	0.0
1.43137048E8	0.0
1.43138237E8	0.0
1.43139426E8	255.0
1.431406145E8	0.0
1.431418015E8	0.0
1.431429875E8	0.0
1.431441735E8	226.7714342948718
1.431453595E8	0.0
1.431465455E8	255.0
1.43147731E8	0.0
1.43148916E8	0.0
1.43150101E8	189.98034591194968
1.43151286E8	0.0
1.431524705E8	0.0
1.431536545E8	0.0
1.431548385E8	0.0
1.431560225E8	0.0
1.431572055E8	1.0
1.431583875E8	239.53323042130407
1.43159569E8	0.0
1.4316075E8	246.70058561489563
1.43161931E8	0.0
1.43163111E8	3.0
1.4316429E8	0.0
1.43165469E8	255.0
1.431666475E8	0.0
1.431678255E8	0.0
1.431690035E8	0.0
1.431701815E8	255.0
1.431713595E8	101.3855421686747
1.431725375E8	0.0
1.43173715E8	0.0
1.431748915E8	11.14014534973542
1.43176067E8	0.0
1.43177242E8	255.0
1.431784165E8	0.0
1.431795905E8	1.0
1.43180764E8	0.0
1.43181937E8	0.0
1.4318311E8	229.72342552482505
1.43184282E8	0.0
1.43185453E8	147.72254819782063
1.43186624E8	0.0
1.43187795E8	0.0
1.431889655E8	0.0
1.43190135E8	1.0
1.43191304E8	0.0
1.431924725E8	3.0
1.4319364E8	0.0
1.43194807E8	0.0
1.43195974E8	0.0
1.431971405E8	0.0
1.431983065E8	250.39334062093184
1.431994725E8	194.87825862058222
1.432006385E8	0.0
1.43201804E8	0.0
1.43202969E8	0.0
1.432041335E8	0.0
1.43205297E8	0.0
1.4320646E8	232.0104830077391
1.43207623E8	0.0
1.43208786E8	0.9775280898876404
1.43209949E8	0.0
1.43211112E8	225.32524954627948
1.432122745E8	198.19338984698882
1.432134365E8	255.0
1.432145985E8	141.63810022329267
1.4321576E8	0.0
1.43216921E8	0.0
1.43218082E8	0.0
1.432192425E8	0.0
1.432204025E8	129.95034756703078
1.432215625E8	255.0
1.43222722E8	0.0
1.43223881E8	0.0
1.4322504E8	255.0
1.43226199E8	0.0
1.43227358E8	0.0
1.432285165E8	0.0
1.432296745E8	24.812070213178217
1.432308325E8	1.2723492723492724
1.4323199E8	255.0
1.43233147E8	255.0
1.432343035E8	0.0
1.432354595E8	0.0
1.43236615E8	255.0
1.4323777E8	79.74563683624211
1.43238925E8	0.0
1.4324008E8	0.5984673336787978
1.432412345E8	0.0
1.432423885E8	0.0
1.432435425E8	0.0
1.432446965E8	246.4922349763673
1.4324585E8	0.0
1.43247003E8	3.0
1.43248156E8	0.0
1.432493085E8	255.0
1.432504605E8	0.0
1.432516125E8	0.0
1.432527645E8	0.0
1.43253916E8	218.41411192214113
1.432550665E8	37.857142857142854
1.432562165E8	0.0
1.432573655E8	0.0
1.432585135E8	0.0
1.432596615E8	181.76240208877286
1.432608095E8	72.18329766363475
1.432619575E8	1.0
1.432631055E8	0.0
1.43264253E8	111.53427638737759
1.432654E8	242.1131282247277
1.43266547E8	1.0
1.432676935E8	0.0
1.432688395E8	0.0
1.432699855E8	0.0
1.43271131E8	252.11864406779662
1.432722755E8	37.488207547169814
1.432734195E8	186.69668246445497
1.432745635E8	236.7628342047097
1.432757075E8	0.0
1.432768515E8	0.0
1.43277995E8	0.0
1.43279138E8	254.15282392026577
1.432802805E8	0.0
1.432814225E8	255.0
1.432825645E8	0.7989535506009734
1.43283706E8	232.12528575411207
1.43284847E8	225.3864863923058
1.432859875E8	169.89455708789072
1.432871275E8	0.0
1.432882675E8	255.0
1.432894075E8	1.0
1.43290547E8	255.0
1.43291686E8	0.0
1.43292825E8	0.0
1.43293964E8	3.0
1.43295103E8	0.0
1.432962415E8	255.0
1.43297379E8	3.0
1.432985155E8	245.22951660469292
1.432996515E8	0.0
1.433007875E8	125.51688054770626
1.433019235E8	3.0
1.43303059E8	0.0
1.43304194E8	0.0
1.43305329E8	254.97043135435993
1.433064635E8	0.0
1.433075975E8	189.86797851513478
1.433087315E8	0.0
1.433098655E8	0.0
1.43310999E8	0.0
1.43312132E8	0.0
1.43313265E8	255.0
1.433143975E8	222.58167556866414
1.433155295E8	88.71428571428571
1.433166615E8	0.0
1.433177935E8	255.0
1.43318925E8	0.0
1.43320056E8	220.93188607472518
1.43321187E8	0.0
1.433223175E8	0.0
1.433234475E8	85.47830923248054
1.433245775E8	37.285714285714285
1.43325707E8	0.0
1.43326836E8	254.7866108786611
1.43327965E8	85.38627947768467
1.43329094E8	0.0
1.43330222E8	246.3768115942029
1.43331349E8	0.0
1.433324755E8	213.8197394460848
1.433336015E8	0.0
1.433347275E8	0.0
1.433358535E8	0.0
1.433369795E8	85.16564758199
1.43338105E8	0.0
1.4333923E8	0.0
1.433403545E8	0.0
1.433414785E8	0.0
1.43342602E8	0.0
1.43343725E8	0.0
1.43344848E8	255.0
1.43345971E8	170.0
1.43347094E8	255.0
1.433482165E8	219.68918450555745
1.43349338E8	0.0
1.433504585E8	255.0
1.43351578E8	0.8645533141210374
1.43352697E8	72.53395348837209
1.433538155E8	203.10344827586206
1.433549335E8	0.0
1.433560515E8	1.0
1.433571695E8	255.0
1.43358287E8	0.0
1.43359404E8	0.0
1.43360521E8	255.0
1.43361638E8	255.0
1.43362755E8	186.71188266064925
1.43363872E8	255.0
1.433649885E8	0.0
1.433661045E8	234.79277291221294
1.433668735E8	221.46034064032762
1.433674315E8	241.75153809749173
1.433683365E8	129.0
1.433694525E8	128.78964941569282
1.433705685E8	0.0
1.43371684E8	0.0
1.43372799E8	0.0
1.43373914E8	0.0
1.433750285E8	0.0
1.433761425E8	3.0
1.433772565E8	0.0
1.433783705E8	254.5757071547421
1.433794845E8	0.0
1.433805985E8	0.0
1.433817115E8	255.0
1.433828235E8	0.0
1.433839355E8	0.0
1.433850475E8	222.6988827469217
1.43386159E8	137.08318098720292
1.433872695E8	0.0
1.433883795E8	0.9878048780487805
1.433894895E8	45.0
1.433905995E8	0.0
1.43391709E8	255.0
1.43392818E8	0.0
1.43393927E8	255.0
1.43395036E8	255.0
1.433961445E8	2.561311886358889
1.433972525E8	0.0
1.4339836E8	0.0
1.43399467E8	230.80886784330607
1.43400574E8	1.0
1.434016805E8	243.79974799106083
1.434027865E8	0.0
1.43403892E8	126.2642740619902
1.43404997E8	0.0
1.43406102E8	0.0
1.43407207E8	0.0
1.43408312E8	0.0
1.43409417E8	0.0
1.43410521E8	0.0
1.43411624E8	0.0
1.43412727E8	0.0
1.434138295E8	0.0
1.434149315E8	0.0
1.434160335E8	2.980132450331126
1.43417135E8	63.55820895522388
1.43418236E8	0.0
1.43419337E8	2.3527696793002915
1.434204375E8	156.14675569748874
1.434215375E8	0.0
1.43422637E8	253.83561643835617
1.43423736E8	198.2072072072072
1.434248345E8	69.02411488439306
1.434259325E8	255.0
1.434270305E8	0.0
1.43428128E8	0.0
1.43429225E8	0.0
1.43430322E8	0.0
1.434314185E8	0.0
1.434325145E8	0.0
1.434336095E8	0.0
1.43434703E8	0.0
1.434357955E8	0.0
1.43436887E8	0.0
1.43437978E8	255.0
1.434390685E8	255.0
1.434401585E8	0.0
1.434412485E8	209.8105112620665
1.434423385E8	150.81272838002437
1.434434285E8	0.0
1.43444518E8	0.0
1.43445607E8	0.0
1.434466955E8	0.0
1.434477835E8	165.05569306930693
1.434488715E8	255.0
1.434499595E8	255.0
1.43451047E8	0.0
1.43452134E8	194.39920832330364
1.43453221E8	236.1893203883495
1.434543075E8	186.4508565748699
1.434553935E8	217.63569048500554
1.434564795E8	1.0004823926676314
1.434575655E8	0.0
1.434586505E8	255.0
1.434597345E8	185.95145631067962
1.434608185E8	0.0
1.434619025E8	0.0
1.434629865E8	1.5775535939470366
1.4346407E8	0.0
1.43465153E8	0.0
1.43466236E8	239.5880629701549
1.434673185E8	0.0
1.434684005E8	159.73225404732253
1.43469482E8	0.0
1.43470563E8	255.0
1.434716435E8	0.0
1.434727235E8	255.0
1.434738035E8	98.21237785016287
1.43474883E8	0.0
1.43475962E8	0.0
1.434770405E8	0.0
1.434781185E8	0.0
1.434791965E8	255.0
1.434802745E8	3.0
1.43481352E8	0.28585040495474034
1.43482429E8	0.0
1.434835055E8	0.0
1.434845815E8	0.0
1.434856575E8	0.0
1.434867335E8	255.0
1.43487809E8	0.0
1.43488884E8	167.73556054184326
1.43489959E8	34.12959221539603
1.43491034E8	0.0
1.434921085E8	0.0
1.434931825E8	5.2117134942619705
1.434942565E8	128.0
1.434953305E8	255.0
1.43496404E8	255.0
1.434974765E8	235.07760153030148
1.434985485E8	0.0
1.4349962E8	0.0
1.43500691E8	121.75291155177841
1.435017615E8	0.0
1.435028315E8	0.0
1.435039015E8	0.0
1.43504971E8	0.0
1.4350604E8	0.0
1.435071085E8	0.0
1.43508176E8	0.0
1.43509243E8	0.0
1.4351031E8	255.0
1.435113765E8	0.0
1.435124415E8	222.85589149477252
1.435135055E8	0.0
1.435145695E8	254.96808910023776
1.43515633E8	0.0
1.43516696E8	0.0
1.43517759E8	195.51400329489292
1.43518822E8	211.49319129226492
1.43519885E8	0.0
1.43520948E8	0.0
1.43522011E8	0.0
1.43523074E8	0.0
1.435241365E8	226.6173182102565
1.435251985E8	0.0
1.435262605E8	152.39043824701196
1.435273225E8	0.0
1.435283845E8	0.0
1.43529446E8	1.0
1.435305065E8	0.0
1.435315665E8	228.75571453947725
1.435326265E8	0.0
1.43533686E8	204.4616669450476
1.43534745E8	3.0
1.43535804E8	0.0
1.435368625E8	0.0
1.435379205E8	234.39978534661176
1.435389785E8	0.0
1.435400365E8	196.41790976480277
1.43541094E8	0.0
1.435421505E8	156.00866021395822
1.435432065E8	104.4311797752809
1.435442625E8	254.7813973424775
1.435453185E8	0.0
1.43546374E8	0.0
1.43547429E8	0.0
1.43548484E8	255.0
1.435495385E8	164.19524889897238
1.435505925E8	0.0
1.43551646E8	0.0
1.43552699E8	254.94803342164255
1.43553752E8	65.52109237495031
1.43554805E8	54.67101606542625
1.43555858E8	255.0
1.435569105E8	0.0
1.435579625E8	249.99845183375965
1.435590145E8	0.6356471658078205
1.43560066E8	0.0
1.43561117E8	0.0
1.43562168E8	255.0
1.43563219E8	0.0
1.4356427E8	32.00836820083682
1.435653205E8	0.0
1.435663705E8	0.38095238095238093
1.4356742E8	0.3866396761133603
1.43568469E8	0.0
1.43569518E8	0.0
1.43570567E8	255.0
1.43571616E8	255.0
1.435726645E8	0.0
1.435737125E8	213.34047778521992
1.435747605E8	0.0
1.435758085E8	0.0
1.435768565E8	150.81883968332508
1.43577904E8	0.20134749935216378
1.43578951E8	0.0
1.43579998E8	0.0
1.43581045E8	1.0
1.435820915E8	0.0
1.43583137E8	128.0
1.43584182E8	1.6666666666666667
1.43585227E8	128.0
1.43586272E8	0.0
1.435873165E8	0.0
1.435883605E8	0.0
1.435894045E8	10.24645057594428
1.43590448E8	254.5757071547421
1.43591491E8	255.0
1.435925335E8	0.0
1.435935755E8	0.0
1.435946175E8	239.18160700876095
1.435956595E8	216.68490153172866
1.435967015E8	2.4035087719298245
1.43597743E8	153.02758993778738
1.43598784E8	255.0
1.43599825E8	1.0
1.436008655E8	0.0
1.436019055E8	0.0
1.436029455E8	0.0
1.436039855E8	249.185667752443
1.43605025E8	117.1937235968618
1.43606064E8	161.75594576572573
1.43607103E8	255.0
1.436081415E8	0.0
1.436091795E8	223.01839464882943
1.436102175E8	0.0
1.43611255E8	0.0
1.43612292E8	0.0
1.43613329E8	0.0
1.43614366E8	172.3486087719475
1.436154025E8	0.0
1.436164385E8	0.0
1.43617474E8	0.0
1.43618509E8	255.0
1.43619544E8	255.0
1.43620579E8	0.0
1.43621614E8	191.5
1.43622648E8	0.0
1.43623681E8	255.0
1.43624714E8	3.0
1.43625747E8	204.95244755244755
1.436267795E8	0.0
1.436278115E8	236.12382234185733
1.436288435E8	77.88707280832095
1.43629875E8	0.0
1.43630906E8	0.0
1.43631937E8	204.3856427378965
1.436329675E8	207.8698664027709
1.436339975E8	0.0
1.436350275E8	0.0
1.43636057E8	255.0
1.43637086E8	254.33202357563852
1.43638115E8	139.79623714880904
1.43639144E8	223.62916292144482
1.43640173E8	0.0
1.43641202E8	0.0
1.43642231E8	0.0
1.436432595E8	0.0
1.436442875E8	0.0
1.43645315E8	0.0
1.43646342E8	0.0
1.43647369E8	0.0
1.436483955E8	0.0
1.436494215E8	0.0
1.43650447E8	255.0
1.43651472E8	3.0
1.43652497E8	0.0
1.43653522E8	0.5208333333333334
1.43654546E8	0.0
1.43655569E8	0.0
1.436565915E8	0.0
1.436576135E8	254.43396226415095
1.436586355E8	252.8901774980553
1.436596575E8	0.0
1.43660679E8	210.37869994196168
1.436617E8	254.42773788150808
1.43662721E8	0.0
1.436637415E8	209.63663915883888
1.436647615E8	0.0
1.436657815E8	0.0
1.43666801E8	0.0
1.4366782E8	0.0
1.43668839E8	255.0
1.43669858E8	0.0
1.43670877E8	121.11837455830388
1.436718955E8	252.56384943634163
1.436729135E8	0.0
1.436739315E8	0.0
1.436749495E8	0.0
1.436759665E8	0.0
1.436769825E8	3.0
1.436779985E8	0.0
1.43679014E8	0.0
1.43680029E8	0.0
1.436810435E8	0.0
1.436820575E8	182.62753407398924
1.436830715E8	0.0
1.436840855E8	0.0
1.436850995E8	0.0
1.43686113E8	0.0
1.43687126E8	255.0
1.43688139E8	255.0
1.436891515E8	0.0
1.436901635E8	0.0
1.436911755E8	145.71428571428572
1.436921875E8	208.4715549936789
1.436931995E8	196.0154355016538
1.43694211E8	0.0
1.43695222E8	0.47757294237189724
1.43696233E8	0.0
1.43697244E8	191.3625
1.436982545E8	211.13111191597247
1.436992645E8	253.3112582781457
1.437002745E8	255.0
1.437012845E8	0.0
1.437022935E8	0.0
1.437033015E8	0.0
1.437043095E8	2.3333333333333335
1.43705317E8	0.0
1.43706324E8	0.0
1.437073305E8	1.6028225806451613
1.437083365E8	0.4
1.437093425E8	3.0
1.43710348E8	0.0
1.43711353E8	0.0
1.43712358E8	1.4754098360655739
1.43713363E8	0.0
1.43714368E8	127.90969899665552
1.437153725E8	0.0
1.437163765E8	0.0
1.437173805E8	255.0
1.437183845E8	0.0
1.43719388E8	0.0
1.4372039E8	179.99032882011605
1.43721391E8	0.0
1.43722392E8	86.90604026845638
1.43723393E8	0.0
1.43724394E8	93.38297872340425
1.437251765E8	122.02564102564102
1.437257305E8	0.0
