Sample	0	1	2	3	4	5	6	7	8	9	10	11	12	13	14	15	16	17	18	19	20	21	22	23
HSF4_0H_1_1	(25, 305.0)	(30, 444.0)	(35, 1702.0)	(40, 6530.0)	(45, 6637.0)	(50, 7260.0)	(55, 7592.0)	(60, 9161.0)	(65, 11428.0)	(70, 15170.0)	(75, 20523.0)	(80, 27401.0)	(85, 36092.0)	(90, 47248.0)	(95, 61276.0)	(100, 76993.0)	(105, 95995.0)	(110, 117617.0)	(115, 143888.0)	(120, 176487.0)	(125, 218268.0)	(130, 310383.0)	(135, 536931.0)	(140, 73550909.0)
HSF4_0H_1_2	(25, 14.0)	(30, 17.0)	(35, 1278.0)	(40, 6540.0)	(45, 6649.0)	(50, 7254.0)	(55, 7602.0)	(60, 9182.0)	(65, 11447.0)	(70, 15185.0)	(75, 20611.0)	(80, 27535.0)	(85, 36347.0)	(90, 47561.0)	(95, 61802.0)	(100, 77775.0)	(105, 97248.0)	(110, 119602.0)	(115, 147532.0)	(120, 183363.0)	(125, 232521.0)	(130, 310721.0)	(135, 467403.0)	(140, 73591051.0)
HSF4_0H_2_1	(25, 9.0)	(30, 17.0)	(35, 1220.0)	(40, 6141.0)	(45, 6062.0)	(50, 5942.0)	(55, 5636.0)	(60, 6072.0)	(65, 6495.0)	(70, 7316.0)	(75, 8490.0)	(80, 10235.0)	(85, 12746.0)	(90, 15449.0)	(95, 19033.0)	(100, 23710.0)	(105, 28830.0)	(110, 35495.0)	(115, 44871.0)	(120, 57252.0)	(125, 75842.0)	(130, 107814.0)	(135, 188829.0)	(140, 59735533.0)
HSF4_0H_2_2	(25, 15.0)	(30, 19.0)	(35, 1225.0)	(40, 6149.0)	(45, 6081.0)	(50, 5957.0)	(55, 5669.0)	(60, 6116.0)	(65, 6532.0)	(70, 7364.0)	(75, 8596.0)	(80, 10385.0)	(85, 12927.0)	(90, 15736.0)	(95, 19447.0)	(100, 24423.0)	(105, 29852.0)	(110, 37228.0)	(115, 47860.0)	(120, 62861.0)	(125, 88009.0)	(130, 135124.0)	(135, 243291.0)	(140, 59628173.0)
HSF4_0H_3_1	(25, 196.0)	(30, 279.0)	(35, 1140.0)	(40, 4659.0)	(45, 4559.0)	(50, 4904.0)	(55, 5208.0)	(60, 5966.0)	(65, 7133.0)	(70, 9259.0)	(75, 12476.0)	(80, 16237.0)	(85, 21540.0)	(90, 28339.0)	(95, 36998.0)	(100, 47484.0)	(105, 59226.0)	(110, 73353.0)	(115, 90522.0)	(120, 112427.0)	(125, 142233.0)	(130, 209384.0)	(135, 379248.0)	(140, 56865511.0)
HSF4_0H_3_2	(25, 6.0)	(30, 20.0)	(35, 866.0)	(40, 4656.0)	(45, 4562.0)	(50, 4898.0)	(55, 5201.0)	(60, 5977.0)	(65, 7163.0)	(70, 9287.0)	(75, 12535.0)	(80, 16314.0)	(85, 21635.0)	(90, 28574.0)	(95, 37269.0)	(100, 47953.0)	(105, 60060.0)	(110, 74793.0)	(115, 93111.0)	(120, 117303.0)	(125, 152098.0)	(130, 207542.0)	(135, 323399.0)	(140, 56903059.0)
HSF4_2H_1_1	(25, 13.0)	(30, 13.0)	(35, 1160.0)	(40, 5772.0)	(45, 5581.0)	(50, 5560.0)	(55, 5482.0)	(60, 6083.0)	(65, 6628.0)	(70, 7800.0)	(75, 9448.0)	(80, 11869.0)	(85, 14699.0)	(90, 18310.0)	(95, 22667.0)	(100, 28327.0)	(105, 35311.0)	(110, 42999.0)	(115, 54918.0)	(120, 69068.0)	(125, 90657.0)	(130, 126610.0)	(135, 214917.0)	(140, 61578316.0)
HSF4_2H_1_2	(25, 11.0)	(30, 29.0)	(35, 1162.0)	(40, 5780.0)	(45, 5605.0)	(50, 5583.0)	(55, 5491.0)	(60, 6140.0)	(65, 6656.0)	(70, 7845.0)	(75, 9540.0)	(80, 11997.0)	(85, 14844.0)	(90, 18618.0)	(95, 23097.0)	(100, 29011.0)	(105, 36257.0)	(110, 44749.0)	(115, 57902.0)	(120, 74740.0)	(125, 101806.0)	(130, 152972.0)	(135, 266485.0)	(140, 61475888.0)
HSF4_2H_2_1	(25, 13.0)	(30, 12.0)	(35, 1121.0)	(40, 5655.0)	(45, 5724.0)	(50, 5633.0)	(55, 5367.0)	(60, 5838.0)	(65, 6225.0)	(70, 7626.0)	(75, 8821.0)	(80, 11461.0)	(85, 14362.0)	(90, 17913.0)	(95, 22921.0)	(100, 29131.0)	(105, 35669.0)	(110, 44575.0)	(115, 55795.0)	(120, 71235.0)	(125, 92525.0)	(130, 128031.0)	(135, 209967.0)	(140, 58533089.0)
HSF4_2H_2_2	(25, 13.0)	(30, 21.0)	(35, 1124.0)	(40, 5656.0)	(45, 5739.0)	(50, 5653.0)	(55, 5401.0)	(60, 5871.0)	(65, 6281.0)	(70, 7700.0)	(75, 8925.0)	(80, 11639.0)	(85, 14580.0)	(90, 18232.0)	(95, 23408.0)	(100, 29904.0)	(105, 36828.0)	(110, 46518.0)	(115, 59060.0)	(120, 77338.0)	(125, 105182.0)	(130, 156904.0)	(135, 266458.0)	(140, 58420274.0)
HSF4_2H_3_1	(25, 3.0)	(30, 8.0)	(35, 1177.0)	(40, 6004.0)	(45, 5960.0)	(50, 5859.0)	(55, 5963.0)	(60, 6198.0)	(65, 6617.0)	(70, 7931.0)	(75, 9600.0)	(80, 11618.0)	(85, 14846.0)	(90, 18611.0)	(95, 24297.0)	(100, 30758.0)	(105, 38024.0)	(110, 47762.0)	(115, 60089.0)	(120, 76793.0)	(125, 98811.0)	(130, 134482.0)	(135, 217867.0)	(140, 55780061.0)
HSF4_2H_3_2	(25, 11.0)	(30, 16.0)	(35, 1177.0)	(40, 6003.0)	(45, 5968.0)	(50, 5877.0)	(55, 5985.0)	(60, 6217.0)	(65, 6660.0)	(70, 7948.0)	(75, 9705.0)	(80, 11755.0)	(85, 15018.0)	(90, 18899.0)	(95, 24657.0)	(100, 31341.0)	(105, 38914.0)	(110, 49091.0)	(115, 62494.0)	(120, 81498.0)	(125, 109016.0)	(130, 158809.0)	(135, 267003.0)	(140, 55685277.0)
HSF4_4H_1_1	(25, 7.0)	(30, 11.0)	(35, 774.0)	(40, 3889.0)	(45, 3920.0)	(50, 3968.0)	(55, 3683.0)	(60, 3899.0)	(65, 4181.0)	(70, 5025.0)	(75, 5858.0)	(80, 7358.0)	(85, 9193.0)	(90, 11234.0)	(95, 14525.0)	(100, 19016.0)	(105, 23419.0)	(110, 29553.0)	(115, 37940.0)	(120, 49300.0)	(125, 66428.0)	(130, 94839.0)	(135, 166978.0)	(140, 51995375.0)
HSF4_4H_1_2	(25, 11.0)	(30, 12.0)	(35, 781.0)	(40, 3888.0)	(45, 3921.0)	(50, 3983.0)	(55, 3683.0)	(60, 3917.0)	(65, 4200.0)	(70, 5058.0)	(75, 5880.0)	(80, 7438.0)	(85, 9316.0)	(90, 11441.0)	(95, 14832.0)	(100, 19408.0)	(105, 24162.0)	(110, 30765.0)	(115, 40146.0)	(120, 53577.0)	(125, 75219.0)	(130, 115967.0)	(135, 210692.0)	(140, 51912076.0)
HSF4_4H_2_1	(25, 11.0)	(30, 6.0)	(35, 1088.0)	(40, 5342.0)	(45, 5692.0)	(50, 5840.0)	(55, 5816.0)	(60, 6276.0)	(65, 6739.0)	(70, 8073.0)	(75, 9826.0)	(80, 12444.0)	(85, 16043.0)	(90, 20097.0)	(95, 26170.0)	(100, 33121.0)	(105, 41384.0)	(110, 51722.0)	(115, 63995.0)	(120, 81170.0)	(125, 104140.0)	(130, 140105.0)	(135, 219993.0)	(140, 50601544.0)
HSF4_4H_2_2	(25, 31513.0)	(30, 17179.0)	(35, 10066.0)	(40, 13713.0)	(45, 20126.0)	(50, 22989.0)	(55, 21996.0)	(60, 15941.0)	(65, 12448.0)	(70, 16151.0)	(75, 15384.0)	(80, 16342.0)	(85, 19956.0)	(90, 23844.0)	(95, 31341.0)	(100, 36390.0)	(105, 49052.0)	(110, 57304.0)	(115, 70207.0)	(120, 90657.0)	(125, 126000.0)	(130, 203533.0)	(135, 356545.0)	(140, 50187960.0)
HSF4_4H_3_1	(25, 7.0)	(30, 11.0)	(35, 937.0)	(40, 4875.0)	(45, 4788.0)	(50, 4934.0)	(55, 4772.0)	(60, 4968.0)	(65, 5011.0)	(70, 5723.0)	(75, 6603.0)	(80, 7790.0)	(85, 9569.0)	(90, 11921.0)	(95, 14795.0)	(100, 17847.0)	(105, 22321.0)	(110, 28025.0)	(115, 35575.0)	(120, 44950.0)	(125, 59935.0)	(130, 86016.0)	(135, 154983.0)	(140, 50867046.0)
HSF4_4H_3_2	(25, 9289.0)	(30, 13495.0)	(35, 6706.0)	(40, 12545.0)	(45, 9549.0)	(50, 13014.0)	(55, 8193.0)	(60, 6250.0)	(65, 8190.0)	(70, 8134.0)	(75, 9886.0)	(80, 10219.0)	(85, 12911.0)	(90, 14680.0)	(95, 19270.0)	(100, 21730.0)	(105, 26420.0)	(110, 40478.0)	(115, 43451.0)	(120, 53560.0)	(125, 70960.0)	(130, 244389.0)	(135, 252462.0)	(140, 50487621.0)
HSF4_6H_1_1	(25, 2.0)	(30, 5.0)	(35, 860.0)	(40, 4504.0)	(45, 4485.0)	(50, 4552.0)	(55, 4431.0)	(60, 4817.0)	(65, 5565.0)	(70, 6644.0)	(75, 8155.0)	(80, 10473.0)	(85, 13443.0)	(90, 16800.0)	(95, 21508.0)	(100, 27558.0)	(105, 33924.0)	(110, 42540.0)	(115, 52655.0)	(120, 68024.0)	(125, 86941.0)	(130, 118270.0)	(135, 190754.0)	(140, 49940005.0)
HSF4_6H_1_2	(25, 12166.0)	(30, 18143.0)	(35, 8556.0)	(40, 14953.0)	(45, 11338.0)	(50, 16169.0)	(55, 9422.0)	(60, 6703.0)	(65, 10377.0)	(70, 10113.0)	(75, 13130.0)	(80, 14087.0)	(85, 18444.0)	(90, 21114.0)	(95, 28474.0)	(100, 33363.0)	(105, 39920.0)	(110, 61833.0)	(115, 64109.0)	(120, 78576.0)	(125, 99156.0)	(130, 325960.0)	(135, 298086.0)	(140, 49452723.0)
HSF4_6H_2_1	(25, 3.0)	(30, 10.0)	(35, 916.0)	(40, 4871.0)	(45, 4780.0)	(50, 4859.0)	(55, 4609.0)	(60, 4934.0)	(65, 5174.0)	(70, 6152.0)	(75, 7352.0)	(80, 8930.0)	(85, 11177.0)	(90, 13718.0)	(95, 17494.0)	(100, 21983.0)	(105, 27041.0)	(110, 33494.0)	(115, 41851.0)	(120, 53682.0)	(125, 70439.0)	(130, 97629.0)	(135, 169280.0)	(140, 52359899.0)
HSF4_6H_2_2	(25, 8.0)	(30, 11.0)	(35, 924.0)	(40, 4890.0)	(45, 4773.0)	(50, 4876.0)	(55, 4633.0)	(60, 4962.0)	(65, 5201.0)	(70, 6241.0)	(75, 7442.0)	(80, 9070.0)	(85, 11378.0)	(90, 14047.0)	(95, 18048.0)	(100, 22707.0)	(105, 28100.0)	(110, 35378.0)	(115, 45108.0)	(120, 60100.0)	(125, 84520.0)	(130, 130289.0)	(135, 239417.0)	(140, 52228154.0)
HSF4_6H_3_1	(25, 9.0)	(30, 9.0)	(35, 982.0)	(40, 5138.0)	(45, 5113.0)	(50, 5223.0)	(55, 4890.0)	(60, 5511.0)	(65, 6149.0)	(70, 7025.0)	(75, 8916.0)	(80, 10852.0)	(85, 13895.0)	(90, 18155.0)	(95, 22808.0)	(100, 29127.0)	(105, 36738.0)	(110, 45577.0)	(115, 56733.0)	(120, 71465.0)	(125, 92001.0)	(130, 123234.0)	(135, 201791.0)	(140, 53827641.0)
HSF4_6H_3_2	(25, 12.0)	(30, 6.0)	(35, 990.0)	(40, 5148.0)	(45, 5125.0)	(50, 5244.0)	(55, 4903.0)	(60, 5515.0)	(65, 6180.0)	(70, 7060.0)	(75, 8989.0)	(80, 11003.0)	(85, 14082.0)	(90, 18314.0)	(95, 23187.0)	(100, 29758.0)	(105, 37572.0)	(110, 47092.0)	(115, 59559.0)	(120, 76843.0)	(125, 102730.0)	(130, 149394.0)	(135, 254443.0)	(140, 53725833.0)
