#Position (bp)	Coverage	Std
179658.5	279.8238987409411	381.5164184753584
538974.5	319.1841304033219	2415.607279724813
898290.5	232.17650480357122	475.7224356634479
1257606.5	150.9178522526133	272.71999282449104
1616922.5	107.8891421478587	263.6009276937995
1976238.5	102.79224136971357	241.84427464206735
2335554.5	186.39712398000646	311.7497561736748
2694870.5	229.87083514232597	1370.8843890660496
3054186.5	241.64801456099923	309.99902241075523
3413502.5	97.06768972158211	196.28298377206588
3772818.5	72.51764185285376	121.13155059851796
4132134.5	124.43557759743513	1501.7488960058386
4491450.5	237.40836756504024	2296.866170651404
4850766.5	211.97801378174086	391.70816000175785
5210082.5	319.4152473032094	1720.872845955353
5569398.5	157.56393536608445	388.3844562533929
5928714.5	822.4678194124392	1718.7293089447078
6288030.5	233.71746596310768	288.24351318159995
6647346.5	227.95603034654732	432.3667094591465
7006662.5	255.39390397310444	1202.7187956782782
7365978.5	168.58380367142016	214.45898268273734
7725294.5	277.16839773347135	1736.1183961253828
8084610.5	542.5098158723797	1971.1360965616864
8443926.5	741.9007781451425	1958.2421652433964
8803242.5	49.55548597891549	87.2806039803123
9162558.5	76.2309276514266	321.9252278220435
9521874.5	208.9746212247715	542.4774869920178
9881190.5	480.9536870053101	2942.3678259942644
1.02405065E7	725.3888193122489	3510.2402837218965
1.05998225E7	357.4538372908526	977.425619492749
1.09591385E7	470.27970365917463	2343.5796012442875
1.13184545E7	27.756821293791536	81.0397269200604
1.16777705E7	109.24131961838604	397.2901606707615
1.20370865E7	205.22818911487383	382.18690372824153
1.23964025E7	578.6477223391109	364.8754224868
1.27557185E7	121.38830722817798	301.53824765840153
1.31150345E7	179.90685079428692	281.54789810946136
1.34743505E7	248.36101926994624	1356.7392600932296
1.38336665E7	98.90718754522482	201.19743323470385
1.41929825E7	77.6312076278262	174.60961977296196
1.45522985E7	21.242942145632256	51.41025036866001
1.49116145E7	202.79202429059657	422.047615546369
1.52709305E7	62.36881741976422	181.62980235611025
1.56302465E7	84.95568246334703	183.56970385131706
1.59895625E7	19.5081571652807	62.35895818055488
1.63488785E7	347.5890247024903	361.24346232425387
1.67081945E7	271.45403488851036	474.9289330027287
1.70675105E7	35.70816774092999	105.5310097542359
1.74268265E7	159.88238208151043	351.17701238959376
1.77861425E7	19.097026016097253	12.380941311380456
1.81454585E7	45.46976199222968	90.56496220435251
1.85047745E7	335.556966569816	1975.9633819560245
1.88640905E7	293.5701276870498	1510.953507352361
1.92234065E7	177.6860173218003	303.654285696432
1.95827225E7	282.6559101181133	383.4828781909452
1.99420385E7	120.22051341994234	344.3561837287011
2.03013545E7	120.45581883356155	289.49939522335086
2.06606705E7	293.5267619588329	713.0695977033993
2.10199865E7	360.6315137650425	365.8224174115514
2.13793025E7	261.17192666065523	400.82992077121014
2.17386185E7	526.5228962807112	2451.725035218087
2.20979345E7	195.15215576261565	2355.693566000135
2.24572505E7	276.5453417047947	2422.9964245471533
2.28165665E7	111.2591952487504	120.07477472210114
2.31758825E7	79.66177403733761	195.8331198424782
2.34346265E7	59.33333965556483	442.56165394973084
2.36142845E7	1.6162401065903034	3.5180534780515007
2.38945145E7	16.35759609925525	47.924875699665115
2.42538305E7	74.6218927072549	95.2593570652453
2.46131465E7	263.5340424584488	144.40528187127163
2.49724625E7	132.81631210410893	230.28525464312818
2.53317785E7	86.7979188235425	597.1385748524713
2.56910945E7	36.52805608433802	20.898304860541934
2.60504105E7	139.26650914515358	29.21963963486182
2.64097265E7	203.8071029400305	128.18143741212182
2.67690425E7	13.97151810662481	32.86804137466311
2.71283585E7	72.54579534448786	128.2062144235813
2.74876745E7	276.76118792372176	144.2916002895724
2.78469905E7	720.0100774805463	320.31579773730755
2.82063065E7	414.7779447617139	1907.9868484038634
2.85656225E7	151.81168108294648	236.60439501519613
2.89249385E7	258.4109085039353	335.58030791556325
2.92842545E7	179.58890781373498	335.0332987551467
2.96435705E7	271.82850471451314	981.6599562638455
3.00028865E7	236.86711974974673	671.801914268671
3.03622025E7	434.53690344988814	565.1556062609687
3.07215185E7	51.39214785870933	98.78189338587273
3.10808345E7	315.79654398913493	378.97523305345453
3.14401505E7	276.14864631689096	556.5577827964407
3.17994665E7	112.51617239421567	217.57410219229672
3.21587825E7	113.72096149350432	248.81988308482946
3.25180985E7	278.63421333867683	554.5370753000287
3.28774145E7	133.26130759554263	303.34712323686045
3.32367305E7	325.30926816506917	2063.613420602175
3.35960465E7	445.2356115508355	828.271575398948
3.39553625E7	374.5892028186888	272.92484464614665
3.43146785E7	149.82498691959168	337.1868494101352
3.46739945E7	101.599043738659	166.18230840610119
3.50333105E7	252.57966525286935	376.79389185330473
3.53926265E7	714.5852508655335	5351.928364642313
3.57519425E7	1080.4549004219127	2334.4436213829817
3.61112585E7	269.7742989457748	602.9128443559011
3.64705745E7	210.11606775094901	1136.8277362180238
3.68298905E7	188.8546516158479	271.9217315587962
3.71892065E7	124.84158790591012	305.5968084065035
3.75485225E7	600.3563353705374	901.1143235499668
3.79078385E7	536.1839133242049	3407.1431408988547
3.82671545E7	125.65455476516493	380.69501484828874
3.86264705E7	116.73482116020439	298.20354156135545
3.89857865E7	90.17051842946042	198.77897992547446
3.93451025E7	179.42943258858497	280.5634851336691
3.97044185E7	458.1534916341048	574.4681715489456
4.00637345E7	317.19375424417507	2843.0713624211467
4.04230505E7	293.55536352402896	1867.0220646464993
4.07823665E7	504.6506334257311	1789.0594642260987
4.11416825E7	447.99092998920173	1900.4673492500374
4.15009985E7	558.7726207572165	2584.0562129738096
4.18603145E7	225.4978292088301	415.98026533219553
4.22196305E7	338.1487715548431	543.119232539422
4.25789465E7	133.5859521980652	183.74368115673226
4.29382625E7	835.6911492947712	2320.6338801669594
4.32975785E7	57.520797849246904	164.14213605496187
4.36568945E7	147.27351968740606	1801.6246054176668
4.40162105E7	221.49664083981787	264.5398909431017
4.43755265E7	69.10208841242806	253.0731220940044
4.47348425E7	334.13742499638204	1004.6987205266162
4.50941585E7	662.4184895746363	902.0092065700638
4.54534745E7	109.82247102828708	187.64057768401872
4.58127905E7	179.67097485221922	267.53439268764635
4.61721065E7	570.1344805129746	2539.895925418872
4.65314225E7	322.4049610927429	1935.3050040301564
4.68907385E7	351.08348361887585	1247.0842815950227
4.72500545E7	289.39479177103163	765.9018593756089
4.76093705E7	869.9710561177349	3030.230923397035
4.79686865E7	249.86439512852198	596.7195695503414
4.83280025E7	486.88015284596287	3829.7063991472237
4.86541545E7	98.77550275096591	77.76190487452054
4.88338125E7	3.71146423833072	2.3642303382430243
4.90466345E7	294.4185841988667	511.20955437026436
4.94059505E7	141.00901434948625	170.5041937344735
4.97652665E7	173.2097874851106	360.3526639936447
5.01245825E7	205.24947956673233	365.1446585038348
5.04838985E7	403.488533769718	1876.3615134771787
5.08432145E7	87.69411047657215	200.5724360329829
5.12025305E7	180.0750175333133	228.4074107608954
5.15618465E7	312.33695131861646	2197.813219078375
5.19211625E7	546.7486029010676	2092.7606886180806
5.22804785E7	310.6590355007848	256.4274718015552
5.26397945E7	184.3192705028443	531.441376378075
5.29991105E7	337.5664484743234	426.04249720292404
5.33584265E7	102.46332476149128	243.01022968674113
5.37177425E7	29.655286711418363	86.91754960775557
5.40770585E7	239.79091941355242	547.650178007393
5.44363745E7	290.7758602455777	548.4223018793189
5.47956905E7	58.01389584655289	168.84493874661052
5.51550065E7	112.92996137104944	399.1997657740069
5.55143225E7	95.40748811630988	311.0901830738483
5.58736385E7	235.09969497600997	1456.005628768928
5.62329545E7	238.6147624931815	459.03954633466253
5.65922705E7	95.05033174141981	150.37088193363132
5.69515865E7	294.8226881074041	473.3931855438094
5.73109025E7	376.3132229012902	1999.249877319423
5.76702185E7	131.85470449409434	423.8073556545983
5.80295345E7	411.89800342873684	1045.246015270499
5.83888505E7	640.3676596644736	2543.824012259922
5.87481665E7	138.28560654131738	272.3107349062224
5.91074825E7	52.50491489385388	88.45952083343356
5.94667985E7	495.3634405370203	11033.41952608932
5.98261145E7	208.51490609936658	464.1594592872324
6.01854305E7	130.49864743011722	156.14724991477212
6.05447465E7	302.68343185385567	1728.5112775407697
6.09040625E7	233.0	494.72769719578196
6.12633785E7	157.77152144630352	267.33773227760645
6.16226945E7	123.55413062596712	225.83289552690783
6.19820105E7	451.23973048792703	2406.4905649571674
6.23413265E7	78.43385487982722	136.11107504257612
6.27006425E7	167.58182212871122	440.8620977484977
6.30599585E7	61.06205401373721	99.86452113078533
6.34192745E7	138.92032083180266	384.3245425459602
6.37785905E7	256.0400371817565	736.4515252636932
6.41379065E7	41.65587950439168	137.46357487573096
6.44972225E7	186.83635295951197	339.7541062430829
6.48565385E7	212.05970510636877	288.6365107331967
6.52158545E7	203.55249140032728	423.7393544310046
6.55751705E7	326.8188085139543	441.77021325251127
6.59344865E7	159.8300520989881	197.30797154712684
6.62938025E7	213.3906143895624	476.5737323398825
6.66531185E7	81.48813300827128	210.86190777377527
6.70124345E7	30.46094802346681	82.73274820192508
6.73717505E7	128.49622894610872	504.55839481963375
6.77310665E7	268.5226263233477	1985.2520710712824
6.80903825E7	68.04869251577998	177.8971786737369
6.84496985E7	147.83185552549844	283.62639663277383
6.88090145E7	282.36336539424906	465.9888184518748
6.91683305E7	441.1175845217023	549.6792339856747
6.95276465E7	110.14126840997896	192.06819748507627
6.98869625E7	94.47164612764252	199.84786206493288
7.02462785E7	223.06522949158958	433.0226087968888
7.06055945E7	212.70465829520535	446.5300935177244
7.09649105E7	283.92906244085987	2428.8695757752726
7.13242265E7	12.982102105110823	18.09283405112036
7.16835425E7	210.65557615024102	606.344957002171
7.20428585E7	511.8400266061072	3450.7877930277978
7.24021745E7	1066.1314775851897	240.98248097572625
7.27614905E7	172.76128533101783	376.66110436851795
7.31208065E7	17.77575727215042	37.28051256824059
7.34801225E7	50.71710416457937	87.88834176674685
7.38394385E7	83.00079317369669	404.46138154913507
7.41987545E7	48.13675149450623	29.364996038687554
7.45580705E7	256.67103051353126	39.857965873677756
7.49173865E7	114.55202106224048	26.123810615192713
7.52767025E7	18.316131204844762	12.426467865325458
7.56360185E7	14.772946375891973	3.8583007037047277
7.59953345E7	573.3660148727026	2348.819854145282
7.63546505E7	222.69168086030123	44.2584122897668
7.67139665E7	196.80794620890805	213.1872548635693
7.690225E7	4.6367746797287115	1.5470890199613232
7.7081908E7	2.0109891394910324	24.56076722033344
7.74325985E7	30.72627714880495	7.7797233743871494
7.77919145E7	41.68670473900411	121.83234115688806
7.81512305E7	4.418695521490832	2.432323808962421
7.85105465E7	4.098417548898462	19.42465694186984
7.88698625E7	20.337666566476305	17.972625747149237
7.92291785E7	24.68885326564918	71.93559807805829
7.95884945E7	28.839698204366073	132.29443562777226
7.99478105E7	38.67519954580369	79.88242631432988
8.03071265E7	345.8592742878135	97.1642098379025
8.06664425E7	391.7315232274655	405.7440227430012
8.10257585E7	62.51845450800966	123.0936806538053
8.13850745E7	285.6950678511394	780.6954284888344
8.17443905E7	168.5715748811631	383.02163490823756
8.21037065E7	264.472895724098	323.6737726579931
8.24630225E7	632.3057392378853	2292.9479770173775
8.28223385E7	261.95744136080776	613.5308637886337
8.31816545E7	120.99110810540026	214.5812410290037
8.35409705E7	49.14541517772657	239.26541992431603
8.39002865E7	346.0169154727315	2097.95110525629
8.42596025E7	75.57465295171937	120.91861078539381
8.46189185E7	41.08124881719712	185.8791906969668
8.49782345E7	198.0642331541039	247.3935482199442
8.53375505E7	132.3558038050073	501.0294132069565
8.56968665E7	284.1713060370259	476.51066181964393
8.60561825E7	281.6715147669461	388.5767450530507
8.64154985E7	389.0440058333055	1337.7386360491714
8.67748145E7	430.8313851874116	2752.5868181761984
8.71341305E7	236.69790101192265	508.7260183417568
8.74934465E7	30.448593995257657	108.46520969330119
8.78527625E7	131.88310567856706	353.3218791169341
8.82120785E7	569.2471473577575	3184.0992649484388
8.85713945E7	1094.0544089325274	940.848676255797
8.89307105E7	266.6113059257033	322.01360254651206
8.92900265E7	356.4157733026083	684.9542959287659
8.96493425E7	124.8408726580503	333.55742728197725
9.00086585E7	331.5221810328513	423.14238876503276
9.03679745E7	128.5021874895635	424.85828575562516
9.07272905E7	427.20665097017667	654.8020103928046
9.10866065E7	227.519971278763	637.881266640383
9.14459225E7	121.1238631177014	739.8834524396857
9.18052385E7	288.3884296830645	1239.5420496274594
9.21645545E7	706.716238631177	2059.058859264055
9.25238705E7	52.822407017778225	317.86760510484623
9.28831865E7	296.5546816729564	1789.7083139087138
9.32425025E7	247.2603613532378	376.0997759473907
9.36018185E7	164.45658974273343	318.57569957647553
9.39611345E7	158.24355442006478	289.3482214583061
9.43204505E7	78.87320631421923	175.44147309929744
9.46797665E7	78.24628460742076	154.18405669274475
9.50390825E7	769.5472592369947	1437.5795112079063
9.53983985E7	163.8049237996638	199.45192807055292
9.57577145E7	102.11883968428904	183.84867987144182
9.61170305E7	162.74764274343474	415.12360634864854
9.64763465E7	114.86506863039776	242.26951211573436
9.68356625E7	156.68501263511783	205.45077156613584
9.71949785E7	36.58459127898563	69.46736802290098
9.75542945E7	316.6699033719623	1431.8286626512943
9.79136105E7	430.6009724031215	1198.7176048757126
9.82729265E7	196.18880873659953	298.07316600313237
9.86322425E7	97.23914604415056	194.01336368446016
9.89915585E7	166.04718966035466	261.44493569823294
9.93508745E7	305.10839483908313	522.2150855553725
9.97101905E7	123.96667557247659	158.35276755036654
1.000695065E8	134.8412010597914	182.2527154329131
1.004288225E8	204.63055082434403	2038.2645562200032
1.007881385E8	400.2341142615414	700.0938634860578
1.011474545E8	341.5667100824901	496.32236775055725
1.015067705E8	167.64413496754946	234.5596929752101
1.018660865E8	242.34325217914036	547.5697235636346
1.022254025E8	388.2935466274811	2082.986692927057
1.025847185E8	275.6400939562947	2852.59516772915
1.029440345E8	110.48455398590656	427.20928343451425
1.033033505E8	104.6624586714758	148.55891995026946
1.036626665E8	236.0653714279353	657.0221141996296
1.040219825E8	169.47984782197287	251.73412231041067
1.043812985E8	103.94691024056819	312.64207379451983
1.047406145E8	301.4127954224137	1805.3904711633738
1.050999305E8	41.44200369591112	149.00115190453238
1.054592465E8	102.81030068240769	247.07805059642808
1.058185625E8	159.70481136381346	165.57871517354812
1.061778785E8	263.21729619610596	1418.1387817903571
1.065371945E8	180.13284128733483	416.65142092470103
1.068965105E8	692.9564784201093	3214.143740067122
1.072558265E8	424.7529528326042	2255.254869084015
1.076151425E8	147.49969386278374	324.52895613688213
1.079744585E8	312.72359705662984	1046.9059119962656
1.083337745E8	295.5114996270692	1557.4286904444816
1.086930905E8	404.89652283783636	1008.2434406467012
1.089314775E8	368.21386367893206	714.9602076064978
1.091111355E8	469.32999115183287	3026.837710441309
1.094117225E8	323.329737612575	317.5386116267933
1.097710385E8	253.01279931870553	330.84261723652037
1.101303545E8	386.41361086063523	755.9393615833575
1.10324175E8	131.99177405119153	191.58092752595036
1.10503833E8	128.47290107586008	117.0213930664829
1.108489865E8	209.38066493003373	1507.3826406445162
1.112083025E8	136.35858130447852	384.1107893831184
1.115676185E8	104.83332776720214	137.20988216968996
1.119269345E8	217.99340413452225	2165.183533965717
1.122862505E8	188.20350053991473	240.49914173228117
1.126455665E8	125.92004252524241	202.12016925422554
1.130048825E8	222.66424818265816	207.62144256618336
1.133641985E8	35.06604771287669	68.64288038664311
1.137235145E8	97.1285553663071	255.12049095037366
1.140828305E8	151.01082612519343	244.65147544002676
1.144421465E8	329.17608734373084	595.2411831565745
1.148014625E8	74.51905286711418	134.7837004632363
1.151607785E8	437.85244464482514	724.6014156565182
1.155200945E8	118.329737612575	294.11299115528595
1.158794105E8	193.63788698527202	1627.9078203010517
1.162387265E8	294.76779213839626	1596.5635252400064
1.165980425E8	233.91676964009395	464.1559074671722
1.169573585E8	501.0050930100524	2252.3339868070916
1.173166745E8	107.58481114116822	133.29013033447933
1.176759905E8	51.59362510993109	112.48424409835928
1.180353065E8	28.52262354028209	88.9318897561291
1.183946225E8	425.1919508176647	1983.3413607898744
1.187539385E8	218.60919079584545	252.82676695426457
1.191132545E8	212.7804523038217	282.0743786677596
1.194725705E8	382.96572098097494	875.6198277753986
1.198318865E8	177.64300504291487	1803.0376687058367
1.201912025E8	45.72076111278095	169.73298994226133
1.205505185E8	159.0701666499683	190.97085993265875
1.209098345E8	116.65836478197464	227.2096087017197
1.212691505E8	266.6088957908916	547.7360982006809
1.216284665E8	217.46694831290563	546.5033751275611
1.219877825E8	214.6280933774171	317.8196831892234
1.223470985E8	92.14505059613265	218.57185495056532
1.227064145E8	32.40292388872191	64.58402588741535
1.230657305E8	190.6096249540794	146.79349948462945
1.234250465E8	93.57380968284184	272.8712123613462
1.237843625E8	293.7102355586726	1502.9147894028724
1.241436785E8	280.85657471417915	586.5878235892723
1.245029945E8	91.06150018368233	194.61035575640383
1.248623105E8	47.62686047935522	89.92294278029532
1.252216265E8	114.38620044751696	75.15203198797448
1.255809425E8	138.71285164033887	1525.0583503352314
1.259402585E8	248.58370348105845	462.82921488802987
1.262995745E8	273.9774627347516	422.935186016047
1.266588905E8	357.3356989390954	793.8059099762075
1.270182065E8	213.86019269946232	995.5328609709122
1.273775225E8	398.89245399592556	1247.330318067018
1.277368385E8	74.18921228111189	218.98292638977307
1.280961545E8	168.91274254416726	199.9118555833622
1.284554705E8	53.47024902871011	120.21708691667064
1.288147865E8	127.78819200926205	312.83490511350146
1.291741025E8	139.9757511494061	227.5229960856429
1.295334185E8	94.91913524585601	182.95508872939064
1.298927345E8	405.1060876776987	1834.4329771900884
1.302520505E8	127.78605739794499	315.5823493027831
1.306113665E8	97.9555321778045	198.82238338563812
1.309706825E8	21.008407641184917	43.56700191852709
1.313299985E8	87.92236638502042	197.03927588419765
1.316893145E8	177.78966981709692	242.94142342163278
1.320486305E8	41.07103496643623	144.33637674738162
1.324079465E8	6.318655445346158	6.489068988858202
1.327672625E8	57.0348133676207	132.30978934307828
1.331265785E8	12.829314586603436	26.78863225322715
1.334858945E8	23.598016787451712	69.95601149580376
1.337730805E8	6.9205788259802095	6.563037047439625
1.339527385E8	4.536399556356578	48.53676373430848
1.342045265E8	25.384038005543868	55.66646823540205
1.345638425E8	72.52420710460987	378.66332491162274
1.349231585E8	720.0150424695811	149.24694331189792
1.352824745E8	92.4366852575449	56.535076106785084
1.356417905E8	53.81815449353772	129.0991741753491
1.360011065E8	66.14551536808825	44.054989438471665
1.363604225E8	82.54518863618654	86.50951833284866
1.367197385E8	123.04728985071637	126.018134652415
1.370790545E8	133.1385549210166	758.5731785283784
1.374033365E8	28.7496024173028	106.93598291113983
1.375577225E8	57279.49620979308	208847.01646385915
1.375927565E8	13.11835232668566	41.69438797682808
1.376371405E8	14.951601088321473	31.26895615937278
1.37699935E8	2.389263435014022	7.464061053187579
1.37786751E8	3.0733652497478756	22.004749275819748
1.37868371E8	9.102529458381511	18.31318489752757
1.37942101E8	3.0619404996666053	13.82659390018542
1.37980213E8	11.557608506187902	19.85845414805561
1.38019627E8	0.8183907731458046	3.3532518849035484
1.38089538E8	2.1992327404055088	10.807545746445658
1.38156123E8	35.110913770526345	191.9487432569683
1.382206275E8	1.0117947898353843	2.802140212668875
1.38280805E8	1.6897464739984425	13.277894537291228
1.38323179E8	0.04305900678707859	0.3897111640443228
1.383484915E8	0.0	0.0
1.38384028E8	3.4512454915525934	8.181460853792348
1.384312265E8	0.5123441024986166	1.0961617949136306
1.384772795E8	4.448315602836879	5.046363060843321
1.38522045E8	6.524847447704397	13.497631551804746
1.385663025E8	22.745034463994195	131.4448776958738
1.38610046E8	3.4091464398497107	1.7029677381458845
1.38651258E8	1.811557081017392	2.719604768353826
1.386833775E8	1.774148741963648	8.489125000450615
1.387019305E8	1.6357070876721531	2.817092367218675
1.38726341E8	0.0	0.0
1.387630385E8	2.8741022970231893	5.611201469455111
1.3879854E8	605.5998088120275	920.0845948993472
1.3883298E8	0.7877412031782066	2.5878156384323616
1.388668195E8	0.017827130852340937	0.188823361120074
1.389001375E8	15.919678232680994	7.301606192856315
1.389325255E8	25.534138588684044	168.6081035827456
1.38963047E8	0.2700875502822567	1.4958957473054773
1.38991991E8	0.8646175587352058	2.3846355039054683
1.390198715E8	0.05131847319347319	0.3892962540618307
1.39044446E8	3.656479048541004	15.981531485993745
1.390581695E8	0.26068821689259647	0.7373071465090795
1.39074104E8	0.11261726976833238	0.6613708863856997
1.391000815E8	1.5662538699690403	3.953341456126785
1.39125904E8	4.2153846153846155	2.664898819809439
1.391516555E8	1.0475912522375281	2.477079929010407
1.391772845E8	23.15293427230047	171.7509944890603
1.39202833E8	0.8766495672945138	2.4448652671610005
1.39227853E8	0.11337387258703016	0.515284880369882
1.392522945E8	7.194503691550451	8.943359276220557
1.392761035E8	0.0	0.0
1.392991635E8	0.01188707280832095	0.1396112574535505
1.393219065E8	0.2699964608033976	0.8508222053152538
1.39344169E8	24.856393412709274	138.19485380363992
1.393656665E8	0.0	0.0
1.39386585E8	12.496460049125849	30.463440244703946
1.394057875E8	0.01700487473075615	0.14830027416847422
1.394157655E8	0.0	0.0
1.39426072E8	0.25618886277938685	1.2094677240541467
1.394433E8	0.018567803428854366	0.17019334108305417
1.394591395E8	0.31613194176008247	1.162429953360428
1.39474609E8	0.0	0.0
1.394898515E8	0.09875232280329174	0.6357419073519318
1.39504877E8	2.5250617366348527	7.997659505457869
1.39519712E8	0.22468850003404373	1.1640772815745704
1.39534307E8	0.0	0.0
1.39548658E8	0.7395591238819635	2.2845503636624316
1.395628065E8	0.38927507447864945	1.117446981797647
1.395768695E8	0.0985885372112917	0.5864767235350099
1.395908865E8	0.0	0.0
1.396048595E8	0.0	0.0
1.39618797E8	0.06379619662719771	0.30236479748324946
1.396327175E8	0.1938731482813174	0.8340689020758649
1.39646447E8	0.022135320593226593	0.14877943605628632
1.39659998E8	7.923315373828327	45.02764504571584
1.39673523E8	0.0	0.0
1.39687001E8	0.6923820141211445	1.5469849363075237
1.39700456E8	0.13348197696023784	0.5423704800632115
1.397138915E8	0.0	0.0
1.397272965E8	0.0	0.0
1.39740652E8	0.20259818277389802	1.1610561411575138
1.397539385E8	0.0	0.0
1.397671835E8	0.02266888317968868	0.16216011990757428
1.397738625E8	0.0	0.0
1.39780441E8	1.2131512314892965	3.0077013096313703
1.397935115E8	0.13739700945987182	0.5104940853415952
1.39806605E8	0.0	0.0
1.398195725E8	9.710640945861854	18.97528728876984
1.398324245E8	0.0	0.0
1.39845262E8	0.17587900522335698	1.1982810379924727
1.398580325E8	0.02375334277174768	0.19349171448414243
1.3987073E8	0.0688431511710433	0.45445511716024267
1.398833975E8	0.0	0.0
1.398960405E8	4.775569981000634	5.136507377884825
1.399086725E8	0.0	0.0
1.399212565E8	0.5679642629227823	2.8024740642267663
1.39933781E8	146.53288579876929	272.0591436714424
1.39946267E8	0.14278834577413918	0.5831598815656767
1.399587085E8	0.4104958145524791	1.5781325209571315
1.399711325E8	0.0	0.0
1.39983544E8	0.31962255020566177	1.0015714727131653
1.399959275E8	5.894970892626132	16.05533214132227
1.400082885E8	0.6120284927958556	2.208109767503789
1.40020559E8	0.024370230573561993	0.17750770401309163
1.400327265E8	0.10931840632202831	0.587012325705456
1.400448715E8	0.0	0.0
1.4005699E8	0.0	0.0
1.400690545E8	0.0	0.0
1.40081085E8	0.16404755965743742	0.5608406902769197
1.400930995E8	0.3599400099983336	1.7104372932219194
1.40105101E8	0.049995833680526625	0.37503992510293477
1.40117094E8	0.17521902377972465	0.6365321147302943
1.401281635E8	0.0	0.0
1.40134155E8	0.0	0.0
1.401410485E8	4.335423983943803	19.930123373809476
1.40153003E8	0.5418793406409506	2.3915170977752913
1.40164882E8	0.025408655882103837	0.18634688899704027
1.40176667E8	0.3775397432627731	1.9690714055409513
1.4018842E8	219.36634590820063	546.153457601998
1.40200076E8	1.125248508946322	4.02110002327499
1.402116215E8	0.0	0.0
1.402231315E8	0.0	0.0
1.402345955E8	0.0	0.0
1.402459205E8	0.026737967914438502	0.1864386180188269
1.402571045E8	0.0	0.0
1.402682415E8	0.0	0.0
1.4027885E8	18.039738380735308	47.2451065104989
1.40288828E8	0.21287379624936645	0.7113588575585922
1.402984445E8	0.0	0.0
1.40307799E8	0.0	0.0
1.403166425E8	0.17972681524083392	0.6804236004581177
1.40324819E8	0.0	0.0
1.403326835E8	0.0777000777000777	0.3019405424385589
1.403402015E8	0.0	0.0
1.4034742E8	0.0	0.0
1.40354483E8	0.0856775667571041	0.32943120358024963
1.403614525E8	7.110005767012687	10.086262883840464
1.403683705E8	8.817971014492754	8.824258395575464
1.403752505E8	5.093731778425656	10.63311429137897
1.403821105E8	0.08746355685131195	0.4182428884065142
1.40388953E8	1.6615384615384616	2.592494096623103
1.403957145E8	0.044789489399820845	0.22129130516991427
1.404023365E8	0.09165902841429881	0.3366773902996995
1.404088075E8	0.08130081300813008	0.32171756070821267
1.404151525E8	0.4315220845249444	1.6598207031014622
1.40421418E8	0.7696007696007696	2.159281824086733
1.40427633E8	11.294526077829808	10.954583812603152
1.404337675E8	0.29624753127057274	0.8851045917002397
1.404398365E8	0.0	0.0
1.40445888E8	5.0342658500248305	14.49392956971272
1.404519085E8	0.0	0.0
1.404579005E8	0.602105614973262	1.6482043380925049
1.404638765E8	1.730730563002681	6.680382728917987
1.404698365E8	0.39297715053763443	1.0791119158278815
1.4047577E8	0.7606086221470837	1.3819877386902208
1.40481673E8	27.555253776947886	119.05603299153817
1.404875345E8	0.0	0.0
1.404915035E8	0.0	0.0
1.404943895E8	0.0	0.0
1.404990715E8	0.0	0.0
1.405047025E8	549.5528396836808	663.0316169338519
1.40510262E8	0.0	0.0
1.405157995E8	2.8019927536231886	3.0566510991653897
1.40521292E8	1.7390667886550777	3.538702498167909
1.40526756E8	74.33040453963024	147.46474679315452
1.40532181E8	0.05568962316688324	0.24219772171193177
1.40537566E8	60.69125023221252	53.764596193283765
1.405429375E8	0.16791044776119404	0.7097403351110757
1.405482795E8	0.0	0.0
1.40553603E8	0.0	0.0
1.405589225E8	0.5594431903686983	2.1339634133487175
1.40564221E8	0.0	0.0
1.405694775E8	0.012996941896024464	0.11400413104806538
1.40574688E8	0.0	0.0
1.405798735E8	1.3269008104978772	2.1389407522158654
1.405850135E8	0.175166732051785	0.8639277318918163
1.40590093E8	0.0	0.0
1.405951535E8	0.0	0.0
1.40600212E8	0.0	0.0
1.406052535E8	0.0	0.0
1.406102665E8	1.5472	5.315562058710254
1.406152645E8	0.05984787830264211	0.26278364522046704
1.406202595E8	1.2012414897877453	1.5379331214143
1.406252495E8	0.06016847172081829	0.285355915297909
1.40630226E8	0.0	0.0
1.40635179E8	0.17068232435715733	0.5405223452829234
1.40640115E8	0.0	0.0
1.4064504E8	0.0	0.0
1.4064995E8	82.029369773608	65.83793816311737
1.406548455E8	0.18412438625204583	0.5040750470196111
1.40659729E8	2.7134658741545397	5.615251681355719
1.40664601E8	0.12332990750256938	0.6014713032840415
1.406694435E8	0.06182572614107884	0.3214335111258451
1.40674261E8	0.12461059190031153	0.4035151877559758
1.40679061E8	0.9862068965517241	2.080260011077608
1.40683806E8	0.0	0.0
1.40688509E8	0.0	0.0
1.406931635E8	0.0	0.0
1.40697758E8	0.0	0.0
1.40702335E8	0.0	0.0
1.40706898E8	0.22512629035800572	0.7747667794157624
1.40711432E8	0.0	0.0
1.40715925E8	1.5759337955714605	2.2131446843511196
1.40720393E8	0.522508398656215	1.569659130905192
1.407248515E8	0.0673854447439353	0.2595870658255825
1.407292955E8	0.13525698827772767	0.39553413224976136
1.407337135E8	0.0	0.0
1.40738111E8	0.0	0.0
1.40742499E8	0.06847751654873317	0.29295930446806473
1.407468785E8	0.0	0.0
1.40751256E8	0.0	0.0
1.407556295E8	0.0	0.0
1.40759995E8	0.32033937170373766	0.8502936622628586
1.407643435E8	0.06918819188191883	0.3097433767001227
1.407686665E8	4.174941995359629	5.520138200630517
1.407729765E8	5.4378190255220415	19.467189363566003
1.40777284E8	0.0	0.0
1.40781584E8	149.0568102444703	281.8100802026813
1.40785876E8	29.553742131032873	60.82237573131541
1.40790157E8	0.0	0.0
1.407944295E8	0.14068352059925093	0.40939344920831555
1.407986935E8	0.14097744360902256	0.6260329809467571
1.40802937E8	0.0	0.0
1.40807165E8	0.40615384615384614	1.3335897189396515
1.408113885E8	0.0	0.0
1.408156105E8	0.8818095689246802	1.4871150366279169
1.408198225E8	4.25963826749167	9.530981071767247
1.40824022E8	0.18894448415534906	0.5580438280154889
1.408282145E8	1.5964660936007642	3.7389442247712568
1.408324E8	0.0	0.0
1.408365825E8	0.0	0.0
1.40840755E8	0.0	0.0
1.408449115E8	0.07228915662650602	0.3278259896928129
1.40849054E8	0.0	0.0
1.40851497E8	0.0	0.0
1.408535395E8	0.0	0.0
1.40857247E8	0.0	0.0
1.408613235E8	0.07342829076620826	0.2709765502146048
1.40865389E8	15.086720867208673	33.621313293258474
1.408694335E8	0.0	0.0
1.40873455E8	0.0	0.0
1.408774675E8	0.0	0.0
1.408814765E8	0.5242136794807788	1.5675822239858952
1.40885475E8	0.8291155098972689	2.16270059559777
1.408894625E8	0.07530120481927711	0.29892713111873187
1.408934395E8	0.3778337531486146	1.1093829269415592
1.408974065E8	0.0	0.0
1.409013685E8	2.744949494949495	6.4613653684219425
1.409053235E8	91.32050632911393	146.26278241229838
1.40909269E8	0.0	0.0
1.409132055E8	0.0	0.0
1.409171345E8	0.1553744268976057	0.5510144398184462
1.409210595E8	1.2000509683995924	1.6538498009548046
1.40924982E8	0.0	0.0
1.40928899E8	0.0	0.0
1.40932812E8	0.0	0.0
1.409367215E8	0.30952380952380953	1.0459244778246908
1.4094061E8	0.07724102299147508	0.38000938138496504
1.409444775E8	3.7639751552795033	7.731218476439195
1.409483385E8	109.40798341109384	97.63665437664369
1.409521765E8	0.0	0.0
1.40955989E8	5.499605988967691	15.516126997595636
1.409597955E8	0.0	0.0
1.409636015E8	0.5517603783499737	1.4953070746518726
1.40967392E8	0.0	0.0
1.40971157E8	0.559254327563249	1.0243376607068964
1.40974907E8	0.0	0.0
1.40978648E8	0.0	0.0
1.409823815E8	0.9184986595174263	2.6405783751852505
1.40986105E8	1.2106537530266344	4.332712440773215
1.409898215E8	0.32292787944025836	1.1272627047842116
1.40993536E8	0.1613250740640991	0.4184024353409918
1.409972465E8	0.0	0.0
1.41000941E8	0.0	0.0
1.410046115E8	1.4901639344262294	2.565800719723442
1.410082665E8	0.0821917808219178	0.3503422983703185
1.41011916E8	0.0	0.0
1.410155645E8	0.0	0.0
1.410192115E8	0.0	0.0
1.410228535E8	0.7421660252886201	2.404069300760424
1.410264835E8	0.0	0.0
1.410301055E8	0.0	0.0
1.41033718E8	0.9880655009714127	1.6922543171411546
1.41037321E8	0.0	0.0
1.410409235E8	0.22737368128817323	0.7276180972890233
1.41044521E8	0.0	0.0
1.410481085E8	0.0	0.0
1.410516865E8	0.0	0.0
1.41055252E8	0.32527410739387125	1.0161750594636552
1.410588075E8	16.12886888013506	12.055501456304972
1.41062361E8	0.4897269912749789	1.5254663435938725
1.41065914E8	0.0	0.0
1.41069467E8	5.74556712637208	7.432007212931066
1.41073012E8	4.558100084817642	7.736178588047789
1.41076544E8	0.08505812305075135	0.3787673439975177
1.41080071E8	0.0	0.0
1.41083596E8	0.0	0.0
1.41087117E8	0.17050298380221654	0.6361292438574051
1.41090628E8	0.0	0.0
1.410941305E8	242.45945174186178	134.23987624637866
1.41097631E8	5.319519862817948	7.168510256457891
1.411011295E8	0.0	0.0
1.411046235E8	0.5151862464183381	0.8947474872289829
1.411081075E8	0.0	0.0
1.41111585E8	0.0	0.0
1.4111506E8	0.0	0.0
1.411185295E8	3.793710328909406	4.375184440922991
1.41121994E8	0.0	0.0
1.411254545E8	13.002891844997109	12.946535519392329
1.411289005E8	0.43680838672102507	1.7879751059831925
1.411323185E8	0.0	0.0
1.411357175E8	0.0	0.0
1.4113911E8	0.08852168781351431	0.378688703631219
1.411424975E8	0.0	0.0
1.41145878E8	0.8601481481481481	1.7256238807393047
1.411492525E8	348.7937166567872	417.1428579041177
1.41152626E8	0.8167803142603024	2.4749560903129515
1.41155995E8	0.08915304606240713	0.29858507340858004
1.411593515E8	0.08960573476702509	0.38722120660352355
1.41162699E8	0.7484314311323573	1.9247883722271317
1.41166043E8	0.08979347500748279	0.3291668166381537
1.4116937E8	0.0	0.0
1.411726805E8	0.0	0.0
1.411759855E8	0.0	0.0
1.41179286E8	0.18187329493785995	0.4862461140402234
1.411825805E8	0.0	0.0
1.411858675E8	1.5261875761266748	4.378102693088663
1.41189148E8	0.0	0.0
1.41192424E8	0.2748091603053435	1.024285265608908
1.411956955E8	0.3671970624235006	0.8323331410993664
1.411989605E8	0.1762722256284488	0.43172759765569746
1.41202221E8	0.7069653267873581	2.551825511218475
1.4120548E8	701.3504142374961	1014.6157579291333
1.412087365E8	0.0	0.0
1.41210776E8	0.0	0.0
1.41212402E8	0.0	0.0
1.412152325E8	0.0	0.0
1.41218463E8	0.09296560272699102	0.4210159330311972
1.41221688E8	0.27955321129382565	0.9314047121535863
1.412249085E8	11.339651957737725	29.277136381990054
1.41228124E8	16.550575785869903	17.457787780418197
1.41231335E8	0.0	0.0
1.412345425E8	0.0	0.0
1.41237746E8	0.0	0.0
1.41240947E8	0.3183380193689472	0.8459987230635633
1.41244146E8	0.0	0.0
1.412473425E8	1.0037546933667083	2.1123778485912563
1.41250538E8	584.3712050078248	279.5667484218415
1.412537305E8	193.57460815047023	358.40475534238885
1.412569125E8	0.0	0.0
1.41260086E8	0.0	0.0
1.41263258E8	0.0	0.0
1.412664245E8	0.28431372549019607	0.7012683909201468
1.41269585E8	0.0	0.0
1.41272743E8	0.0	0.0
1.412758995E8	0.0	0.0
1.412790545E8	3.7175015852885225	3.375045503345286
1.412822035E8	0.0	0.0
1.4128534E8	84.55129434324066	161.68520681925926
1.41288466E8	0.0	0.0
1.41291589E8	0.0	0.0
1.412947105E8	0.0	0.0
1.412978215E8	4.293681495809156	4.19695631324575
1.413009225E8	0.0	0.0
1.413040225E8	0.9587096774193549	2.6592504401101085
1.41307117E8	0.0	0.0
1.41310204E8	2.2761750405186385	2.7311754405149373
1.413132865E8	0.0	0.0
1.413163665E8	0.0	0.0
1.41319445E8	5.8020799480013	9.837153082090417
1.413225215E8	0.0	0.0
1.41325596E8	0.0	0.0
1.41328669E8	1.4920273348519362	2.907624323393178
1.41331738E8	0.0	0.0
1.413348E8	0.0	0.0
1.413378585E8	44.17822105951603	77.17286279596975
1.413409105E8	0.793499671700591	2.4392823718919296
1.413439555E8	0.0	0.0
1.41346999E8	0.0	0.0
1.41350033E8	0.0	0.0
1.413530575E8	0.0	0.0
1.41356076E8	0.09956853634251576	0.31554482461690886
1.413590875E8	0.0	0.0
1.41362097E8	0.0	0.0
1.413651025E8	0.0	0.0
1.41368103E8	0.20006668889629878	0.6325609676486509
1.41371102E8	0.7765921973991331	2.3133202293445017
1.413740995E8	0.6008010680907877	1.2415266884058642
1.41377093E8	0.2848545636910732	0.5799503085735682
1.413800805E8	1.3870643431635388	1.7695669787338375
1.413830635E8	0.39570757880617036	0.8530530643028205
1.413860455E8	1.904426559356137	2.8439753588448986
1.41389022E8	0.6210030292830697	1.8763528721901173
1.413919895E8	0.0	0.0
1.4139495E8	0.0	0.0
1.413979065E8	0.0	0.0
1.41400857E8	0.0	0.0
1.41403801E8	0.0	0.0
1.41406741E8	0.5103847463398025	1.4296581303811993
1.41409678E8	0.0	0.0
1.414126105E8	0.0	0.0
1.41415538E8	38.454048513836696	67.56895274806148
1.414184645E8	0.0	0.0
1.414213895E8	0.40321477428180574	0.9625334218796219
1.414243125E8	94.2939767282683	63.58253056475875
1.414272345E8	8.651266255989048	19.26807532939873
1.41430155E8	0.10277492291880781	0.45034340366707654
1.414330725E8	0.205761316872428	0.6928995160692484
1.414359875E8	5.0432395332875775	4.685657668152465
1.414389E8	2.7825489522500857	8.818019713020812
1.414418105E8	0.0	0.0
1.41444718E8	10.215490533562823	24.581453344686626
1.414476225E8	9.59641873278237	20.435209716155367
1.41450526E8	0.0	0.0
1.41453427E8	460.84994825802	459.7561080124739
1.41456323E8	0.20739716557207052	0.6166264159782073
1.41459214E8	0.20733817930079612	0.6548802336739944
1.414621005E8	2.2063106796116503	3.07995622931234
1.414649835E8	644.8122831367106	881.8183720139732
1.414678655E8	1.3001387925052048	2.108358831044691
1.414707475E8	0.1040943789035392	0.37992657897665927
1.41473629E8	0.3123915307185005	0.6804657734706261
1.41476508E8	0.0	0.0
1.414793845E8	2.920375521557719	3.516749115214252
1.41482258E8	0.0	0.0
1.414851235E8	0.0	0.0
1.414879835E8	0.2097902097902098	0.5572158562796922
1.414908425E8	0.0	0.0
1.41493699E8	1.3915936952714536	2.369242491280043
1.41496551E8	411.48157248157247	678.2757352087519
1.414993995E8	0.0	0.0
1.415022465E8	0.0	0.0
1.415050915E8	0.10548523206751055	0.37596570451367517
1.41507934E8	0.0	0.0
1.415107725E8	0.09732016925246827	0.31139614632102064
1.415136075E8	0.0	0.0
1.41516441E8	0.0	0.0
1.415192725E8	0.0	0.0
1.41522102E8	0.0	0.0
1.415249305E8	1.373055162659123	3.2842149583277185
1.41527757E8	0.9423008849557523	2.4463083981299376
1.41530581E8	0.21183138505136379	0.5242946444960646
1.415334035E8	0.08717221828490432	0.29524941707800934
1.415362255E8	0.0	0.0
1.415390465E8	0.10638297872340426	0.3261640365267211
1.41541866E8	0.10642071656615822	0.37480040804050474
1.41544683E8	30.683126110124334	38.387507218880124
1.415474975E8	0.0	0.0
1.4155031E8	0.32017075773745995	0.7799515624070343
1.415531175E8	0.0	0.0
1.41555919E8	3.658449446230797	4.53461144582755
1.415587165E8	0.1072961373390558	0.3275608910402092
1.41561512E8	0.0	0.0
1.41564307E8	0.7516994633273703	1.3291825672039395
1.415671015E8	0.0	0.0
1.415695015E8	33.42971086739781	43.195133306610735
1.41570898E8	25.627700127064802	14.423394451266436
1.41572688E8	0.0	0.0
1.4157548E8	0.0	0.0
1.415782705E8	3.0043010752688173	4.504239341221862
1.415810595E8	0.753586800573888	1.9985647647954217
1.41583847E8	3.3333333333333335	9.884096891828882
1.415866325E8	0.0	0.0
1.41589416E8	219.56234279554437	212.94326978808624
1.41592198E8	0.10751528227256382	0.3278952306340606
1.41594971E8	0.43399638336347196	1.010254833301858
1.415977345E8	0.7523533671252716	0.9865129600871879
1.41600491E8	0.0	0.0
1.416032415E8	0.0	0.0
1.41605989E8	1.3825136612021858	2.259648408262168
1.416087335E8	0.0	0.0
1.416114735E8	0.10964912280701754	0.4376305152023306
1.41614208E8	0.19904866447127698	0.5576858777451428
1.416169385E8	187.8442082111437	157.20854077706824
1.41619657E8	339.08379475821334	111.42063274481562
1.416223655E8	0.0723781388478582	0.3785223544538292
1.41625071E8	0.32926378098409176	0.7860229249047178
1.416277715E8	0.1111934766493699	0.4415418769024767
1.41630469E8	0.11160548757879125	0.3444566042961482
1.416331645E8	325.23199703043804	520.0575263708492
1.41635856E8	0.0	0.0
1.416385445E8	1.4148065476190477	2.1752633940130868
1.416412325E8	0.0	0.0
1.416439195E8	4.647431124348474	6.2434179786868125
1.41646598E8	6.746536877573942	4.861041729312972
1.416492685E8	0.0	0.0
1.41651938E8	2.6489321843387037	2.300650697210085
1.416546065E8	0.0	0.0
1.41657273E8	275.9249530956848	275.7731407166277
1.416599375E8	0.0	0.0
1.41662593E8	19.99055534567435	11.346485253864707
1.416652385E8	0.0	0.0
1.416678815E8	127.1109008327025	182.83482243193413
1.41670523E8	0.0	0.0
1.41673163E8	0.0	0.0
1.41675801E8	0.0	0.0
1.416784375E8	9.439301972685888	21.767759567785347
1.41681073E8	0.0	0.0
1.41683705E8	0.0	0.0
1.416863335E8	1.3455098934550989	1.6419398632287556
1.416889605E8	0.0	0.0
1.416915825E8	0.0	0.0
1.416942E8	0.08597630875047764	0.2932171699448681
1.416968145E8	0.0	0.0
1.41699426E8	0.0	0.0
1.41702034E8	0.0	0.0
1.41704638E8	0.0	0.0
1.41707241E8	1.723396081444487	3.088463905724825
1.41709838E8	0.0	0.0
1.417124275E8	0.6286707882534776	1.3928776657171966
1.417150135E8	0.0	0.0
1.41717597E8	0.4436701509872242	1.0419018317590394
1.41720177E8	0.23282887077997672	0.8188694327219285
1.41722754E8	0.0	0.0
1.417253305E8	0.5574534161490683	1.3929168644626095
1.41727906E8	2.4240776699029127	3.012466009154407
1.41730481E8	0.0	0.0
1.41733056E8	0.23300970873786409	0.5411243239594599
1.417356305E8	3.2066822066822067	2.4157923826464964
1.417382025E8	0.0	0.0
1.4174077E8	0.0	0.0
1.41743333E8	0.0	0.0
1.41745892E8	0.0	0.0
1.417484485E8	0.0	0.0
1.41751004E8	8.817221135029355	17.457065027483196
1.41753556E8	0.0	0.0
1.41756104E8	473.69454259913624	620.3467671421605
1.41758648E8	0.9445100354191264	1.9475612657639232
1.41761189E8	1.1806375442739079	2.174862650424014
1.417637275E8	0.0	0.0
1.4176626E8	0.0	0.0
1.41768789E8	0.0	0.0
1.417713145E8	0.0	0.0
1.41773836E8	10.551368504561681	23.527023293851197
1.41776357E8	0.0	0.0
1.417788775E8	0.0	0.0
1.417813975E8	1.0638888888888889	2.713209895402111
1.41783916E8	13.22248708780294	27.78315773619333
1.417864325E8	0.0	0.0
1.41788946E8	4.523297491039426	8.11197029867854
1.41791457E8	0.0	0.0
1.417939675E8	0.0	0.0
1.417964765E8	1.1961722488038278	1.6004385363930504
1.41798983E8	0.0	0.0
1.418014855E8	0.0	0.0
1.41803981E8	21.53472501003613	12.912670265758818
1.4180647E8	0.0	0.0
1.41808953E8	0.0	0.0
1.41811431E8	126.43278159063384	189.27975271552438
1.418139075E8	5.1025848142164785	5.8869945100937535
1.41816383E8	0.0	0.0
1.41818857E8	0.0	0.0
1.418213285E8	0.0	0.0
1.418237955E8	0.2435064935064935	0.543557306504609
1.41826259E8	4.139667072675599	7.020184344142322
1.418287215E8	0.12185215272136475	0.45869167243972986
1.41831178E8	0.7254181966544268	1.5356500689385346
1.41833627E8	0.4903964037597058	1.5331775594131913
1.418360715E8	0.0	0.0
1.41838512E8	0.0	0.0
1.418409505E8	5.40566037735849	4.8336987028695795
1.418433885E8	0.0	0.0
1.418458265E8	35.374077112387205	52.18238036295915
1.41848263E8	0.0	0.0
1.418506975E8	0.0	0.0
1.418531305E8	0.12294407894736842	0.3506338245910802
1.41855562E8	0.0	0.0
1.41857992E8	1.0975710168793742	2.8379449711224103
1.418604205E8	2.9662273476112024	2.860283047248805
1.41862847E8	0.2465979381443299	0.7022790587000725
1.41865272E8	0.047010309278350516	0.30662781764983593
1.41867695E8	0.0	0.0
1.41870116E8	3.4779016935150766	3.0463851724219935
1.418725365E8	0.0	0.0
1.41874956E8	0.0	0.0
1.41877374E8	0.0	0.0
1.41879789E8	0.24699544135930376	0.9531069007167818
1.418822015E8	0.0	0.0
1.418846075E8	0.0	0.0
1.418870045E8	0.0	0.0
1.418893965E8	16.11548117154812	20.916290622123256
1.418917865E8	0.12510460251046024	0.3537012899474078
1.41894176E8	0.0	0.0
1.41896563E8	0.0	0.0
1.41898948E8	0.0	0.0
1.41901333E8	18.655345911949684	13.864347290304131
1.419037175E8	622.8485738255033	745.1264312114641
1.41906101E8	26.32857742341586	40.90540041933606
1.41908484E8	202.0432228283676	207.03152526822768
1.419108665E8	0.0	0.0
1.41913248E8	0.0	0.0
1.41915629E8	656.3242335153296	476.8380173078746
1.41918009E8	29.633039092055487	69.35543630290785
1.41920388E8	1.2610340479192939	2.6986054966841526
1.419227665E8	0.09293523969722456	0.30485281644955253
1.41925143E8	0.0	0.0
1.419275165E8	0.12647554806070826	0.399198184560617
1.419292615E8	14.494633273703041	20.639312402741535
1.41930446E8	0.0	0.0
1.419322555E8	0.0	0.0
1.419346225E8	0.0	0.0
1.41936987E8	0.0	0.0
1.41939347E8	0.0	0.0
1.41941703E8	0.0	0.0
1.419440575E8	0.0	0.0
1.41946411E8	0.0	0.0
1.419487635E8	0.0	0.0
1.419511115E8	0.6399317406143344	1.5116160012230566
1.419534545E8	0.0	0.0
1.419557965E8	7.365499573014517	8.630398284648585
1.41958135E8	0.0	0.0
1.419604675E8	2.8600858369098714	4.353381597157789
1.419627965E8	0.0	0.0
1.419651245E8	138.12972508591065	57.76631885884471
1.419674515E8	493.8645743766122	431.9401470431835
1.41969777E8	0.0	0.0
1.419721005E8	0.0	0.0
1.419744205E8	0.0	0.0
1.41976738E8	0.0	0.0
1.419790505E8	5.458838821490468	10.92615436556266
1.41981358E8	0.0	0.0
1.419836635E8	56.0625	48.18716673757074
1.41985967E8	10.587928788536692	21.272817945117104
1.41988266E8	3.1790849673202612	5.106235241763405
1.4199056E8	0.0	0.0
1.41992852E8	1.0065473592317764	0.9639961204780928
1.41995142E8	0.0	0.0
1.4199743E8	0.0	0.0
1.419997165E8	0.0	0.0
1.420020015E8	2.6190893169877407	3.2799876126373237
1.42004285E8	0.1305300043802015	0.42170627273530253
1.420065675E8	0.0	0.0
1.42008845E8	0.0	0.0
1.420111165E8	12.222466960352422	6.521060425643199
1.42013386E8	0.0	0.0
1.420156535E8	0.0	0.0
1.42017916E8	0.0	0.0
1.42020175E8	0.13280212483399734	0.43016000193963055
1.42022431E8	0.0	0.0
1.420246815E8	0.0	0.0
1.42026929E8	0.0	0.0
1.42029171E8	0.0	0.0
1.420314065E8	0.0	0.0
1.420336395E8	0.0	0.0
1.420358715E8	58.56720430107527	53.54817279829297
1.420381015E8	0.0	0.0
1.42040329E8	0.5388414907947912	1.108808670674724
1.42042554E8	0.0	0.0
1.42044776E8	0.0	0.0
1.420469965E8	0.0	0.0
1.42049215E8	0.0	0.0
1.420514315E8	0.0	0.0
1.420536445E8	0.0	0.0
1.42055854E8	0.0	0.0
1.42058062E8	0.27186225645672857	0.773367289329464
1.420602685E8	61.87715321849501	38.19427719589379
1.42062474E8	0.0	0.0
1.42064677E8	0.0	0.0
1.420668775E8	0.0	0.0
1.420690765E8	0.0	0.0
1.420712745E8	0.0	0.0
1.420734715E8	0.0	0.0
1.420756655E8	0.6865875912408759	1.8497385887512128
1.420778565E8	86.03744292237442	111.2269164394989
1.42080046E8	0.0	0.0
1.42082235E8	0.0	0.0
1.42084423E8	0.13717421124828533	0.40684585316750815
1.42086609E8	0.2745995423340961	0.6360634080332728
1.4208879E8	0.0	0.0
1.420909665E8	0.13602941176470587	0.3906066172145125
1.42093141E8	0.0	0.0
1.420953105E8	0.13850415512465375	0.37216146378239345
1.42097474E8	0.0	0.0
1.42099635E8	0.0	0.0
1.42101794E8	1.1070931849791377	2.561528432232025
1.42103946E8	0.0	0.0
1.42106089E8	0.0	0.0
1.421082245E8	0.0	0.0
1.42110355E8	0.0	0.0
1.421124825E8	0.0	0.0
1.421146075E8	0.423728813559322	0.8941113064091001
1.421167315E8	6.541431261770245	5.852148831927959
1.42118853E8	15.347805568664464	20.76910754512237
1.42120971E8	0.8502598016060463	1.9798226398856726
1.421230865E8	0.42431409649952695	1.128247441609588
1.421252E8	0.0	0.0
1.42127313E8	0.14197823000473261	0.398767623567035
1.42129426E8	0.0	0.0
1.421315385E8	0.0	0.0
1.42133649E8	0.0	0.0
1.421357575E8	0.0	0.0
1.42137864E8	0.0	0.0
1.42139969E8	1.1420427553444181	2.705409378446841
1.42142073E8	0.0	0.0
1.421441755E8	0.8563273073263559	1.7514436073708426
1.421462745E8	0.0	0.0
1.421483705E8	0.0	0.0
1.421504655E8	0.0	0.0
1.421525595E8	0.0	0.0
1.421546525E8	2.7576481835564053	3.8069449467934087
1.421567435E8	4.875598086124402	8.772701241997229
1.42158833E8	0.0	0.0
1.421609215E8	0.5502873563218391	1.1478365456946316
1.42163009E8	3.422616195495927	8.904029656864953
1.42165096E8	0.43076185912793485	0.8093251431595732
1.421671825E8	0.10738255033557047	0.4234270989787599
1.421692675E8	0.0	0.0
1.4217135E8	7.136472849591542	16.046709210977866
1.4217343E8	0.0	0.0
1.42175509E8	0.0	0.0
1.421775875E8	0.14436958614051973	0.4905262244782293
1.421796645E8	1.0110789980732178	2.5846926003202566
1.421817365E8	0.0	0.0
1.421838025E8	50.92732558139535	108.85744269207028
1.42185866E8	0.14444983034415898	0.42005008588092213
1.42187929E8	77.5230247212797	106.94208615678713
1.421899915E8	0.4127061105722599	0.757759728418962
1.421920525E8	0.0	0.0
1.421941125E8	0.0	0.0
1.421961725E8	1.1640776699029127	1.431951618209639
1.42198232E8	1.850412821758135	2.9010724683694864
1.422002865E8	0.0	0.0
1.422023345E8	0.0	0.0
1.422043795E8	0.0	0.0
1.42206423E8	0.44052863436123346	0.9679140263516296
1.42208462E8	0.0	0.0
1.42210496E8	0.0	0.0
1.42212529E8	0.0	0.0
1.422145605E8	0.0	0.0
1.42216589E8	19.375431672422298	31.75135422802106
1.42218613E8	0.0	0.0
1.422206335E8	0.11386138613861387	0.46883043864282087
1.42222652E8	0.1487357461576599	0.44421026166575905
1.422246675E8	0.14895729890764647	0.5139561687500467
1.422266795E8	0.0	0.0
1.42228689E8	0.0	0.0
1.422306975E8	0.27689243027888444	0.5262056919863984
1.422327045E8	0.0	0.0
1.422347105E8	0.0	0.0
1.42236716E8	0.7481296758104738	1.4545482883672236
1.42238721E8	0.8977556109725686	1.5479050277915452
1.422407225E8	0.0	0.0
1.422427205E8	0.7462462462462462	1.4807743557654869
1.422447185E8	0.14964964964964966	0.4106929128542014
1.42246715E8	0.0	0.0
1.42248709E8	0.0	0.0
1.422507005E8	0.0	0.0
1.422526905E8	35.78241206030151	15.356909629441532
1.422546795E8	0.15090543259557343	0.45744456844430365
1.422566665E8	0.0	0.0
1.422586525E8	0.0	0.0
1.422606355E8	0.0	0.0
1.422626145E8	0.0	0.0
1.422645915E8	1.1745951417004048	2.502326852374278
1.422665675E8	0.30364372469635625	0.6266678151997974
1.42268543E8	0.1518987341772152	0.4409426036876403
1.422705175E8	0.7102330293819655	1.3910992205950015
1.422724895E8	0.0	0.0
1.422744575E8	0.7609359104781281	1.8575955536926432
1.422764235E8	0.1525940996948118	0.46875953703421225
1.422783895E8	0.1347914547304171	0.3671395575668973
1.422803545E8	0.0	0.0
1.42282318E8	0.0	0.0
1.422842805E8	0.20591233435270132	0.6040974599189523
1.422862425E8	4.73394495412844	10.27531309125632
1.4228818E8	1.0151594354417146	1.2963820337453265
1.42289161E8	0.4489795918367347	0.6700593942604899
1.42290166E8	0.0	0.0
1.42292127E8	0.0	0.0
1.42294088E8	0.0	0.0
1.422960465E8	0.0	0.0
1.422980025E8	18.881901840490798	33.71173510581413
1.42299954E8	0.0	0.0
1.42301901E8	1.92090395480226	4.130324301945291
1.42303848E8	0.0	0.0
1.423057945E8	0.15364850976361769	0.39198024154747607
1.4230774E8	0.0	0.0
1.423096845E8	0.0	0.0
1.42311628E8	0.0	0.0
1.42313569E8	0.0	0.0
1.423155065E8	0.11931818181818182	0.3454246398538787
1.423174425E8	0.0	0.0
1.42319378E8	0.4635658914728682	1.4483350505337675
1.42321312E8	0.4655975168132437	1.0750425586205032
1.42323245E8	0.0	0.0
1.42325177E8	0.0	0.0
1.42327107E8	1.8455158113011922	2.098284865769188
1.423290355E8	0.0	0.0
1.423309635E8	0.9336099585062241	1.6245012001773325
1.42332891E8	0.0	0.0
1.423348175E8	9.268431983385254	11.055275073801859
1.423367435E8	0.0	0.0
1.423386685E8	0.0	0.0
1.423405905E8	0.0	0.0
1.42342509E8	0.0	0.0
1.423444255E8	0.0	0.0
1.423463415E8	0.0	0.0
1.42348253E8	0.4714210802307289	0.8734864053104615
1.423501595E8	0.3147953830010493	0.9952668679856517
1.42352065E8	0.15748031496062992	0.519438420764078
1.423539695E8	0.0	0.0
1.42355873E8	0.0	0.0
1.42357776E8	0.0	0.0
1.42359679E8	0.23646873357856016	0.6706832932717821
1.423615815E8	0.0	0.0
1.42363483E8	1.4197790636507102	2.043452226399755
1.423653835E8	0.0	0.0
1.423672835E8	0.0	0.0
1.42369183E8	0.0	0.0
1.4237108E8	0.0	0.0
1.42372975E8	0.0	0.0
1.42374869E8	0.0	0.0
1.42376761E8	0.0	0.0
1.423786515E8	0.0	0.0
1.423805415E8	40.91111111111111	29.345605297293666
1.423824305E8	0.2849576271186441	0.8136806936301492
1.423843155E8	0.1594048884165781	0.432475512688813
1.423861925E8	0.0	0.0
1.423880645E8	0.0	0.0
1.42389936E8	0.0	0.0
1.423918065E8	0.32085561497326204	0.882388591080171
1.423936765E8	0.0	0.0
1.42395546E8	0.0	0.0
1.42397415E8	0.31995719636169073	0.7999464936627834
1.42399284E8	0.0	0.0
1.424011525E8	0.3410064239828694	0.4353245853919589
1.42403019E8	0.16085790884718498	0.40107095238521695
1.42404883E8	1141.0628019323672	1214.155050580101
1.42406746E8	0.0	0.0
1.424086055E8	0.0	0.0
1.424104605E8	0.7982740021574973	1.4928813463003707
1.42412313E8	0.4862236628849271	0.950418600374241
1.42414163E8	0.0	0.0
1.42416009E8	0.0	0.0
1.42417852E8	0.0	0.0
1.42419695E8	0.0	0.0
1.42421538E8	0.16277807921866522	0.44441429933338156
1.424233805E8	0.0	0.0
1.42425222E8	0.0	0.0
1.42427063E8	0.0	0.0
1.424288995E8	0.0	0.0
1.424307315E8	0.0	0.0
1.424325625E8	0.16393442622950818	0.40488816508945796
1.42434392E8	0.0	0.0
1.42436221E8	0.0	0.0
1.424380485E8	0.16429353778751368	0.4053313925512231
1.42439871E8	0.49917537108301263	1.4130468797361433
1.424416895E8	0.0	0.0
1.424435075E8	0.0	0.0
1.42445323E8	0.1654715940430226	0.502613138413314
1.42447136E8	0.0	0.0
1.424489455E8	0.0	0.0
1.4245075E8	0.0	0.0
1.424525525E8	0.0	0.0
1.42454354E8	0.9994447529150472	1.528554785894637
1.424561545E8	0.0	0.0
1.424579545E8	1.6644444444444444	4.147824061413941
1.424597535E8	0.0	0.0
1.42461551E8	0.6499721758486366	0.43497612494366544
1.42463346E8	0.0	0.0
1.424651385E8	0.4330357142857143	1.1090133968017313
1.42466928E8	0.0	0.0
1.424687145E8	0.0	0.0
1.424705E8	0.0	0.0
1.42472285E8	0.5058823529411764	0.7618347306750626
1.424740655E8	0.0	0.0
1.42475841E8	0.16788732394366196	0.5328636429442629
1.42477616E8	5.676619718309859	5.20849793167141
1.42479391E8	0.25014084507042256	0.7073059381490058
1.424811635E8	0.0	0.0
1.42482933E8	0.4946297343131713	1.0179285986725581
1.424847005E8	73.50509626274065	82.35045817416503
1.42486464E8	0.0	0.0
1.424882225E8	1.744874715261959	2.7951104395033304
1.424899775E8	15.945838084378563	9.552382140649705
1.4249173E8	0.0	0.0
1.42493479E8	0.0	0.0
1.42495226E8	0.0	0.0
1.42496973E8	0.0	0.0
1.42498718E8	0.0	0.0
1.4250046E8	0.0	0.0
1.425021995E8	0.0	0.0
1.42503937E8	0.0	0.0
1.425056725E8	0.0	0.0
1.42507406E8	1.3860357761107904	2.093459713450617
1.425091385E8	0.0	0.0
1.425108685E8	0.1736111111111111	0.5068968775248516
1.425125945E8	0.0	0.0
1.425143185E8	1.3921113689095128	2.0002900021765404
1.4251604E8	2.4031413612565444	4.176933250449252
1.42517759E8	26.435718440954044	32.98062963855359
1.425194765E8	0.17482517482517482	0.4291260702278343
1.425211925E8	0.0	0.0
1.42522908E8	0.0	0.0
1.425246225E8	0.0	0.0
1.42526336E8	0.0	0.0
1.425280485E8	1.7365654205607477	2.2701589141130856
1.425297595E8	1.9181286549707601	3.465789362675226
1.425314695E8	2.590643274853801	4.475142521171289
1.42533179E8	0.0	0.0
1.425348875E8	0.0	0.0
1.425365935E8	0.0	0.0
1.42538297E8	0.35290663534938344	0.6515711171684384
1.4254E8	0.5273047563123899	1.0137052608340507
1.425416995E8	0.0	0.0
1.425433925E8	9.331360946745562	12.716782928372147
1.425450825E8	1.0650887573964498	1.1512791959304436
1.42546771E8	0.0	0.0
1.42548457E8	0.3560830860534125	0.6286908823255574
1.42550141E8	0.0	0.0
1.42551824E8	46.199643493761144	56.78296757841465
1.42553507E8	1.732620320855615	2.8951780347059985
1.425551885E8	0.0	0.0
1.42556868E8	1.072066706372841	2.0778476516841393
1.425585465E8	0.0	0.0
1.42560223E8	0.1791044776119403	0.42320736951515897
1.42561894E8	2.698860227954409	3.500706930063978
1.42563556E8	0.0	0.0
1.425652095E8	1.0096969696969698	1.428709949994092
1.42566857E8	0.0	0.0
1.42568501E8	0.0	0.0
1.42570144E8	0.0	0.0
1.42571786E8	0.18281535648994515	0.42756912480901277
1.42573425E8	0.0	0.0
1.42575062E8	0.0	0.0
1.42576699E8	304.1979230299328	366.53132968187435
1.425783355E8	0.0	0.0
1.425799685E8	0.0	0.0
1.42581598E8	0.0	0.0
1.42583225E8	1.1076923076923078	1.2306346080220312
1.4258485E8	0.0	0.0
1.42586474E8	0.0	0.0
1.425880965E8	0.0	0.0
1.42589717E8	90.65534280420012	134.47209252826937
1.425913335E8	1.5396530359355638	2.6673248877857456
1.42592946E8	4.601489757914339	3.6203267786017546
1.425945565E8	1.9850931677018633	3.888508312246476
1.425961665E8	1.8627329192546584	2.3725919469187806
1.425977755E8	0.9154228855721394	1.4634859223019945
1.42599378E8	0.0	0.0
1.42600974E8	0.0	0.0
1.426025685E8	1.7365119196988708	1.9099882740546732
1.426041585E8	0.0	0.0
1.426057445E8	0.0	0.0
1.426073305E8	0.0	0.0
1.42608914E8	0.0	0.0
1.42610493E8	0.0	0.0
1.4261207E8	0.0	0.0
1.42613646E8	0.0	0.0
1.4261522E8	0.0	0.0
1.42616792E8	0.0	0.0
1.42618361E8	0.0	0.0
1.426199275E8	7.964240102171137	7.100536917802258
1.426214905E8	0.0	0.0
1.426230505E8	0.0	0.0
1.426246095E8	0.0	0.0
1.426261665E8	0.0	0.0
1.426277225E8	0.0	0.0
1.42629278E8	0.0	0.0
1.42630832E8	0.1931745009658725	0.502408878566127
1.426323845E8	0.9652061855670103	1.6845263031426316
1.426339355E8	0.0	0.0
1.426354855E8	0.0	0.0
1.42637035E8	0.0	0.0
1.426385825E8	0.0	0.0
1.426401275E8	0.0	0.0
1.42641671E8	6.90797148412184	8.771824924615236
1.42643213E8	0.3893575600259572	0.658395587896997
1.426447535E8	0.0	0.0
1.426462925E8	0.0	0.0
1.42647757E8	0.21567217828900073	0.4644051876206819
1.42648524E8	0.0	0.0
1.42649362E8	1.5101108936725376	2.1716911984552825
1.42650895E8	0.0	0.0
1.426524275E8	0.7650130548302873	1.4359702099501332
1.42653958E8	0.0	0.0
1.42655486E8	4.806155861165684	12.375827253014792
1.42657012E8	0.5862295081967213	1.0657099534667174
1.42658537E8	0.0	0.0
1.42660062E8	44.615081967213115	49.235319855886736
1.42661585E8	0.19723865877712032	0.4783271309276315
1.426631055E8	0.0	0.0
1.42664625E8	0.0	0.0
1.426661435E8	0.0	0.0
1.426676605E8	0.0	0.0
1.426691735E8	0.0	0.0
1.42670683E8	0.3976143141153082	0.9444476929218162
1.426721915E8	0.0	0.0
1.426736975E8	42.9813829787234	77.64496565450565
1.426752015E8	0.0	0.0
1.426767045E8	0.0	0.0
1.426782025E8	0.0	0.0
1.426796955E8	0.0	0.0
1.426811875E8	7.362600536193029	5.321752115272518
1.426826785E8	0.0	0.0
1.42684168E8	0.0	0.0
1.426856565E8	0.0	0.0
1.42687144E8	0.4001344989912576	0.688067183657694
1.42688631E8	1.7572293207800942	4.912413766310042
1.42690117E8	3.0983164983164984	2.506019688696535
1.426916015E8	0.0	0.0
1.426930845E8	0.0	0.0
1.426945645E8	0.0	0.0
1.426960415E8	0.0	0.0
1.42697517E8	0.7559322033898305	1.3946629505951291
1.42698991E8	0.0	0.0
1.42700463E8	0.0	0.0
1.427019325E8	0.0	0.0
1.427034E8	0.0	0.0
1.427048665E8	0.0	0.0
1.427063315E8	0.0	0.0
1.427077945E8	0.4103967168262654	0.6879856200577834
1.42709256E8	0.0	0.0
1.42710717E8	0.0	0.0
1.42712177E8	0.0	0.0
1.427136355E8	39.698902606310014	44.91948291254381
1.427150925E8	0.0	0.0
1.42716547E8	0.0	0.0
1.427179995E8	0.0	0.0
1.427194515E8	0.0	0.0
1.42720903E8	0.2067539627842867	0.6179042411854629
1.427223515E8	0.0	0.0
1.427237975E8	0.0	0.0
1.42725243E8	0.0	0.0
1.42726687E8	7.225225225225225	9.1366389048802
1.42728129E8	0.0	0.0
1.427295695E8	1905.4361111111111	2068.9527851266525
1.427310075E8	0.0	0.0
1.427324415E8	0.20949720670391062	0.45770864827301505
1.427338735E8	0.0	0.0
1.427353055E8	0.0	0.0
1.427367365E8	0.0	0.0
1.42738166E8	0.4002799160251924	1.1687558354674077
1.42739595E8	25.1000699790063	31.850804666014927
1.42741022E8	0.0	0.0
1.427424465E8	0.0	0.0
1.427438705E8	0.0	0.0
1.427452945E8	0.0	0.0
1.42746718E8	0.0	0.0
1.427481405E8	0.9212376933895922	1.4630949989969941
1.42749562E8	0.20548909218859956	0.45330904710649617
1.42750982E8	0.0	0.0
1.427523995E8	1.1518361581920904	2.387437697001148
1.427538155E8	0.0	0.0
1.427552315E8	1.057909604519774	1.392575145808356
1.42756647E8	0.21201413427561838	0.4604499259155314
1.427580605E8	0.0	0.0
1.427594725E8	0.0	0.0
1.42760884E8	0.0	0.0
1.427622945E8	0.0	0.0
1.427637035E8	0.0	0.0
1.427651115E8	0.2571022727272727	0.47821875937501845
1.42766519E8	0.0	0.0
1.427679255E8	0.0	0.0
1.427693305E8	0.0	0.0
1.427707335E8	0.0	0.0
1.42772132E8	0.36917562724014336	1.2107641474657773
1.427735265E8	0.0	0.0
1.4277492E8	6.244795405599426	6.326881765821068
1.42776312E8	0.9690869877785766	0.6856860423473863
1.42777703E8	0.0	0.0
1.42779094E8	0.43134435657800146	0.9426395782857215
1.427804825E8	0.21645021645021645	0.4652421051992354
1.427818685E8	0.0	0.0
1.42783254E8	0.0	0.0
1.427846385E8	0.9790462427745664	1.4126799849521452
1.42786022E8	23.911062906724514	11.092133709262184
1.427874045E8	0.662807525325615	1.0556169107345021
1.42788786E8	0.0	0.0
1.42790167E8	0.4344677769732078	1.2130117633460653
1.427915475E8	0.21666666666666667	0.4731945091379029
1.427929275E8	2.8260869565217392	5.362916143780116
1.42794307E8	6.372733865119652	8.12144941107317
1.427956855E8	0.6531204644412192	1.2554669997726513
1.42797063E8	0.0	0.0
1.4279844E8	6.864923747276689	5.686240703077327
1.42799817E8	0.0	0.0
1.42801194E8	1.0893246187363834	1.4967891075680952
1.428025705E8	0.0	0.0
1.42803946E8	0.0	0.0
1.428053205E8	0.18340611353711792	0.5175240573415112
1.428066945E8	0.0	0.0
1.42808068E8	0.43699927166788055	1.1398879335673742
1.4280944E8	0.0	0.0
1.4281081E8	0.0	0.0
1.428121785E8	0.0	0.0
1.428135455E8	1.2064421669106882	2.2060744038350615
1.42814909E8	0.0	0.0
1.428162695E8	8703.424264705882	6632.993731373578
1.428176275E8	6.166666666666667	5.267126860892147
1.428189835E8	6.761061946902655	10.580635732666286
1.42820339E8	0.0	0.0
1.42821694E8	0.0	0.0
1.428230475E8	0.0	0.0
1.42824399E8	0.0	0.0
1.42825748E8	0.22271714922049	0.5097417719694666
1.42827095E8	8.685226429101707	5.600071587197542
1.428284415E8	0.0	0.0
1.428297865E8	0.0	0.0
1.4283113E8	0.7676842889054356	2.2390629355795753
1.42832472E8	51.189410887397464	85.91745080003327
1.428338125E8	6.4977611940298505	5.665883762130154
1.428351525E8	0.0	0.0
1.428364925E8	0.0	0.0
1.42837832E8	1.115011202389843	1.344921018750404
1.42839171E8	0.0	0.0
1.42840509E8	0.0	0.0
1.42841846E8	0.0	0.0
1.428431825E8	0.0	0.0
1.428445175E8	0.7631184407796102	2.1702292626526267
1.42845851E8	0.2250562640660165	0.4744009528510841
1.42847184E8	83.82295573893474	72.21252081211755
1.42848517E8	0.0	0.0
1.428498495E8	0.45045045045045046	0.949157995752499
1.428511805E8	2.4593984962406017	3.2510264428839744
1.428525105E8	0.45112781954887216	0.9924527223072329
1.428538395E8	0.0	0.0
1.42855167E8	0.0	0.0
1.428564935E8	0.0	0.0
1.428578195E8	0.0	0.0
1.42859144E8	0.0	0.0
1.42860467E8	0.22675736961451248	0.5498573992282151
1.428617895E8	1.1270801815431164	1.7819909313107707
1.428631085E8	0.0	0.0
1.42864424E8	0.0	0.0
1.42865739E8	0.0	0.0
1.42867054E8	2.5095057034220534	3.404313970856287
1.42868369E8	0.0	0.0
1.428696825E8	0.0	0.0
1.42870994E8	0.0	0.0
1.42872305E8	0.0	0.0
1.428736155E8	0.0	0.0
1.428749255E8	10.186259541984732	13.675408362938555
1.42876235E8	0.9167303284950343	1.40988543114446
1.428775435E8	0.0	0.0
1.428788505E8	0.0	0.0
1.428801555E8	20.158742331288344	21.426486533106036
1.428814595E8	0.0	0.0
1.428827635E8	0.5559815950920245	0.787167010132215
1.428840675E8	0.6901840490797546	1.403872820345747
1.42885371E8	0.0	0.0
1.42886674E8	0.0	0.0
1.428879765E8	0.0	0.0
1.42889278E8	0.0	0.0
1.42890579E8	1.5042275172943889	1.8390252405856602
1.42891879E8	7.4973056197074675	11.3455420362122
1.42893177E8	0.2313030069390902	0.48093971237473226
1.42894474E8	0.2313030069390902	0.48093971237473226
1.42895771E8	0.0	0.0
1.428970675E8	0.0	0.0
1.42898363E8	0.0	0.0
1.428996575E8	0.0	0.0
1.429009515E8	0.0	0.0
1.429022455E8	1.1591962905718702	1.9163334387657291
1.42903539E8	0.0	0.0
1.42904831E8	0.0	0.0
1.429061215E8	0.0	0.0
1.42907411E8	0.0	0.0
1.42908699E8	178.2851592851593	108.9317665290055
1.429099855E8	0.0	0.0
1.42911271E8	0.0	0.0
1.429125555E8	0.0	0.0
1.429138395E8	18.524143302180686	10.823527793380538
1.42915123E8	0.0	0.0
1.42916406E8	42.64770070148091	37.810888500087074
1.429176885E8	7.414196567862715	9.215905669910727
1.4291897E8	0.0	0.0
1.429202505E8	0.0	0.0
1.429215305E8	0.0	0.0
1.4292281E8	0.0	0.0
1.429240885E8	3.5007824726134587	4.794852482468934
1.429253665E8	0.45461658841940533	1.0166839835360428
1.429266445E8	0.0	0.0
1.42927922E8	1412.1166797180892	808.2195480816652
1.42929199E8	266.65935787000785	446.67720235200943
1.42930476E8	0.9365700861393892	2.105665996161862
1.429317525E8	0.0	0.0
1.42933028E8	0.0	0.0
1.42934303E8	0.0	0.0
1.429355775E8	0.0	0.0
1.429368515E8	0.0	0.0
1.429381245E8	0.0	0.0
1.42939396E8	0.0	0.0
1.42940667E8	0.0	0.0
1.42941938E8	0.0	0.0
1.42943209E8	0.43351691581431945	1.2145848529711196
1.4294448E8	1.8237608182533438	2.5042842912042365
1.429457505E8	134.13543307086613	128.79592293151026
1.429470205E8	3.0503937007874016	7.151454893000037
1.429482905E8	7.166141732283465	8.903065030040715
1.4294956E8	0.4728132387706856	0.9724332766526304
1.429508285E8	0.0	0.0
1.429520965E8	1.8438485804416405	3.6284452788978143
1.429533635E8	17.760663507109005	21.472584379548003
1.42954629E8	0.0	0.0
1.429558935E8	3.175632911392405	3.4975126785629898
1.42957157E8	0.0	0.0
1.4295842E8	0.0	0.0
1.42959683E8	2.780680918448139	2.8486498586907527
1.429609455E8	0.0	0.0
1.429622075E8	0.0	0.0
1.429634695E8	0.0	0.0
1.42964731E8	0.0	0.0
1.42965992E8	50.04758128469469	22.80192612591196
1.429672525E8	193.515873015873	162.58771991348752
1.429685125E8	0.0	0.0
1.429697725E8	4.962698412698413	9.467404397813903
1.429710325E8	2.619047619047619	2.5379656895375557
1.42972292E8	130.0285941223193	261.3374320216968
1.429735505E8	0.0	0.0
1.429748085E8	3.327503974562798	7.725929335798303
1.429760665E8	31.89268680445151	59.47200781738816
1.42977324E8	0.0	0.0
1.42978579E8	0.0	0.0
1.42979832E8	12.63048683160415	9.729419927769891
1.429810845E8	0.0	0.0
1.42982336E8	0.23980815347721823	0.4897021068743918
1.42983587E8	0.7194244604316546	1.1109512275055478
1.42984838E8	0.0	0.0
1.42986089E8	0.926458832933653	2.3500599512736553
1.429873395E8	8.6056	12.328536003921958
1.42988589E8	0.0	0.0
1.429898375E8	0.0	0.0
1.42991085E8	4.732157177225341	4.99911780509222
1.429923315E8	0.0	0.0
1.429935775E8	0.391653290529695	0.8451542547285166
1.429948225E8	0.0	0.0
1.42996066E8	223.91150442477877	243.4845540834829
1.429973085E8	9.403381642512077	16.764327398016615
1.4299855E8	0.0	0.0
1.42999791E8	0.24174053182917002	0.535598199309845
1.43001032E8	0.48267526188557613	1.0480018207413553
1.430022725E8	0.4838709677419355	1.1791194089850108
1.430035125E8	0.0	0.0
1.430047525E8	140.78387096774193	129.56151546783704
1.43005992E8	3.1073446327683616	6.406148680767318
1.4300719E8	0.0	0.0
1.43007809E8	0.0	0.0
1.430084685E8	0.0	0.0
1.430097065E8	0.0	0.0
1.430109445E8	0.2294022617124394	0.5634247917523934
1.43012182E8	0.2425222312045271	0.6643722305998644
1.430134185E8	0.0	0.0
1.43014654E8	0.0	0.0
1.43015889E8	2.622672064777328	3.58618582130643
1.430171235E8	0.1766612641815235	0.5460926477281628
1.430183575E8	31.876823338735818	29.427189491377295
1.430195915E8	0.0	0.0
1.43020825E8	0.9716139497161395	2.080496852505351
1.43022058E8	0.0	0.0
1.430232905E8	1.6485389610389611	2.648970640559358
1.43024522E8	2.645816409423233	2.9131763185912125
1.43025753E8	0.2437043054427295	0.6780772740639149
1.43026984E8	0.6531275385865151	1.203163984804155
1.43028215E8	0.48578391551584077	0.9840317272793826
1.430294455E8	3.892682926829268	3.5692908817262263
1.43030675E8	0.9747762408462164	1.2583326822178267
1.43031904E8	0.24410089503661514	0.5259730801490673
1.430331325E8	0.0	0.0
1.4303436E8	0.6943765281173594	1.0735009259329078
1.43035587E8	904.517522412388	936.2972987368071
1.43036814E8	0.0	0.0
1.43038041E8	0.0	0.0
1.430392675E8	2.67373572593801	2.7534643757483948
1.430404935E8	0.0	0.0
1.430417195E8	0.731647634584013	1.142033902983097
1.43042945E8	2.6653061224489796	3.8756171332144387
1.4304417E8	0.0	0.0
1.43045395E8	0.0	0.0
1.4304662E8	0.24489795918367346	0.6663945022680343
1.43047845E8	0.0	0.0
1.4304907E8	0.3346938775510204	0.9680613912055667
1.430502945E8	63.380718954248366	89.46820006868033
1.430515185E8	2.450980392156863	2.9351654260759092
1.430527425E8	0.49019607843137253	1.0996137170831335
1.430539665E8	3.474673202614379	3.701814605372481
1.4305519E8	0.0	0.0
1.43056413E8	0.0	0.0
1.43057636E8	0.0	0.0
1.430588585E8	84.48690671031096	66.35650503942672
1.430600805E8	0.49018003273322425	0.8849533261847025
1.43061302E8	0.0	0.0
1.430625225E8	0.2459016393442623	0.4958847036804647
1.430637425E8	0.980327868852459	2.010627501756522
1.43064962E8	0.0	0.0
1.43066181E8	0.0	0.0
1.430674E8	0.0	0.0
1.430686185E8	6.579638752052545	7.831560082980487
1.430698365E8	0.0	0.0
1.430710525E8	2.7182866556836904	4.68830786558478
1.43072266E8	0.0	0.0
1.430734785E8	0.0	0.0
1.430746905E8	1.9785478547854785	2.6316805608313154
1.43075902E8	0.0	0.0
1.43077113E8	0.0	0.0
1.430783235E8	0.0	0.0
1.43079533E8	0.0	0.0
1.43080742E8	1.229114971050455	2.074501544563264
1.43081951E8	0.0	0.0
1.430831595E8	0.0	0.0
1.430843675E8	0.24834437086092714	0.5638091828819275
1.430855755E8	2.4677152317880795	3.801903496759945
1.430867835E8	0.24834437086092714	0.5351858005025943
1.43087991E8	0.995857497928749	1.4981347143043615
1.430891975E8	0.6840796019900498	1.4092209955369042
1.43090403E8	7.086307053941908	7.690485580555385
1.43091608E8	0.0	0.0
1.43092813E8	2.240663900414938	2.638055363252459
1.43094017E8	0.0	0.0
1.4309522E8	0.0	0.0
1.43096423E8	0.24771404821280132	0.6316664418548654
1.430976255E8	1.7470881863560732	2.299533339043174
1.430988275E8	0.24958402662229617	0.5518084019650311
1.43100029E8	0.0	0.0
1.431012295E8	0.0	0.0
1.431024295E8	0.75	1.1951290027998371
1.431036295E8	0.25	0.5291502622129182
1.43104829E8	0.5004170141784821	0.8055271948966704
1.43106028E8	0.7239366138448707	1.7760335712025168
1.431072265E8	0.0	0.0
1.431084245E8	3.3814691151919867	3.673325768792197
1.43109622E8	0.0	0.0
1.43110819E8	0.0	0.0
1.43112015E8	0.0	0.0
1.4311321E8	0.0	0.0
1.43114405E8	5.0117154811715485	6.008014173553807
1.431156E8	0.0	0.0
1.43116795E8	239.1389121338912	257.5652316124303
1.431179895E8	0.6415410385259631	1.1386318158475555
1.43119183E8	0.6999161777032691	1.2052553266204735
1.43120376E8	0.7544006705783739	1.7501047747344152
1.43121569E8	0.44090528080469404	0.8219535945850589
1.43122762E8	0.9488683989941324	1.2719160062311337
1.431239545E8	0.0	0.0
1.431251465E8	35.43708053691275	30.292505773545184
1.431263385E8	0.7550335570469798	1.3987050578753815
1.4312753E8	0.0	0.0
1.43128721E8	0.0	0.0
1.431299115E8	0.0	0.0
1.431311015E8	0.20252100840336135	0.44815213503279644
1.431322915E8	0.21764705882352942	0.4665265896211377
1.43133481E8	0.7434819175777965	1.1915034216067484
1.4313467E8	0.0	0.0
1.43135859E8	0.0	0.0
1.43137048E8	0.0	0.0
1.43138237E8	0.0	0.0
1.43139426E8	2.2935239697224556	2.1342652856437
1.431406145E8	0.25252525252525254	0.502518907629606
1.431418015E8	0.0	0.0
1.431429875E8	0.0	0.0
1.431441735E8	10.826306913996627	7.807874262941366
1.431453595E8	0.0	0.0
1.431465455E8	0.0	0.0
1.43147731E8	0.0	0.0
1.43148916E8	0.0	0.0
1.43150101E8	5.00084388185654	3.2639185892056233
1.43151286E8	0.0	0.0
1.431524705E8	0.0	0.0
1.431536545E8	0.0	0.0
1.431548385E8	0.0	0.0
1.431560225E8	0.0	0.0
1.431572055E8	0.5076142131979695	0.7869493885260492
1.431583875E8	120.66497461928934	82.25488120612357
1.43159569E8	0.0	0.0
1.4316075E8	72.8077900084674	85.46074755940509
1.43161931E8	0.0	0.0
1.43163111E8	0.7167090754877015	1.2721323086405056
1.4316429E8	0.0	0.0
1.43165469E8	0.2544529262086514	0.5882652289943422
1.431666475E8	0.0	0.0
1.431678255E8	0.0	0.0
1.431690035E8	0.0	0.0
1.431701815E8	0.2546689303904924	0.6097676921337493
1.431713595E8	0.0	0.0
1.431725375E8	0.0	0.0
1.43173715E8	0.0	0.0
1.431748915E8	12253.289965986394	15845.100493946553
1.43176067E8	0.0	0.0
1.43177242E8	3.0638297872340425	4.877652033684048
1.431784165E8	0.0	0.0
1.431795905E8	0.0	0.0
1.43180764E8	0.0	0.0
1.43181937E8	0.0	0.0
1.4318311E8	1.7902813299232736	2.9768931091190027
1.43184282E8	0.2561912894961571	0.5651416998463387
1.43185453E8	4.34329632792485	5.755330206853743
1.43186624E8	0.7685738684884714	1.3417044362276653
1.43187795E8	0.0	0.0
1.431889655E8	0.5128205128205128	0.9713854763119241
1.43190135E8	0.0	0.0
1.43191304E8	0.0	0.0
1.431924725E8	0.0	0.0
1.4319364E8	0.0	0.0
1.43194807E8	0.0	0.0
1.43195974E8	0.0	0.0
1.431971405E8	0.0	0.0
1.431983065E8	402.10291595197253	276.23641588575265
1.431994725E8	568.1260720411664	604.4467488643586
1.432006385E8	0.0	0.0
1.43201804E8	0.0	0.0
1.43202969E8	0.0	0.0
1.432041335E8	0.0	0.0
1.43205297E8	0.0	0.0
1.4320646E8	347.731728288908	254.38159972826168
1.43207623E8	0.0	0.0
1.43208786E8	2.837489251934652	4.327917333277074
1.43209949E8	0.0	0.0
1.43211112E8	29.6079105760963	38.615885156428114
1.432122745E8	62.40705679862307	58.235382068058385
1.432134365E8	0.0	0.0
1.432145985E8	106.68244406196213	160.76526596284182
1.4321576E8	0.0	0.0
1.43216921E8	0.0	0.0
1.43218082E8	0.0	0.0
1.432192425E8	0.24224137931034484	0.49913718658749795
1.432204025E8	2.1120689655172415	2.9410882339705484
1.432215625E8	0.0	0.0
1.43222722E8	0.0	0.0
1.43223881E8	0.0	0.0
1.4322504E8	4.0974978429680755	5.955182051798282
1.43226199E8	0.25970664365832613	0.6076873089025374
1.43227358E8	18.44607420189819	14.23368993793784
1.432285165E8	0.0	0.0
1.432296745E8	244.30397236614854	269.75273491949207
1.432308325E8	0.20639032815198619	0.5030133720929472
1.4323199E8	1.9291270527225584	2.3977805929283194
1.43233147E8	2.288677614520311	3.241903684365645
1.432343035E8	0.0	0.0
1.432354595E8	1.5579584775086506	2.945291239322364
1.43236615E8	0.2597402597402597	0.5096471914376255
1.4323777E8	3.933333333333333	4.10690475500305
1.43238925E8	0.0	0.0
1.4324008E8	60.56017316017316	102.61057808983797
1.432412345E8	0.0	0.0
1.432423885E8	0.5199306759098787	1.0197359225896465
1.432435425E8	1.1507798960138649	1.774066991831988
1.432446965E8	7.136048526863085	3.8363399657428214
1.4324585E8	0.0	0.0
1.43247003E8	0.5203816131830009	1.0201780366024362
1.43248156E8	0.0	0.0
1.432493085E8	0.5208333333333334	0.8467667263708989
1.432504605E8	0.0	0.0
1.432516125E8	0.5208333333333334	1.3017082793177757
1.432527645E8	0.4210069444444444	1.0379098922567624
1.43253916E8	0.7819287576020851	1.4012530076013763
1.432550665E8	1.6382608695652174	2.5564921619111303
1.432562165E8	0.0	0.0
1.432573655E8	0.0	0.0
1.432585135E8	0.2613240418118467	0.5111986324432477
1.432596615E8	0.5121951219512195	0.7150692566540997
1.432608095E8	22.6506968641115	21.78971803045395
1.432619575E8	0.0	0.0
1.432631055E8	0.5226480836236934	1.2325436150766438
1.43264253E8	1.6181342632955535	1.7870501915438117
1.432654E8	336.39145597210114	237.4038308483714
1.43266547E8	1.3077593722755012	1.7987208474384206
1.432676935E8	0.0	0.0
1.432688395E8	0.0	0.0
1.432699855E8	0.0	0.0
1.43271131E8	1.0672489082969432	1.8229492875018474
1.432722755E8	15.708041958041958	10.244135282799993
1.432734195E8	1.2351398601398602	1.7456238991268416
1.432745635E8	293.4938811188811	150.63038575230468
1.432757075E8	11.5	13.239390791553383
1.432768515E8	0.26223776223776224	0.5853694070049635
1.43277995E8	0.5249343832020997	0.8572678324088334
1.43279138E8	1.048118985126859	1.099192418097714
1.432802805E8	0.0	0.0
1.432814225E8	2.8774080560420314	2.7743508731008246
1.432825645E8	329.6926444833625	562.9161609006729
1.43283706E8	51.31989482909729	64.38080998347223
1.43284847E8	114.23751095530237	95.44916189560378
1.432859875E8	26.732456140350877	14.869697197214277
1.432871275E8	0.26228070175438595	0.5121334804075847
1.432882675E8	0.4807017543859649	0.9109470683873508
1.432894075E8	0.0	0.0
1.43290547E8	8.57243195785777	8.420469227977453
1.43291686E8	0.2633889376646181	0.6558978056975615
1.43292825E8	0.0	0.0
1.43293964E8	0.0	0.0
1.43295103E8	0.0	0.0
1.432962415E8	0.7908611599297012	1.3323077485067432
1.43297379E8	1.0554089709762533	1.0379771952560384
1.432985155E8	18.203345070422536	25.7606979008339
1.432996515E8	0.0	0.0
1.433007875E8	593.3477112676056	464.2149552178251
1.433019235E8	1.2623239436619718	2.03100960115899
1.43303059E8	0.0	0.0
1.43304194E8	0.0	0.0
1.43305329E8	7.669603524229075	5.537298439565144
1.433064635E8	0.0	0.0
1.433075975E8	43.36596119929453	34.41525901268292
1.433087315E8	0.0	0.0
1.433098655E8	0.0	0.0
1.43310999E8	0.0	0.0
1.43312132E8	0.0	0.0
1.43313265E8	0.7237422771403353	1.330609161773106
1.433143975E8	10686.020318021201	11967.54782451187
1.433155295E8	0.7208480565371025	1.616500604685008
1.433166615E8	0.0	0.0
1.433177935E8	0.0	0.0
1.43318925E8	0.0	0.0
1.43320056E8	1875.103448275862	2957.3691702883893
1.43321187E8	0.0	0.0
1.433223175E8	0.0	0.0
1.433234475E8	0.0	0.0
1.433245775E8	0.6566371681415929	1.1358985371615125
1.43325707E8	0.0	0.0
1.43326836E8	0.2657218777679362	0.5770945215495292
1.43327965E8	7.445527015057573	10.9079407290167
1.43329094E8	0.0	0.0
1.43330222E8	2.31055900621118	2.45057623196625
1.43331349E8	0.0	0.0
1.433324755E8	85.78507992895204	96.92961776097913
1.433336015E8	0.7992895204262878	1.5485052667908052
1.433347275E8	0.7353463587921847	1.4852740744982234
1.433358535E8	0.0	0.0
1.433369795E8	15.126110124333925	28.8288574095157
1.43338105E8	0.0	0.0
1.4333923E8	0.0	0.0
1.433403545E8	0.5338078291814946	0.983855441743913
1.433414785E8	0.0	0.0
1.43342602E8	0.0	0.0
1.43343725E8	0.0	0.0
1.43344848E8	0.201246660730187	0.6115539379777549
1.43345971E8	2.1344612644701693	3.241125976528178
1.43347094E8	1.572573463935886	2.541025798849457
1.433482165E8	376.4313725490196	231.92040439565588
1.43349338E8	0.0	0.0
1.433504585E8	0.0	0.0
1.43351578E8	0.8042895442359249	1.9847497214152041
1.43352697E8	3.780160857908847	4.811272881281945
1.433538155E8	1.6958855098389982	2.4633267207365757
1.433549335E8	0.0	0.0
1.433560515E8	0.0	0.0
1.433571695E8	0.26833631484794274	0.6143775301496408
1.43358287E8	0.0	0.0
1.43359404E8	0.0	0.0
1.43360521E8	1.5353625783348255	2.7510883335146397
1.43361638E8	2.6481647269471797	3.3191881308245583
1.43362755E8	18.717099373321396	14.538037042135228
1.43363872E8	2.3572068039391225	3.6416225096972084
1.433649885E8	0.0	0.0
1.433661045E8	8.194444444444445	13.628454315331934
1.433668735E8	124.49052132701422	69.30417534592809
1.433674315E8	4.2881844380403455	3.7116919404119106
1.433683365E8	0.5376344086021505	1.016001016001524
1.433694525E8	3.997311827956989	3.188099511405448
1.433705685E8	0.0	0.0
1.43371684E8	0.0	0.0
1.43372799E8	0.26188340807174887	0.6520062174728999
1.43373914E8	0.0	0.0
1.433750285E8	0.2980251346499102	1.091833567261806
1.433761425E8	0.0	0.0
1.433772565E8	0.5385996409335727	1.006264043357963
1.433783705E8	0.22800718132854578	0.501344690908694
1.433794845E8	1.6104129263913824	2.99760526802787
1.433805985E8	0.0	0.0
1.433817115E8	0.0	0.0
1.433828235E8	0.0	0.0
1.433839355E8	0.0	0.0
1.433850475E8	298.74370503597123	464.04725343144327
1.43386159E8	15.445544554455445	9.530896274662727
1.433872695E8	0.0	0.0
1.433883795E8	0.0	0.0
1.433894895E8	2.4306306306306307	2.8018655304012094
1.433905995E8	0.0	0.0
1.43391709E8	0.5410279531109107	0.8836762297301434
1.43392818E8	0.0	0.0
1.43393927E8	2.416591523895401	2.9398846152437343
1.43395036E8	0.0	0.0
1.433961445E8	6.498194945848375	5.104857175965221
1.433972525E8	0.0	0.0
1.4339836E8	0.0	0.0
1.43399467E8	0.5420054200542005	0.8700579884940812
1.43400574E8	0.8130081300813008	1.7704795996132778
1.434016805E8	76.95479204339964	54.22435144223416
1.434027865E8	0.5424954792043399	1.0223541248512482
1.43403892E8	0.5429864253393665	1.091721211491244
1.43404997E8	0.0	0.0
1.43406102E8	0.0	0.0
1.43407207E8	0.0	0.0
1.43408312E8	0.0	0.0
1.43409417E8	0.0	0.0
1.43410521E8	0.0	0.0
1.43411624E8	0.0	0.0
1.43412727E8	0.0	0.0
1.434138295E8	0.0	0.0
1.434149315E8	0.0	0.0
1.434160335E8	0.27223230490018147	0.5825658247004307
1.43417135E8	5.053587647593097	5.518773179100722
1.43418236E8	0.0	0.0
1.43419337E8	0.8919164396003633	1.9540590977018926
1.434204375E8	3.8181818181818183	5.825960708914726
1.434215375E8	0.0	0.0
1.43422637E8	0.0	0.0
1.43423736E8	2.389444949954504	2.5680900377946645
1.434248345E8	7.896174863387978	9.616508271180884
1.434259325E8	0.0	0.0
1.434270305E8	0.0	0.0
1.43428128E8	0.0	0.0
1.43429225E8	0.0	0.0
1.43430322E8	0.0	0.0
1.434314185E8	0.0	0.0
1.434325145E8	0.0	0.0
1.434336095E8	1.089579524680073	1.854881400289724
1.43434703E8	0.0	0.0
1.434357955E8	0.0	0.0
1.43436887E8	0.0	0.0
1.43437978E8	5.193400549954171	6.124959080654201
1.434390685E8	0.5504587155963303	1.0665902113272383
1.434401585E8	0.0	0.0
1.434412485E8	10.44954128440367	7.74253117467574
1.434423385E8	11.98165137614679	14.071475474105359
1.434434285E8	0.0	0.0
1.43444518E8	0.0	0.0
1.43445607E8	0.8264462809917356	2.047193424733883
1.434466955E8	0.0	0.0
1.434477835E8	0.9393382352941176	1.4577379737113252
1.434488715E8	0.5514705882352942	0.9205576954152495
1.434499595E8	5.514705882352941	8.248105843161811
1.43451047E8	0.0	0.0
1.43452134E8	29.61729530818767	30.404161943350136
1.43453221E8	16.783808647654094	11.356642156339932
1.434543075E8	16.056169429097604	12.797509253519712
1.434553935E8	3.4493554327808473	4.340693565105813
1.434564795E8	7.45303867403315	5.1952662970120445
1.434575655E8	0.0	0.0
1.434586505E8	0.0	0.0
1.434597345E8	0.8302583025830258	1.9199861623117587
1.434608185E8	0.0	0.0
1.434619025E8	0.0	0.0
1.434629865E8	0.5535055350553506	1.4063640277672727
1.4346407E8	0.0	0.0
1.43465153E8	1.1043397968605724	1.7752270867702968
1.43466236E8	694.8836565096952	445.6656252081278
1.434673185E8	0.0	0.0
1.434684005E8	1.33456561922366	1.7272417724454765
1.43469482E8	0.0	0.0
1.43470563E8	10.188714153561516	5.989352254253537
1.434716435E8	0.0	0.0
1.434727235E8	0.0	0.0
1.434738035E8	11.313888888888888	10.151035342196307
1.43474883E8	0.0	0.0
1.43475962E8	0.0	0.0
1.434770405E8	0.0	0.0
1.434781185E8	0.0	0.0
1.434791965E8	0.0	0.0
1.434802745E8	0.0	0.0
1.43481352E8	1.6713091922005572	2.806842680132264
1.43482429E8	0.0	0.0
1.434835055E8	0.0	0.0
1.434845815E8	0.0	0.0
1.434856575E8	0.2778810408921933	0.5695168499519414
1.434867335E8	0.0	0.0
1.43487809E8	0.0	0.0
1.43488884E8	10.573023255813954	10.54456765243337
1.43489959E8	28.427906976744186	38.104629517916514
1.43491034E8	0.27906976744186046	0.6682152556676454
1.434921085E8	0.5586592178770949	1.3481486028971297
1.434931825E8	11.990689013035382	13.745762848078138
1.434942565E8	0.0	0.0
1.434953305E8	2.514897579143389	3.1643380637584326
1.43496404E8	0.0	0.0
1.434974765E8	323.67537313432837	95.42727949408277
1.434985485E8	0.0	0.0
1.4349962E8	0.0	0.0
1.43500691E8	7.328664799253034	7.499144053242289
1.435017615E8	0.0	0.0
1.435028315E8	0.0	0.0
1.435039015E8	0.0	0.0
1.43504971E8	0.0	0.0
1.4350604E8	0.0	0.0
1.435071085E8	0.2808988764044944	0.52999894000318
1.43508176E8	0.0	0.0
1.43509243E8	0.0	0.0
1.4351031E8	0.2521087160262418	0.5021042879982621
1.435113765E8	1.4071294559099436	2.4965266678682028
1.435124415E8	3.786654135338346	3.3785312909917717
1.435135055E8	0.0	0.0
1.435145695E8	8.908834586466165	6.2351326929944415
1.43515633E8	0.0	0.0
1.43516696E8	0.0	0.0
1.43517759E8	2.803386641580433	2.601649379144654
1.43518822E8	14.022577610536219	9.231526008006503
1.43519885E8	0.0	0.0
1.43520948E8	0.0	0.0
1.43522011E8	0.0	0.0
1.43523074E8	0.0	0.0
1.435241365E8	96.28625235404897	44.63123647517736
1.435251985E8	0.0	0.0
1.435262605E8	0.5141242937853108	0.873333764609373
1.435273225E8	0.9887005649717514	1.2281997297960892
1.435283845E8	0.0	0.0
1.43529446E8	1.407163053722903	3.0758553211496595
1.435305065E8	0.0	0.0
1.435315665E8	391.95	247.15735954520653
1.435326265E8	0.0	0.0
1.43533686E8	7.647780925401322	5.007265731302022
1.43534745E8	0.2747875354107649	0.6781355320370277
1.43535804E8	0.2813975448536355	0.5974449848438048
1.435368625E8	0.0	0.0
1.435379205E8	6072.232514177694	5118.9469546368255
1.435389785E8	0.5671077504725898	1.132105788373177
1.435400365E8	8.483931947069943	11.813852367050833
1.43541094E8	0.0	0.0
1.435421505E8	2.659090909090909	4.671601827677915
1.435432065E8	1.1420454545454546	2.044023068125774
1.435442625E8	1.8541666666666667	3.0774411350006257
1.435453185E8	0.0	0.0
1.43546374E8	0.0	0.0
1.43547429E8	0.0	0.0
1.43548484E8	0.0	0.0
1.435495385E8	10.797912713472487	10.144730640696972
1.435505925E8	0.0	0.0
1.43551646E8	0.0	0.0
1.43552699E8	10.820512820512821	7.473727329113199
1.43553752E8	18.376068376068375	22.773462171950182
1.43554805E8	36.46153846153846	48.869634903225425
1.43555858E8	6.626780626780627	4.4416657980681515
1.435569105E8	0.0	0.0
1.435579625E8	259.9857414448669	374.62209729201464
1.435590145E8	1.1406844106463878	1.7055043966956782
1.43560066E8	0.0	0.0
1.43561117E8	0.0	0.0
1.43562168E8	1.094196003805899	1.0519340169529814
1.43563219E8	0.0	0.0
1.4356427E8	0.570884871550904	1.3274529383448803
1.435653205E8	0.0	0.0
1.435663705E8	7.144761904761904	10.112274483917812
1.4356742E8	0.8408007626310772	2.0904248545331527
1.43568469E8	0.0	0.0
1.43569518E8	0.0	0.0
1.43570567E8	0.0	0.0
1.43571616E8	1.707340324118208	2.6927151662652493
1.435726645E8	0.2862595419847328	0.5350322812548163
1.435737125E8	21.056297709923665	17.00965150362609
1.435747605E8	0.0	0.0
1.435758085E8	0.0	0.0
1.435768565E8	14.51526717557252	10.032485402868954
1.43577904E8	8.573065902578797	13.225832151632344
1.43578951E8	0.0	0.0
1.43579998E8	0.0	0.0
1.43581045E8	0.28653295128939826	0.5352877275721892
1.435820915E8	0.0	0.0
1.43583137E8	0.5626794258373206	0.9524584156239174
1.43584182E8	2.0095693779904304	2.776524970010338
1.43585227E8	0.28708133971291866	0.6217739708394017
1.43586272E8	0.0	0.0
1.435873165E8	0.27011494252873564	0.5396181422669196
1.435883605E8	7.756704980842912	13.339940891492201
1.435894045E8	7.167624521072797	11.317898549916716
1.43590448E8	1.146692233940556	1.0417920985522708
1.43591491E8	0.862895493767977	1.2524185614705698
1.435925335E8	0.0	0.0
1.435935755E8	0.0	0.0
1.435946175E8	118.73608445297505	113.14461725856575
1.435956595E8	1.9385796545105567	2.146058298092105
1.435967015E8	0.2053742802303263	0.4531823917920094
1.43597743E8	6.8568683957732945	5.024053573874429
1.43598784E8	0.0	0.0
1.43599825E8	0.0	0.0
1.436008655E8	0.0	0.0
1.436019055E8	0.28846153846153844	0.570087712549569
1.436029455E8	0.0	0.0
1.436039855E8	0.23653846153846153	0.48635219906818716
1.43605025E8	2.598652550529355	4.7304635979764775
1.43606064E8	7.214629451395573	7.069638481417584
1.43607103E8	0.0	0.0
1.436081415E8	0.0	0.0
1.436091795E8	1.788053949903661	2.399221132448864
1.436102175E8	0.0	0.0
1.43611255E8	0.0	0.0
1.43612292E8	0.0	0.0
1.43613329E8	0.0	0.0
1.43614366E8	180.94117647058823	76.24037002281037
1.436154025E8	0.0	0.0
1.436164385E8	10.41988416988417	16.925369913775793
1.43617474E8	0.0	0.0
1.43618509E8	0.578743961352657	0.8731087220843176
1.43619544E8	0.0	0.0
1.43620579E8	0.0	0.0
1.43621614E8	0.0	0.0
1.43622648E8	0.2904162633107454	0.5389028329028762
1.43623681E8	0.0	0.0
1.43624714E8	0.8702807357212003	1.8037821939722614
1.43625747E8	7.280735721200387	6.3129885010297295
1.436267795E8	0.0	0.0
1.436278115E8	7.687015503875969	9.592976274256577
1.436288435E8	0.7945736434108527	1.0783277320343843
1.43629875E8	0.0	0.0
1.43630906E8	0.0	0.0
1.43631937E8	2.5586808923375366	4.965057338479969
1.436329675E8	10.440776699029126	6.055247263116158
1.436339975E8	0.0	0.0
1.436350275E8	0.0	0.0
1.43636057E8	1.748299319727891	2.365528271631364
1.43637086E8	0.6783284742468416	1.0553210999059508
1.43638115E8	7346.478134110787	6553.843184711999
1.43639144E8	122.41205053449951	156.01199151539166
1.43640173E8	0.0	0.0
1.43641202E8	0.0	0.0
1.43642231E8	0.0	0.0
1.436432595E8	1.0087548638132295	1.6553768071169948
1.436442875E8	0.0	0.0
1.43645315E8	0.0	0.0
1.43646342E8	0.0	0.0
1.43647369E8	0.0	0.0
1.436483955E8	0.29239766081871343	0.5496764953249053
1.436494215E8	0.0	0.0
1.43650447E8	0.0	0.0
1.43651472E8	0.5824390243902439	1.3387289202640016
1.43652497E8	0.8780487804878049	1.4059108669662024
1.43653522E8	0.3170731707317073	0.4978000382169335
1.43654546E8	0.0	0.0
1.43655569E8	0.0	0.0
1.436565915E8	0.0	0.0
1.436576135E8	5.532289628180039	5.831287498856908
1.436586355E8	17.006849315068493	19.84499621454692
1.436596575E8	0.0	0.0
1.43660679E8	4.701273261508325	3.815530919780904
1.436617E8	1.1322233104799218	1.1847050075635417
1.43662721E8	0.0	0.0
1.436637415E8	512.121568627451	357.10825375782167
1.436647615E8	0.0	0.0
1.436657815E8	0.0	0.0
1.43666801E8	0.0	0.0
1.4366782E8	0.0	0.0
1.43668839E8	0.2944062806673209	0.6170619550172697
1.43669858E8	0.0	0.0
1.43670877E8	5.5004906771344455	6.488912563830724
1.436718955E8	37.87524557956778	55.63806523014642
1.436729135E8	0.0	0.0
1.436739315E8	0.8840864440078585	1.7399726755300946
1.436749495E8	0.0	0.0
1.436759665E8	0.0	0.0
1.436769825E8	0.2952755905511811	0.5767817311204739
1.436779985E8	0.20964566929133857	0.5673185998191734
1.43679014E8	0.0	0.0
1.43680029E8	0.0	0.0
1.436810435E8	0.0	0.0
1.436820575E8	69.88264299802762	91.3065744212561
1.436830715E8	0.0	0.0
1.436840855E8	0.0	0.0
1.436850995E8	0.0	0.0
1.43686113E8	0.8884501480750246	1.912188783238811
1.43687126E8	0.0	0.0
1.43688139E8	0.29615004935834155	0.6076186261683659
1.436891515E8	0.0	0.0
1.436901635E8	0.0	0.0
1.436911755E8	2.755928853754941	3.395823987393882
1.436921875E8	70.70553359683794	70.29437678160767
1.436931995E8	5.625494071146245	8.246990108506399
1.43694211E8	0.592482690405539	1.0454555228450801
1.43695222E8	26.251236399604352	37.86513628648476
1.43696233E8	0.0	0.0
1.43697244E8	1.781404549950544	2.5890662592825797
1.436982545E8	22.70990099009901	14.983819656053942
1.436992645E8	0.0	0.0
1.437002745E8	1.187128712871287	1.5571616728032849
1.437012845E8	0.0	0.0
1.437022935E8	0.2926587301587302	0.5951190357119042
1.437033015E8	0.0	0.0
1.437043095E8	0.2976190476190476	0.6025738445163697
1.43705317E8	0.0	0.0
1.43706324E8	0.0	0.0
1.437073305E8	0.3628230616302187	1.0103834675463834
1.437083365E8	0.5964214711729622	1.1066399990399538
1.437093425E8	0.2982107355864811	0.6537854293833385
1.43710348E8	0.0	0.0
1.43711353E8	0.0	0.0
1.43712358E8	0.9930348258706467	1.6262767659297679
1.43713363E8	0.0	0.0
1.43714368E8	0.29850746268656714	0.6149060519594179
1.437153725E8	0.0	0.0
1.437163765E8	0.0	0.0
1.437173805E8	0.0	0.0
1.437183845E8	0.0	0.0
1.43719388E8	0.0	0.0
1.4372039E8	2.3846153846153846	2.015177178547599
1.43721391E8	0.0	0.0
1.43722392E8	7.220779220779221	12.373596651980138
1.43723393E8	0.0	0.0
1.43724394E8	3.4835164835164836	2.9934994506495176
1.437251765E8	3.1914893617021276	5.150913986237493
1.437257305E8	0.0	0.0
