#Position (bp)	mapping quality
179658.5	146.95031249824706
538974.5	142.87306564381015
898290.5	82.13591439363671
1257606.5	119.08516467907553
1616922.5	125.76140724822942
1976238.5	153.4302185545556
2335554.5	118.11642541838714
2694870.5	140.69433039402784
3054186.5	129.09554544837025
3413502.5	140.31712828273797
3772818.5	97.94145685634075
4132134.5	134.35034624275252
4491450.5	164.92127351828813
4850766.5	135.06124350920473
5210082.5	120.53772028788211
5569398.5	109.32443849088487
5928714.5	87.70547237785262
6288030.5	51.470948841919814
6647346.5	129.26308115804062
7006662.5	158.82887943214865
7365978.5	67.70901693240452
7725294.5	148.78883149528312
8084610.5	121.63237029326523
8443926.5	88.36414043426582
8803242.5	84.7594205327293
9162558.5	139.75163287258817
9521874.5	112.75732063444289
9881190.5	180.57052584549473
1.02405065E7	152.58105724275998
1.05998225E7	162.57747255556558
1.09591385E7	145.490735873711
1.13184545E7	158.68893965690978
1.16777705E7	151.5416393709247
1.20370865E7	114.01384039157617
1.23964025E7	27.37247062817763
1.27557185E7	107.41936970056075
1.31150345E7	143.40985986042506
1.34743505E7	128.2484549208423
1.38336665E7	162.6454929220586
1.41929825E7	88.28610655967644
1.45522985E7	76.71300243982355
1.49116145E7	72.08740470696111
1.52709305E7	128.29150766479813
1.56302465E7	103.66422051726768
1.59895625E7	42.565296016473425
1.63488785E7	80.43475529203103
1.67081945E7	96.64821309544287
1.70675105E7	119.54048223781491
1.74268265E7	126.50227611616971
1.77861425E7	15.89972350090726
1.81454585E7	113.78389073383649
1.85047745E7	138.67430070054914
1.88640905E7	132.43406512148843
1.92234065E7	115.79092818062199
1.95827225E7	104.4073843244422
1.99420385E7	138.08770093974246
2.03013545E7	76.3543847847207
2.06606705E7	110.70518984077026
2.10199865E7	63.97835992872178
2.13793025E7	57.7976912287737
2.17386185E7	146.20577400372554
2.20979345E7	162.99708060142416
2.24572505E7	121.75588570172164
2.28165665E7	37.53770644669066
2.31758825E7	67.01597956242631
2.34346265E7	46.414598045173335
2.36142845E7	96.15396943066223
2.38945145E7	19.444228084305934
2.42538305E7	14.520243920450053
2.46131465E7	15.14782854196402
2.49724625E7	48.494559460667894
2.53317785E7	2.6679797514938577
2.56910945E7	14.83563755441381
2.60504105E7	6.474055501038805
2.64097265E7	6.6424626961697575
2.67690425E7	11.946393263999967
2.71283585E7	65.14799324736596
2.74876745E7	19.932887580168533
2.78469905E7	10.734227943434412
2.82063065E7	79.35425233704056
2.85656225E7	72.30622385645796
2.89249385E7	59.29241362096294
2.92842545E7	119.30773528646766
2.96435705E7	114.37856226652357
3.00028865E7	101.32712204488523
3.03622025E7	75.68599331011691
3.07215185E7	140.2091369331812
3.10808345E7	133.7750400982188
3.14401505E7	150.59024310567577
3.17994665E7	140.73065820479087
3.21587825E7	123.76845459499408
3.25180985E7	172.46483706267773
3.28774145E7	132.71792620416633
3.32367305E7	172.01552032027013
3.35960465E7	95.66133523870151
3.39553625E7	50.27413562853559
3.43146785E7	137.0287103914654
3.46739945E7	93.09174527850942
3.50333105E7	72.79939422130226
3.53926265E7	164.62126282482845
3.57519425E7	65.02091917981949
3.61112585E7	137.18259555433374
3.64705745E7	151.13338919348462
3.68298905E7	136.1783570128534
3.71892065E7	127.01612900205495
3.75485225E7	74.23386885607319
3.79078385E7	117.32638648175588
3.82671545E7	174.36218408754593
3.86264705E7	123.00231862489194
3.89857865E7	168.78049294268374
3.93451025E7	115.29348409118482
3.97044185E7	110.19552444061506
4.00637345E7	132.74163336931883
4.04230505E7	186.87323115142226
4.07823665E7	86.62745044372289
4.11416825E7	172.105703946931
4.15009985E7	154.13040663442433
4.18603145E7	121.35721278443297
4.22196305E7	83.782581787941
4.25789465E7	99.10757327617726
4.29382625E7	92.04912525809776
4.32975785E7	82.36313784939459
4.36568945E7	184.88549616979049
4.40162105E7	85.2815444883804
4.43755265E7	157.10246845222653
4.47348425E7	139.10791378806908
4.50941585E7	51.039177029298365
4.54534745E7	83.7067266793815
4.58127905E7	111.69839694308382
4.61721065E7	104.11861073374077
4.65314225E7	128.94842978514245
4.68907385E7	122.2703284622955
4.72500545E7	145.54752586929595
4.76093705E7	110.27472500797519
4.79686865E7	120.93017472936009
4.83280025E7	154.77759401276165
4.86541545E7	45.57392836090707
4.88338125E7	61.611254641026264
4.90466345E7	155.37264811298323
4.94059505E7	94.86902303569823
4.97652665E7	119.74954234654574
5.01245825E7	136.04125784199366
5.04838985E7	153.1579371913701
5.08432145E7	128.31974331747261
5.12025305E7	86.82567292958755
5.15618465E7	143.18523687706804
5.19211625E7	137.36032028338872
5.22804785E7	58.960955321006644
5.26397945E7	105.54107364035526
5.29991105E7	104.05997039763852
5.33584265E7	99.70098443337362
5.37177425E7	148.78721949424056
5.40770585E7	72.9038480925309
5.44363745E7	115.53539368941466
5.47956905E7	157.79571588271537
5.51550065E7	130.8474629143382
5.55143225E7	123.5789411044817
5.58736385E7	129.77697239761187
5.62329545E7	142.40515723102897
5.65922705E7	96.01603128031843
5.69515865E7	143.62680371700216
5.73109025E7	124.97355077894181
5.76702185E7	168.04530287105663
5.80295345E7	90.03981423355836
5.83888505E7	111.6443254933348
5.87481665E7	133.66845875434768
5.91074825E7	60.35186587876002
5.94667985E7	177.0189098881461
5.98261145E7	141.1005904722494
6.01854305E7	85.80199046488383
6.05447465E7	133.21291486681562
6.09040625E7	127.4731617875585
6.12633785E7	126.17825134849579
6.16226945E7	111.9796280326855
6.19820105E7	103.31560771000419
6.23413265E7	120.33267871996912
6.27006425E7	156.2502420084886
6.30599585E7	77.18625338545169
6.34192745E7	105.68007889367749
6.37785905E7	118.69214809741668
6.41379065E7	138.82108082084372
6.44972225E7	142.68119039479237
6.48565385E7	131.95162333360827
6.52158545E7	124.53030840296279
6.55751705E7	96.80030931636267
6.59344865E7	82.50327113271673
6.62938025E7	123.70389317138431
6.66531185E7	135.934446562311
6.70124345E7	106.57377909359671
6.73717505E7	146.40757781912623
6.77310665E7	149.73293329592212
6.80903825E7	123.19405206759777
6.84496985E7	155.52470032437566
6.88090145E7	118.81790109028223
6.91683305E7	97.21963947570018
6.95276465E7	130.39791269956783
6.98869625E7	135.2328120633584
7.02462785E7	159.68745738195398
7.06055945E7	118.24082440945512
7.09649105E7	177.00432684666393
7.13242265E7	60.98427436669248
7.16835425E7	116.0560428914479
7.20428585E7	91.71238312045352
7.24021745E7	6.766580419327445
7.27614905E7	20.996330346849295
7.31208065E7	23.96956168310132
7.34801225E7	13.723654560353417
7.38394385E7	82.86306324811568
7.41987545E7	13.795671561064632
7.45580705E7	3.6598167840030547
7.49173865E7	6.5442815704249915
7.52767025E7	14.448889645918369
7.56360185E7	5.165119864600815
7.59953345E7	51.880531133780615
7.63546505E7	1.6631244928870084
7.67139665E7	30.22789755349563
7.690225E7	26.238232757004088
7.7081908E7	5.616381422002678
7.74325985E7	7.090283514891567
7.77919145E7	79.62019447615614
7.81512305E7	13.358710165849136
7.85105465E7	16.83127091924839
7.88698625E7	26.495169102949525
7.92291785E7	25.257285793193628
7.95884945E7	89.7522583453035
7.99478105E7	28.11656246145645
8.03071265E7	6.789654404664398
8.06664425E7	24.751266921162046
8.10257585E7	105.01634859978114
8.13850745E7	173.13050463130276
8.17443905E7	128.53522282741633
8.21037065E7	74.3521601533118
8.24630225E7	129.81345509907283
8.28223385E7	115.20625039973227
8.31816545E7	114.34917414279478
8.35409705E7	169.80882032653076
8.39002865E7	151.82911915759533
8.42596025E7	110.96059923295671
8.46189185E7	164.9758167893423
8.49782345E7	123.04197738837738
8.53375505E7	186.89984462616857
8.56968665E7	128.67472826158547
8.60561825E7	103.47531804507426
8.64154985E7	143.95197068688935
8.67748145E7	142.43844765346458
8.71341305E7	117.59056637274671
8.74934465E7	162.8432830466369
8.78527625E7	147.9955869148351
8.82120785E7	146.67702870536448
8.85713945E7	41.7550531789151
8.89307105E7	64.09165418654901
8.92900265E7	102.5293017211687
8.96493425E7	137.9863547586199
9.00086585E7	84.59976643624817
9.03679745E7	124.4232308428937
9.07272905E7	117.69708947791199
9.10866065E7	98.40313235100598
9.14459225E7	133.5731357444286
9.18052385E7	107.29928890882535
9.21645545E7	125.61016394104728
9.25238705E7	175.45811656056165
9.28831865E7	163.12667682099664
9.32425025E7	108.08508681067451
9.36018185E7	91.67960156761967
9.39611345E7	120.32960021538024
9.43204505E7	137.10919515793793
9.46797665E7	148.29333762568228
9.50390825E7	68.44625149202666
9.53983985E7	78.45795514030188
9.57577145E7	134.1997571030912
9.61170305E7	114.74026916729744
9.64763465E7	74.6280673760966
9.68356625E7	102.78167193587318
9.71949785E7	103.30715467711248
9.75542945E7	115.26833386001579
9.79136105E7	95.14641673777116
9.82729265E7	86.94658400915894
9.86322425E7	98.16556638157739
9.89915585E7	95.50507718197545
9.93508745E7	130.47018666221632
9.97101905E7	109.24126263015171
1.000695065E8	118.6066814114442
1.004288225E8	170.26262032802603
1.007881385E8	154.47873709462468
1.011474545E8	128.9692104524011
1.015067705E8	130.06418050168983
1.018660865E8	183.4843059669118
1.022254025E8	111.4083943355424
1.025847185E8	162.68077351830988
1.029440345E8	148.6317640341785
1.033033505E8	58.5814246940242
1.036626665E8	84.59817202045247
1.040219825E8	138.97196947275788
1.043812985E8	130.47147675911842
1.047406145E8	164.98726405425398
1.050999305E8	159.76971661985357
1.054592465E8	92.7491246809202
1.058185625E8	96.02227152164137
1.061778785E8	170.96811713009595
1.065371945E8	136.88004320520298
1.068965105E8	102.79003224020529
1.072558265E8	96.40818856534977
1.076151425E8	73.46218704126493
1.079744585E8	102.35802434944365
1.083337745E8	124.1427072627463
1.086930905E8	77.87724613589262
1.089314775E8	112.29320227782578
1.091111355E8	145.45532156369433
1.094117225E8	80.50752175454761
1.097710385E8	107.78492887157668
1.101303545E8	96.15088063962274
1.10324175E8	2.593598734522224
1.10503833E8	52.802875261027026
1.108489865E8	141.09660747932483
1.112083025E8	124.03542126654887
1.115676185E8	114.40834182234757
1.119269345E8	155.67323433848193
1.122862505E8	137.30362581896873
1.126455665E8	141.71911581735085
1.130048825E8	77.99010031981396
1.133641985E8	63.19481908907703
1.137235145E8	59.34638472882572
1.140828305E8	64.44974910527169
1.144421465E8	70.16785949671974
1.148014625E8	114.80707933944151
1.151607785E8	58.10540663711136
1.155200945E8	113.85972894908312
1.158794105E8	115.86633141024622
1.162387265E8	142.8671720370973
1.165980425E8	114.1372610444269
1.169573585E8	104.19730513553264
1.173166745E8	120.52011726534823
1.176759905E8	105.99586021782336
1.180353065E8	151.03617886674664
1.183946225E8	136.3090133674834
1.187539385E8	100.93151965543379
1.191132545E8	67.13511074643091
1.194725705E8	96.64666134387402
1.198318865E8	160.85971836679738
1.201912025E8	131.74616125040106
1.205505185E8	63.598703285592094
1.209098345E8	95.83101330415137
1.212691505E8	88.73490858915788
1.216284665E8	129.31622275761328
1.219877825E8	124.33830992103819
1.223470985E8	173.36200582490827
1.227064145E8	55.089806834025474
1.230657305E8	64.44770691062494
1.234250465E8	141.26354885395872
1.237843625E8	100.33363191418579
1.241436785E8	91.4721989154949
1.245029945E8	89.39860177860207
1.248623105E8	65.23782690832101
1.252216265E8	41.74031286307086
1.255809425E8	161.34210582546393
1.259402585E8	170.18791880689972
1.262995745E8	139.62820174610897
1.266588905E8	110.11315631242532
1.270182065E8	136.7364549473475
1.273775225E8	72.23362516027088
1.277368385E8	118.18069279975133
1.280961545E8	117.1156213418897
1.284554705E8	95.10777799453237
1.288147865E8	131.73257005098534
1.291741025E8	74.12309605583813
1.295334185E8	131.24040938998235
1.298927345E8	146.11982658910813
1.302520505E8	98.40990899057672
1.306113665E8	121.17372596349858
1.309706825E8	125.21546680422756
1.313299985E8	89.17928259045281
1.316893145E8	83.59200575404851
1.320486305E8	110.8298250107742
1.324079465E8	23.420243799093903
1.327672625E8	144.7693424668216
1.331265785E8	88.99552342867705
1.334858945E8	140.4758950342281
1.337730805E8	18.60423620853692
1.339527385E8	13.320788911113794
1.342045265E8	10.746646133584976
1.345638425E8	43.25382795144024
1.349231585E8	2.7277652981581806
1.352824745E8	5.531269182434626
1.356417905E8	17.70078945174727
1.360011065E8	4.368782750572198
1.363604225E8	17.68689196123225
1.367197385E8	14.776490844518992
1.370790545E8	42.31112699221864
1.374033365E8	13.659606061498852
1.375577225E8	253.90102342925243
1.375927565E8	50.25511647618444
1.376371405E8	96.37683855050655
1.37699935E8	37.778497446559804
1.37786751E8	104.10589899294686
1.37868371E8	12.91774911546295
1.37942101E8	40.587706820740685
1.37980213E8	43.88939160860254
1.38019627E8	83.94359463028904
1.38089538E8	41.4875406283857
1.38156123E8	40.02523691085224
1.382206275E8	39.706482593037215
1.38280805E8	2.6049753179984023
1.38323179E8	255.0
1.383484915E8	0.0
1.38384028E8	109.56307944287923
1.384312265E8	50.93212312549329
1.384772795E8	54.43988779719792
1.38522045E8	127.5069070830817
1.385663025E8	0.8907587821126913
1.38610046E8	14.52827267256709
1.38651258E8	20.582948038176035
1.386833775E8	54.340521194497256
1.387019305E8	0.09241195194578498
1.38726341E8	0.0
1.387630385E8	75.51019045711615
1.3879854E8	123.43179792547667
1.3883298E8	9.260622182812385
1.388668195E8	255.0
1.389001375E8	63.218884573324786
1.389325255E8	15.590659326979575
1.38963047E8	1.6103879849812266
1.38991991E8	180.97556490826625
1.390198715E8	39.54506742370476
1.39044446E8	4.618935955622794
1.390581695E8	102.2
1.39074104E8	116.6623597415845
1.391000815E8	242.8241006127693
1.39125904E8	17.399694791226167
1.391516555E8	79.82482077188811
1.391772845E8	18.302808940348672
1.39202833E8	106.22410327422165
1.39227853E8	156.59827213822894
1.392522945E8	117.90766353861416
1.392761035E8	0.0
1.392991635E8	0.0
1.393219065E8	126.31738489267573
1.39344169E8	152.6367730698855
1.393656665E8	0.0
1.39386585E8	145.54475380014182
1.394057875E8	1.0
1.394157655E8	0.0
1.39426072E8	238.7457337883959
1.394433E8	3.0
1.394591395E8	1.6109639290809048
1.39474609E8	0.0
1.394898515E8	51.30040322580645
1.39504877E8	14.868263156503582
1.39519712E8	139.27272727272728
1.39534307E8	0.0
1.39548658E8	56.844776687934484
1.395628065E8	222.82325072886297
1.395768695E8	55.65943600867679
1.395908865E8	0.0
1.396048595E8	0.0
1.39618797E8	254.71316085489315
1.396327175E8	255.0
1.39646447E8	3.0
1.39659998E8	22.951468519743276
1.39673523E8	0.0
1.39687001E8	1.320094461142121
1.39700456E8	255.0
1.397138915E8	0.0
1.397272965E8	0.0
1.39740652E8	226.64566345441068
1.397539385E8	0.0
1.397671835E8	255.0
1.397738625E8	0.0
1.39780441E8	5.0223894756814875
1.397935115E8	1.1660188784008885
1.39806605E8	0.0
1.398195725E8	240.72834828580582
1.398324245E8	0.0
1.39845262E8	255.0
1.398580325E8	2.980132450331126
1.3987073E8	3.0
1.398833975E8	0.0
1.398960405E8	167.02599254040612
1.399086725E8	0.0
1.399212565E8	74.69494382022472
1.39933781E8	164.31878208910942
1.39946267E8	170.00843170320405
1.399587085E8	30.647058823529413
1.399711325E8	0.0
1.39983544E8	254.9356548069644
1.399959275E8	166.91560712669218
1.400082885E8	135.543578891681
1.40020559E8	2.9696969696969697
1.400327265E8	2.697289156626506
1.400448715E8	0.0
1.4005699E8	0.0
1.400690545E8	0.0
1.40081085E8	255.0
1.400930995E8	138.06273148148148
1.40105101E8	3.0
1.40117094E8	255.0
1.401281635E8	0.0
1.40134155E8	0.0
1.401410485E8	1.0749377929517967
1.40153003E8	43.0491043854231
1.40164882E8	255.0
1.40176667E8	195.25602341814906
1.4018842E8	206.3581409919725
1.40200076E8	0.5638346904286373
1.402116215E8	0.0
1.402231315E8	0.0
1.402345955E8	0.0
1.402459205E8	0.0
1.402571045E8	0.0
1.402682415E8	0.0
1.4027885E8	24.675415707623092
1.40288828E8	255.0
1.402984445E8	0.0
1.40307799E8	0.0
1.403166425E8	3.0
1.40324819E8	0.0
1.403326835E8	1.0
1.403402015E8	0.0
1.4034742E8	0.0
1.40354483E8	1.0
1.403614525E8	19.108668762039947
1.403683705E8	243.90766550522648
1.403752505E8	2.5489797670491945
1.403821105E8	0.0
1.40388953E8	239.74338624338625
1.403957145E8	255.0
1.404023365E8	3.0
1.404088075E8	148.3846153846154
1.404151525E8	2.5581737849779085
1.40421418E8	1.0
1.40427633E8	72.7846941255522
1.404337675E8	255.0
1.404398365E8	0.0
1.40445888E8	255.0
1.404519085E8	0.0
1.404579005E8	254.78767693588676
1.404638765E8	250.6055765320941
1.404698365E8	228.61693031209919
1.4047577E8	255.0
1.40481673E8	161.93057882805184
1.404875345E8	0.0
1.404915035E8	0.0
1.404943895E8	0.0
1.404990715E8	0.0
1.405047025E8	97.37120827599199
1.40510262E8	0.0
1.405157995E8	230.7139070278658
1.40521292E8	220.5294612794613
1.40526756E8	168.26173759502743
1.40532181E8	255.0
1.40537566E8	238.34491170825925
1.405429375E8	255.0
1.405482795E8	0.0
1.40553603E8	0.0
1.405589225E8	2.6973772696704774
1.40564221E8	0.0
1.405694775E8	255.0
1.40574688E8	0.0
1.405798735E8	243.42931937172776
1.405850135E8	255.0
1.40590093E8	0.0
1.405951535E8	0.0
1.40600212E8	0.0
1.406052535E8	0.0
1.406102665E8	17.733971044467424
1.406152645E8	255.0
1.406202595E8	2.9994999166527756
1.406252495E8	3.0
1.40630226E8	0.0
1.40635179E8	0.0
1.40640115E8	0.0
1.4064504E8	0.0
1.4064995E8	234.4815957631965
1.406548455E8	171.0
1.40659729E8	183.6610015862225
1.40664601E8	3.0
1.406694435E8	1.0
1.40674261E8	255.0
1.40679061E8	143.89658826022463
1.40683806E8	0.0
1.40688509E8	0.0
1.406931635E8	0.0
1.40697758E8	0.0
1.40702335E8	0.0
1.40706898E8	181.2439024390244
1.40711432E8	0.0
1.40715925E8	246.37808685779166
1.40720393E8	0.0
1.407248515E8	1.0
1.407292955E8	3.0
1.407337135E8	0.0
1.40738111E8	0.0
1.40742499E8	3.0
1.407468785E8	0.0
1.40751256E8	0.0
1.407556295E8	0.0
1.40759995E8	255.0
1.407643435E8	255.0
1.407686665E8	137.36412137379128
1.407729765E8	3.596876733370312
1.40777284E8	0.0
1.40781584E8	232.6350884646805
1.40785876E8	14.228320552873237
1.40790157E8	0.0
1.407944295E8	127.78702163061564
1.407986935E8	0.5
1.40802937E8	0.0
1.40807165E8	134.21678321678323
1.408113885E8	0.0
1.408156105E8	185.15578834273435
1.408198225E8	0.6732778367506564
1.40824022E8	2.0617906683480456
1.408282145E8	2.50269219264134
1.408324E8	0.0
1.408365825E8	0.0
1.40840755E8	0.0
1.408449115E8	1.0
1.40849054E8	0.0
1.40851497E8	0.0
1.408535395E8	0.0
1.40857247E8	0.0
1.408613235E8	1.0
1.40865389E8	190.48018354916147
1.408694335E8	0.0
1.40873455E8	0.0
1.408774675E8	0.0
1.408814765E8	0.0
1.40885475E8	185.22181928074946
1.408894625E8	0.0
1.408934395E8	0.0
1.408974065E8	0.0
1.409013685E8	176.90478380864766
1.409053235E8	230.13133878175628
1.40909269E8	0.0
1.409132055E8	0.0
1.409171345E8	2.9311475409836065
1.409210595E8	255.0
1.40924982E8	0.0
1.40928899E8	0.0
1.40932812E8	0.0
1.409367215E8	65.53101736972705
1.4094061E8	255.0
1.409444775E8	1.9707095709570956
1.409483385E8	208.46925580910505
1.409521765E8	0.0
1.40955989E8	2.8986960882647943
1.409597955E8	0.0
1.409636015E8	255.0
1.40967392E8	0.0
1.40971157E8	3.0
1.40974907E8	0.0
1.40978648E8	0.0
1.409823815E8	1.485697606538237
1.40986105E8	0.2
1.409898215E8	3.0
1.40993536E8	127.51252086811353
1.409972465E8	0.0
1.41000941E8	0.0
1.410046115E8	0.3791712504583792
1.410082665E8	255.0
1.41011916E8	0.0
1.410155645E8	0.0
1.410192115E8	0.0
1.410228535E8	0.1111111111111111
1.410264835E8	0.0
1.410301055E8	0.0
1.41033718E8	242.1067415730337
1.41037321E8	0.0
1.410409235E8	255.0
1.41044521E8	0.0
1.410481085E8	0.0
1.410516865E8	0.0
1.41055252E8	198.5885911840968
1.410588075E8	204.47589058302222
1.41062361E8	1.1563218390804597
1.41065914E8	0.0
1.41069467E8	215.05094542960714
1.41073012E8	237.08299218459248
1.41076544E8	3.0
1.41080071E8	0.0
1.41083596E8	0.0
1.41087117E8	255.0
1.41090628E8	0.0
1.410941305E8	234.46332027233765
1.41097631E8	72.64648364046634
1.411011295E8	0.0
1.411046235E8	169.90545050055619
1.411081075E8	0.0
1.41111585E8	0.0
1.4111506E8	0.0
1.411185295E8	226.14731158262987
1.41121994E8	0.0
1.411254545E8	26.37187527800018
1.411289005E8	0.0
1.411323185E8	0.0
1.411357175E8	0.0
1.4113911E8	255.0
1.411424975E8	0.0
1.41145878E8	228.8701343437823
1.411492525E8	231.5259077351869
1.41152626E8	227.32486388384754
1.41155995E8	255.0
1.411593515E8	255.0
1.41162699E8	213.77245508982037
1.41166043E8	1.0
1.4116937E8	0.0
1.411726805E8	0.0
1.411759855E8	0.0
1.41179286E8	3.0
1.411825805E8	0.0
1.411858675E8	2.9144054269752595
1.41189148E8	0.0
1.41192424E8	3.0
1.411956955E8	255.0
1.411989605E8	1.2626086956521738
1.41202221E8	0.6328125
1.4120548E8	225.12084913993561
1.412087365E8	0.0
1.41210776E8	0.0
1.41212402E8	0.0
1.412152325E8	0.0
1.41218463E8	1.0
1.41221688E8	86.23751387347392
1.412249085E8	228.93170918856705
1.41228124E8	197.21819583654587
1.41231335E8	0.0
1.412345425E8	0.0
1.41237746E8	0.0
1.41240947E8	202.0775269872424
1.41244146E8	0.0
1.412473425E8	146.51652119700748
1.41250538E8	226.9295798863029
1.412537305E8	243.86402171325483
1.412569125E8	0.0
1.41260086E8	0.0
1.41263258E8	0.0
1.412664245E8	255.0
1.41269585E8	0.0
1.41272743E8	0.0
1.412758995E8	0.0
1.412790545E8	234.49253731343285
1.412822035E8	0.0
1.4128534E8	209.23114518012858
1.41288466E8	0.0
1.41291589E8	0.0
1.412947105E8	0.0
1.412978215E8	2.5880321345446355
1.413009225E8	0.0
1.413040225E8	254.14199192462988
1.41307117E8	0.0
1.41310204E8	235.8452007974936
1.413132865E8	0.0
1.413163665E8	0.0
1.41319445E8	91.05416456617935
1.413225215E8	0.0
1.41325596E8	0.0
1.41328669E8	2.050381679389313
1.41331738E8	0.0
1.413348E8	0.0
1.413378585E8	199.4977830743836
1.413409105E8	221.083988415391
1.413439555E8	0.0
1.41346999E8	0.0
1.41350033E8	0.0
1.413530575E8	0.0
1.41356076E8	1.0
1.413590875E8	0.0
1.41362097E8	0.0
1.413651025E8	0.0
1.41368103E8	255.0
1.41371102E8	34.00601116358953
1.413740995E8	86.0
1.41377093E8	255.0
1.413800805E8	167.38680840782797
1.413830635E8	194.72881355932202
1.413860455E8	1.0
1.41389022E8	41.951219512195124
1.413919895E8	0.0
1.4139495E8	0.0
1.413979065E8	0.0
1.41400857E8	0.0
1.41403801E8	0.0
1.41406741E8	0.0
1.41409678E8	0.0
1.414126105E8	0.0
1.41415538E8	235.84775443116698
1.414184645E8	0.0
1.414213895E8	131.24427480916032
1.414243125E8	206.36878781389845
1.414272345E8	3.0262273032952254
1.41430155E8	255.0
1.414330725E8	1.0
1.414359875E8	141.2627245508982
1.414389E8	18.88888888888889
1.414418105E8	0.0
1.41444718E8	209.97196387653324
1.414476225E8	0.375771494186881
1.41450526E8	0.0
1.41453427E8	173.7573023733462
1.41456323E8	1.0
1.41459214E8	1.0
1.414621005E8	101.17397454031118
1.414649835E8	184.64067190823684
1.414678655E8	1.2794235388310649
1.414707475E8	255.0
1.41473629E8	1.0
1.41476508E8	0.0
1.414793845E8	200.99357066317418
1.41482258E8	0.0
1.414851235E8	0.0
1.414879835E8	3.0
1.414908425E8	0.0
1.41493699E8	226.52982632771204
1.41496551E8	228.5253051451364
1.414993995E8	0.0
1.415022465E8	0.0
1.415050915E8	255.0
1.41507934E8	0.0
1.415107725E8	2.989130434782609
1.415136075E8	0.0
1.41516441E8	0.0
1.415192725E8	0.0
1.41522102E8	0.0
1.415249305E8	217.03141900592325
1.41527757E8	1.64763335837716
1.41530581E8	127.92642140468227
1.415334035E8	3.0
1.415362255E8	0.0
1.415390465E8	255.0
1.41541866E8	255.0
1.41544683E8	205.54305164808446
1.415474975E8	0.0
1.4155031E8	1.3333333333333333
1.415531175E8	0.0
1.41555919E8	230.396484375
1.415587165E8	1.0
1.41561512E8	0.0
1.41564307E8	109.23369823893384
1.415671015E8	0.0
1.415695015E8	235.98538622129436
1.41570898E8	251.17328573553473
1.41572688E8	0.0
1.4157548E8	0.0
1.415782705E8	227.81961345740874
1.415810595E8	254.87862922417895
1.41583847E8	59.50075349838536
1.415866325E8	0.0
1.41589416E8	220.6341053479139
1.41592198E8	255.0
1.41594971E8	192.0
1.415977345E8	134.0789220404235
1.41600491E8	0.0
1.416032415E8	0.0
1.41605989E8	116.77971014492753
1.416087335E8	0.0
1.416114735E8	3.0
1.41614208E8	140.625
1.416169385E8	151.1493465563706
1.41619657E8	225.7370392062514
1.416223655E8	252.39795918367346
1.41625071E8	255.0
1.416277715E8	255.0
1.41630469E8	254.15282392026577
1.416331645E8	218.2741712557423
1.41635856E8	0.0
1.416385445E8	1.5311596108335526
1.416412325E8	0.0
1.416439195E8	247.59552992069214
1.41646598E8	172.62885682574918
1.416492685E8	0.0
1.41651938E8	64.89052333804808
1.416546065E8	0.0
1.41657273E8	47.87736149264286
1.416599375E8	0.0
1.41662593E8	253.5855806482094
1.416652385E8	0.0
1.416678815E8	205.39941696170945
1.41670523E8	0.0
1.41673163E8	0.0
1.41675801E8	0.0
1.416784375E8	206.16952013503737
1.41681073E8	0.0
1.41683705E8	0.0
1.416863335E8	241.37019230769232
1.416889605E8	0.0
1.416915825E8	0.0
1.416942E8	255.0
1.416968145E8	0.0
1.41699426E8	0.0
1.41702034E8	0.0
1.41704638E8	0.0
1.41707241E8	154.1609451627285
1.41709838E8	0.0
1.417124275E8	230.5500921942225
1.417150135E8	0.0
1.41717597E8	188.50785340314135
1.41720177E8	255.0
1.41722754E8	0.0
1.417253305E8	2.667130919220056
1.41727906E8	182.07978212111502
1.41730481E8	0.0
1.41733056E8	3.0
1.417356305E8	227.9193118488006
1.417382025E8	0.0
1.4174077E8	0.0
1.41743333E8	0.0
1.41745892E8	0.0
1.417484485E8	0.0
1.41751004E8	254.9773615056818
1.41753556E8	0.0
1.41756104E8	131.15614670534603
1.41758648E8	2.0
1.41761189E8	255.0
1.417637275E8	0.0
1.4176626E8	0.0
1.41768789E8	0.0
1.417713145E8	0.0
1.41773836E8	122.19082706766918
1.41776357E8	0.0
1.417788775E8	0.0
1.417813975E8	87.59530026109661
1.41783916E8	0.0
1.417864325E8	0.0
1.41788946E8	1.0998415213946118
1.41791457E8	0.0
1.417939675E8	0.0
1.417964765E8	128.2
1.41798983E8	0.0
1.418014855E8	0.0
1.41803981E8	79.99537684320414
1.4180647E8	0.0
1.41808953E8	0.0
1.41811431E8	198.72823733771003
1.418139075E8	237.24885230330852
1.41816383E8	0.0
1.41818857E8	0.0
1.418213285E8	0.0
1.418237955E8	128.0
1.41826259E8	83.30600235386426
1.418287215E8	0.0
1.41831178E8	225.45556805399326
1.41833627E8	255.0
1.418360715E8	0.0
1.41838512E8	0.0
1.418409505E8	154.0243569314819
1.418433885E8	0.0
1.418458265E8	144.4141601539853
1.41848263E8	0.0
1.418506975E8	0.0
1.418531305E8	3.0
1.41855562E8	0.0
1.41857992E8	1.3120780195048762
1.418604205E8	191.22188281033047
1.41862847E8	1.0
1.41865272E8	0.0
1.41867695E8	0.0
1.41870116E8	254.96971496437055
1.418725365E8	0.0
1.41874956E8	0.0
1.41877374E8	0.0
1.41879789E8	0.0
1.418822015E8	0.0
1.418846075E8	0.0
1.418870045E8	0.0
1.418893965E8	33.51287776508464
1.418917865E8	255.0
1.41894176E8	0.0
1.41896563E8	0.0
1.41898948E8	0.0
1.41901333E8	177.34832445553232
1.419037175E8	187.7356167640152
1.41906101E8	72.95446358840312
1.41908484E8	196.2961540618399
1.419108665E8	0.0
1.41913248E8	0.0
1.41915629E8	103.00418376305745
1.41918009E8	7.627062144488418
1.41920388E8	127.5
1.419227665E8	255.0
1.41925143E8	0.0
1.419275165E8	255.0
1.419292615E8	19.490219068188832
1.41930446E8	0.0
1.419322555E8	0.0
1.419346225E8	0.0
1.41936987E8	0.0
1.41939347E8	0.0
1.41941703E8	0.0
1.419440575E8	0.0
1.41946411E8	0.0
1.419487635E8	0.0
1.419511115E8	255.0
1.419534545E8	0.0
1.419557965E8	204.9504347826087
1.41958135E8	0.0
1.419604675E8	254.6173469387755
1.419627965E8	0.0
1.419651245E8	225.63718179160733
1.419674515E8	237.354450875707
1.41969777E8	0.0
1.419721005E8	0.0
1.419744205E8	0.0
1.41976738E8	0.0
1.419790505E8	0.0
1.41981358E8	0.0
1.419836635E8	232.88316765762417
1.41985967E8	128.8102034120735
1.41988266E8	2.3840460526315788
1.4199056E8	0.0
1.41992852E8	67.92281006071119
1.41995142E8	0.0
1.4199743E8	0.0
1.419997165E8	0.0
1.420020015E8	204.44834503510532
1.42004285E8	3.0
1.420065675E8	0.0
1.42008845E8	0.0
1.420111165E8	213.12921247071543
1.42013386E8	0.0
1.420156535E8	0.0
1.42017916E8	0.0
1.42020175E8	255.0
1.42022431E8	0.0
1.420246815E8	0.0
1.42026929E8	0.0
1.42029171E8	0.0
1.420314065E8	0.0
1.420336395E8	0.0
1.420358715E8	193.45285414849835
1.420381015E8	0.0
1.42040329E8	255.0
1.42042554E8	0.0
1.42044776E8	0.0
1.420469965E8	0.0
1.42049215E8	0.0
1.420514315E8	0.0
1.420536445E8	0.0
1.42055854E8	0.0
1.42058062E8	3.0
1.420602685E8	175.3784294620552
1.42062474E8	0.0
1.42064677E8	0.0
1.420668775E8	0.0
1.420690765E8	0.0
1.420712745E8	0.0
1.420734715E8	0.0
1.420756655E8	0.9966777408637874
1.420778565E8	218.10490282451093
1.42080046E8	0.0
1.42082235E8	0.0
1.42084423E8	3.0
1.42086609E8	255.0
1.4208879E8	0.0
1.420909665E8	0.0
1.42093141E8	0.0
1.420953105E8	255.0
1.42097474E8	0.0
1.42099635E8	0.0
1.42101794E8	192.9497487437186
1.42103946E8	0.0
1.42106089E8	0.0
1.421082245E8	0.0
1.42110355E8	0.0
1.421124825E8	0.0
1.421146075E8	255.0
1.421167315E8	185.99179501943286
1.42118853E8	187.66951601992497
1.42120971E8	212.43
1.421230865E8	1.0
1.421252E8	0.0
1.42127313E8	255.0
1.42129426E8	0.0
1.421315385E8	0.0
1.42133649E8	0.0
1.421357575E8	0.0
1.42137864E8	0.0
1.42139969E8	128.78535773710482
1.42142073E8	0.0
1.421441755E8	255.0
1.421462745E8	0.0
1.421483705E8	0.0
1.421504655E8	0.0
1.421525595E8	0.0
1.421546525E8	2.8970358814352575
1.421567435E8	29.828655544651618
1.42158833E8	0.0
1.421609215E8	133.49608355091385
1.42163009E8	0.9158616827663447
1.42165096E8	1.3337041156840934
1.421671825E8	255.0
1.421692675E8	0.0
1.4217135E8	195.88579893609858
1.4217343E8	0.0
1.42175509E8	0.0
1.421775875E8	255.0
1.421796645E8	255.0
1.421817365E8	0.0
1.421838025E8	14.68114618414293
1.42185866E8	255.0
1.42187929E8	208.18512474207466
1.421899915E8	254.10105757931845
1.421920525E8	0.0
1.421941125E8	0.0
1.421961725E8	128.73227689741452
1.42198232E8	98.73385826771654
1.422002865E8	0.0
1.422023345E8	0.0
1.422043795E8	0.0
1.42206423E8	2.0
1.42208462E8	0.0
1.42210496E8	0.0
1.42212529E8	0.0
1.422145605E8	0.0
1.42216589E8	23.374242501400417
1.42218613E8	0.0
1.422206335E8	255.0
1.42222652E8	255.0
1.422246675E8	255.0
1.422266795E8	0.0
1.42228689E8	0.0
1.422306975E8	255.0
1.422327045E8	0.0
1.422347105E8	0.0
1.42236716E8	102.2
1.42238721E8	255.0
1.422407225E8	0.0
1.422427205E8	1.9939637826961771
1.422447185E8	255.0
1.42246715E8	0.0
1.42248709E8	0.0
1.422507005E8	0.0
1.422526905E8	200.8277416546126
1.422546795E8	255.0
1.422566665E8	0.0
1.422586525E8	0.0
1.422606355E8	0.0
1.422626145E8	0.0
1.422645915E8	191.61525204653168
1.422665675E8	129.0
1.42268543E8	3.0
1.422705175E8	255.0
1.422724895E8	0.0
1.422744575E8	1.0
1.422764235E8	255.0
1.422783895E8	255.0
1.422803545E8	0.0
1.42282318E8	0.0
1.422842805E8	190.12871287128712
1.422862425E8	254.83527131782947
1.4228818E8	115.28836251287332
1.42289161E8	255.0
1.42290166E8	0.0
1.42292127E8	0.0
1.42294088E8	0.0
1.422960465E8	0.0
1.422980025E8	26.939728697912436
1.42299954E8	0.0
1.42301901E8	255.0
1.42303848E8	0.0
1.423057945E8	255.0
1.4230774E8	0.0
1.423096845E8	0.0
1.42311628E8	0.0
1.42313569E8	0.0
1.423155065E8	3.0
1.423174425E8	0.0
1.42319378E8	1.0
1.42321312E8	255.0
1.42323245E8	0.0
1.42325177E8	0.0
1.42327107E8	169.38202247191012
1.423290355E8	0.0
1.423309635E8	127.5
1.42332891E8	0.0
1.423348175E8	208.97316676936867
1.423367435E8	0.0
1.423386685E8	0.0
1.423405905E8	0.0
1.42342509E8	0.0
1.423444255E8	0.0
1.423463415E8	0.0
1.42348253E8	85.09454949944383
1.423501595E8	255.0
1.42352065E8	0.0
1.423539695E8	0.0
1.42355873E8	0.0
1.42357776E8	0.0
1.42359679E8	0.0
1.423615815E8	0.0
1.42363483E8	255.0
1.423653835E8	0.0
1.423672835E8	0.0
1.42369183E8	0.0
1.4237108E8	0.0
1.42372975E8	0.0
1.42374869E8	0.0
1.42376761E8	0.0
1.423786515E8	0.0
1.423805415E8	252.84305889656244
1.423824305E8	0.0
1.423843155E8	255.0
1.423861925E8	0.0
1.423880645E8	0.0
1.42389936E8	0.0
1.423918065E8	255.0
1.423936765E8	0.0
1.42395546E8	0.0
1.42397415E8	1.0
1.42399284E8	0.0
1.424011525E8	120.09419152276296
1.42403019E8	3.0
1.42404883E8	211.25819268040266
1.42406746E8	0.0
1.424086055E8	0.0
1.424104605E8	255.0
1.42412313E8	3.0
1.42414163E8	0.0
1.42416009E8	0.0
1.42417852E8	0.0
1.42419695E8	0.0
1.42421538E8	255.0
1.424233805E8	0.0
1.42425222E8	0.0
1.42427063E8	0.0
1.424288995E8	0.0
1.424307315E8	0.0
1.424325625E8	3.0
1.42434392E8	0.0
1.42436221E8	0.0
1.424380485E8	255.0
1.42439871E8	3.0
1.424416895E8	0.0
1.424435075E8	0.0
1.42445323E8	255.0
1.42447136E8	0.0
1.424489455E8	0.0
1.4245075E8	0.0
1.424525525E8	0.0
1.42454354E8	255.0
1.424561545E8	0.0
1.424579545E8	77.53271028037383
1.424597535E8	0.0
1.42461551E8	0.0
1.42463346E8	0.0
1.424651385E8	255.0
1.42466928E8	0.0
1.424687145E8	0.0
1.424705E8	0.0
1.42472285E8	169.43521594684384
1.424740655E8	0.0
1.42475841E8	255.0
1.42477616E8	10.361254466057959
1.42479391E8	255.0
1.424811635E8	0.0
1.42482933E8	255.0
1.424847005E8	194.43916493336414
1.42486464E8	0.0
1.424882225E8	202.7105091383812
1.424899775E8	248.7560870964282
1.4249173E8	0.0
1.42493479E8	0.0
1.42495226E8	0.0
1.42496973E8	0.0
1.42498718E8	0.0
1.4250046E8	0.0
1.425021995E8	0.0
1.42503937E8	0.0
1.425056725E8	0.0
1.42507406E8	254.78767693588676
1.425091385E8	0.0
1.425108685E8	1.0
1.425125945E8	0.0
1.425143185E8	2.5
1.4251604E8	182.2244008714597
1.42517759E8	254.99438857469798
1.425194765E8	255.0
1.425211925E8	0.0
1.42522908E8	0.0
1.425246225E8	0.0
1.42526336E8	0.0
1.425280485E8	147.07063572149343
1.425297595E8	231.9512195121951
1.425314695E8	0.06455981941309255
1.42533179E8	0.0
1.425348875E8	0.0
1.425365935E8	0.0
1.42538297E8	0.49750415973377704
1.4254E8	255.0
1.425416995E8	0.0
1.425433925E8	196.02035510462903
1.425450825E8	255.0
1.42546771E8	0.0
1.42548457E8	3.0
1.42550141E8	0.0
1.42551824E8	119.18950793528307
1.42553507E8	205.2880658436214
1.425551885E8	0.0
1.42556868E8	42.5
1.425585465E8	0.0
1.42560223E8	255.0
1.42561894E8	34.007557234941096
1.42563556E8	0.0
1.425652095E8	0.36014405762304924
1.42566857E8	0.0
1.42568501E8	0.0
1.42570144E8	0.0
1.42571786E8	3.0
1.42573425E8	0.0
1.42575062E8	0.0
1.42576699E8	169.5758757520503
1.425783355E8	0.0
1.425799685E8	0.0
1.42581598E8	0.0
1.42583225E8	213.0
1.4258485E8	0.0
1.42586474E8	0.0
1.425880965E8	0.0
1.42589717E8	85.59930776515797
1.425913335E8	0.7215291750503018
1.42592946E8	234.60339943342777
1.425945565E8	42.118272841051315
1.425961665E8	204.58319439813272
1.425977755E8	255.0
1.42599378E8	0.0
1.42600974E8	0.0
1.426025685E8	160.7568641618497
1.426041585E8	0.0
1.426057445E8	0.0
1.426073305E8	0.0
1.42608914E8	0.0
1.42610493E8	0.0
1.4261207E8	0.0
1.42613646E8	0.0
1.4261522E8	0.0
1.42616792E8	0.0
1.42618361E8	0.0
1.426199275E8	186.85535599743426
1.426214905E8	0.0
1.426230505E8	0.0
1.426246095E8	0.0
1.426261665E8	0.0
1.426277225E8	0.0
1.42629278E8	0.0
1.42630832E8	3.0
1.426323845E8	52.66889185580774
1.426339355E8	0.0
1.426354855E8	0.0
1.42637035E8	0.0
1.426385825E8	0.0
1.426401275E8	0.0
1.42641671E8	132.32141851956092
1.42643213E8	127.5
1.426447535E8	0.0
1.426462925E8	0.0
1.42647757E8	255.0
1.42648524E8	0.0
1.42649362E8	254.77969762419008
1.42650895E8	0.0
1.426524275E8	253.04180887372013
1.42653958E8	0.0
1.42655486E8	215.16814279874643
1.42657012E8	1.0
1.42658537E8	0.0
1.42660062E8	186.14347864428703
1.42661585E8	255.0
1.426631055E8	0.0
1.42664625E8	0.0
1.426661435E8	0.0
1.426676605E8	0.0
1.426691735E8	0.0
1.42670683E8	255.0
1.426721915E8	0.0
1.426736975E8	2.9133252892766537
1.426752015E8	0.0
1.426767045E8	0.0
1.426782025E8	0.0
1.426796955E8	0.0
1.426811875E8	235.3272644515248
1.426826785E8	0.0
1.42684168E8	0.0
1.426856565E8	0.0
1.42687144E8	254.57142857142858
1.42688631E8	53.38805970149254
1.42690117E8	172.78787220169528
1.426916015E8	0.0
1.426930845E8	0.0
1.426945645E8	0.0
1.426960415E8	0.0
1.42697517E8	0.8493273542600897
1.42698991E8	0.0
1.42700463E8	0.0
1.427019325E8	0.0
1.427034E8	0.0
1.427048665E8	0.0
1.427063315E8	0.0
1.427077945E8	255.0
1.42709256E8	0.0
1.42710717E8	0.0
1.42712177E8	0.0
1.427136355E8	236.93080630949706
1.427150925E8	0.0
1.42716547E8	0.0
1.427179995E8	0.0
1.427194515E8	0.0
1.42720903E8	0.0
1.427223515E8	0.0
1.427237975E8	0.0
1.42725243E8	0.0
1.42726687E8	247.01515442163821
1.42728129E8	0.0
1.427295695E8	233.05584643060718
1.427310075E8	0.0
1.427324415E8	1.0
1.427338735E8	0.0
1.427353055E8	0.0
1.427367365E8	0.0
1.42738166E8	255.0
1.42739595E8	180.73210103713618
1.42741022E8	0.0
1.427424465E8	0.0
1.427438705E8	0.0
1.427452945E8	0.0
1.42746718E8	0.0
1.427481405E8	223.46564885496184
1.42749562E8	255.0
1.42750982E8	0.0
1.427523995E8	254.3746167995095
1.427538155E8	0.0
1.427552315E8	102.33644859813084
1.42756647E8	3.0
1.427580605E8	0.0
1.427594725E8	0.0
1.42760884E8	0.0
1.427622945E8	0.0
1.427637035E8	0.0
1.427651115E8	211.32596685082873
1.42766519E8	0.0
1.427679255E8	0.0
1.427693305E8	0.0
1.427707335E8	0.0
1.42772132E8	129.72621359223302
1.427735265E8	0.0
1.4277492E8	230.8979193010691
1.42776312E8	0.1661721068249258
1.42777703E8	0.0
1.42779094E8	255.0
1.427804825E8	255.0
1.427818685E8	0.0
1.42783254E8	0.0
1.427846385E8	254.8118081180812
1.42786022E8	250.48870543409234
1.427874045E8	2.072052401746725
1.42788786E8	0.0
1.42790167E8	255.0
1.427915475E8	255.0
1.427929275E8	157.23076923076923
1.42794307E8	60.73054164770141
1.427956855E8	0.3333333333333333
1.42797063E8	0.0
1.4279844E8	122.72008886067916
1.42799817E8	0.0
1.42801194E8	153.8
1.428025705E8	0.0
1.42803946E8	0.0
1.428053205E8	255.0
1.428066945E8	0.0
1.42808068E8	255.0
1.4280944E8	0.0
1.4281081E8	0.0
1.428121785E8	0.0
1.428135455E8	76.39077669902913
1.42814909E8	0.0
1.428162695E8	208.52615109147794
1.428176275E8	174.40169815833534
1.428189835E8	255.0
1.42820339E8	0.0
1.42821694E8	0.0
1.428230475E8	0.0
1.42824399E8	0.0
1.42825748E8	1.0
1.42827095E8	229.04906402256603
1.428284415E8	0.0
1.428297865E8	0.0
1.4283113E8	65.65373423860329
1.42832472E8	233.11361351882874
1.428338125E8	254.58998506948433
1.428351525E8	0.0
1.428364925E8	0.0
1.42837832E8	204.7012726054923
1.42839171E8	0.0
1.42840509E8	0.0
1.42841846E8	0.0
1.428431825E8	0.0
1.428445175E8	218.31728880157172
1.42845851E8	255.0
1.42847184E8	22.940681606644233
1.42848517E8	0.0
1.428498495E8	3.0
1.428511805E8	160.8086212167533
1.428525105E8	255.0
1.428538395E8	0.0
1.42855167E8	0.0
1.428564935E8	0.0
1.428578195E8	0.0
1.42859144E8	0.0
1.42860467E8	1.0
1.428617895E8	203.65771812080536
1.428631085E8	0.0
1.42864424E8	0.0
1.42865739E8	0.0
1.42867054E8	255.0
1.42868369E8	0.0
1.428696825E8	0.0
1.42870994E8	0.0
1.42872305E8	0.0
1.428736155E8	0.0
1.428749255E8	199.2140287769784
1.42876235E8	128.0
1.428775435E8	0.0
1.428788505E8	0.0
1.428801555E8	255.0
1.428814595E8	0.0
1.428827635E8	187.8206896551724
1.428840675E8	255.0
1.42885371E8	0.0
1.42886674E8	0.0
1.428879765E8	0.0
1.42889278E8	0.0
1.42890579E8	255.0
1.42891879E8	233.5206900092412
1.42893177E8	0.0
1.42894474E8	255.0
1.42895771E8	0.0
1.428970675E8	0.0
1.42898363E8	0.0
1.428996575E8	0.0
1.429009515E8	0.0
1.429022455E8	255.0
1.42903539E8	0.0
1.42904831E8	0.0
1.429061215E8	0.0
1.42907411E8	0.0
1.42908699E8	244.81357402169508
1.429099855E8	0.0
1.42911271E8	0.0
1.429125555E8	0.0
1.429138395E8	211.61547193609417
1.42915123E8	0.0
1.42916406E8	188.56284153005464
1.429176885E8	238.6001052077854
1.4291897E8	0.0
1.429202505E8	0.0
1.429215305E8	0.0
1.4292281E8	0.0
1.429240885E8	0.06526598122485472
1.429253665E8	255.0
1.429266445E8	0.0
1.42927922E8	239.79109485918104
1.42929199E8	4.2191123092645455
1.42930476E8	66.21070234113712
1.429317525E8	0.0
1.42933028E8	0.0
1.42934303E8	0.0
1.429355775E8	0.0
1.429368515E8	0.0
1.429381245E8	0.0
1.42939396E8	0.0
1.42940667E8	0.0
1.42941938E8	0.0
1.42943209E8	1.9800362976406534
1.4294448E8	255.0
1.429457505E8	215.04377993801072
1.429470205E8	1.0
1.429482905E8	238.72101966816834
1.4294956E8	3.0
1.429508285E8	0.0
1.429520965E8	255.0
1.429533635E8	248.33920391372027
1.42954629E8	0.0
1.429558935E8	20.25411061285501
1.42957157E8	0.0
1.4295842E8	0.0
1.42959683E8	211.21725512528474
1.429609455E8	0.0
1.429622075E8	0.0
1.429634695E8	0.0
1.42964731E8	0.0
1.42965992E8	187.89954048486769
1.429672525E8	215.76294549481196
1.429685125E8	0.0
1.429697725E8	244.19318727011034
1.429710325E8	3.0
1.42972292E8	52.790630764907824
1.429735505E8	0.0
1.429748085E8	0.0
1.429760665E8	2.2582438124672866
1.42977324E8	0.0
1.42978579E8	0.0
1.42979832E8	250.20693795020853
1.429810845E8	0.0
1.42982336E8	255.0
1.42983587E8	255.0
1.42984838E8	0.0
1.42986089E8	1.0
1.429873395E8	89.60202658733847
1.42988589E8	0.0
1.429898375E8	0.0
1.42991085E8	236.85815963396035
1.429923315E8	0.0
1.429935775E8	120.71311475409836
1.429948225E8	0.0
1.42996066E8	229.05294227549385
1.429973085E8	150.97379912663754
1.4299855E8	0.0
1.42999791E8	255.0
1.43001032E8	0.0
1.430022725E8	1.0
1.430035125E8	0.0
1.430047525E8	236.62222464083587
1.43005992E8	3.0
1.4300719E8	0.0
1.43007809E8	0.0
1.430084685E8	0.0
1.430097065E8	0.0
1.430109445E8	254.10211267605635
1.43012182E8	1.0
1.430134185E8	0.0
1.43014654E8	0.0
1.43015889E8	255.0
1.430171235E8	255.0
1.430183575E8	198.40359975594876
1.430195915E8	0.0
1.43020825E8	253.9357262103506
1.43022058E8	0.0
1.430232905E8	150.4135893648449
1.43024522E8	208.39269266195885
1.43025753E8	1.0
1.43026984E8	95.14925373134328
1.43028215E8	254.14715719063545
1.430294455E8	169.19757727652464
1.43030675E8	255.0
1.43031904E8	3.0
1.430331325E8	0.0
1.4303436E8	255.0
1.43035587E8	220.19969581283118
1.43036814E8	0.0
1.43038041E8	0.0
1.430392675E8	253.52196461256864
1.430404935E8	0.0
1.430417195E8	85.61872909698997
1.43042945E8	253.35987748851454
1.4304417E8	0.0
1.43045395E8	0.0
1.4304662E8	3.0
1.43047845E8	0.0
1.4304907E8	1.0
1.430502945E8	201.69349557864342
1.430515185E8	154.075
1.430527425E8	255.0
1.430539665E8	18.551375499647307
1.4305519E8	0.0
1.43056413E8	0.0
1.43057636E8	0.0
1.430588585E8	195.00800054240966
1.430600805E8	255.0
1.43061302E8	0.0
1.430625225E8	3.0
1.430637425E8	0.0
1.43064962E8	0.0
1.43066181E8	0.0
1.430674E8	0.0
1.430686185E8	216.90291989019215
1.430698365E8	0.0
1.430710525E8	139.45454545454547
1.43072266E8	0.0
1.430734785E8	0.0
1.430746905E8	254.78732276897415
1.43075902E8	0.0
1.43077113E8	0.0
1.430783235E8	0.0
1.43079533E8	0.0
1.43080742E8	255.0
1.43081951E8	0.0
1.430831595E8	0.0
1.430843675E8	255.0
1.430855755E8	103.28413284132841
1.430867835E8	255.0
1.43087991E8	2.4933444259567388
1.430891975E8	0.0
1.43090403E8	80.65464340086662
1.43091608E8	0.0
1.43092813E8	255.0
1.43094017E8	0.0
1.4309522E8	0.0
1.43096423E8	255.0
1.430976255E8	255.0
1.430988275E8	1.0
1.43100029E8	0.0
1.431012295E8	0.0
1.431024295E8	0.0
1.431036295E8	3.0
1.43104829E8	255.0
1.43106028E8	0.31105990783410137
1.431072265E8	0.0
1.431084245E8	0.0740557886941496
1.43109622E8	0.0
1.43110819E8	0.0
1.43112015E8	0.0
1.4311321E8	0.0
1.43114405E8	180.90916680581066
1.431156E8	0.0
1.43116795E8	31.066987203040195
1.431179895E8	178.07049608355092
1.43119183E8	183.23353293413174
1.43120376E8	255.0
1.43121569E8	255.0
1.43122762E8	203.13074204946997
1.431239545E8	0.0
1.431251465E8	246.2529296181435
1.431263385E8	170.0
1.4312753E8	0.0
1.43128721E8	0.0
1.431299115E8	0.0
1.431311015E8	252.88381742738588
1.431322915E8	0.0
1.43133481E8	255.0
1.4313467E8	0.0
1.43135859E8	0.0
1.43137048E8	0.0
1.43138237E8	0.0
1.43139426E8	221.1947194719472
1.431406145E8	1.0
1.431418015E8	0.0
1.431429875E8	0.0
1.431441735E8	246.97663551401868
1.431453595E8	0.0
1.431465455E8	0.0
1.43147731E8	0.0
1.43148916E8	0.0
1.43150101E8	214.85234559568005
1.43151286E8	0.0
1.431524705E8	0.0
1.431536545E8	0.0
1.431548385E8	0.0
1.431560225E8	0.0
1.431572055E8	128.0
1.431583875E8	244.6491593398118
1.43159569E8	0.0
1.4316075E8	248.36417556346382
1.43161931E8	0.0
1.43163111E8	254.698224852071
1.4316429E8	0.0
1.43165469E8	0.0
1.431666475E8	0.0
1.431678255E8	0.0
1.431690035E8	0.0
1.431701815E8	255.0
1.431713595E8	0.0
1.431725375E8	0.0
1.43173715E8	0.0
1.431748915E8	11.825568920855561
1.43176067E8	0.0
1.43177242E8	255.0
1.431784165E8	0.0
1.431795905E8	0.0
1.43180764E8	0.0
1.43181937E8	0.0
1.4318311E8	111.0
1.43184282E8	255.0
1.43185453E8	107.0326386158081
1.43186624E8	255.0
1.43187795E8	0.0
1.431889655E8	3.0
1.43190135E8	0.0
1.43191304E8	0.0
1.431924725E8	0.0
1.4319364E8	0.0
1.43194807E8	0.0
1.43195974E8	0.0
1.431971405E8	0.0
1.431983065E8	251.83490312508
1.431994725E8	196.93177292866469
1.432006385E8	0.0
1.43201804E8	0.0
1.43202969E8	0.0
1.432041335E8	0.0
1.43205297E8	0.0
1.4320646E8	228.878665816049
1.43207623E8	0.0
1.43208786E8	24.454545454545453
1.43209949E8	0.0
1.43211112E8	245.40712667712145
1.432122745E8	198.74421170208365
1.432134365E8	0.0
1.432145985E8	137.84167305287784
1.4321576E8	0.0
1.43216921E8	0.0
1.43218082E8	0.0
1.432192425E8	0.0
1.432204025E8	125.0204081632653
1.432215625E8	0.0
1.43222722E8	0.0
1.43223881E8	0.0
1.4322504E8	209.14403032217308
1.43226199E8	254.15282392026577
1.43227358E8	0.0
1.432285165E8	0.0
1.432296745E8	29.787394310437463
1.432308325E8	255.0
1.4323199E8	117.78897849462365
1.43233147E8	226.2235649546828
1.432343035E8	0.0
1.432354595E8	212.54858411993337
1.43236615E8	255.0
1.4323777E8	105.52498349108518
1.43238925E8	0.0
1.4324008E8	0.9000386006547815
1.432412345E8	0.0
1.432423885E8	255.0
1.432435425E8	147.02710843373495
1.432446965E8	254.96903460837888
1.4324585E8	0.0
1.43247003E8	3.0
1.43248156E8	0.0
1.432493085E8	255.0
1.432504605E8	0.0
1.432516125E8	255.0
1.432527645E8	0.0
1.43253916E8	255.0
1.432550665E8	135.28025477707007
1.432562165E8	0.0
1.432573655E8	0.0
1.432585135E8	255.0
1.432596615E8	254.56632653061226
1.432608095E8	97.5831250240357
1.432619575E8	0.0
1.432631055E8	255.0
1.43264253E8	123.65301724137932
1.432654E8	245.61273685274503
1.43266547E8	103.8
1.432676935E8	0.0
1.432688395E8	0.0
1.432699855E8	0.0
1.43271131E8	250.40916530278233
1.432722755E8	25.92186978297162
1.432734195E8	253.7367303609342
1.432745635E8	236.16649839020482
1.432757075E8	34.89829735481909
1.432768515E8	0.0
1.43277995E8	255.0
1.43279138E8	255.0
1.432802805E8	0.0
1.432814225E8	254.3791844187462
1.432825645E8	0.9679078056567041
1.43283706E8	232.70339504064486
1.43284847E8	229.17461352564348
1.432859875E8	177.59248564397046
1.432871275E8	0.0
1.432882675E8	255.0
1.432894075E8	0.0
1.43290547E8	255.0
1.43291686E8	255.0
1.43292825E8	0.0
1.43293964E8	0.0
1.43295103E8	0.0
1.432962415E8	255.0
1.43297379E8	1.5
1.432985155E8	255.0
1.432996515E8	0.0
1.433007875E8	139.0317412984038
1.433019235E8	44.12133891213389
1.43303059E8	0.0
1.43304194E8	0.0
1.43305329E8	254.85353245261345
1.433064635E8	0.0
1.433075975E8	171.42749659393618
1.433087315E8	0.0
1.433098655E8	0.0
1.43310999E8	0.0
1.43312132E8	0.0
1.43313265E8	255.0
1.433143975E8	224.55183355619255
1.433155295E8	177.7941176470588
1.433166615E8	0.0
1.433177935E8	0.0
1.43318925E8	0.0
1.43320056E8	229.1990972970781
1.43321187E8	0.0
1.433223175E8	0.0
1.433234475E8	0.0
1.433245775E8	1.0
1.43325707E8	0.0
1.43326836E8	3.0
1.43327965E8	72.49464668094218
1.43329094E8	0.0
1.43330222E8	235.02304147465438
1.43331349E8	0.0
1.433324755E8	200.2106859639315
1.433336015E8	255.0
1.433347275E8	3.0
1.433358535E8	0.0
1.433369795E8	18.019023015500235
1.43338105E8	0.0
1.4333923E8	0.0
1.433403545E8	255.0
1.433414785E8	0.0
1.43342602E8	0.0
1.43343725E8	0.0
1.43344848E8	255.0
1.43345971E8	127.55319148936171
1.43347094E8	168.79841449603623
1.433482165E8	221.35653098334106
1.43349338E8	0.0
1.433504585E8	0.0
1.43351578E8	0.3333333333333333
1.43352697E8	90.96241134751773
1.433538155E8	175.06962025316454
1.433549335E8	0.0
1.433560515E8	0.0
1.433571695E8	255.0
1.43358287E8	0.0
1.43359404E8	0.0
1.43360521E8	90.7469387755102
1.43361638E8	229.23935091277892
1.43362755E8	199.23657148323528
1.43363872E8	197.57500949487277
1.433649885E8	0.0
1.433661045E8	217.49589939857844
1.433668735E8	232.93356809745885
1.433674315E8	247.97076612903226
1.433683365E8	3.0
1.433694525E8	238.3920645595158
1.433705685E8	0.0
1.43371684E8	0.0
1.43372799E8	0.0
1.43373914E8	0.0
1.433750285E8	0.0
1.433761425E8	0.0
1.433772565E8	255.0
1.433783705E8	255.0
1.433794845E8	1.4949832775919731
1.433805985E8	0.0
1.433817115E8	0.0
1.433828235E8	0.0
1.433839355E8	0.0
1.433850475E8	241.9659214396017
1.43386159E8	190.09947552447554
1.433872695E8	0.0
1.433883795E8	0.0
1.433894895E8	30.687175685693106
1.433905995E8	0.0
1.43391709E8	255.0
1.43392818E8	0.0
1.43393927E8	172.25261194029852
1.43395036E8	0.0
1.433961445E8	2.6666666666666665
1.433972525E8	0.0
1.4339836E8	0.0
1.43399467E8	255.0
1.43400574E8	1.0
1.434016805E8	233.79424757965975
1.434027865E8	129.0
1.43403892E8	123.475
1.43404997E8	0.0
1.43406102E8	0.0
1.43407207E8	0.0
1.43408312E8	0.0
1.43409417E8	0.0
1.43410521E8	0.0
1.43411624E8	0.0
1.43412727E8	0.0
1.434138295E8	0.0
1.434149315E8	0.0
1.434160335E8	255.0
1.43417135E8	52.80301941049605
1.43418236E8	0.0
1.43419337E8	0.7678207739307535
1.434204375E8	93.0
1.434215375E8	0.0
1.43422637E8	0.0
1.43423736E8	255.0
1.434248345E8	79.41176470588235
1.434259325E8	0.0
1.434270305E8	0.0
1.43428128E8	0.0
1.43429225E8	0.0
1.43430322E8	0.0
1.434314185E8	0.0
1.434325145E8	0.0
1.434336095E8	1.5033557046979866
1.43434703E8	0.0
1.434357955E8	0.0
1.43436887E8	0.0
1.43437978E8	255.0
1.434390685E8	255.0
1.434401585E8	0.0
1.434412485E8	203.50219490781387
1.434423385E8	220.42304747320063
1.434434285E8	0.0
1.43444518E8	0.0
1.43445607E8	0.0
1.434466955E8	0.0
1.434477835E8	138.7279843444227
1.434488715E8	255.0
1.434499595E8	255.0
1.43451047E8	0.0
1.43452134E8	199.4406100515624
1.43453221E8	226.60819995614997
1.434543075E8	179.30486895681597
1.434553935E8	217.25734116390817
1.434564795E8	1.7039782554978997
1.434575655E8	0.0
1.434586505E8	0.0
1.434597345E8	255.0
1.434608185E8	0.0
1.434619025E8	0.0
1.434629865E8	3.0
1.4346407E8	0.0
1.43465153E8	1.9966555183946488
1.43466236E8	240.88794632713183
1.434673185E8	0.0
1.434684005E8	202.1987534626039
1.43469482E8	0.0
1.43470563E8	248.15888868712548
1.434716435E8	0.0
1.434727235E8	0.0
1.434738035E8	162.7792781733366
1.43474883E8	0.0
1.43475962E8	0.0
1.434770405E8	0.0
1.434781185E8	0.0
1.434791965E8	0.0
1.434802745E8	0.0
1.43481352E8	0.16666666666666666
1.43482429E8	0.0
1.434835055E8	0.0
1.434845815E8	0.0
1.434856575E8	255.0
1.434867335E8	0.0
1.43487809E8	0.0
1.43488884E8	189.6093612528594
1.43489959E8	49.948429319371726
1.43491034E8	255.0
1.434921085E8	255.0
1.434931825E8	12.228762230159962
1.434942565E8	0.0
1.434953305E8	198.92632358385782
1.43496404E8	0.0
1.434974765E8	238.47150268026977
1.434985485E8	0.0
1.4349962E8	0.0
1.43500691E8	188.1167027646834
1.435017615E8	0.0
1.435028315E8	0.0
1.435039015E8	0.0
1.43504971E8	0.0
1.4350604E8	0.0
1.435071085E8	255.0
1.43508176E8	0.0
1.43509243E8	0.0
1.4351031E8	255.0
1.435113765E8	0.0
1.435124415E8	236.29858525688758
1.435135055E8	0.0
1.435145695E8	242.0530646692689
1.43515633E8	0.0
1.43516696E8	0.0
1.43517759E8	206.48154362416108
1.43518822E8	186.61746947537904
1.43519885E8	0.0
1.43520948E8	0.0
1.43522011E8	0.0
1.43523074E8	0.0
1.435241365E8	231.52955327804725
1.435251985E8	0.0
1.435262605E8	2.065934065934066
1.435273225E8	145.71428571428572
1.435283845E8	0.0
1.43529446E8	51.01741460147354
1.435305065E8	0.0
1.435315665E8	232.68880079524968
1.435326265E8	0.0
1.43533686E8	217.6931719965428
1.43534745E8	255.0
1.43535804E8	1.0
1.435368625E8	0.0
1.435379205E8	232.34663289553518
1.435389785E8	3.0
1.435400365E8	223.62299465240642
1.43541094E8	0.0
1.435421505E8	162.34615384615384
1.435432065E8	126.09452736318408
1.435442625E8	254.86976506639428
1.435453185E8	0.0
1.43546374E8	0.0
1.43547429E8	0.0
1.43548484E8	0.0
1.435495385E8	181.9308496617169
1.435505925E8	0.0
1.43551646E8	0.0
1.43552699E8	252.56055818852028
1.43553752E8	68.65074935400517
1.43554805E8	37.881986768765955
1.43555858E8	246.7300085984523
1.435569105E8	0.0
1.435579625E8	247.6795926948319
1.435590145E8	1.25
1.43560066E8	0.0
1.43561117E8	0.0
1.43562168E8	255.0
1.43563219E8	0.0
1.4356427E8	0.0
1.435653205E8	0.0
1.435663705E8	20.634497467342044
1.4356742E8	0.3401360544217687
1.43568469E8	0.0
1.43569518E8	0.0
1.43570567E8	0.0
1.43571616E8	255.0
1.435726645E8	255.0
1.435737125E8	223.03457651697104
1.435747605E8	0.0
1.435758085E8	0.0
1.435768565E8	126.74349198001578
1.43577904E8	8.011363636363637
1.43578951E8	0.0
1.43579998E8	0.0
1.43581045E8	1.0
1.435820915E8	0.0
1.43583137E8	130.59183673469389
1.43584182E8	2.142857142857143
1.43585227E8	255.0
1.43586272E8	0.0
1.435873165E8	255.0
1.435883605E8	0.0
1.435894045E8	9.81424562341307
1.43590448E8	254.78678929765886
1.43591491E8	255.0
1.435925335E8	0.0
1.435935755E8	0.0
1.435946175E8	242.00297438633075
1.435956595E8	178.26980198019803
1.435967015E8	0.0
1.43597743E8	127.90557579153824
1.43598784E8	0.0
1.43599825E8	0.0
1.436008655E8	0.0
1.436019055E8	255.0
1.436029455E8	0.0
1.436039855E8	0.0
1.43605025E8	255.0
1.43606064E8	224.50373532550694
1.43607103E8	0.0
1.436081415E8	0.0
1.436091795E8	205.6761853448276
1.436102175E8	0.0
1.43611255E8	0.0
1.43612292E8	0.0
1.43613329E8	0.0
1.43614366E8	183.1618665927647
1.436154025E8	0.0
1.436164385E8	0.0
1.43617474E8	0.0
1.43618509E8	129.21035058430718
1.43619544E8	0.0
1.43620579E8	0.0
1.43621614E8	0.0
1.43622648E8	0.0
1.43623681E8	0.0
1.43624714E8	170.52169076751946
1.43625747E8	252.8639808536099
1.436267795E8	0.0
1.436278115E8	206.70011345014495
1.436288435E8	186.58536585365854
1.43629875E8	0.0
1.43630906E8	0.0
1.43631937E8	203.22441243366185
1.436329675E8	177.7394457876139
1.436339975E8	0.0
1.436350275E8	0.0
1.43636057E8	255.0
1.43637086E8	171.60171919770772
1.43638115E8	146.6265718247414
1.43639144E8	217.81926295231895
1.43640173E8	0.0
1.43641202E8	0.0
1.43642231E8	0.0
1.436432595E8	255.0
1.436442875E8	0.0
1.43645315E8	0.0
1.43646342E8	0.0
1.43647369E8	0.0
1.436483955E8	255.0
1.436494215E8	0.0
1.43650447E8	0.0
1.43651472E8	1.5075376884422111
1.43652497E8	85.0
1.43653522E8	2.3446153846153845
1.43654546E8	0.0
1.43655569E8	0.0
1.436565915E8	0.0
1.436576135E8	254.45879023700036
1.436586355E8	240.02071227202117
1.436596575E8	0.0
1.43660679E8	143.4375
1.436617E8	191.280276816609
1.43662721E8	0.0
1.436637415E8	211.10839567810953
1.436647615E8	0.0
1.436657815E8	0.0
1.43666801E8	0.0
1.4366782E8	0.0
1.43668839E8	255.0
1.43669858E8	0.0
1.43670877E8	81.11775200713649
1.436718955E8	255.0
1.436729135E8	0.0
1.436739315E8	0.0
1.436749495E8	0.0
1.436759665E8	0.0
1.436769825E8	3.0
1.436779985E8	0.0
1.43679014E8	0.0
1.43680029E8	0.0
1.436810435E8	0.0
1.436820575E8	185.20411792100026
1.436830715E8	0.0
1.436840855E8	0.0
1.436850995E8	0.0
1.43686113E8	1.0
1.43687126E8	0.0
1.43688139E8	0.0
1.436891515E8	0.0
1.436901635E8	0.0
1.436911755E8	216.50770885622086
1.436921875E8	204.17213572965872
1.436931995E8	133.34533637800808
1.43694211E8	255.0
1.43695222E8	2.593519216277317
1.43696233E8	0.0
1.43697244E8	170.57190449750138
1.436982545E8	200.58290098966734
1.436992645E8	0.0
1.437002745E8	255.0
1.437012845E8	0.0
1.437022935E8	0.0
1.437033015E8	0.0
1.437043095E8	1.0
1.43705317E8	0.0
1.43706324E8	0.0
1.437073305E8	161.1041095890411
1.437083365E8	0.0
1.437093425E8	3.0
1.43710348E8	0.0
1.43711353E8	0.0
1.43712358E8	0.27655310621242485
1.43713363E8	0.0
1.43714368E8	255.0
1.437153725E8	0.0
1.437163765E8	0.0
1.437173805E8	0.0
1.437183845E8	0.0
1.43719388E8	0.0
1.4372039E8	255.0
1.43721391E8	0.0
1.43722392E8	159.04620918649695
1.43723393E8	0.0
1.43724394E8	59.019214224261546
1.437251765E8	146.97611111111112
1.437257305E8	0.0
