#Insert size (bp)	insert size
32.0	2.0
33.0	1.0
38.0	2.0
40.0	1.0
43.0	2.0
44.0	3.0
45.0	1.0
46.0	2.0
48.0	3.0
49.0	7.0
52.0	3.0
53.0	1.0
54.0	2.0
55.0	6.0
56.0	4.0
57.0	2.0
58.0	3.0
59.0	3.0
60.0	2.0
61.0	1.0
62.0	3.0
63.0	6.0
64.0	3.0
65.0	2.0
66.0	1.0
67.0	3.0
68.0	7.0
69.0	8.0
70.0	11.0
71.0	26.0
72.0	11.0
73.0	7.0
74.0	6.0
75.0	9.0
76.0	5.0
77.0	15.0
78.0	13.0
79.0	14.0
80.0	20.0
81.0	13.0
82.0	11.0
83.0	22.0
84.0	18.0
85.0	18.0
86.0	20.0
87.0	28.0
88.0	21.0
89.0	30.0
90.0	32.0
91.0	40.0
92.0	30.0
93.0	29.0
94.0	31.0
95.0	33.0
96.0	40.0
97.0	43.0
98.0	56.0
99.0	72.0
100.0	65.0
101.0	68.0
102.0	82.0
103.0	90.0
104.0	96.0
105.0	88.0
106.0	128.0
107.0	152.0
108.0	100.0
109.0	148.0
110.0	147.0
111.0	188.0
112.0	180.0
113.0	208.0
114.0	232.0
115.0	190.0
116.0	236.0
117.0	221.0
118.0	273.0
119.0	278.0
120.0	318.0
121.0	337.0
122.0	398.0
123.0	368.0
124.0	427.0
125.0	447.0
126.0	455.0
127.0	388.0
128.0	435.0
129.0	515.0
130.0	555.0
131.0	708.0
132.0	533.0
133.0	644.0
134.0	604.0
135.0	711.0
136.0	733.0
137.0	739.0
138.0	1009.0
139.0	943.0
140.0	1219.0
141.0	1514.0
142.0	18041.0
143.0	19116.0
144.0	19403.0
145.0	20296.0
146.0	20700.0
147.0	22289.0
148.0	22846.0
149.0	24088.0
150.0	24165.0
151.0	25653.0
152.0	26309.0
153.0	27088.0
154.0	28244.0
155.0	29528.0
156.0	30193.0
157.0	30609.0
158.0	32931.0
159.0	33994.0
160.0	35000.0
161.0	35429.0
162.0	37529.0
163.0	38045.0
164.0	38967.0
165.0	40234.0
166.0	40448.0
167.0	43323.0
168.0	45280.0
169.0	45241.0
170.0	46890.0
171.0	48502.0
172.0	52304.0
173.0	52521.0
174.0	53871.0
175.0	55743.0
176.0	58700.0
177.0	59035.0
178.0	59501.0
179.0	62931.0
180.0	63525.0
181.0	65554.0
182.0	66750.0
183.0	68507.0
184.0	69375.0
185.0	72137.0
186.0	74721.0
187.0	75752.0
188.0	78736.0
189.0	80258.0
190.0	83297.0
191.0	85637.0
192.0	87423.0
193.0	89846.0
194.0	92875.0
195.0	95035.0
196.0	98052.0
197.0	98327.0
198.0	103659.0
199.0	105710.0
200.0	109010.0
201.0	112687.0
202.0	115238.0
203.0	120691.0
204.0	122469.0
205.0	131267.0
206.0	129443.0
207.0	131933.0
208.0	133548.0
209.0	139981.0
210.0	138367.0
211.0	142324.0
212.0	143135.0
213.0	150787.0
214.0	153162.0
215.0	153966.0
216.0	160314.0
217.0	160900.0
218.0	166035.0
219.0	168676.0
220.0	169848.0
221.0	175160.0
222.0	179187.0
223.0	183557.0
224.0	190104.0
225.0	185466.0
226.0	193491.0
227.0	194620.0
228.0	195878.0
229.0	200543.0
230.0	200727.0
231.0	207459.0
232.0	208440.0
233.0	207556.0
234.0	209731.0
235.0	213668.0
236.0	216767.0
237.0	224427.0
238.0	220081.0
239.0	219617.0
240.0	226167.0
241.0	223434.0
242.0	229646.0
243.0	228608.0
244.0	230056.0
245.0	236509.0
246.0	237464.0
247.0	238348.0
248.0	238532.0
249.0	239412.0
250.0	243466.0
251.0	243630.0
252.0	241411.0
253.0	247677.0
254.0	244475.0
255.0	246277.0
256.0	245409.0
257.0	249760.0
258.0	253874.0
259.0	251042.0
260.0	249027.0
261.0	250843.0
262.0	249632.0
263.0	253973.0
264.0	255613.0
265.0	253008.0
266.0	253915.0
267.0	253884.0
268.0	252931.0
269.0	253029.0
270.0	255055.0
271.0	255659.0
272.0	252935.0
273.0	253374.0
274.0	251495.0
275.0	250070.0
276.0	248346.0
277.0	252675.0
278.0	248817.0
279.0	246058.0
280.0	245584.0
281.0	247600.0
282.0	246562.0
283.0	248517.0
284.0	245154.0
285.0	241785.0
286.0	238613.0
287.0	240000.0
288.0	240596.0
289.0	237913.0
290.0	239838.0
291.0	234170.0
292.0	234987.0
293.0	232142.0
294.0	234929.0
295.0	231906.0
296.0	229922.0
297.0	226523.0
298.0	227996.0
299.0	222714.0
300.0	226516.0
301.0	222589.0
302.0	219959.0
303.0	223961.0
304.0	219696.0
305.0	216880.0
306.0	217616.0
307.0	211177.0
308.0	209480.0
309.0	213751.0
310.0	209506.0
311.0	205026.0
312.0	202544.0
313.0	202102.0
314.0	202056.0
315.0	195690.0
316.0	200564.0
317.0	193155.0
318.0	196470.0
319.0	192635.0
320.0	195171.0
321.0	187840.0
322.0	190412.0
323.0	183917.0
324.0	180614.0
325.0	179198.0
326.0	182969.0
327.0	178624.0
328.0	169207.0
329.0	166387.0
330.0	169393.0
331.0	167030.0
332.0	166967.0
333.0	162512.0
334.0	160574.0
335.0	158711.0
336.0	156761.0
337.0	160169.0
338.0	154234.0
339.0	156885.0
340.0	151921.0
341.0	150909.0
342.0	146204.0
343.0	149959.0
344.0	141836.0
345.0	137911.0
346.0	135797.0
347.0	135620.0
348.0	135013.0
349.0	130431.0
350.0	129808.0
351.0	128850.0
352.0	126893.0
353.0	125695.0
354.0	123142.0
355.0	124386.0
356.0	122186.0
357.0	118888.0
358.0	116725.0
359.0	115394.0
360.0	115910.0
361.0	111906.0
362.0	110468.0
363.0	110594.0
364.0	109491.0
365.0	106632.0
366.0	104697.0
367.0	102375.0
368.0	102713.0
369.0	100880.0
370.0	99513.0
371.0	97766.0
372.0	96420.0
373.0	94835.0
374.0	93242.0
375.0	93024.0
376.0	91425.0
377.0	90411.0
378.0	89025.0
379.0	86840.0
380.0	86328.0
381.0	84872.0
382.0	83350.0
383.0	82658.0
384.0	81701.0
385.0	80230.0
386.0	79970.0
387.0	78955.0
388.0	77174.0
389.0	75968.0
390.0	74803.0
391.0	74867.0
392.0	73304.0
393.0	72135.0
394.0	70578.0
395.0	70761.0
396.0	70087.0
397.0	68986.0
398.0	68071.0
399.0	66992.0
400.0	64918.0
401.0	64479.0
402.0	64106.0
403.0	63718.0
404.0	62795.0
405.0	62071.0
406.0	60359.0
407.0	59183.0
408.0	59902.0
409.0	58660.0
410.0	57915.0
411.0	57258.0
412.0	56682.0
413.0	56169.0
414.0	55368.0
415.0	55535.0
416.0	53788.0
417.0	52951.0
418.0	51772.0
419.0	51073.0
420.0	50869.0
421.0	50286.0
422.0	49648.0
423.0	48645.0
424.0	48638.0
425.0	47697.0
426.0	47367.0
427.0	47187.0
428.0	47618.0
429.0	45583.0
430.0	44683.0
431.0	44928.0
432.0	44792.0
433.0	44673.0
434.0	42413.0
435.0	42532.0
436.0	43088.0
437.0	42239.0
438.0	40996.0
439.0	40601.0
440.0	40122.0
441.0	39953.0
442.0	40105.0
443.0	40070.0
444.0	39375.0
445.0	38440.0
446.0	38792.0
447.0	38196.0
448.0	37441.0
449.0	37459.0
450.0	38416.0
451.0	36378.0
452.0	36294.0
453.0	34932.0
454.0	35440.0
455.0	35324.0
456.0	35002.0
457.0	35059.0
458.0	34221.0
459.0	34451.0
460.0	35298.0
461.0	34285.0
462.0	34808.0
463.0	33978.0
464.0	32322.0
465.0	32760.0
466.0	33563.0
467.0	31793.0
468.0	32754.0
469.0	31471.0
470.0	30849.0
471.0	30921.0
472.0	30647.0
473.0	31034.0
474.0	29882.0
475.0	31709.0
476.0	30283.0
477.0	30033.0
478.0	29603.0
479.0	29031.0
480.0	29346.0
481.0	27773.0
482.0	27902.0
483.0	29349.0
484.0	29194.0
485.0	27941.0
486.0	29037.0
487.0	27718.0
488.0	26984.0
489.0	26157.0
490.0	26833.0
491.0	26432.0
492.0	27149.0
493.0	27324.0
494.0	26234.0
495.0	25606.0
496.0	25005.0
497.0	24445.0
498.0	24817.0
499.0	24775.0
500.0	24981.0
501.0	24896.0
502.0	24861.0
503.0	23487.0
504.0	24041.0
505.0	22799.0
506.0	24930.0
507.0	23518.0
508.0	23212.0
509.0	23028.0
510.0	22044.0
511.0	22776.0
512.0	22556.0
513.0	23624.0
514.0	21422.0
515.0	22255.0
516.0	22256.0
517.0	22155.0
518.0	22787.0
519.0	22851.0
520.0	21406.0
521.0	22598.0
522.0	21754.0
523.0	22633.0
524.0	20658.0
525.0	20202.0
526.0	20541.0
527.0	21256.0
528.0	19296.0
529.0	20491.0
530.0	21318.0
531.0	34120.0
532.0	19951.0
533.0	18954.0
534.0	18672.0
535.0	18136.0
536.0	19704.0
537.0	18391.0
538.0	17966.0
539.0	17325.0
540.0	17331.0
541.0	17198.0
542.0	16677.0
543.0	16838.0
544.0	16511.0
545.0	16504.0
546.0	16435.0
547.0	16029.0
548.0	16332.0
549.0	15657.0
550.0	15881.0
551.0	15484.0
552.0	15953.0
553.0	15593.0
554.0	15293.0
555.0	14617.0
556.0	14937.0
557.0	14995.0
558.0	14553.0
559.0	14856.0
560.0	14623.0
561.0	15023.0
562.0	14392.0
563.0	14017.0
564.0	14445.0
565.0	14653.0
566.0	13910.0
567.0	14167.0
568.0	14378.0
569.0	13908.0
570.0	13575.0
571.0	14006.0
572.0	13954.0
573.0	13588.0
574.0	13822.0
575.0	13618.0
576.0	13628.0
577.0	13457.0
578.0	12781.0
579.0	13643.0
580.0	12854.0
581.0	13424.0
582.0	12909.0
583.0	12624.0
584.0	12743.0
585.0	12680.0
586.0	12795.0
587.0	12345.0
588.0	12607.0
589.0	12529.0
590.0	12041.0
591.0	11998.0
592.0	12383.0
593.0	12359.0
594.0	12128.0
595.0	12190.0
596.0	11688.0
597.0	11938.0
598.0	11982.0
599.0	11832.0
600.0	11780.0
601.0	11620.0
602.0	11775.0
603.0	11618.0
604.0	11837.0
605.0	11440.0
606.0	11768.0
607.0	11517.0
608.0	11471.0
609.0	11444.0
610.0	11334.0
611.0	11223.0
612.0	11507.0
613.0	11111.0
614.0	11459.0
615.0	11372.0
616.0	10957.0
617.0	11398.0
618.0	11168.0
619.0	11185.0
620.0	11136.0
621.0	11440.0
622.0	11119.0
623.0	10593.0
624.0	10511.0
625.0	11221.0
626.0	10585.0
627.0	10652.0
628.0	10937.0
629.0	11084.0
630.0	10750.0
631.0	10627.0
632.0	10357.0
633.0	10125.0
634.0	10490.0
635.0	10466.0
636.0	10692.0
637.0	10341.0
638.0	10201.0
639.0	9997.0
640.0	10089.0
641.0	10552.0
642.0	10201.0
643.0	10281.0
644.0	9986.0
645.0	10583.0
646.0	10122.0
647.0	10203.0
648.0	10260.0
649.0	10146.0
650.0	10384.0
651.0	10369.0
652.0	9924.0
653.0	10210.0
654.0	10237.0
655.0	10290.0
656.0	10444.0
657.0	10328.0
658.0	10208.0
659.0	10471.0
660.0	10393.0
661.0	10004.0
662.0	9930.0
663.0	9889.0
664.0	10446.0
665.0	10030.0
666.0	10255.0
667.0	9900.0
668.0	9384.0
669.0	9593.0
670.0	9464.0
671.0	9684.0
672.0	9830.0
673.0	9684.0
674.0	9399.0
675.0	9134.0
676.0	10000.0
677.0	9153.0
678.0	9174.0
679.0	9190.0
680.0	9305.0
681.0	9037.0
682.0	9268.0
683.0	9698.0
684.0	9991.0
685.0	9546.0
686.0	9319.0
687.0	8957.0
688.0	9371.0
689.0	9406.0
690.0	9456.0
691.0	9082.0
692.0	9309.0
693.0	9205.0
694.0	8956.0
695.0	9093.0
696.0	8791.0
697.0	8980.0
698.0	8739.0
699.0	8819.0
700.0	8985.0
701.0	9152.0
702.0	8736.0
703.0	8866.0
704.0	9032.0
705.0	8726.0
706.0	8730.0
707.0	9050.0
708.0	8685.0
709.0	8606.0
710.0	8757.0
711.0	8611.0
712.0	8209.0
713.0	8437.0
714.0	8086.0
715.0	8475.0
716.0	8223.0
717.0	8304.0
718.0	8737.0
719.0	7860.0
720.0	8611.0
721.0	8078.0
722.0	8024.0
723.0	8183.0
724.0	8059.0
725.0	8534.0
726.0	8062.0
727.0	8177.0
728.0	8226.0
729.0	8121.0
730.0	8199.0
731.0	8145.0
732.0	8494.0
733.0	8386.0
734.0	8247.0
735.0	8461.0
736.0	8532.0
737.0	8108.0
738.0	8141.0
739.0	8519.0
740.0	8581.0
741.0	8022.0
742.0	7804.0
743.0	8107.0
744.0	8492.0
745.0	8031.0
746.0	8084.0
747.0	7920.0
748.0	7972.0
749.0	8250.0
750.0	7900.0
751.0	7720.0
752.0	7553.0
753.0	7489.0
754.0	7484.0
755.0	7641.0
756.0	7297.0
757.0	7433.0
758.0	7035.0
759.0	7248.0
760.0	7252.0
761.0	7351.0
762.0	6828.0
763.0	7208.0
764.0	6848.0
765.0	6896.0
766.0	6581.0
767.0	6848.0
768.0	6850.0
769.0	7071.0
770.0	7226.0
771.0	6585.0
772.0	6639.0
773.0	7075.0
774.0	6766.0
775.0	6730.0
776.0	6860.0
777.0	6801.0
778.0	7009.0
779.0	7165.0
780.0	6877.0
781.0	6987.0
782.0	6978.0
783.0	6925.0
784.0	7034.0
