#Position (bp)	insert size	chromosomes
179658.5	545.8856338146144	0.0
538974.5	509.7569202397418	39193.783720306
898290.5	811.1137645869705	0.0
1257606.5	612.3490520229908	0.0
1616922.5	593.9973429951691	39193.783720306
1976238.5	456.84115478658043	0.0
2335554.5	617.6505538675481	0.0
2694870.5	546.3845789185295	39193.783720306
3054186.5	605.3822105391075	0.0
3413502.5	383.24791264463926	0.0
3772818.5	779.4425820750796	39193.783720306
4132134.5	494.04838309691496	0.0
4491450.5	400.14883699727625	0.0
4850766.5	535.7219237871411	39193.783720306
5210082.5	551.8582269160604	0.0
5569398.5	695.5564930600068	0.0
5928714.5	1151.5138338974937	39193.783720306
6288030.5	458.2988048486085	0.0
6647346.5	587.8550054948939	0.0
7006662.5	452.36093261531636	39193.783720306
7365978.5	1107.5545840508282	0.0
7725294.5	511.805246878222	0.0
8084610.5	699.451235862606	39193.783720306
8443926.5	863.1972716967113	0.0
8803242.5	711.4517819706499	0.0
9162558.5	549.7258116761767	39193.783720306
9521874.5	676.2246444086323	0.0
9881190.5	388.2577810496496	0.0
1.02405065E7	425.8565949106457	39193.783720306
1.05998225E7	541.1792952346175	0.0
1.09591385E7	489.21649433912467	0.0
1.13184545E7	420.7316064355568	39193.783720306
1.16777705E7	536.5449179317253	0.0
1.20370865E7	903.0977366330138	0.0
1.23964025E7	2474.0263214402767	39193.783720306
1.27557185E7	681.7617786006128	0.0
1.31150345E7	487.0829579150373	0.0
1.34743505E7	501.76175910227056	39193.783720306
1.38336665E7	431.41245701374316	0.0
1.41929825E7	897.2143309534777	0.0
1.45522985E7	1102.767105654025	39193.783720306
1.49116145E7	1045.178032643394	0.0
1.52709305E7	390.53522500121886	0.0
1.56302465E7	715.1005114171638	39193.783720306
1.59895625E7	426.8026235741445	0.0
1.63488785E7	925.5321987053604	0.0
1.67081945E7	705.9176108908556	39193.783720306
1.70675105E7	854.4558253245658	0.0
1.74268265E7	683.4958006751626	0.0
1.77861425E7	3323.734188412207	39193.783720306
1.81454585E7	1125.3585186910445	0.0
1.85047745E7	548.1156476045995	0.0
1.88640905E7	546.7529966985303	39193.783720306
1.92234065E7	596.8652759084791	0.0
1.95827225E7	674.850289511034	0.0
1.99420385E7	1570.5141092185102	39193.783720306
2.03013545E7	3107.671590634806	0.0
2.06606705E7	743.0380990690725	0.0
2.10199865E7	837.022228991766	39193.783720306
2.13793025E7	1201.8659874400487	0.0
2.17386185E7	499.2943379847408	0.0
2.20979345E7	1207.786450015195	39193.783720306
2.24572505E7	525.9735669786362	0.0
2.28165665E7	1583.5027158739022	0.0
2.31758825E7	1004.5104750663912	39193.783720306
2.34346265E7	414.8324324324324	0.0
2.36142845E7	3818.596112311015	0.0
2.38945145E7	1526.7858365144136	39193.783720306
2.42538305E7	2843.1055201698514	0.0
2.46131465E7	4652.438744749197	0.0
2.49724625E7	1675.5649092178771	39193.783720306
2.53317785E7	7443.765127234399	0.0
2.56910945E7	3414.1503166783955	0.0
2.60504105E7	10619.842157842158	39193.783720306
2.64097265E7	4626.3144836835045	0.0
2.67690425E7	1605.2446596411278	0.0
2.71283585E7	1587.2686918041854	39193.783720306
2.74876745E7	3445.994505099842	0.0
2.78469905E7	6670.000618516124	0.0
2.82063065E7	711.941546639887	39193.783720306
2.85656225E7	854.6100406230313	0.0
2.89249385E7	1133.0446261549798	0.0
2.92842545E7	573.15803468455	39193.783720306
2.96435705E7	598.6558196966673	0.0
3.00028865E7	817.3373204110457	0.0
3.03622025E7	938.8230042787092	39193.783720306
3.07215185E7	580.3806446998236	0.0
3.10808345E7	563.4353128440235	0.0
3.14401505E7	416.26047395304965	39193.783720306
3.17994665E7	443.5774393634769	0.0
3.21587825E7	637.4434684128759	0.0
3.25180985E7	393.56472603178537	39193.783720306
3.28774145E7	561.6509976169338	0.0
3.32367305E7	432.15750496872624	0.0
3.35960465E7	768.1501415636476	39193.783720306
3.39553625E7	1342.2428508180556	0.0
3.43146785E7	509.56759833059317	0.0
3.46739945E7	720.4923897320754	39193.783720306
3.50333105E7	1115.6615291404032	0.0
3.53926265E7	451.0132071434394	0.0
3.57519425E7	1086.4869457230163	39193.783720306
3.61112585E7	579.4490560343202	0.0
3.64705745E7	507.47341243051466	0.0
3.68298905E7	517.0768782368899	39193.783720306
3.71892065E7	605.1097682330427	0.0
3.75485225E7	1030.1325325977075	0.0
3.79078385E7	497.4617459691129	39193.783720306
3.82671545E7	391.228266875956	0.0
3.86264705E7	682.7017561894971	0.0
3.89857865E7	430.80260467118717	39193.783720306
3.93451025E7	773.9464263612389	0.0
3.97044185E7	618.1933574113316	0.0
4.00637345E7	473.48500417680066	39193.783720306
4.04230505E7	449.5521075535998	0.0
4.07823665E7	929.6479417950809	0.0
4.11416825E7	422.35316759039904	39193.783720306
4.15009985E7	496.9907134260024	0.0
4.18603145E7	655.1030692784317	0.0
4.22196305E7	714.1305310669007	39193.783720306
4.25789465E7	831.0363015629405	0.0
4.29382625E7	782.4125982360869	0.0
4.32975785E7	452.92558557018293	39193.783720306
4.36568945E7	399.1240783652833	0.0
4.40162105E7	813.249119422558	0.0
4.43755265E7	465.60439723564633	39193.783720306
4.47348425E7	813.3526940589766	0.0
4.50941585E7	872.3244178059292	0.0
4.54534745E7	637.1067676584265	39193.783720306
4.58127905E7	740.3037127644266	0.0
4.61721065E7	664.5503657649692	0.0
4.65314225E7	709.5390364164006	39193.783720306
4.68907385E7	599.1607664126325	0.0
4.72500545E7	512.2664201091262	0.0
4.76093705E7	579.4337889145314	39193.783720306
4.79686865E7	613.1597608513399	0.0
4.83280025E7	436.59680735177284	0.0
4.86541545E7	1174.8830616373157	39193.783720306
4.88338125E7	5582.939189189189	0.0
4.90466345E7	467.4227041714336	0.0
4.94059505E7	782.716978074511	39193.783720306
4.97652665E7	611.9105908816845	0.0
5.01245825E7	509.1647934529498	0.0
5.04838985E7	497.21247274791335	39193.783720306
5.08432145E7	558.2753417721519	0.0
5.12025305E7	911.1229306411907	0.0
5.15618465E7	463.9879809159529	39193.783720306
5.19211625E7	510.97968677738646	0.0
5.22804785E7	1061.648063179882	0.0
5.26397945E7	601.1894635679255	39193.783720306
5.29991105E7	796.7999289688647	0.0
5.33584265E7	821.0196788581624	0.0
5.37177425E7	409.8488577336225	39193.783720306
5.40770585E7	1015.1057312096044	0.0
5.44363745E7	639.277931275134	0.0
5.47956905E7	447.4615351555785	39193.783720306
5.51550065E7	526.7359746146872	0.0
5.55143225E7	571.4797810468697	0.0
5.58736385E7	556.9726525735417	39193.783720306
5.62329545E7	471.0873786407767	0.0
5.65922705E7	808.328894023737	0.0
5.69515865E7	547.3376433217071	39193.783720306
5.73109025E7	519.9843041442242	0.0
5.76702185E7	439.6253964850207	0.0
5.80295345E7	672.4864260269115	39193.783720306
5.83888505E7	626.6750445338083	0.0
5.87481665E7	521.462820915061	0.0
5.91074825E7	747.0496596332907	39193.783720306
5.94667985E7	328.9046609199986	0.0
5.98261145E7	490.4621107835698	0.0
6.01854305E7	1126.763559798956	39193.783720306
6.05447465E7	538.4772313296903	0.0
6.09040625E7	586.4843674805728	0.0
6.12633785E7	681.488642988008	39193.783720306
6.16226945E7	593.2346717581361	0.0
6.19820105E7	712.4241272868012	0.0
6.23413265E7	707.06099449415	39193.783720306
6.27006425E7	486.7957931834404	0.0
6.30599585E7	1512.6787019314424	0.0
6.34192745E7	613.285752195615	39193.783720306
6.37785905E7	668.7323746182758	0.0
6.41379065E7	446.3393869139619	0.0
6.44972225E7	504.5319616607153	39193.783720306
6.48565385E7	601.9695624697966	0.0
6.52158545E7	571.9797438587875	0.0
6.55751705E7	747.0967805605509	39193.783720306
6.59344865E7	865.8923650710477	0.0
6.62938025E7	615.2609727439976	0.0
6.66531185E7	509.0523362596256	39193.783720306
6.70124345E7	577.9253930648288	0.0
6.73717505E7	428.70764404273257	0.0
6.77310665E7	494.65056410788026	39193.783720306
6.80903825E7	757.6177571985223	0.0
6.84496985E7	453.9422162928375	0.0
6.88090145E7	671.7395121077304	39193.783720306
6.91683305E7	584.926583618984	0.0
6.95276465E7	525.1763577922168	0.0
6.98869625E7	567.5763737553224	39193.783720306
7.02462785E7	512.146370490067	0.0
7.06055945E7	672.8575360493015	0.0
7.09649105E7	385.01525671478163	39193.783720306
7.13242265E7	795.7224469160768	0.0
7.16835425E7	609.2888376200862	0.0
7.20428585E7	723.0545209485888	39193.783720306
7.24021745E7	8581.843810144199	0.0
7.27614905E7	1621.6563378062551	0.0
7.31208065E7	1475.0576213454442	39193.783720306
7.34801225E7	2155.8769454708317	0.0
7.38394385E7	1008.6054257203335	0.0
7.41987545E7	3415.775716694772	39193.783720306
7.45580705E7	19376.433493240296	0.0
7.49173865E7	5651.536688150719	0.0
7.52767025E7	5836.251253481894	39193.783720306
7.56360185E7	9498.550375939849	0.0
7.59953345E7	1892.2154708536418	0.0
7.63546505E7	26769.632648648647	39193.783720306
7.67139665E7	1455.9023959253677	0.0
7.690225E7	266.11764705882354	0.0
7.7081908E7	3459.6326825741144	39193.783720306
7.74325985E7	7770.154855643044	0.0
7.77919145E7	1585.5438391073765	0.0
7.81512305E7	9106.86161449753	39193.783720306
7.85105465E7	1970.4190871369294	0.0
7.88698625E7	2826.1346303501946	0.0
7.92291785E7	1369.403312788906	39193.783720306
7.95884945E7	2078.6753372908797	0.0
7.99478105E7	984.1211681855841	0.0
8.03071265E7	11879.627587260367	39193.783720306
8.06664425E7	2540.703798107835	0.0
8.10257585E7	629.5905826647376	0.0
8.13850745E7	430.03400851651514	39193.783720306
8.17443905E7	668.1892388796127	0.0
8.21037065E7	1026.2049577383475	0.0
8.24630225E7	551.4446187037348	39193.783720306
8.28223385E7	640.0176889548874	0.0
8.31816545E7	712.9173568808405	0.0
8.35409705E7	404.6004125569044	39193.783720306
8.39002865E7	718.2336858633907	0.0
8.42596025E7	414.4748329848539	0.0
8.46189185E7	469.1529594875034	39193.783720306
8.49782345E7	581.9698611859961	0.0
8.53375505E7	411.00236742424244	0.0
8.56968665E7	564.790896496505	39193.783720306
8.60561825E7	635.1305822100909	0.0
8.64154985E7	522.6020909935005	0.0
8.67748145E7	480.52685595429745	39193.783720306
8.71341305E7	605.3342088998764	0.0
8.74934465E7	392.7667965333545	0.0
8.78527625E7	485.5042249371258	39193.783720306
8.82120785E7	768.0795044618487	0.0
8.85713945E7	2030.1105282430788	0.0
8.89307105E7	1741.505471295812	39193.783720306
8.92900265E7	428.3505572118681	0.0
8.96493425E7	569.9701251999471	0.0
9.00086585E7	847.7672606373044	39193.783720306
9.03679745E7	663.7211661838433	0.0
9.07272905E7	656.0965318563084	0.0
9.10866065E7	420.34226361266417	39193.783720306
9.14459225E7	531.6589331340693	0.0
9.18052385E7	674.9319242764348	0.0
9.21645545E7	571.3487408977605	39193.783720306
9.25238705E7	400.24950642457196	0.0
9.28831865E7	405.7017066306038	0.0
9.32425025E7	692.2764313394587	39193.783720306
9.36018185E7	715.3192436909134	0.0
9.39611345E7	595.6291889018381	0.0
9.43204505E7	510.8439917695473	39193.783720306
9.46797665E7	563.5322830061673	0.0
9.50390825E7	1162.032692394475	0.0
9.53983985E7	1036.1522271919612	39193.783720306
9.57577145E7	510.6713267685929	0.0
9.61170305E7	675.7954969011398	0.0
9.64763465E7	787.0459787760741	39193.783720306
9.68356625E7	582.8423200657106	0.0
9.71949785E7	876.0897164850653	0.0
9.75542945E7	667.2905540432093	39193.783720306
9.79136105E7	796.6393422401032	0.0
9.82729265E7	759.3378657575993	0.0
9.86322425E7	1041.6604764313413	39193.783720306
9.89915585E7	815.7021758393226	0.0
9.93508745E7	497.21232876712327	0.0
9.97101905E7	730.9913404001941	39193.783720306
1.000695065E8	632.3125979736188	0.0
1.004288225E8	435.12495582152854	0.0
1.007881385E8	484.5971642954272	39193.783720306
1.011474545E8	538.0625734989936	0.0
1.015067705E8	583.4576007607199	0.0
1.018660865E8	400.15338959873714	39193.783720306
1.022254025E8	668.1374579031124	0.0
1.025847185E8	560.1756144826086	0.0
1.029440345E8	468.7686428590651	39193.783720306
1.033033505E8	1212.969609079445	0.0
1.036626665E8	897.7315241627098	0.0
1.040219825E8	500.85623182576194	39193.783720306
1.043812985E8	616.0271792724276	0.0
1.047406145E8	442.68751950078	0.0
1.050999305E8	569.9698974695692	39193.783720306
1.054592465E8	708.8054036343474	0.0
1.058185625E8	738.7600269685471	0.0
1.061778785E8	430.07739970411626	39193.783720306
1.065371945E8	487.44578882532613	0.0
1.068965105E8	641.5938018339647	0.0
1.072558265E8	728.0306530707559	39193.783720306
1.076151425E8	821.4239793246736	0.0
1.079744585E8	679.4788230540352	0.0
1.083337745E8	667.1766821432908	39193.783720306
1.086930905E8	867.2986240308848	0.0
1.089314775E8	510.3400430093925	0.0
1.091111355E8	475.8480191224941	39193.783720306
1.094117225E8	867.0243633378371	0.0
1.097710385E8	667.9387549093624	0.0
1.101303545E8	678.923640694154	39193.783720306
1.10324175E8	454.40526829268293	0.0
1.10503833E8	1143.2908768193113	0.0
1.108489865E8	439.5007229832572	39193.783720306
1.112083025E8	605.8172902818117	0.0
1.115676185E8	725.3528283456176	0.0
1.119269345E8	445.36425493167684	39193.783720306
1.122862505E8	570.6879175323637	0.0
1.126455665E8	539.880157636803	0.0
1.130048825E8	1151.8730160554412	39193.783720306
1.133641985E8	857.5443752432853	0.0
1.137235145E8	738.8653873523411	0.0
1.140828305E8	963.6266910589103	39193.783720306
1.144421465E8	1052.3183365070624	0.0
1.148014625E8	844.995979053675	0.0
1.151607785E8	1117.609820408654	39193.783720306
1.155200945E8	560.3228788558533	0.0
1.158794105E8	525.8473892933407	0.0
1.162387265E8	552.38489416416	39193.783720306
1.165980425E8	611.8303599986945	0.0
1.169573585E8	649.1774463728161	0.0
1.173166745E8	563.2486598563771	39193.783720306
1.176759905E8	591.3956192255787	0.0
1.180353065E8	506.83484327309725	0.0
1.183946225E8	572.4336799006445	39193.783720306
1.187539385E8	712.962063428342	0.0
1.191132545E8	1462.7057028836252	0.0
1.194725705E8	713.369646824901	39193.783720306
1.198318865E8	456.51530062946256	0.0
1.201912025E8	499.0919726471315	0.0
1.205505185E8	1440.4382512794066	39193.783720306
1.209098345E8	666.0757509630164	0.0
1.212691505E8	820.0465679853288	0.0
1.216284665E8	534.9466720295142	39193.783720306
1.219877825E8	613.9443902510579	0.0
1.223470985E8	397.1755751525475	0.0
1.227064145E8	808.0906911705953	39193.783720306
1.230657305E8	991.1300595087578	0.0
1.234250465E8	504.62489286875314	0.0
1.237843625E8	724.6895865870142	39193.783720306
1.241436785E8	822.1060388573277	0.0
1.245029945E8	779.7006543905037	0.0
1.248623105E8	1148.32607446564	39193.783720306
1.252216265E8	1598.5834883127302	0.0
1.255809425E8	449.15752813948353	0.0
1.259402585E8	418.7173223285519	39193.783720306
1.262995745E8	571.8733411167404	0.0
1.266588905E8	638.7066928120722	0.0
1.270182065E8	520.9893278185218	39193.783720306
1.273775225E8	1041.264889336016	0.0
1.277368385E8	701.0539177742884	0.0
1.280961545E8	594.1712500534942	39193.783720306
1.284554705E8	839.8643530559168	0.0
1.288147865E8	446.5178224193165	0.0
1.291741025E8	968.6688402190144	39193.783720306
1.295334185E8	730.3127971506668	0.0
1.298927345E8	419.12080920269733	0.0
1.302520505E8	633.1880372668774	39193.783720306
1.306113665E8	620.085629082647	0.0
1.309706825E8	578.6895346990631	0.0
1.313299985E8	879.6488432544841	39193.783720306
1.316893145E8	948.1071565670414	0.0
1.320486305E8	662.2659725332139	0.0
1.324079465E8	2155.660015349194	39193.783720306
1.327672625E8	565.3650437399576	0.0
1.331265785E8	817.3331670822943	0.0
1.334858945E8	1156.4989655026814	39193.783720306
1.337730805E8	1507.1250767269464	0.0
1.339527385E8	1070.9562962962964	0.0
1.342045265E8	18887.78764186633	39193.783720306
1.345638425E8	39193.783720306	0.0
1.349231585E8	14680.321670065472	0.0
1.352824745E8	2123.363666264664	39193.783720306
1.356417905E8	1553.4968316707448	0.0
1.360011065E8	7412.9074026965145	0.0
1.363604225E8	6185.28632417817	39193.783720306
1.367197385E8	7048.2778375207745	0.0
1.370790545E8	1904.2858137244916	0.0
1.374033365E8	539.7932172869148	39193.783720306
1.375577225E8	267.40478978518723	0.0
1.375927565E8	2162.082486551106	0.0
1.376371405E8	2694.9332870048643	39193.783720306
1.37699935E8	899.6622516556291	0.0
1.37786751E8	273.8524590163934	0.0
1.37868371E8	1227.1922953947708	39193.783720306
1.37942101E8	341.58358662613983	0.0
1.37980213E8	343.3312101910828	0.0
1.38019627E8	354.39240506329116	39193.783720306
1.38089538E8	779.2433460076046	0.0
1.38156123E8	1233.2967489047728	0.0
1.382206275E8	557.5567010309278	39193.783720306
1.38280805E8	377.33474576271186	0.0
1.38323179E8	221.66666666666666	0.0
1.383484915E8	188.0	39193.783720306
1.38384028E8	1400.0185185185185	0.0
1.384312265E8	2065.127659574468	0.0
1.384772795E8	746.3130081300814	39193.783720306
1.38522045E8	600.28418230563	0.0
1.385663025E8	354.7682170542636	0.0
1.38610046E8	2228.3823529411766	39193.783720306
1.38651258E8	842.4358974358975	0.0
1.386833775E8	645.2941176470588	0.0
1.387019305E8	351.89473684210526	39193.783720306
1.38726341E8	0.0	0.0
1.387630385E8	349.52027027027026	0.0
1.3879854E8	665.7564447069245	39193.783720306
1.3883298E8	845.8571428571429	0.0
1.388668195E8	1178.0	0.0
1.389001375E8	1362.3652694610778	39193.783720306
1.389325255E8	319.2776811594203	0.0
1.38963047E8	273.26666666666665	0.0
1.38991991E8	273.5744680851064	39193.783720306
1.390198715E8	250.3	0.0
1.39044446E8	290.26984126984127	0.0
1.390581695E8	175.0	39193.783720306
1.39074104E8	265.64285714285717	0.0
1.391000815E8	274.14792899408286	0.0
1.39125904E8	1712.530303030303	39193.783720306
1.391516555E8	346.2328767123288	0.0
1.391772845E8	276.37632978723406	0.0
1.39202833E8	1889.6666666666667	39193.783720306
1.39227853E8	270.7857142857143	0.0
1.392522945E8	816.8524752475248	0.0
1.392761035E8	0.0	39193.783720306
1.392991635E8	3710.0	0.0
1.393219065E8	287.64285714285717	0.0
1.39344169E8	280.36902800658976	39193.783720306
1.393656665E8	0.0	0.0
1.39386585E8	468.5	0.0
1.394057875E8	0.0	39193.783720306
1.394157655E8	0.0	0.0
1.39426072E8	249.04761904761904	0.0
1.394433E8	0.0	39193.783720306
1.394591395E8	307.625	0.0
1.39474609E8	0.0	0.0
1.394898515E8	0.0	39193.783720306
1.39504877E8	273.11570247933884	0.0
1.39519712E8	270.85714285714283	0.0
1.39534307E8	211.0	39193.783720306
1.39548658E8	286.3636363636364	0.0
1.395628065E8	360.4128787878788	0.0
1.395768695E8	300.0	39193.783720306
1.395908865E8	0.0	0.0
1.396048595E8	310.6875	0.0
1.39618797E8	190.0	39193.783720306
1.396327175E8	331.3636363636364	0.0
1.39646447E8	0.0	0.0
1.39659998E8	282.1791907514451	39193.783720306
1.39673523E8	0.0	0.0
1.39687001E8	265.06666666666666	0.0
1.39700456E8	279.75	39193.783720306
1.397138915E8	0.0	0.0
1.397272965E8	0.0	0.0
1.39740652E8	286.8	39193.783720306
1.397539385E8	0.0	0.0
1.397671835E8	300.5263157894737	0.0
1.397738625E8	271.0	39193.783720306
1.39780441E8	268.741935483871	0.0
1.397935115E8	308.0	0.0
1.39806605E8	287.0	39193.783720306
1.398195725E8	269.7470588235294	0.0
1.398324245E8	0.0	0.0
1.39845262E8	291.46153846153845	39193.783720306
1.398580325E8	203.25	0.0
1.3987073E8	271.5	0.0
1.398833975E8	0.0	39193.783720306
1.398960405E8	412.9901960784314	0.0
1.399086725E8	0.0	0.0
1.399212565E8	255.20833333333334	39193.783720306
1.39933781E8	365.8590775988287	0.0
1.39946267E8	285.0	0.0
1.399587085E8	261.55555555555554	39193.783720306
1.399711325E8	0.0	0.0
1.39983544E8	236.66666666666666	0.0
1.399959275E8	269.26666666666665	39193.783720306
1.400082885E8	249.85714285714286	0.0
1.40020559E8	0.0	0.0
1.400327265E8	264.5	39193.783720306
1.400448715E8	0.0	0.0
1.4005699E8	0.0	0.0
1.400690545E8	0.0	39193.783720306
1.40081085E8	260.25	0.0
1.400930995E8	379.1111111111111	0.0
1.40105101E8	0.0	39193.783720306
1.40117094E8	278.1904761904762	0.0
1.401281635E8	0.0	0.0
1.40134155E8	0.0	39193.783720306
1.401410485E8	261.421875	0.0
1.40153003E8	283.55555555555554	0.0
1.40164882E8	0.0	39193.783720306
1.40176667E8	1404.375	0.0
1.4018842E8	367.960788973384	0.0
1.40200076E8	257.6818181818182	39193.783720306
1.402116215E8	0.0	0.0
1.402231315E8	203.0	0.0
1.402345955E8	0.0	39193.783720306
1.402459205E8	219.5	0.0
1.402571045E8	0.0	0.0
1.402682415E8	0.0	39193.783720306
1.4027885E8	287.4736842105263	0.0
1.40288828E8	319.3333333333333	0.0
1.402984445E8	0.0	39193.783720306
1.40307799E8	1770.0	0.0
1.403166425E8	264.5	0.0
1.40324819E8	0.0	39193.783720306
1.403326835E8	202.5	0.0
1.403402015E8	0.0	0.0
1.4034742E8	144.0	39193.783720306
1.40354483E8	263.0	0.0
1.403614525E8	266.3753213367609	0.0
1.403683705E8	272.3223140495868	39193.783720306
1.403752505E8	268.61538461538464	0.0
1.403821105E8	331.0	0.0
1.40388953E8	289.3333333333333	39193.783720306
1.403957145E8	0.0	0.0
1.404023365E8	265.42857142857144	0.0
1.404088075E8	2088.25	39193.783720306
1.404151525E8	248.5	0.0
1.40421418E8	289.8636363636364	0.0
1.40427633E8	291.7077922077922	39193.783720306
1.404337675E8	237.66666666666666	0.0
1.404398365E8	0.0	0.0
1.40445888E8	241.6315789473684	39193.783720306
1.404519085E8	0.0	0.0
1.404579005E8	251.15384615384616	0.0
1.404638765E8	251.96428571428572	39193.783720306
1.404698365E8	336.26666666666665	0.0
1.4047577E8	260.14285714285717	0.0
1.40481673E8	255.9824120603015	39193.783720306
1.404875345E8	254.0	0.0
1.404915035E8	0.0	0.0
1.404943895E8	242.0	39193.783720306
1.404990715E8	202.5	0.0
1.405047025E8	358.3244595030655	0.0
1.40510262E8	0.0	39193.783720306
1.405157995E8	271.6969696969697	0.0
1.40521292E8	255.0	0.0
1.40526756E8	332.8804347826087	39193.783720306
1.40532181E8	0.0	0.0
1.40537566E8	267.2325581395349	0.0
1.405429375E8	310.25	39193.783720306
1.405482795E8	285.42857142857144	0.0
1.40553603E8	0.0	0.0
1.405589225E8	254.66666666666666	39193.783720306
1.40564221E8	0.0	0.0
1.405694775E8	286.0	0.0
1.40574688E8	271.0	39193.783720306
1.405798735E8	257.6363636363636	0.0
1.405850135E8	236.0	0.0
1.40590093E8	0.0	39193.783720306
1.405951535E8	0.0	0.0
1.40600212E8	0.0	0.0
1.406052535E8	0.0	39193.783720306
1.406102665E8	251.83333333333334	0.0
1.406152645E8	0.0	0.0
1.406202595E8	267.6666666666667	39193.783720306
1.406252495E8	150.0	0.0
1.40630226E8	0.0	0.0
1.40635179E8	0.0	39193.783720306
1.40640115E8	0.0	0.0
1.4064504E8	0.0	0.0
1.4064995E8	277.41767441860463	39193.783720306
1.406548455E8	0.0	0.0
1.40659729E8	227.17391304347825	0.0
1.40664601E8	267.0	39193.783720306
1.406694435E8	183.5	0.0
1.40674261E8	0.0	0.0
1.40679061E8	282.1363636363636	39193.783720306
1.40683806E8	0.0	0.0
1.40688509E8	0.0	0.0
1.406931635E8	0.0	39193.783720306
1.40697758E8	0.0	0.0
1.40702335E8	273.0	0.0
1.40706898E8	198.0	39193.783720306
1.40711432E8	0.0	0.0
1.40715925E8	334.45	0.0
1.40720393E8	260.6	39193.783720306
1.407248515E8	0.0	0.0
1.407292955E8	260.0	0.0
1.407337135E8	0.0	39193.783720306
1.40738111E8	0.0	0.0
1.40742499E8	0.0	0.0
1.407468785E8	0.0	39193.783720306
1.40751256E8	233.0	0.0
1.407556295E8	0.0	0.0
1.40759995E8	299.5	39193.783720306
1.407643435E8	344.0	0.0
1.407686665E8	263.36842105263156	0.0
1.407729765E8	256.5744680851064	39193.783720306
1.40777284E8	0.0	0.0
1.40781584E8	280.6568245125348	0.0
1.40785876E8	302.7554945054945	39193.783720306
1.40790157E8	0.0	0.0
1.407944295E8	0.0	0.0
1.407986935E8	167.0	39193.783720306
1.40802937E8	0.0	0.0
1.40807165E8	291.4	0.0
1.408113885E8	0.0	39193.783720306
1.408156105E8	254.0	0.0
1.408198225E8	391.01724137931035	0.0
1.40824022E8	289.0	39193.783720306
1.408282145E8	308.3888888888889	0.0
1.408324E8	0.0	0.0
1.408365825E8	0.0	39193.783720306
1.40840755E8	0.0	0.0
1.408449115E8	696.5	0.0
1.40849054E8	0.0	39193.783720306
1.40851497E8	0.0	0.0
1.408535395E8	0.0	0.0
1.40857247E8	0.0	39193.783720306
1.408613235E8	0.0	0.0
1.40865389E8	317.0879120879121	0.0
1.408694335E8	0.0	39193.783720306
1.40873455E8	0.0	0.0
1.408774675E8	352.0	0.0
1.408814765E8	269.25	39193.783720306
1.40885475E8	245.8	0.0
1.408894625E8	305.0	0.0
1.408934395E8	258.4	39193.783720306
1.408974065E8	229.85714285714286	0.0
1.409013685E8	407.8235294117647	0.0
1.409053235E8	295.5511363636364	39193.783720306
1.40909269E8	0.0	0.0
1.409132055E8	0.0	0.0
1.409171345E8	0.0	39193.783720306
1.409210595E8	247.0	0.0
1.40924982E8	0.0	0.0
1.40928899E8	0.0	39193.783720306
1.40932812E8	0.0	0.0
1.409367215E8	246.91666666666666	0.0
1.4094061E8	0.0	39193.783720306
1.409444775E8	256.94117647058823	0.0
1.409483385E8	285.07703927492446	0.0
1.409521765E8	0.0	39193.783720306
1.40955989E8	321.3469387755102	0.0
1.409597955E8	0.0	0.0
1.409636015E8	0.0	39193.783720306
1.40967392E8	0.0	0.0
1.40971157E8	171.0	0.0
1.40974907E8	286.3333333333333	39193.783720306
1.40978648E8	0.0	0.0
1.409823815E8	380.57142857142856	0.0
1.40986105E8	214.8	39193.783720306
1.409898215E8	258.0	0.0
1.40993536E8	0.0	0.0
1.409972465E8	0.0	39193.783720306
1.41000941E8	238.66666666666666	0.0
1.410046115E8	231.14285714285714	0.0
1.410082665E8	344.75	39193.783720306
1.41011916E8	0.0	0.0
1.410155645E8	0.0	0.0
1.410192115E8	0.0	39193.783720306
1.410228535E8	271.36842105263156	0.0
1.410264835E8	202.0	0.0
1.410301055E8	0.0	39193.783720306
1.41033718E8	332.8333333333333	0.0
1.41037321E8	303.0	0.0
1.410409235E8	239.0	39193.783720306
1.41044521E8	0.0	0.0
1.410481085E8	0.0	0.0
1.410516865E8	0.0	39193.783720306
1.41055252E8	247.0	0.0
1.410588075E8	275.2197802197802	0.0
1.41062361E8	214.0	39193.783720306
1.41065914E8	0.0	0.0
1.41069467E8	259.62295081967216	0.0
1.41073012E8	300.2083333333333	39193.783720306
1.41076544E8	0.0	0.0
1.41080071E8	220.0	0.0
1.41083596E8	0.0	39193.783720306
1.41087117E8	0.0	0.0
1.41090628E8	0.0	0.0
1.410941305E8	289.8107638888889	39193.783720306
1.41097631E8	279.3061224489796	0.0
1.411011295E8	291.0	0.0
1.411046235E8	327.6666666666667	39193.783720306
1.411081075E8	0.0	0.0
1.41111585E8	0.0	0.0
1.4111506E8	0.0	39193.783720306
1.411185295E8	274.4047619047619	0.0
1.41121994E8	0.0	0.0
1.411254545E8	315.453125	39193.783720306
1.411289005E8	246.0	0.0
1.411323185E8	0.0	0.0
1.411357175E8	0.0	39193.783720306
1.4113911E8	228.0	0.0
1.411424975E8	0.0	0.0
1.41145878E8	323.75	39193.783720306
1.411492525E8	295.65945945945947	0.0
1.41152626E8	516.7272727272727	0.0
1.41155995E8	0.0	39193.783720306
1.411593515E8	203.0	0.0
1.41162699E8	389.0	0.0
1.41166043E8	0.0	39193.783720306
1.4116937E8	0.0	0.0
1.411726805E8	258.3333333333333	0.0
1.411759855E8	0.0	39193.783720306
1.41179286E8	0.0	0.0
1.411825805E8	0.0	0.0
1.411858675E8	253.78947368421052	39193.783720306
1.41189148E8	302.0	0.0
1.41192424E8	242.85714285714286	0.0
1.411956955E8	255.5	39193.783720306
1.411989605E8	260.5	0.0
1.41202221E8	228.66666666666666	0.0
1.4120548E8	319.8725920274652	39193.783720306
1.412087365E8	0.0	0.0
1.41210776E8	0.0	0.0
1.41212402E8	0.0	39193.783720306
1.412152325E8	0.0	0.0
1.41218463E8	0.0	0.0
1.41221688E8	0.0	39193.783720306
1.412249085E8	265.1917808219178	0.0
1.41228124E8	334.44444444444446	0.0
1.41231335E8	0.0	39193.783720306
1.412345425E8	155.0	0.0
1.41237746E8	0.0	0.0
1.41240947E8	272.6666666666667	39193.783720306
1.41244146E8	0.0	0.0
1.412473425E8	264.8333333333333	0.0
1.41250538E8	265.2140575079872	39193.783720306
1.412537305E8	264.85535055350556	0.0
1.412569125E8	0.0	0.0
1.41260086E8	0.0	39193.783720306
1.41263258E8	306.0	0.0
1.412664245E8	0.0	0.0
1.41269585E8	285.5	39193.783720306
1.41272743E8	0.0	0.0
1.412758995E8	0.0	0.0
1.412790545E8	264.6666666666667	39193.783720306
1.412822035E8	765.0	0.0
1.4128534E8	299.91053677932405	0.0
1.41288466E8	0.0	39193.783720306
1.41291589E8	0.0	0.0
1.412947105E8	0.0	0.0
1.412978215E8	283.3125	39193.783720306
1.413009225E8	0.0	0.0
1.413040225E8	225.0	0.0
1.41307117E8	0.0	39193.783720306
1.41310204E8	318.2608695652174	0.0
1.413132865E8	0.0	0.0
1.413163665E8	0.0	39193.783720306
1.41319445E8	259.7046979865772	0.0
1.413225215E8	176.56483516483516	0.0
1.41325596E8	0.0	39193.783720306
1.41328669E8	202.83333333333334	0.0
1.41331738E8	0.0	0.0
1.413348E8	0.0	39193.783720306
1.413378585E8	263.90526315789475	0.0
1.413409105E8	292.3333333333333	0.0
1.413439555E8	0.0	39193.783720306
1.41346999E8	0.0	0.0
1.41350033E8	0.0	0.0
1.413530575E8	0.0	39193.783720306
1.41356076E8	443.0	0.0
1.413590875E8	0.0	0.0
1.41362097E8	0.0	39193.783720306
1.413651025E8	0.0	0.0
1.41368103E8	0.0	0.0
1.41371102E8	239.07692307692307	39193.783720306
1.413740995E8	298.8	0.0
1.41377093E8	282.7142857142857	0.0
1.413800805E8	268.47058823529414	39193.783720306
1.413830635E8	346.75	0.0
1.413860455E8	282.96153846153845	0.0
1.41389022E8	288.8333333333333	39193.783720306
1.413919895E8	0.0	0.0
1.4139495E8	0.0	0.0
1.413979065E8	0.0	39193.783720306
1.41400857E8	0.0	0.0
1.41403801E8	0.0	0.0
1.41406741E8	260.75	39193.783720306
1.41409678E8	0.0	0.0
1.414126105E8	0.0	0.0
1.41415538E8	273.242774566474	39193.783720306
1.414184645E8	244.0	0.0
1.414213895E8	0.0	0.0
1.414243125E8	298.9482401656315	39193.783720306
1.414272345E8	296.3541666666667	0.0
1.41430155E8	277.0	0.0
1.414330725E8	196.09677419354838	39193.783720306
1.414359875E8	304.96	0.0
1.414389E8	239.85185185185185	0.0
1.414418105E8	345.0	39193.783720306
1.41444718E8	297.60227272727275	0.0
1.414476225E8	249.5314465408805	0.0
1.41450526E8	0.0	39193.783720306
1.41453427E8	310.0522629310345	0.0
1.41456323E8	202.0	0.0
1.41459214E8	244.0	39193.783720306
1.414621005E8	297.7692307692308	0.0
1.414649835E8	312.62412451361865	0.0
1.414678655E8	227.33333333333334	39193.783720306
1.414707475E8	207.0	0.0
1.41473629E8	306.6	0.0
1.41476508E8	0.0	39193.783720306
1.414793845E8	269.8181818181818	0.0
1.41482258E8	0.0	0.0
1.414851235E8	0.0	39193.783720306
1.414879835E8	344.5	0.0
1.414908425E8	0.0	0.0
1.41493699E8	277.5416666666667	39193.783720306
1.41496551E8	298.789398790466	0.0
1.414993995E8	57.0	0.0
1.415022465E8	0.0	39193.783720306
1.415050915E8	0.0	0.0
1.41507934E8	0.0	0.0
1.415107725E8	148.0	39193.783720306
1.415136075E8	0.0	0.0
1.41516441E8	0.0	0.0
1.415192725E8	0.0	39193.783720306
1.41522102E8	0.0	0.0
1.415249305E8	502.57142857142856	0.0
1.41527757E8	244.375	39193.783720306
1.41530581E8	0.0	0.0
1.415334035E8	0.0	0.0
1.415362255E8	0.0	39193.783720306
1.415390465E8	191.0	0.0
1.41541866E8	0.0	0.0
1.41544683E8	294.41818181818184	39193.783720306
1.415474975E8	0.0	0.0
1.4155031E8	279.0	0.0
1.415531175E8	0.0	39193.783720306
1.41555919E8	285.25	0.0
1.415587165E8	0.0	0.0
1.41561512E8	0.0	39193.783720306
1.41564307E8	310.0	0.0
1.415671015E8	0.0	0.0
1.415695015E8	267.3333333333333	39193.783720306
1.41570898E8	253.4	0.0
1.41572688E8	1488.0	0.0
1.4157548E8	0.0	39193.783720306
1.415782705E8	393.95238095238096	0.0
1.415810595E8	0.0	0.0
1.41583847E8	266.77777777777777	39193.783720306
1.415866325E8	0.0	0.0
1.41589416E8	309.95994993742175	0.0
1.41592198E8	0.0	39193.783720306
1.41594971E8	429.75	0.0
1.415977345E8	259.4	0.0
1.41600491E8	0.0	39193.783720306
1.416032415E8	0.0	0.0
1.41605989E8	253.0	0.0
1.416087335E8	0.0	39193.783720306
1.416114735E8	0.0	0.0
1.41614208E8	0.0	0.0
1.416169385E8	272.7101669195751	39193.783720306
1.41619657E8	311.0509059534081	0.0
1.416223655E8	274.0	0.0
1.41625071E8	250.66666666666666	39193.783720306
1.416277715E8	0.0	0.0
1.41630469E8	0.0	0.0
1.416331645E8	314.7896365042537	39193.783720306
1.41635856E8	0.0	0.0
1.416385445E8	184.85714285714286	0.0
1.416412325E8	0.0	39193.783720306
1.416439195E8	267.0	0.0
1.41646598E8	409.57894736842104	0.0
1.416492685E8	0.0	39193.783720306
1.41651938E8	268.26666666666665	0.0
1.416546065E8	0.0	0.0
1.41657273E8	281.55132343447383	39193.783720306
1.416599375E8	0.0	0.0
1.41662593E8	266.1860465116279	0.0
1.416652385E8	0.0	39193.783720306
1.416678815E8	297.22886133032694	0.0
1.41670523E8	321.4	0.0
1.41673163E8	0.0	39193.783720306
1.41675801E8	0.0	0.0
1.416784375E8	295.0615384615385	0.0
1.41681073E8	0.0	39193.783720306
1.41683705E8	0.0	0.0
1.416863335E8	194.0	0.0
1.416889605E8	0.0	39193.783720306
1.416915825E8	0.0	0.0
1.416942E8	0.0	0.0
1.416968145E8	0.0	39193.783720306
1.41699426E8	0.0	0.0
1.41702034E8	0.0	0.0
1.41704638E8	0.0	39193.783720306
1.41707241E8	299.57142857142856	0.0
1.41709838E8	0.0	0.0
1.417124275E8	372.2857142857143	39193.783720306
1.417150135E8	0.0	0.0
1.41717597E8	0.0	0.0
1.41720177E8	0.0	39193.783720306
1.41722754E8	0.0	0.0
1.417253305E8	128.0	0.0
1.41727906E8	265.0	39193.783720306
1.41730481E8	0.0	0.0
1.41733056E8	288.5	0.0
1.417356305E8	269.4375	39193.783720306
1.417382025E8	0.0	0.0
1.4174077E8	0.0	0.0
1.41743333E8	0.0	39193.783720306
1.41745892E8	0.0	0.0
1.417484485E8	633.0	0.0
1.41751004E8	240.0483870967742	39193.783720306
1.41753556E8	0.0	0.0
1.41756104E8	395.6599274235355	0.0
1.41758648E8	231.4	39193.783720306
1.41761189E8	311.0	0.0
1.417637275E8	0.0	0.0
1.4176626E8	0.0	39193.783720306
1.41768789E8	0.0	0.0
1.417713145E8	0.0	0.0
1.41773836E8	290.4931506849315	39193.783720306
1.41776357E8	0.0	0.0
1.417788775E8	0.0	0.0
1.417813975E8	232.25	39193.783720306
1.41783916E8	272.4823529411765	0.0
1.417864325E8	0.0	0.0
1.41788946E8	259.1363636363636	39193.783720306
1.41791457E8	249.1713004484305	0.0
1.417939675E8	0.0	0.0
1.417964765E8	330.3333333333333	39193.783720306
1.41798983E8	0.0	0.0
1.418014855E8	0.0	0.0
1.41803981E8	277.1747572815534	39193.783720306
1.4180647E8	214.0	0.0
1.41808953E8	247.0	0.0
1.41811431E8	296.0413043478261	39193.783720306
1.418139075E8	292.84615384615387	0.0
1.41816383E8	265.0	0.0
1.41818857E8	0.0	39193.783720306
1.418213285E8	0.0	0.0
1.418237955E8	287.0	0.0
1.41826259E8	261.9166666666667	39193.783720306
1.418287215E8	343.2	0.0
1.41831178E8	283.7142857142857	0.0
1.41833627E8	302.0	39193.783720306
1.418360715E8	0.0	0.0
1.41838512E8	0.0	0.0
1.418409505E8	230.25	39193.783720306
1.418433885E8	0.0	0.0
1.418458265E8	267.906432748538	0.0
1.41848263E8	0.0	39193.783720306
1.418506975E8	0.0	0.0
1.418531305E8	0.0	0.0
1.41855562E8	0.0	39193.783720306
1.41857992E8	290.4166666666667	0.0
1.418604205E8	282.0769230769231	0.0
1.41862847E8	0.0	39193.783720306
1.41865272E8	0.0	0.0
1.41867695E8	202.0	0.0
1.41870116E8	266.5	39193.783720306
1.418725365E8	0.0	0.0
1.41874956E8	0.0	0.0
1.41877374E8	0.0	39193.783720306
1.41879789E8	0.0	0.0
1.418822015E8	0.0	0.0
1.418846075E8	0.0	39193.783720306
1.418870045E8	0.0	0.0
1.418893965E8	285.06944444444446	0.0
1.418917865E8	0.0	39193.783720306
1.41894176E8	0.0	0.0
1.41896563E8	0.0	0.0
1.41898948E8	0.0	39193.783720306
1.41901333E8	283.93650793650795	0.0
1.419037175E8	311.72471241570804	0.0
1.41906101E8	257.60493827160496	39193.783720306
1.41908484E8	274.41	0.0
1.419108665E8	0.0	0.0
1.41913248E8	0.0	39193.783720306
1.41915629E8	286.61203319502073	0.0
1.41918009E8	270.5882352941176	0.0
1.41920388E8	242.0	39193.783720306
1.419227665E8	0.0	0.0
1.41925143E8	0.0	0.0
1.419275165E8	212.0	39193.783720306
1.419292615E8	259.4	0.0
1.41930446E8	0.0	0.0
1.419322555E8	0.0	39193.783720306
1.419346225E8	0.0	0.0
1.41936987E8	0.0	0.0
1.41939347E8	0.0	39193.783720306
1.41941703E8	317.0	0.0
1.419440575E8	0.0	0.0
1.41946411E8	0.0	39193.783720306
1.419487635E8	0.0	0.0
1.419511115E8	319.0	0.0
1.419534545E8	188.0	39193.783720306
1.419557965E8	291.02985074626866	0.0
1.41958135E8	645.0	0.0
1.419604675E8	225.76	39193.783720306
1.419627965E8	0.0	0.0
1.419651245E8	295.32	0.0
1.419674515E8	285.4132047477745	39193.783720306
1.41969777E8	0.0	0.0
1.419721005E8	0.0	0.0
1.419744205E8	0.0	39193.783720306
1.41976738E8	230.0	0.0
1.419790505E8	314.5945945945946	0.0
1.41981358E8	0.0	39193.783720306
1.419836635E8	275.7096774193548	0.0
1.41985967E8	254.2093023255814	0.0
1.41988266E8	241.88888888888889	39193.783720306
1.4199056E8	0.0	0.0
1.41992852E8	230.33333333333334	0.0
1.41995142E8	0.0	39193.783720306
1.4199743E8	0.0	0.0
1.419997165E8	0.0	0.0
1.420020015E8	281.74285714285713	39193.783720306
1.42004285E8	0.0	0.0
1.420065675E8	258.0	0.0
1.42008845E8	0.0	39193.783720306
1.420111165E8	295.1	0.0
1.42013386E8	0.0	0.0
1.420156535E8	0.0	39193.783720306
1.42017916E8	0.0	0.0
1.42020175E8	0.0	0.0
1.42022431E8	0.0	39193.783720306
1.420246815E8	0.0	0.0
1.42026929E8	193.5	0.0
1.42029171E8	0.0	39193.783720306
1.420314065E8	0.0	0.0
1.420336395E8	239.0	0.0
1.420358715E8	282.7123745819398	39193.783720306
1.420381015E8	0.0	0.0
1.42040329E8	265.0	0.0
1.42042554E8	0.0	39193.783720306
1.42044776E8	0.0	0.0
1.420469965E8	0.0	0.0
1.42049215E8	0.0	39193.783720306
1.420514315E8	0.0	0.0
1.420536445E8	0.0	0.0
1.42055854E8	0.0	39193.783720306
1.42058062E8	335.0	0.0
1.420602685E8	274.16831683168317	0.0
1.42062474E8	0.0	39193.783720306
1.42064677E8	0.0	0.0
1.420668775E8	0.0	0.0
1.420690765E8	0.0	39193.783720306
1.420712745E8	0.0	0.0
1.420734715E8	0.0	0.0
1.420756655E8	0.0	39193.783720306
1.420778565E8	278.52126200274347	0.0
1.42080046E8	0.0	0.0
1.42082235E8	0.0	39193.783720306
1.42084423E8	0.0	0.0
1.42086609E8	394.5	0.0
1.4208879E8	0.0	39193.783720306
1.420909665E8	0.0	0.0
1.42093141E8	0.0	0.0
1.420953105E8	0.0	39193.783720306
1.42097474E8	0.0	0.0
1.42099635E8	0.0	0.0
1.42101794E8	301.8	39193.783720306
1.42103946E8	0.0	0.0
1.42106089E8	0.0	0.0
1.421082245E8	0.0	39193.783720306
1.42110355E8	0.0	0.0
1.421124825E8	0.0	0.0
1.421146075E8	0.0	39193.783720306
1.421167315E8	300.17857142857144	0.0
1.42118853E8	269.94117647058823	0.0
1.42120971E8	0.0	39193.783720306
1.421230865E8	0.0	0.0
1.421252E8	0.0	0.0
1.42127313E8	0.0	39193.783720306
1.42129426E8	0.0	0.0
1.421315385E8	0.0	0.0
1.42133649E8	0.0	39193.783720306
1.421357575E8	0.0	0.0
1.42137864E8	223.0	0.0
1.42139969E8	262.6	39193.783720306
1.42142073E8	0.0	0.0
1.421441755E8	199.0	0.0
1.421462745E8	0.0	39193.783720306
1.421483705E8	267.5	0.0
1.421504655E8	0.0	0.0
1.421525595E8	0.0	39193.783720306
1.421546525E8	211.0	0.0
1.421567435E8	239.57142857142858	0.0
1.42158833E8	0.0	39193.783720306
1.421609215E8	310.6666666666667	0.0
1.42163009E8	212.2	0.0
1.42165096E8	245.0	39193.783720306
1.421671825E8	0.0	0.0
1.421692675E8	0.0	0.0
1.4217135E8	254.33333333333334	39193.783720306
1.4217343E8	0.0	0.0
1.42175509E8	0.0	0.0
1.421775875E8	0.0	39193.783720306
1.421796645E8	245.4	0.0
1.421817365E8	0.0	0.0
1.421838025E8	266.9093851132686	39193.783720306
1.42185866E8	0.0	0.0
1.42187929E8	323.50107066381156	0.0
1.421899915E8	0.0	39193.783720306
1.421920525E8	0.0	0.0
1.421941125E8	0.0	0.0
1.421961725E8	274.8	39193.783720306
1.42198232E8	316.0	0.0
1.422002865E8	315.0	0.0
1.422023345E8	0.0	39193.783720306
1.422043795E8	0.0	0.0
1.42206423E8	0.0	0.0
1.42208462E8	1012.0	39193.783720306
1.42210496E8	0.0	0.0
1.42212529E8	0.0	0.0
1.422145605E8	0.0	39193.783720306
1.42216589E8	261.40579710144925	0.0
1.42218613E8	0.0	0.0
1.422206335E8	0.0	39193.783720306
1.42222652E8	0.0	0.0
1.422246675E8	0.0	0.0
1.422266795E8	0.0	39193.783720306
1.42228689E8	0.0	0.0
1.422306975E8	0.0	0.0
1.422327045E8	0.0	39193.783720306
1.422347105E8	0.0	0.0
1.42236716E8	212.25	0.0
1.42238721E8	241.0	39193.783720306
1.422407225E8	0.0	0.0
1.422427205E8	274.3333333333333	0.0
1.422447185E8	247.0	39193.783720306
1.42246715E8	0.0	0.0
1.42248709E8	0.0	0.0
1.422507005E8	0.0	39193.783720306
1.422526905E8	259.46031746031747	0.0
1.422546795E8	180.0	0.0
1.422566665E8	0.0	39193.783720306
1.422586525E8	0.0	0.0
1.422606355E8	0.0	0.0
1.422626145E8	0.0	39193.783720306
1.422645915E8	229.75	0.0
1.422665675E8	167.0	0.0
1.42268543E8	206.5	39193.783720306
1.422705175E8	268.2	0.0
1.422724895E8	0.0	0.0
1.422744575E8	332.6666666666667	39193.783720306
1.422764235E8	0.0	0.0
1.422783895E8	0.0	0.0
1.422803545E8	0.0	39193.783720306
1.42282318E8	263.6064945315143	0.0
1.422842805E8	0.0	0.0
1.422862425E8	255.83333333333334	39193.783720306
1.4228818E8	226.33333333333334	0.0
1.42289161E8	0.0	0.0
1.42290166E8	0.0	39193.783720306
1.42292127E8	0.0	0.0
1.42294088E8	0.0	0.0
1.422960465E8	0.0	39193.783720306
1.422980025E8	313.34090909090907	0.0
1.42299954E8	0.0	0.0
1.42301901E8	240.46153846153845	39193.783720306
1.42303848E8	366.0	0.0
1.423057945E8	0.0	0.0
1.4230774E8	0.0	39193.783720306
1.423096845E8	0.0	0.0
1.42311628E8	0.0	0.0
1.42313569E8	0.0	39193.783720306
1.423155065E8	235.0	0.0
1.423174425E8	0.0	0.0
1.42319378E8	0.0	39193.783720306
1.42321312E8	0.0	0.0
1.42323245E8	0.0	0.0
1.42325177E8	221.0	39193.783720306
1.42327107E8	292.24	0.0
1.423290355E8	0.0	0.0
1.423309635E8	326.375	39193.783720306
1.42332891E8	0.0	0.0
1.423348175E8	264.58620689655174	0.0
1.423367435E8	0.0	39193.783720306
1.423386685E8	0.0	0.0
1.423405905E8	0.0	0.0
1.42342509E8	0.0	39193.783720306
1.423444255E8	0.0	0.0
1.423463415E8	337.0	0.0
1.42348253E8	333.0	39193.783720306
1.423501595E8	0.0	0.0
1.42352065E8	194.0	0.0
1.423539695E8	0.0	39193.783720306
1.42355873E8	0.0	0.0
1.42357776E8	281.0	0.0
1.42359679E8	193.0	39193.783720306
1.423615815E8	0.0	0.0
1.42363483E8	0.0	0.0
1.423653835E8	0.0	39193.783720306
1.423672835E8	0.0	0.0
1.42369183E8	0.0	0.0
1.4237108E8	0.0	39193.783720306
1.42372975E8	0.0	0.0
1.42374869E8	144.0	0.0
1.42376761E8	0.0	39193.783720306
1.423786515E8	0.0	0.0
1.423805415E8	277.1193181818182	0.0
1.423824305E8	315.3333333333333	39193.783720306
1.423843155E8	0.0	0.0
1.423861925E8	298.0	0.0
1.423880645E8	0.0	39193.783720306
1.42389936E8	0.0	0.0
1.423918065E8	279.0	0.0
1.423936765E8	0.0	39193.783720306
1.42395546E8	1281.0	0.0
1.42397415E8	0.0	0.0
1.42399284E8	211.0	39193.783720306
1.424011525E8	0.0	0.0
1.42403019E8	0.0	0.0
1.42404883E8	307.39827668741026	39193.783720306
1.42406746E8	0.0	0.0
1.424086055E8	0.0	0.0
1.424104605E8	255.75	39193.783720306
1.42412313E8	0.0	0.0
1.42414163E8	0.0	0.0
1.42416009E8	0.0	39193.783720306
1.42417852E8	0.0	0.0
1.42419695E8	0.0	0.0
1.42421538E8	0.0	39193.783720306
1.424233805E8	0.0	0.0
1.42425222E8	0.0	0.0
1.42427063E8	0.0	39193.783720306
1.424288995E8	0.0	0.0
1.424307315E8	0.0	0.0
1.424325625E8	0.0	39193.783720306
1.42434392E8	277.0	0.0
1.42436221E8	0.0	0.0
1.424380485E8	160.75	39193.783720306
1.42439871E8	0.0	0.0
1.424416895E8	0.0	0.0
1.424435075E8	0.0	39193.783720306
1.42445323E8	0.0	0.0
1.42447136E8	240.42778793418648	0.0
1.424489455E8	0.0	39193.783720306
1.4245075E8	183.0	0.0
1.424525525E8	0.0	0.0
1.42454354E8	247.0	39193.783720306
1.424561545E8	0.0	0.0
1.424579545E8	267.85714285714283	0.0
1.424597535E8	0.0	39193.783720306
1.42461551E8	0.0	0.0
1.42463346E8	0.0	0.0
1.424651385E8	0.0	39193.783720306
1.42466928E8	0.0	0.0
1.424687145E8	0.0	0.0
1.424705E8	0.0	39193.783720306
1.42472285E8	285.3333333333333	0.0
1.424740655E8	0.0	0.0
1.42475841E8	0.0	39193.783720306
1.42477616E8	275.52941176470586	0.0
1.42479391E8	0.0	0.0
1.424811635E8	0.0	39193.783720306
1.42482933E8	226.25	0.0
1.424847005E8	322.3583535108959	0.0
1.42486464E8	0.0	39193.783720306
1.424882225E8	227.11111111111111	0.0
1.424899775E8	269.1363636363636	0.0
1.4249173E8	256.0	39193.783720306
1.42493479E8	0.0	0.0
1.42495226E8	0.0	0.0
1.42496973E8	0.0	39193.783720306
1.42498718E8	0.0	0.0
1.4250046E8	0.0	0.0
1.425021995E8	947.3333333333334	39193.783720306
1.42503937E8	0.0	0.0
1.425056725E8	321.0	0.0
1.42507406E8	287.0	39193.783720306
1.425091385E8	0.0	0.0
1.425108685E8	0.0	0.0
1.425125945E8	0.0	39193.783720306
1.425143185E8	271.1666666666667	0.0
1.4251604E8	295.8181818181818	0.0
1.42517759E8	270.9259259259259	39193.783720306
1.425194765E8	0.0	0.0
1.425211925E8	0.0	0.0
1.42522908E8	168.0	39193.783720306
1.425246225E8	344.6666666666667	0.0
1.42526336E8	0.0	0.0
1.425280485E8	359.0	39193.783720306
1.425297595E8	307.44444444444446	0.0
1.425314695E8	214.0	0.0
1.42533179E8	0.0	39193.783720306
1.425348875E8	166.0	0.0
1.425365935E8	0.0	0.0
1.42538297E8	0.0	39193.783720306
1.4254E8	0.0	0.0
1.425416995E8	0.0	0.0
1.425433925E8	245.5952380952381	39193.783720306
1.425450825E8	256.53333333333336	0.0
1.42546771E8	0.0	0.0
1.42548457E8	228.0	39193.783720306
1.42550141E8	0.0	0.0
1.42551824E8	249.59701492537314	0.0
1.42553507E8	296.4117647058824	39193.783720306
1.425551885E8	0.0	0.0
1.42556868E8	349.75	0.0
1.425585465E8	0.0	39193.783720306
1.42560223E8	0.0	0.0
1.42561894E8	268.1	0.0
1.42563556E8	0.0	39193.783720306
1.425652095E8	0.0	0.0
1.42566857E8	0.0	0.0
1.42568501E8	0.0	39193.783720306
1.42570144E8	0.0	0.0
1.42571786E8	0.0	0.0
1.42573425E8	0.0	39193.783720306
1.42575062E8	584.0	0.0
1.42576699E8	308.50605326876513	0.0
1.425783355E8	0.0	39193.783720306
1.425799685E8	0.0	0.0
1.42581598E8	0.0	0.0
1.42583225E8	290.4	39193.783720306
1.4258485E8	0.0	0.0
1.42586474E8	0.0	0.0
1.425880965E8	0.0	39193.783720306
1.42589717E8	265.7710843373494	0.0
1.425913335E8	278.27272727272725	0.0
1.42592946E8	298.5	39193.783720306
1.425945565E8	343.64285714285717	0.0
1.425961665E8	274.75	0.0
1.425977755E8	273.0	39193.783720306
1.42599378E8	0.0	0.0
1.42600974E8	0.0	0.0
1.426025685E8	362.0	39193.783720306
1.426041585E8	0.0	0.0
1.426057445E8	0.0	0.0
1.426073305E8	0.0	39193.783720306
1.42608914E8	0.0	0.0
1.42610493E8	0.0	0.0
1.4261207E8	0.0	39193.783720306
1.42613646E8	0.0	0.0
1.4261522E8	0.0	0.0
1.42616792E8	0.0	39193.783720306
1.42618361E8	0.0	0.0
1.426199275E8	270.1333333333333	0.0
1.426214905E8	245.5	39193.783720306
1.426230505E8	0.0	0.0
1.426246095E8	0.0	0.0
1.426261665E8	0.0	39193.783720306
1.426277225E8	0.0	0.0
1.42629278E8	0.0	0.0
1.42630832E8	0.0	39193.783720306
1.426323845E8	315.0	0.0
1.426339355E8	0.0	0.0
1.426354855E8	804.5	39193.783720306
1.42637035E8	445.0	0.0
1.426385825E8	0.0	0.0
1.426401275E8	0.0	39193.783720306
1.42641671E8	204.64705882352942	0.0
1.42643213E8	0.0	0.0
1.426447535E8	0.0	39193.783720306
1.426462925E8	0.0	0.0
1.42647757E8	214.0	0.0
1.42648524E8	0.0	39193.783720306
1.42649362E8	230.5	0.0
1.42650895E8	0.0	0.0
1.426524275E8	0.0	39193.783720306
1.42653958E8	0.0	0.0
1.42655486E8	183.1	0.0
1.42657012E8	372.0	39193.783720306
1.42658537E8	0.0	0.0
1.42660062E8	254.15686274509804	0.0
1.42661585E8	0.0	39193.783720306
1.426631055E8	0.0	0.0
1.42664625E8	0.0	0.0
1.426661435E8	0.0	39193.783720306
1.426676605E8	296.75	0.0
1.426691735E8	0.0	0.0
1.42670683E8	0.0	39193.783720306
1.426721915E8	0.0	0.0
1.426736975E8	273.5125	0.0
1.426752015E8	332.0	39193.783720306
1.426767045E8	0.0	0.0
1.426782025E8	0.0	0.0
1.426796955E8	0.0	39193.783720306
1.426811875E8	258.5882352941176	0.0
1.426826785E8	0.0	0.0
1.42684168E8	286.0	39193.783720306
1.426856565E8	0.0	0.0
1.42687144E8	0.0	0.0
1.42688631E8	169.66666666666666	39193.783720306
1.42690117E8	310.0	0.0
1.426916015E8	0.0	0.0
1.426930845E8	0.0	39193.783720306
1.426945645E8	0.0	0.0
1.426960415E8	0.0	0.0
1.42697517E8	240.57142857142858	39193.783720306
1.42698991E8	0.0	0.0
1.42700463E8	0.0	0.0
1.427019325E8	0.0	39193.783720306
1.427034E8	254.0	0.0
1.427048665E8	0.0	0.0
1.427063315E8	0.0	39193.783720306
1.427077945E8	321.5	0.0
1.42709256E8	0.0	0.0
1.42710717E8	0.0	39193.783720306
1.42712177E8	0.0	0.0
1.427136355E8	271.8488372093023	0.0
1.427150925E8	0.0	39193.783720306
1.42716547E8	0.0	0.0
1.427179995E8	0.0	0.0
1.427194515E8	0.0	39193.783720306
1.42720903E8	0.0	0.0
1.427223515E8	0.0	0.0
1.427237975E8	0.0	39193.783720306
1.42725243E8	0.0	0.0
1.42726687E8	305.73333333333335	0.0
1.42728129E8	0.0	39193.783720306
1.427295695E8	279.9844673539519	0.0
1.427310075E8	0.0	0.0
1.427324415E8	0.0	39193.783720306
1.427338735E8	106.5	0.0
1.427353055E8	277.0	0.0
1.427367365E8	0.0	39193.783720306
1.42738166E8	0.0	0.0
1.42739595E8	242.2051282051282	0.0
1.42741022E8	0.0	39193.783720306
1.427424465E8	0.0	0.0
1.427438705E8	0.0	0.0
1.427452945E8	0.0	39193.783720306
1.42746718E8	0.0	0.0
1.427481405E8	210.83333333333334	0.0
1.42749562E8	0.0	39193.783720306
1.42750982E8	0.0	0.0
1.427523995E8	251.75	0.0
1.427538155E8	0.0	39193.783720306
1.427552315E8	196.33333333333334	0.0
1.42756647E8	335.0	0.0
1.427580605E8	0.0	39193.783720306
1.427594725E8	0.0	0.0
1.42760884E8	0.0	0.0
1.427622945E8	0.0	39193.783720306
1.427637035E8	0.0	0.0
1.427651115E8	284.0	0.0
1.42766519E8	159.11111111111111	39193.783720306
1.427679255E8	0.0	0.0
1.427693305E8	0.0	0.0
1.427707335E8	0.0	39193.783720306
1.42772132E8	0.0	0.0
1.427735265E8	0.0	0.0
1.4277492E8	275.4736842105263	39193.783720306
1.42776312E8	559.0	0.0
1.42777703E8	0.0	0.0
1.42779094E8	305.0	39193.783720306
1.427804825E8	235.66666666666666	0.0
1.427818685E8	0.0	0.0
1.42783254E8	0.0	39193.783720306
1.427846385E8	270.0	0.0
1.42786022E8	290.1212121212121	0.0
1.427874045E8	202.5	39193.783720306
1.42788786E8	0.0	0.0
1.42790167E8	0.0	0.0
1.427915475E8	0.0	39193.783720306
1.427929275E8	271.0	0.0
1.42794307E8	269.11764705882354	0.0
1.427956855E8	236.0	39193.783720306
1.42797063E8	0.0	0.0
1.4279844E8	272.3333333333333	0.0
1.42799817E8	290.0	39193.783720306
1.42801194E8	184.0	0.0
1.428025705E8	0.0	0.0
1.42803946E8	0.0	39193.783720306
1.428053205E8	0.0	0.0
1.428066945E8	293.0	0.0
1.42808068E8	0.0	39193.783720306
1.4280944E8	222.0	0.0
1.4281081E8	0.0	0.0
1.428121785E8	0.0	39193.783720306
1.428135455E8	287.0	0.0
1.42814909E8	0.0	0.0
1.428162695E8	294.4514816360601	39193.783720306
1.428176275E8	288.7916666666667	0.0
1.428189835E8	236.7037037037037	0.0
1.42820339E8	234.0	39193.783720306
1.42821694E8	0.0	0.0
1.428230475E8	0.0	0.0
1.42824399E8	0.0	39193.783720306
1.42825748E8	264.0	0.0
1.42827095E8	272.7	0.0
1.428284415E8	0.0	39193.783720306
1.428297865E8	0.0	0.0
1.4283113E8	146.93333333333334	0.0
1.42832472E8	246.45853658536586	39193.783720306
1.428338125E8	271.125	0.0
1.428351525E8	0.0	0.0
1.428364925E8	0.0	39193.783720306
1.42837832E8	245.0	0.0
1.42839171E8	0.0	0.0
1.42840509E8	0.0	39193.783720306
1.42841846E8	0.0	0.0
1.428431825E8	207.0	0.0
1.428445175E8	142.0	39193.783720306
1.42845851E8	0.0	0.0
1.42847184E8	274.4009661835749	0.0
1.42848517E8	0.0	39193.783720306
1.428498495E8	314.6666666666667	0.0
1.428511805E8	289.54545454545456	0.0
1.428525105E8	0.0	39193.783720306
1.428538395E8	0.0	0.0
1.42855167E8	0.0	0.0
1.428564935E8	0.0	39193.783720306
1.428578195E8	0.0	0.0
1.42859144E8	0.0	0.0
1.42860467E8	0.0	39193.783720306
1.428617895E8	256.875	0.0
1.428631085E8	0.0	0.0
1.42864424E8	0.0	39193.783720306
1.42865739E8	0.0	0.0
1.42867054E8	307.6666666666667	0.0
1.42868369E8	239.43832599118943	39193.783720306
1.428696825E8	304.0	0.0
1.42870994E8	0.0	0.0
1.42872305E8	0.0	39193.783720306
1.428736155E8	0.0	0.0
1.428749255E8	508.3658536585366	0.0
1.42876235E8	255.71428571428572	39193.783720306
1.428775435E8	0.0	0.0
1.428788505E8	0.0	0.0
1.428801555E8	256.7763157894737	39193.783720306
1.428814595E8	0.0	0.0
1.428827635E8	238.33333333333334	0.0
1.428840675E8	0.0	39193.783720306
1.42885371E8	0.0	0.0
1.42886674E8	0.0	0.0
1.428879765E8	0.0	39193.783720306
1.42889278E8	0.0	0.0
1.42890579E8	296.25	0.0
1.42891879E8	241.12121212121212	39193.783720306
1.42893177E8	0.0	0.0
1.42894474E8	0.0	0.0
1.42895771E8	0.0	39193.783720306
1.428970675E8	0.0	0.0
1.42898363E8	0.0	0.0
1.428996575E8	0.0	39193.783720306
1.429009515E8	0.0	0.0
1.429022455E8	0.0	0.0
1.42903539E8	252.2	39193.783720306
1.42904831E8	0.0	0.0
1.429061215E8	212.0	0.0
1.42907411E8	182.0	39193.783720306
1.42908699E8	264.62613981762917	0.0
1.429099855E8	0.0	0.0
1.42911271E8	0.0	39193.783720306
1.429125555E8	0.0	0.0
1.429138395E8	304.7826086956522	0.0
1.42915123E8	0.0	39193.783720306
1.42916406E8	342.9310344827586	0.0
1.429176885E8	281.57142857142856	0.0
1.4291897E8	0.0	39193.783720306
1.429202505E8	0.0	0.0
1.429215305E8	323.0	0.0
1.4292281E8	0.0	39193.783720306
1.429240885E8	222.77777777777777	0.0
1.429253665E8	245.66666666666666	0.0
1.429266445E8	0.0	39193.783720306
1.42927922E8	294.32222021985945	0.0
1.42929199E8	273.1758241758242	0.0
1.42930476E8	0.0	39193.783720306
1.429317525E8	0.0	0.0
1.42933028E8	278.0436623445356	0.0
1.42934303E8	0.0	39193.783720306
1.429355775E8	0.0	0.0
1.429368515E8	296.0	0.0
1.429381245E8	0.0	39193.783720306
1.42939396E8	0.0	0.0
1.42940667E8	0.0	0.0
1.42941938E8	0.0	39193.783720306
1.42943209E8	0.0	0.0
1.4294448E8	251.4	0.0
1.429457505E8	263.5495867768595	39193.783720306
1.429470205E8	197.55555555555554	0.0
1.429482905E8	298.2857142857143	0.0
1.4294956E8	234.66666666666666	39193.783720306
1.429508285E8	0.0	0.0
1.429520965E8	327.3333333333333	0.0
1.429533635E8	267.96875	39193.783720306
1.42954629E8	0.0	0.0
1.429558935E8	229.84615384615384	0.0
1.42957157E8	0.0	39193.783720306
1.4295842E8	0.0	0.0
1.42959683E8	282.2307692307692	0.0
1.429609455E8	0.0	39193.783720306
1.429622075E8	390.0	0.0
1.429634695E8	0.0	0.0
1.42964731E8	0.0	39193.783720306
1.42965992E8	273.11801242236027	0.0
1.429672525E8	283.1109375	0.0
1.429685125E8	0.0	39193.783720306
1.429697725E8	248.25	0.0
1.429710325E8	277.0	0.0
1.42972292E8	222.41821247892074	39193.783720306
1.429735505E8	0.0	0.0
1.429748085E8	209.57142857142858	0.0
1.429760665E8	245.7062937062937	39193.783720306
1.42977324E8	228.0	0.0
1.42978579E8	0.0	0.0
1.42979832E8	257.9	39193.783720306
1.429810845E8	0.0	0.0
1.42982336E8	196.0	0.0
1.42983587E8	245.0	39193.783720306
1.42984838E8	0.0	0.0
1.42986089E8	241.5	0.0
1.429873395E8	274.3333333333333	39193.783720306
1.42988589E8	0.0	0.0
1.429898375E8	0.0	0.0
1.42991085E8	257.44444444444446	39193.783720306
1.429923315E8	0.0	0.0
1.429935775E8	255.33333333333334	0.0
1.429948225E8	0.0	39193.783720306
1.42996066E8	230.80896226415095	0.0
1.429973085E8	259.375	0.0
1.4299855E8	0.0	39193.783720306
1.42999791E8	253.83333333333334	0.0
1.43001032E8	212.66666666666666	0.0
1.430022725E8	243.0	39193.783720306
1.430035125E8	0.0	0.0
1.430047525E8	262.6003898635478	0.0
1.43005992E8	218.45454545454547	39193.783720306
1.4300719E8	0.0	0.0
1.43007809E8	0.0	0.0
1.430084685E8	0.0	39193.783720306
1.430097065E8	229.24291497975707	0.0
1.430109445E8	312.0	0.0
1.43012182E8	0.0	39193.783720306
1.430134185E8	0.0	0.0
1.43014654E8	0.0	0.0
1.43015889E8	258.6666666666667	39193.783720306
1.430171235E8	0.0	0.0
1.430183575E8	288.8135593220339	0.0
1.430195915E8	0.0	39193.783720306
1.43020825E8	0.0	0.0
1.43022058E8	0.0	0.0
1.430232905E8	306.3333333333333	39193.783720306
1.43024522E8	249.6	0.0
1.43025753E8	213.0	0.0
1.43026984E8	284.0	39193.783720306
1.43028215E8	0.0	0.0
1.430294455E8	263.0	0.0
1.43030675E8	244.5	39193.783720306
1.43031904E8	0.0	0.0
1.430331325E8	0.0	0.0
1.4303436E8	0.0	39193.783720306
1.43035587E8	270.7247969421882	0.0
1.43036814E8	0.0	0.0
1.43038041E8	0.0	39193.783720306
1.430392675E8	283.7142857142857	0.0
1.430404935E8	0.0	0.0
1.430417195E8	349.75	39193.783720306
1.43042945E8	278.7142857142857	0.0
1.4304417E8	0.0	0.0
1.43045395E8	0.0	39193.783720306
1.4304662E8	0.0	0.0
1.43047845E8	0.0	0.0
1.4304907E8	0.0	39193.783720306
1.430502945E8	283.3376623376623	0.0
1.430515185E8	259.42857142857144	0.0
1.430527425E8	0.0	39193.783720306
1.430539665E8	220.25	0.0
1.4305519E8	0.0	0.0
1.43056413E8	0.0	39193.783720306
1.43057636E8	0.0	0.0
1.430588585E8	258.73214285714283	0.0
1.430600805E8	213.25	39193.783720306
1.43061302E8	0.0	0.0
1.430625225E8	0.0	0.0
1.430637425E8	270.8	39193.783720306
1.43064962E8	0.0	0.0
1.43066181E8	0.0	0.0
1.430674E8	0.0	39193.783720306
1.430686185E8	241.37142857142857	0.0
1.430698365E8	0.0	0.0
1.430710525E8	279.0	39193.783720306
1.43072266E8	0.0	0.0
1.430734785E8	0.0	0.0
1.430746905E8	223.25	39193.783720306
1.43075902E8	248.0	0.0
1.43077113E8	0.0	0.0
1.430783235E8	0.0	39193.783720306
1.43079533E8	0.0	0.0
1.43080742E8	0.0	0.0
1.43081951E8	0.0	39193.783720306
1.430831595E8	0.0	0.0
1.430843675E8	372.0	0.0
1.430855755E8	236.0	39193.783720306
1.430867835E8	0.0	0.0
1.43087991E8	290.0	0.0
1.430891975E8	0.0	39193.783720306
1.43090403E8	239.2608695652174	0.0
1.43091608E8	261.0	0.0
1.43092813E8	210.8	39193.783720306
1.43094017E8	0.0	0.0
1.4309522E8	0.0	0.0
1.43096423E8	0.0	39193.783720306
1.430976255E8	330.0	0.0
1.430988275E8	197.5	0.0
1.43100029E8	0.0	39193.783720306
1.431012295E8	262.8324607329843	0.0
1.431024295E8	236.83333333333334	0.0
1.431036295E8	0.0	39193.783720306
1.43104829E8	0.0	0.0
1.43106028E8	165.42857142857142	0.0
1.431072265E8	147.0	39193.783720306
1.431084245E8	387.0	0.0
1.43109622E8	0.0	0.0
1.43110819E8	0.0	39193.783720306
1.43112015E8	0.0	0.0
1.4311321E8	0.0	0.0
1.43114405E8	275.3076923076923	39193.783720306
1.431156E8	0.0	0.0
1.43116795E8	258.4904761904762	0.0
1.431179895E8	0.0	39193.783720306
1.43119183E8	309.3333333333333	0.0
1.43120376E8	301.0	0.0
1.43121569E8	240.0	39193.783720306
1.43122762E8	0.0	0.0
1.431239545E8	0.0	0.0
1.431251465E8	297.1487603305785	39193.783720306
1.431263385E8	362.0	0.0
1.4312753E8	0.0	0.0
1.43128721E8	0.0	39193.783720306
1.431299115E8	0.0	0.0
1.431311015E8	0.0	0.0
1.431322915E8	237.0	39193.783720306
1.43133481E8	0.0	0.0
1.4313467E8	0.0	0.0
1.43135859E8	0.0	39193.783720306
1.43137048E8	0.0	0.0
1.43138237E8	0.0	0.0
1.43139426E8	268.0	39193.783720306
1.431406145E8	188.0	0.0
1.431418015E8	0.0	0.0
1.431429875E8	0.0	39193.783720306
1.431441735E8	253.34	0.0
1.431453595E8	218.5	0.0
1.431465455E8	0.0	39193.783720306
1.43147731E8	0.0	0.0
1.43148916E8	0.0	0.0
1.43150101E8	230.73333333333332	39193.783720306
1.43151286E8	0.0	0.0
1.431524705E8	0.0	0.0
1.431536545E8	0.0	39193.783720306
1.431548385E8	0.0	0.0
1.431560225E8	0.0	0.0
1.431572055E8	221.0	39193.783720306
1.431583875E8	258.1807692307692	0.0
1.43159569E8	0.0	0.0
1.4316075E8	247.28666666666666	39193.783720306
1.43161931E8	0.0	0.0
1.43163111E8	244.33333333333334	0.0
1.4316429E8	370.0	39193.783720306
1.43165469E8	0.0	0.0
1.431666475E8	308.0	0.0
1.431678255E8	0.0	39193.783720306
1.431690035E8	0.0	0.0
1.431701815E8	224.0	0.0
1.431713595E8	237.33333333333334	39193.783720306
1.431725375E8	0.0	0.0
1.43173715E8	0.0	0.0
1.431748915E8	317.3750146696397	39193.783720306
1.43176067E8	0.0	0.0
1.43177242E8	0.0	0.0
1.431784165E8	0.0	39193.783720306
1.431795905E8	198.0	0.0
1.43180764E8	0.0	0.0
1.43181937E8	0.0	39193.783720306
1.4318311E8	216.0	0.0
1.43184282E8	174.0	0.0
1.43185453E8	312.2352941176471	39193.783720306
1.43186624E8	0.0	0.0
1.43187795E8	0.0	0.0
1.431889655E8	234.0	39193.783720306
1.43190135E8	272.6666666666667	0.0
1.43191304E8	0.0	0.0
1.431924725E8	0.0	39193.783720306
1.4319364E8	0.0	0.0
1.43194807E8	0.0	0.0
1.43195974E8	0.0	39193.783720306
1.431971405E8	0.0	0.0
1.431983065E8	271.2208398133748	0.0
1.431994725E8	307.028441410694	39193.783720306
1.432006385E8	0.0	0.0
1.43201804E8	0.0	0.0
1.43202969E8	0.0	39193.783720306
1.432041335E8	0.0	0.0
1.43205297E8	0.0	0.0
1.4320646E8	252.65298507462686	39193.783720306
1.43207623E8	347.0	0.0
1.43208786E8	269.75	0.0
1.43209949E8	0.0	39193.783720306
1.43211112E8	232.93965517241378	0.0
1.432122745E8	269.83522727272725	0.0
1.432134365E8	248.0	39193.783720306
1.432145985E8	246.01633986928104	0.0
1.4321576E8	0.0	0.0
1.43216921E8	0.0	39193.783720306
1.43218082E8	0.0	0.0
1.432192425E8	0.0	0.0
1.432204025E8	272.75	39193.783720306
1.432215625E8	0.0	0.0
1.43222722E8	0.0	0.0
1.43223881E8	0.0	39193.783720306
1.4322504E8	353.25	0.0
1.43226199E8	0.0	0.0
1.43227358E8	259.6060606060606	39193.783720306
1.432285165E8	0.0	0.0
1.432296745E8	251.0441640378549	0.0
1.432308325E8	202.0	39193.783720306
1.4323199E8	228.0	0.0
1.43233147E8	227.33333333333334	0.0
1.432343035E8	0.0	39193.783720306
1.432354595E8	297.5	0.0
1.43236615E8	0.0	0.0
1.4323777E8	279.42857142857144	39193.783720306
1.43238925E8	0.0	0.0
1.4324008E8	213.25925925925927	0.0
1.432412345E8	0.0	39193.783720306
1.432423885E8	282.0	0.0
1.432435425E8	0.0	0.0
1.432446965E8	286.35714285714283	39193.783720306
1.4324585E8	0.0	0.0
1.43247003E8	255.66666666666666	0.0
1.43248156E8	327.0	39193.783720306
1.432493085E8	228.5	0.0
1.432504605E8	0.0	0.0
1.432516125E8	0.0	39193.783720306
1.432527645E8	0.0	0.0
1.43253916E8	241.0	0.0
1.432550665E8	219.66666666666666	39193.783720306
1.432562165E8	0.0	0.0
1.432573655E8	0.0	0.0
1.432585135E8	146.25	39193.783720306
1.432596615E8	326.0	0.0
1.432608095E8	247.45652173913044	0.0
1.432619575E8	0.0	39193.783720306
1.432631055E8	0.0	0.0
1.43264253E8	231.0	0.0
1.432654E8	264.83731211317416	39193.783720306
1.43266547E8	0.0	0.0
1.432676935E8	543.0	0.0
1.432688395E8	0.0	39193.783720306
1.432699855E8	300.0	0.0
1.43271131E8	0.0	0.0
1.432722755E8	266.04545454545456	39193.783720306
1.432734195E8	248.25	0.0
1.432745635E8	250.47841105354058	0.0
1.432757075E8	317.6666666666667	39193.783720306
1.432768515E8	269.8333333333333	0.0
1.43277995E8	0.0	0.0
1.43279138E8	0.0	39193.783720306
1.432802805E8	0.0	0.0
1.432814225E8	317.0	0.0
1.432825645E8	240.9744560075686	39193.783720306
1.43283706E8	271.25	0.0
1.43284847E8	290.65841584158414	0.0
1.432859875E8	306.3859649122807	39193.783720306
1.432871275E8	0.0	0.0
1.432882675E8	0.0	0.0
1.432894075E8	0.0	39193.783720306
1.43290547E8	281.9	0.0
1.43291686E8	0.0	0.0
1.43292825E8	0.0	39193.783720306
1.43293964E8	0.0	0.0
1.43295103E8	160.0	0.0
1.432962415E8	263.0	39193.783720306
1.43297379E8	282.0	0.0
1.432985155E8	250.7189265536723	0.0
1.432996515E8	0.0	39193.783720306
1.433007875E8	366.2637362637363	0.0
1.433019235E8	189.0	0.0
1.43303059E8	0.0	39193.783720306
1.43304194E8	0.0	0.0
1.43305329E8	252.13333333333333	0.0
1.433064635E8	202.0	39193.783720306
1.433075975E8	256.7808219178082	0.0
1.433087315E8	252.49030289823492	0.0
1.433098655E8	0.0	39193.783720306
1.43310999E8	0.0	0.0
1.43312132E8	0.0	0.0
1.43313265E8	284.0	39193.783720306
1.433143975E8	266.56345729437726	0.0
1.433155295E8	222.22222222222223	0.0
1.433166615E8	0.0	39193.783720306
1.433177935E8	0.0	0.0
1.43318925E8	0.0	0.0
1.43320056E8	262.1951989892609	39193.783720306
1.43321187E8	0.0	0.0
1.433223175E8	0.0	0.0
1.433234475E8	260.0	39193.783720306
1.433245775E8	292.7142857142857	0.0
1.43325707E8	0.0	0.0
1.43326836E8	288.0	39193.783720306
1.43327965E8	303.77777777777777	0.0
1.43329094E8	0.0	0.0
1.43330222E8	286.2	39193.783720306
1.43331349E8	0.0	0.0
1.433324755E8	246.96124031007753	0.0
1.433336015E8	211.0	39193.783720306
1.433347275E8	0.0	0.0
1.433358535E8	0.0	0.0
1.433369795E8	230.0	39193.783720306
1.43338105E8	272.0735294117647	0.0
1.4333923E8	0.0	0.0
1.433403545E8	286.0	39193.783720306
1.433414785E8	0.0	0.0
1.43342602E8	0.0	0.0
1.43343725E8	197.18611987381703	39193.783720306
1.43344848E8	0.0	0.0
1.43345971E8	261.42857142857144	0.0
1.43347094E8	291.0	39193.783720306
1.433482165E8	307.07730263157896	0.0
1.43349338E8	0.0	0.0
1.433504585E8	0.0	39193.783720306
1.43351578E8	0.0	0.0
1.43352697E8	178.77777777777777	0.0
1.433538155E8	282.0	39193.783720306
1.433549335E8	0.0	0.0
1.433560515E8	0.0	0.0
1.433571695E8	239.0	39193.783720306
1.43358287E8	0.0	0.0
1.43359404E8	0.0	0.0
1.43360521E8	207.0	39193.783720306
1.43361638E8	193.0	0.0
1.43362755E8	312.6	0.0
1.43363872E8	319.8	39193.783720306
1.433649885E8	0.0	0.0
1.433661045E8	262.73333333333335	0.0
1.433668735E8	241.61832061068702	39193.783720306
1.433674315E8	275.6363636363636	0.0
1.433683365E8	0.0	0.0
1.433694525E8	299.25	39193.783720306
1.433705685E8	0.0	0.0
1.43371684E8	503.5	0.0
1.43372799E8	233.0	39193.783720306
1.43373914E8	177.0	0.0
1.433750285E8	0.0	0.0
1.433761425E8	0.0	39193.783720306
1.433772565E8	0.0	0.0
1.433783705E8	0.0	0.0
1.433794845E8	0.0	39193.783720306
1.433805985E8	0.0	0.0
1.433817115E8	0.0	0.0
1.433828235E8	0.0	39193.783720306
1.433839355E8	0.0	0.0
1.433850475E8	274.93911719939115	0.0
1.43386159E8	322.0	39193.783720306
1.433872695E8	179.0	0.0
1.433883795E8	212.5	0.0
1.433894895E8	262.42857142857144	39193.783720306
1.433905995E8	0.0	0.0
1.43391709E8	0.0	0.0
1.43392818E8	0.0	39193.783720306
1.43393927E8	295.57142857142856	0.0
1.43395036E8	0.0	0.0
1.433961445E8	278.1111111111111	39193.783720306
1.433972525E8	0.0	0.0
1.4339836E8	0.0	0.0
1.43399467E8	253.25	39193.783720306
1.43400574E8	286.0	0.0
1.434016805E8	251.38815789473685	0.0
1.434027865E8	0.0	39193.783720306
1.43403892E8	222.0	0.0
1.43404997E8	0.0	0.0
1.43406102E8	0.0	39193.783720306
1.43407207E8	0.0	0.0
1.43408312E8	0.0	0.0
1.43409417E8	0.0	39193.783720306
1.43410521E8	157.0	0.0
1.43411624E8	0.0	0.0
1.43412727E8	0.0	39193.783720306
1.434138295E8	0.0	0.0
1.434149315E8	0.0	0.0
1.434160335E8	0.0	39193.783720306
1.43417135E8	235.0	0.0
1.43418236E8	0.0	0.0
1.43419337E8	338.0	39193.783720306
1.434204375E8	276.7440925087984	0.0
1.434215375E8	0.0	0.0
1.43422637E8	0.0	39193.783720306
1.43423736E8	235.25	0.0
1.434248345E8	247.5	0.0
1.434259325E8	256.0	39193.783720306
1.434270305E8	0.0	0.0
1.43428128E8	0.0	0.0
1.43429225E8	0.0	39193.783720306
1.43430322E8	0.0	0.0
1.434314185E8	0.0	0.0
1.434325145E8	0.0	39193.783720306
1.434336095E8	197.0	0.0
1.43434703E8	0.0	0.0
1.434357955E8	0.0	39193.783720306
1.43436887E8	0.0	0.0
1.43437978E8	265.8888888888889	0.0
1.434390685E8	0.0	39193.783720306
1.434401585E8	0.0	0.0
1.434412485E8	364.0	0.0
1.434423385E8	275.1	39193.783720306
1.434434285E8	0.0	0.0
1.43444518E8	0.0	0.0
1.43445607E8	187.5	39193.783720306
1.434466955E8	0.0	0.0
1.434477835E8	211.0	0.0
1.434488715E8	221.8	39193.783720306
1.434499595E8	280.1818181818182	0.0
1.43451047E8	0.0	0.0
1.43452134E8	276.30263157894734	39193.783720306
1.43453221E8	232.68421052631578	0.0
1.434543075E8	259.54901960784315	0.0
1.434553935E8	243.52941176470588	39193.783720306
1.434564795E8	223.9	0.0
1.434575655E8	0.0	0.0
1.434586505E8	0.0	39193.783720306
1.434597345E8	283.0	0.0
1.434608185E8	0.0	0.0
1.434619025E8	199.0	39193.783720306
1.434629865E8	241.5	0.0
1.4346407E8	0.0	0.0
1.43465153E8	246.0	39193.783720306
1.43466236E8	272.6179487179487	0.0
1.434673185E8	0.0	0.0
1.434684005E8	0.0	39193.783720306
1.43469482E8	0.0	0.0
1.43470563E8	271.0952380952381	0.0
1.434716435E8	390.25	39193.783720306
1.434727235E8	0.0	0.0
1.434738035E8	309.29411764705884	0.0
1.43474883E8	0.0	39193.783720306
1.43475962E8	0.0	0.0
1.434770405E8	0.0	0.0
1.434781185E8	213.1047197640118	39193.783720306
1.434791965E8	0.0	0.0
1.434802745E8	0.0	0.0
1.43481352E8	275.5	39193.783720306
1.43482429E8	0.0	0.0
1.434835055E8	0.0	0.0
1.434845815E8	0.0	39193.783720306
1.434856575E8	0.0	0.0
1.434867335E8	0.0	0.0
1.43487809E8	0.0	39193.783720306
1.43488884E8	323.08	0.0
1.43489959E8	263.5974025974026	0.0
1.43491034E8	142.0	39193.783720306
1.434921085E8	0.0	0.0
1.434931825E8	220.66666666666666	0.0
1.434942565E8	182.20967741935485	39193.783720306
1.434953305E8	0.0	0.0
1.43496404E8	0.0	0.0
1.434974765E8	263.05765407554674	39193.783720306
1.434985485E8	261.0	0.0
1.4349962E8	0.0	0.0
1.43500691E8	228.75862068965517	39193.783720306
1.435017615E8	114.0	0.0
1.435028315E8	111.0	0.0
1.435039015E8	0.0	39193.783720306
1.43504971E8	0.0	0.0
1.4350604E8	0.0	0.0
1.435071085E8	225.0	39193.783720306
1.43508176E8	0.0	0.0
1.43509243E8	0.0	0.0
1.4351031E8	0.0	39193.783720306
1.435113765E8	251.5	0.0
1.435124415E8	228.0	0.0
1.435135055E8	0.0	39193.783720306
1.435145695E8	280.84615384615387	0.0
1.43515633E8	207.0	0.0
1.43516696E8	0.0	39193.783720306
1.43517759E8	261.1111111111111	0.0
1.43518822E8	356.7826086956522	0.0
1.43519885E8	0.0	39193.783720306
1.43520948E8	0.0	0.0
1.43522011E8	135.0	0.0
1.43523074E8	171.0	39193.783720306
1.435241365E8	290.20529801324506	0.0
1.435251985E8	0.0	0.0
1.435262605E8	239.0	39193.783720306
1.435273225E8	0.0	0.0
1.435283845E8	0.0	0.0
1.43529446E8	198.66666666666666	39193.783720306
1.435305065E8	263.6993006993007	0.0
1.435315665E8	273.2849083215797	0.0
1.435326265E8	0.0	39193.783720306
1.43533686E8	310.1666666666667	0.0
1.43534745E8	682.0	0.0
1.43535804E8	0.0	39193.783720306
1.435368625E8	0.0	0.0
1.435379205E8	276.93449655092456	0.0
1.435389785E8	200.0	39193.783720306
1.435400365E8	272.54545454545456	0.0
1.43541094E8	0.0	0.0
1.435421505E8	260.0	39193.783720306
1.435432065E8	0.0	0.0
1.435442625E8	0.0	0.0
1.435453185E8	319.0	39193.783720306
1.43546374E8	0.0	0.0
1.43547429E8	0.0	0.0
1.43548484E8	0.0	39193.783720306
1.435495385E8	266.3333333333333	0.0
1.435505925E8	0.0	0.0
1.43551646E8	0.0	39193.783720306
1.43552699E8	266.7	0.0
1.43553752E8	259.9047619047619	0.0
1.43554805E8	284.59154929577466	39193.783720306
1.43555858E8	279.0	0.0
1.435569105E8	0.0	0.0
1.435579625E8	259.34615384615387	39193.783720306
1.435590145E8	237.66666666666666	0.0
1.43560066E8	0.0	0.0
1.43561117E8	0.0	39193.783720306
1.43562168E8	297.0	0.0
1.43563219E8	0.0	0.0
1.4356427E8	200.0	39193.783720306
1.435653205E8	0.0	0.0
1.435663705E8	301.8	0.0
1.4356742E8	246.0	39193.783720306
1.43568469E8	0.0	0.0
1.43569518E8	485.0	0.0
1.43570567E8	0.0	39193.783720306
1.43571616E8	248.33333333333334	0.0
1.435726645E8	0.0	0.0
1.435737125E8	248.92957746478874	39193.783720306
1.435747605E8	0.0	0.0
1.435758085E8	0.0	0.0
1.435768565E8	515.25	39193.783720306
1.43577904E8	262.6163592323458	0.0
1.43578951E8	0.0	0.0
1.43579998E8	0.0	39193.783720306
1.43581045E8	352.4	0.0
1.435820915E8	0.0	0.0
1.43583137E8	209.0	39193.783720306
1.43584182E8	0.0	0.0
1.43585227E8	260.5	0.0
1.43586272E8	0.0	39193.783720306
1.435873165E8	0.0	0.0
1.435883605E8	236.2058823529412	0.0
1.435894045E8	308.5897435897436	39193.783720306
1.43590448E8	267.4	0.0
1.43591491E8	0.0	0.0
1.435925335E8	0.0	39193.783720306
1.435935755E8	0.0	0.0
1.435946175E8	247.0693641618497	0.0
1.435956595E8	385.0	39193.783720306
1.435967015E8	0.0	0.0
1.43597743E8	221.2	0.0
1.43598784E8	0.0	39193.783720306
1.43599825E8	0.0	0.0
1.436008655E8	0.0	0.0
1.436019055E8	0.0	39193.783720306
1.436029455E8	0.0	0.0
1.436039855E8	355.0	0.0
1.43605025E8	258.6	39193.783720306
1.43606064E8	262.92857142857144	0.0
1.43607103E8	298.8333333333333	0.0
1.436081415E8	0.0	39193.783720306
1.436091795E8	304.75	0.0
1.436102175E8	0.0	0.0
1.43611255E8	0.0	39193.783720306
1.43612292E8	0.0	0.0
1.43613329E8	0.0	0.0
1.43614366E8	357.47115384615387	39193.783720306
1.436154025E8	0.0	0.0
1.436164385E8	249.2608695652174	0.0
1.43617474E8	149.0	39193.783720306
1.43618509E8	264.5	0.0
1.43619544E8	0.0	0.0
1.43620579E8	0.0	39193.783720306
1.43621614E8	261.0	0.0
1.43622648E8	341.2857142857143	0.0
1.43623681E8	0.0	39193.783720306
1.43624714E8	226.33333333333334	0.0
1.43625747E8	248.7391304347826	0.0
1.436267795E8	0.0	39193.783720306
1.436278115E8	372.55555555555554	0.0
1.436288435E8	0.0	0.0
1.43629875E8	240.0	39193.783720306
1.43630906E8	0.0	0.0
1.43631937E8	207.75	0.0
1.436329675E8	258.2608695652174	39193.783720306
1.436339975E8	0.0	0.0
1.436350275E8	0.0	0.0
1.43636057E8	269.0	39193.783720306
1.43637086E8	353.8888888888889	0.0
1.43638115E8	269.93554538520215	0.0
1.43639144E8	235.1576086956522	39193.783720306
1.43640173E8	0.0	0.0
1.43641202E8	0.0	0.0
1.43642231E8	0.0	39193.783720306
1.436432595E8	267.0	0.0
1.436442875E8	0.0	0.0
1.43645315E8	0.0	39193.783720306
1.43646342E8	0.0	0.0
1.43647369E8	0.0	0.0
1.436483955E8	0.0	39193.783720306
1.436494215E8	0.0	0.0
1.43650447E8	0.0	0.0
1.43651472E8	0.0	39193.783720306
1.43652497E8	0.0	0.0
1.43653522E8	453.0	0.0
1.43654546E8	0.0	39193.783720306
1.43655569E8	0.0	0.0
1.436565915E8	0.0	0.0
1.436576135E8	265.875	39193.783720306
1.436586355E8	232.67441860465115	0.0
1.436596575E8	0.0	0.0
1.43660679E8	261.5769230769231	39193.783720306
1.436617E8	244.6	0.0
1.43662721E8	0.0	0.0
1.436637415E8	270.8542303771662	39193.783720306
1.436647615E8	287.0	0.0
1.436657815E8	0.0	0.0
1.43666801E8	0.0	39193.783720306
1.4366782E8	0.0	0.0
1.43668839E8	229.0	0.0
1.43669858E8	0.0	39193.783720306
1.43670877E8	274.0	0.0
1.436718955E8	266.0	0.0
1.436729135E8	0.0	39193.783720306
1.436739315E8	0.0	0.0
1.436749495E8	0.0	0.0
1.436759665E8	0.0	39193.783720306
1.436769825E8	0.0	0.0
1.436779985E8	244.0	0.0
1.43679014E8	0.0	39193.783720306
1.43680029E8	0.0	0.0
1.436810435E8	0.0	0.0
1.436820575E8	272.73446327683615	39193.783720306
1.436830715E8	0.0	0.0
1.436840855E8	107.0	0.0
1.436850995E8	0.0	39193.783720306
1.43686113E8	244.25	0.0
1.43687126E8	0.0	0.0
1.43688139E8	404.0	39193.783720306
1.436891515E8	0.0	0.0
1.436901635E8	672.0	0.0
1.436911755E8	260.72727272727275	39193.783720306
1.436921875E8	304.88235294117646	0.0
1.436931995E8	237.10526315789474	0.0
1.43694211E8	0.0	39193.783720306
1.43695222E8	271.4635761589404	0.0
1.43696233E8	0.0	0.0
1.43697244E8	257.0	39193.783720306
1.436982545E8	305.35	0.0
1.436992645E8	0.0	0.0
1.437002745E8	298.6666666666667	39193.783720306
1.437012845E8	284.0	0.0
1.437022935E8	0.0	0.0
1.437033015E8	0.0	39193.783720306
1.437043095E8	0.0	0.0
1.43705317E8	0.0	0.0
1.43706324E8	0.0	39193.783720306
1.437073305E8	99.6	0.0
1.437083365E8	263.8	0.0
1.437093425E8	0.0	39193.783720306
1.43710348E8	0.0	0.0
1.43711353E8	0.0	0.0
1.43712358E8	736.0485436893204	39193.783720306
1.43713363E8	256.62089486444785	0.0
1.43714368E8	308.0	0.0
1.437153725E8	0.0	39193.783720306
1.437163765E8	226.0	0.0
1.437173805E8	0.0	0.0
1.437183845E8	0.0	39193.783720306
1.43719388E8	0.0	0.0
1.4372039E8	290.0	0.0
1.43721391E8	366.0	39193.783720306
1.43722392E8	251.2	0.0
1.43723393E8	0.0	0.0
1.43724394E8	262.625	39193.783720306
1.437251765E8	126.9	0.0
1.437257305E8	0.0	0.0
