#Position (bp)	insert size	chromosomes
179658.5	489.38841447498095	0.0
538974.5	462.6157541479336	38222.23838097934
898290.5	728.8052566403962	0.0
1257606.5	590.5147903206476	0.0
1616922.5	532.8431785033098	38222.23838097934
1976238.5	419.61360670548083	0.0
2335554.5	607.9190592292503	0.0
2694870.5	527.7496220995007	38222.23838097934
3054186.5	561.0086064965167	0.0
3413502.5	405.3375189653927	0.0
3772818.5	762.8438547111647	38222.23838097934
4132134.5	437.2145540211916	0.0
4491450.5	410.28556074663857	0.0
4850766.5	525.6805304642231	38222.23838097934
5210082.5	548.7837680749228	0.0
5569398.5	701.2124528999746	0.0
5928714.5	1034.0198667173674	38222.23838097934
6288030.5	449.6542535584244	0.0
6647346.5	571.8723960362377	0.0
7006662.5	437.8688634991408	38222.23838097934
7365978.5	1065.6085920312883	0.0
7725294.5	503.1738617412189	0.0
8084610.5	661.983920703288	38222.23838097934
8443926.5	738.254552729284	0.0
8803242.5	763.2752607649104	0.0
9162558.5	487.14936849055397	38222.23838097934
9521874.5	690.4229647403021	0.0
9881190.5	391.8761965801787	0.0
1.02405065E7	420.97844763078643	38222.23838097934
1.05998225E7	540.9344631812168	0.0
1.09591385E7	479.98791249402836	0.0
1.13184545E7	444.9572751444027	38222.23838097934
1.16777705E7	518.755620349569	0.0
1.20370865E7	798.9573874859452	0.0
1.23964025E7	2629.615209254488	38222.23838097934
1.27557185E7	641.4575587539256	0.0
1.31150345E7	487.257270782469	0.0
1.34743505E7	460.91626358325516	38222.23838097934
1.38336665E7	428.3430415890751	0.0
1.41929825E7	743.3319899824405	0.0
1.45522985E7	948.3957730812014	38222.23838097934
1.49116145E7	1010.4055107454122	0.0
1.52709305E7	397.5198427455772	0.0
1.56302465E7	641.3473015327809	38222.23838097934
1.59895625E7	919.9673298943749	0.0
1.63488785E7	825.5020443665203	0.0
1.67081945E7	678.3693439788071	38222.23838097934
1.70675105E7	772.8292160120036	0.0
1.74268265E7	610.2894662921349	0.0
1.77861425E7	3505.98773006135	38222.23838097934
1.81454585E7	1589.8153342683497	0.0
1.85047745E7	525.0368661431053	0.0
1.88640905E7	550.2769298407766	38222.23838097934
1.92234065E7	587.5966678641997	0.0
1.95827225E7	613.2066570188133	0.0
1.99420385E7	1503.2066750802835	38222.23838097934
2.03013545E7	4359.864009950876	0.0
2.06606705E7	807.9218040233615	0.0
2.10199865E7	764.1979985519239	38222.23838097934
2.13793025E7	1185.8912799592044	0.0
2.17386185E7	477.3558800248487	0.0
2.20979345E7	1474.159148740737	38222.23838097934
2.24572505E7	549.8111916487866	0.0
2.28165665E7	1945.2817481884058	0.0
2.31758825E7	980.9427646610815	38222.23838097934
2.34346265E7	442.63308503276755	0.0
2.36142845E7	12092.191142191143	0.0
2.38945145E7	2207.934168805677	38222.23838097934
2.42538305E7	2366.0552421500797	0.0
2.46131465E7	4631.408165092439	0.0
2.49724625E7	1617.96416135096	38222.23838097934
2.53317785E7	7889.856935327666	0.0
2.56910945E7	2664.65503875969	0.0
2.60504105E7	11360.819561551434	38222.23838097934
2.64097265E7	4344.854024132354	0.0
2.67690425E7	1656.286715514495	0.0
2.71283585E7	1828.1307447364668	38222.23838097934
2.74876745E7	3530.8591714390973	0.0
2.78469905E7	6112.137997650438	0.0
2.82063065E7	743.5484538804827	38222.23838097934
2.85656225E7	725.6323366131935	0.0
2.89249385E7	903.7860786758871	0.0
2.92842545E7	550.1383591361798	38222.23838097934
2.96435705E7	605.8824240730163	0.0
3.00028865E7	765.5372695969212	0.0
3.03622025E7	911.49271512808	38222.23838097934
3.07215185E7	593.0060154176672	0.0
3.10808345E7	549.686321340543	0.0
3.14401505E7	407.6173403473811	38222.23838097934
3.17994665E7	523.5205192223784	0.0
3.21587825E7	611.0510903331912	0.0
3.25180985E7	398.5924958442175	38222.23838097934
3.28774145E7	502.5181214963963	0.0
3.32367305E7	400.6292365347266	0.0
3.35960465E7	688.9729926339388	38222.23838097934
3.39553625E7	1362.3411473203362	0.0
3.43146785E7	466.4859838426151	0.0
3.46739945E7	652.3351748342649	38222.23838097934
3.50333105E7	1227.5954141658954	0.0
3.53926265E7	430.6044186638866	0.0
3.57519425E7	1033.632302123224	38222.23838097934
3.61112585E7	524.6872459376143	0.0
3.64705745E7	484.4580681538322	0.0
3.68298905E7	497.5029670001281	38222.23838097934
3.71892065E7	738.308617042761	0.0
3.75485225E7	949.8775248712219	0.0
3.79078385E7	485.073972077091	38222.23838097934
3.82671545E7	401.24034964708085	0.0
3.86264705E7	608.2438849494064	0.0
3.89857865E7	392.18065235215744	38222.23838097934
3.93451025E7	675.2015898705255	0.0
3.97044185E7	618.0089112256103	0.0
4.00637345E7	510.8421444912133	38222.23838097934
4.04230505E7	437.2929112736451	0.0
4.07823665E7	819.0720620200531	0.0
4.11416825E7	411.92846114513054	38222.23838097934
4.15009985E7	466.7145736939623	0.0
4.18603145E7	545.8440476616453	0.0
4.22196305E7	652.0162886947261	38222.23838097934
4.25789465E7	740.0207336750867	0.0
4.29382625E7	708.9602021184794	0.0
4.32975785E7	462.4421120102556	38222.23838097934
4.36568945E7	394.72945498668645	0.0
4.40162105E7	777.8213526015464	0.0
4.43755265E7	425.84486801045796	38222.23838097934
4.47348425E7	814.1041389541464	0.0
4.50941585E7	757.4697918216465	0.0
4.54534745E7	782.6842123769339	38222.23838097934
4.58127905E7	662.8361012149447	0.0
4.61721065E7	654.4975844183069	0.0
4.65314225E7	664.2529909371002	38222.23838097934
4.68907385E7	596.1070853679373	0.0
4.72500545E7	468.3237337541368	0.0
4.76093705E7	595.7005286896855	38222.23838097934
4.79686865E7	595.8480944779767	0.0
4.83280025E7	419.6227380262468	0.0
4.86541545E7	1060.5604935214988	38222.23838097934
4.88338125E7	5681.8671875	0.0
4.90466345E7	440.2461501581627	0.0
4.94059505E7	673.9914713827983	38222.23838097934
4.97652665E7	584.6608064112196	0.0
5.01245825E7	497.2251964319605	0.0
5.04838985E7	466.30140610244155	38222.23838097934
5.08432145E7	502.3332690791203	0.0
5.12025305E7	751.2424792772655	0.0
5.15618465E7	433.8537700400802	38222.23838097934
5.19211625E7	474.79738701909906	0.0
5.22804785E7	1164.4278180837362	0.0
5.26397945E7	568.2545470352982	38222.23838097934
5.29991105E7	718.8960084093299	0.0
5.33584265E7	691.6778378184941	0.0
5.37177425E7	419.58615889430246	38222.23838097934
5.40770585E7	941.900172103636	0.0
5.44363745E7	590.7369212231815	0.0
5.47956905E7	428.3780551657696	38222.23838097934
5.51550065E7	506.3554310833806	0.0
5.55143225E7	556.3749417708818	0.0
5.58736385E7	527.9810262263205	38222.23838097934
5.62329545E7	465.294488670057	0.0
5.65922705E7	802.8595140571723	0.0
5.69515865E7	489.64898175472575	38222.23838097934
5.73109025E7	538.6949937705774	0.0
5.76702185E7	403.9017472735497	0.0
5.80295345E7	696.4721877138022	38222.23838097934
5.83888505E7	617.581612161802	0.0
5.87481665E7	504.65037613597235	0.0
5.91074825E7	1223.6142819775046	38222.23838097934
5.94667985E7	325.3087883711849	0.0
5.98261145E7	478.3570471196013	0.0
6.01854305E7	932.6280971314329	38222.23838097934
6.05447465E7	524.2238517458138	0.0
6.09040625E7	508.5886700155169	0.0
6.12633785E7	681.318234252869	38222.23838097934
6.16226945E7	572.9889776875696	0.0
6.19820105E7	695.4911424825441	0.0
6.23413265E7	506.8900718484651	38222.23838097934
6.27006425E7	485.674377947322	0.0
6.30599585E7	1167.4551702166393	0.0
6.34192745E7	578.0439356277068	38222.23838097934
6.37785905E7	597.2157204849461	0.0
6.41379065E7	454.3209771964897	0.0
6.44972225E7	481.6375678730349	38222.23838097934
6.48565385E7	534.9885602598373	0.0
6.52158545E7	576.2984115224544	0.0
6.55751705E7	652.3958773460275	38222.23838097934
6.59344865E7	860.2168928833455	0.0
6.62938025E7	579.1972788605697	0.0
6.66531185E7	479.31982188341794	38222.23838097934
6.70124345E7	661.7687641174573	0.0
6.73717505E7	499.8847147274601	0.0
6.77310665E7	467.0838836936709	38222.23838097934
6.80903825E7	782.3399922980649	0.0
6.84496985E7	450.4195691752735	0.0
6.88090145E7	624.0546417738284	38222.23838097934
6.91683305E7	605.7454687945284	0.0
6.95276465E7	559.3725852079331	0.0
6.98869625E7	531.873571863472	38222.23838097934
7.02462785E7	475.6018219870873	0.0
7.06055945E7	624.8637365687972	0.0
7.09649105E7	349.98475697768055	38222.23838097934
7.13242265E7	683.1814036478985	0.0
7.16835425E7	638.3970338368013	0.0
7.20428585E7	707.8048231756062	38222.23838097934
7.24021745E7	9934.221153269795	0.0
7.27614905E7	1543.02174282678	0.0
7.31208065E7	2264.098616957306	38222.23838097934
7.34801225E7	1920.0887088807665	0.0
7.38394385E7	1385.1593492601842	0.0
7.41987545E7	3402.2487065120426	38222.23838097934
7.45580705E7	18538.644298245614	0.0
7.49173865E7	4372.51660705161	0.0
7.52767025E7	4386.105171411969	38222.23838097934
7.56360185E7	11275.984924623115	0.0
7.59953345E7	1804.4795133912933	0.0
7.63546505E7	24956.83606252326	38222.23838097934
7.67139665E7	1416.9973260670265	0.0
7.690225E7	287.1363636363636	0.0
7.7081908E7	4220.437581274382	38222.23838097934
7.74325985E7	7521.536615384615	0.0
7.77919145E7	1486.4186400173799	0.0
7.81512305E7	11859.712694877506	38222.23838097934
7.85105465E7	3246.3141809290955	0.0
7.88698625E7	1598.881150643452	0.0
7.92291785E7	1369.8507374631267	38222.23838097934
7.95884945E7	2212.7831471856684	0.0
7.99478105E7	1508.1891678197271	0.0
8.03071265E7	10438.842942921217	38222.23838097934
8.06664425E7	2510.178940631122	0.0
8.10257585E7	567.9098513687171	0.0
8.13850745E7	419.5839200613587	38222.23838097934
8.17443905E7	547.7980483125832	0.0
8.21037065E7	1009.6523288418101	0.0
8.24630225E7	549.3999196310505	38222.23838097934
8.28223385E7	595.9559934275038	0.0
8.31816545E7	615.4801023308698	0.0
8.35409705E7	424.33622542997546	38222.23838097934
8.39002865E7	780.0460688499352	0.0
8.42596025E7	546.149965590497	0.0
8.46189185E7	479.0218818380744	38222.23838097934
8.49782345E7	582.6071066408343	0.0
8.53375505E7	398.5858293662544	0.0
8.56968665E7	544.0760846594392	38222.23838097934
8.60561825E7	594.1698366692808	0.0
8.64154985E7	458.46718650106675	0.0
8.67748145E7	467.90216369341977	38222.23838097934
8.71341305E7	564.8920542338906	0.0
8.74934465E7	410.4400862549727	0.0
8.78527625E7	469.9052729912777	38222.23838097934
8.82120785E7	518.1440298983517	0.0
8.85713945E7	1885.9120521172638	0.0
8.89307105E7	1141.7868321383482	38222.23838097934
8.92900265E7	431.81028142984366	0.0
8.96493425E7	540.4526593280536	0.0
9.00086585E7	833.6503466931091	38222.23838097934
9.03679745E7	671.3345880581564	0.0
9.07272905E7	618.1857845525626	0.0
9.10866065E7	427.12350614304154	38222.23838097934
9.14459225E7	462.9420690323832	0.0
9.18052385E7	633.0050770339943	0.0
9.21645545E7	522.2977309176022	38222.23838097934
9.25238705E7	392.5359484148307	0.0
9.28831865E7	403.7505232985204	0.0
9.32425025E7	633.0671600685797	38222.23838097934
9.36018185E7	658.5830910255778	0.0
9.39611345E7	568.6824575536002	0.0
9.43204505E7	466.5022727694391	38222.23838097934
9.46797665E7	478.27870284333767	0.0
9.50390825E7	1089.7167905393037	0.0
9.53983985E7	900.2466313468487	38222.23838097934
9.57577145E7	524.1564784452935	0.0
9.61170305E7	638.7260823785745	0.0
9.64763465E7	789.1760609500524	38222.23838097934
9.68356625E7	665.9690735848347	0.0
9.71949785E7	619.0347869926896	0.0
9.75542945E7	602.9224202603643	38222.23838097934
9.79136105E7	744.964649773942	0.0
9.82729265E7	784.871146282859	0.0
9.86322425E7	934.4796847008241	38222.23838097934
9.89915585E7	739.8985889395667	0.0
9.93508745E7	476.3397270705354	0.0
9.97101905E7	655.740793159369	38222.23838097934
1.000695065E8	639.3887851962457	0.0
1.004288225E8	433.0553996526601	0.0
1.007881385E8	473.3177962481926	38222.23838097934
1.011474545E8	564.984360667305	0.0
1.015067705E8	514.0461785320523	0.0
1.018660865E8	376.3949265502848	38222.23838097934
1.022254025E8	639.2255477264977	0.0
1.025847185E8	459.4429081498167	0.0
1.029440345E8	471.8833088272575	38222.23838097934
1.033033505E8	1068.1962816765601	0.0
1.036626665E8	802.9160663538431	0.0
1.040219825E8	479.9257136278033	38222.23838097934
1.043812985E8	538.530088842297	0.0
1.047406145E8	434.2913498647195	0.0
1.050999305E8	724.3024101864484	38222.23838097934
1.054592465E8	713.598537864031	0.0
1.058185625E8	684.5213882292536	0.0
1.061778785E8	426.18783558379664	38222.23838097934
1.065371945E8	479.6693672987786	0.0
1.068965105E8	664.6852891655697	0.0
1.072558265E8	696.5901730320451	38222.23838097934
1.076151425E8	808.6407147415443	0.0
1.079744585E8	619.8461263876129	0.0
1.083337745E8	657.4703770646933	38222.23838097934
1.086930905E8	708.0191493638197	0.0
1.089314775E8	455.79859868589216	0.0
1.091111355E8	454.99163727548876	38222.23838097934
1.094117225E8	902.685210174752	0.0
1.097710385E8	663.4835174892668	0.0
1.101303545E8	651.7553922587847	38222.23838097934
1.10324175E8	462.850987432675	0.0
1.10503833E8	1100.523854917461	0.0
1.108489865E8	422.3983013778523	38222.23838097934
1.112083025E8	539.8873296891572	0.0
1.115676185E8	633.1528152901305	0.0
1.119269345E8	432.84736432150225	38222.23838097934
1.122862505E8	520.7427847706637	0.0
1.126455665E8	523.4482233888762	0.0
1.130048825E8	925.2356555440023	38222.23838097934
1.133641985E8	768.3926038021375	0.0
1.137235145E8	649.152069547165	0.0
1.140828305E8	839.7632238285688	38222.23838097934
1.144421465E8	957.354500916568	0.0
1.148014625E8	854.6865286829478	0.0
1.151607785E8	1082.364862423987	38222.23838097934
1.155200945E8	518.9378731832348	0.0
1.158794105E8	498.4107686594876	0.0
1.162387265E8	513.8385917879589	38222.23838097934
1.165980425E8	555.3462071605851	0.0
1.169573585E8	632.6407664565709	0.0
1.173166745E8	538.7381874515879	38222.23838097934
1.176759905E8	639.3905264459744	0.0
1.180353065E8	614.5383514596451	0.0
1.183946225E8	544.4608451356737	38222.23838097934
1.187539385E8	626.8277129033431	0.0
1.191132545E8	1263.4219437408346	0.0
1.194725705E8	688.5949292420921	38222.23838097934
1.198318865E8	416.2219329645298	0.0
1.201912025E8	516.2536348549773	0.0
1.205505185E8	1365.1302505601955	38222.23838097934
1.209098345E8	586.8075807425	0.0
1.212691505E8	815.3812640414378	0.0
1.216284665E8	524.3299705758723	38222.23838097934
1.219877825E8	561.1651562690387	0.0
1.223470985E8	409.09947994056466	0.0
1.227064145E8	1031.0618071533152	38222.23838097934
1.230657305E8	1013.0698994021409	0.0
1.234250465E8	472.6556543149749	0.0
1.237843625E8	688.7550172966373	38222.23838097934
1.241436785E8	762.9091685069461	0.0
1.245029945E8	716.6698282990418	0.0
1.248623105E8	990.2868613138686	38222.23838097934
1.252216265E8	1839.7923858287224	0.0
1.255809425E8	441.691311975341	0.0
1.259402585E8	418.3772276992517	38222.23838097934
1.262995745E8	556.8062504212398	0.0
1.266588905E8	613.8448005938643	0.0
1.270182065E8	487.4051925969525	38222.23838097934
1.273775225E8	1044.9106981922282	0.0
1.277368385E8	541.2787086586543	0.0
1.280961545E8	569.1725679868589	38222.23838097934
1.284554705E8	790.298353432282	0.0
1.288147865E8	470.0684680650295	0.0
1.291741025E8	907.8575889130071	38222.23838097934
1.295334185E8	618.1904438954286	0.0
1.298927345E8	396.53240824083883	0.0
1.302520505E8	595.2169967635535	38222.23838097934
1.306113665E8	591.9804994128191	0.0
1.309706825E8	533.1298294752451	0.0
1.313299985E8	951.39581876492	38222.23838097934
1.316893145E8	846.6174086938217	0.0
1.320486305E8	732.0131914554439	0.0
1.324079465E8	2385.4686028257456	38222.23838097934
1.327672625E8	537.3754237716946	0.0
1.331265785E8	965.3107719928187	0.0
1.334858945E8	874.7873647880803	38222.23838097934
1.337730805E8	1293.1107469380713	0.0
1.339527385E8	1838.9621072088726	0.0
1.342045265E8	16183.531603643389	38222.23838097934
1.345638425E8	38222.23838097934	0.0
1.349231585E8	16014.283343631389	0.0
1.352824745E8	3404.873466080111	38222.23838097934
1.356417905E8	1946.7906976744187	0.0
1.360011065E8	9866.887817938421	0.0
1.363604225E8	6956.120059758251	38222.23838097934
1.367197385E8	8144.652833417604	0.0
1.370790545E8	1881.305465813938	0.0
1.374033365E8	508.7894603922889	38222.23838097934
1.375577225E8	266.6323538826789	0.0
1.375927565E8	2161.8070460704607	0.0
1.376371405E8	380.4508474576271	38222.23838097934
1.37699935E8	529.7091412742383	0.0
1.37786751E8	291.4872417982989	0.0
1.37868371E8	1208.0407543897682	38222.23838097934
1.37942101E8	314.7516233766234	0.0
1.37980213E8	320.12745098039215	0.0
1.38019627E8	264.4496644295302	38222.23838097934
1.38089538E8	689.7296511627907	0.0
1.38156123E8	1306.6491769547324	0.0
1.382206275E8	1870.5925925925926	38222.23838097934
1.38280805E8	454.89632107023414	0.0
1.38323179E8	151.0	0.0
1.383484915E8	0.0	38222.23838097934
1.38384028E8	1493.8608414239482	0.0
1.384312265E8	887.9310344827586	0.0
1.384772795E8	1217.489898989899	38222.23838097934
1.38522045E8	531.4596412556053	0.0
1.385663025E8	331.056763730188	0.0
1.38610046E8	1762.6888888888889	38222.23838097934
1.38651258E8	1145.25	0.0
1.386833775E8	945.1827956989247	0.0
1.387019305E8	394.0	38222.23838097934
1.38726341E8	0.0	0.0
1.387630385E8	410.6137931034483	0.0
1.3879854E8	675.3275799374561	38222.23838097934
1.3883298E8	332.6666666666667	0.0
1.388668195E8	5346.0	0.0
1.389001375E8	1873.5471014492753	38222.23838097934
1.389325255E8	307.1291759465479	0.0
1.38963047E8	266.125	0.0
1.38991991E8	370.8	38222.23838097934
1.390198715E8	195.5	0.0
1.39044446E8	262.85585585585585	0.0
1.390581695E8	344.5	38222.23838097934
1.39074104E8	275.1111111111111	0.0
1.391000815E8	282.5742574257426	0.0
1.39125904E8	1363.482142857143	38222.23838097934
1.391516555E8	1033.8805970149253	0.0
1.391772845E8	277.578031212485	0.0
1.39202833E8	1083.5192307692307	38222.23838097934
1.39227853E8	0.0	0.0
1.392522945E8	1330.1264150943396	0.0
1.392761035E8	0.0	38222.23838097934
1.392991635E8	247.0	0.0
1.393219065E8	300.8181818181818	0.0
1.39344169E8	271.22347417840376	38222.23838097934
1.393656665E8	0.0	0.0
1.39386585E8	391.3440366972477	0.0
1.394057875E8	7043.0	38222.23838097934
1.394157655E8	178.0	0.0
1.39426072E8	281.14285714285717	0.0
1.394433E8	203.0	38222.23838097934
1.394591395E8	246.66666666666666	0.0
1.39474609E8	0.0	0.0
1.394898515E8	222.66666666666666	38222.23838097934
1.39504877E8	279.38666666666666	0.0
1.39519712E8	251.75	0.0
1.39534307E8	0.0	38222.23838097934
1.39548658E8	308.5	0.0
1.395628065E8	277.7894736842105	0.0
1.395768695E8	163.0	38222.23838097934
1.395908865E8	0.0	0.0
1.396048595E8	330.625	0.0
1.39618797E8	0.0	38222.23838097934
1.396327175E8	309.9	0.0
1.39646447E8	145.0	0.0
1.39659998E8	283.07648725212465	38222.23838097934
1.39673523E8	0.0	0.0
1.39687001E8	277.8333333333333	0.0
1.39700456E8	0.0	38222.23838097934
1.397138915E8	0.0	0.0
1.397272965E8	0.0	0.0
1.39740652E8	321.0	38222.23838097934
1.397539385E8	0.0	0.0
1.397671835E8	334.4	0.0
1.397738625E8	0.0	38222.23838097934
1.39780441E8	262.32	0.0
1.397935115E8	261.0	0.0
1.39806605E8	0.0	38222.23838097934
1.398195725E8	273.6744186046512	0.0
1.398324245E8	0.0	0.0
1.39845262E8	255.0	38222.23838097934
1.398580325E8	224.6	0.0
1.3987073E8	344.0	0.0
1.398833975E8	0.0	38222.23838097934
1.398960405E8	445.42537313432837	0.0
1.399086725E8	0.0	0.0
1.399212565E8	268.1111111111111	38222.23838097934
1.39933781E8	369.21489971346705	0.0
1.39946267E8	267.0	0.0
1.399587085E8	293.5	38222.23838097934
1.399711325E8	0.0	0.0
1.39983544E8	269.6666666666667	0.0
1.399959275E8	419.09090909090907	38222.23838097934
1.400082885E8	263.3809523809524	0.0
1.40020559E8	182.0	0.0
1.400327265E8	328.0	38222.23838097934
1.400448715E8	0.0	0.0
1.4005699E8	0.0	0.0
1.400690545E8	374.0	38222.23838097934
1.40081085E8	223.75	0.0
1.400930995E8	238.58333333333334	0.0
1.40105101E8	0.0	38222.23838097934
1.40117094E8	301.0	0.0
1.401281635E8	0.0	0.0
1.40134155E8	0.0	38222.23838097934
1.401410485E8	262.013986013986	0.0
1.40153003E8	286.6	0.0
1.40164882E8	0.0	38222.23838097934
1.40176667E8	300.625	0.0
1.4018842E8	381.9486591390261	0.0
1.40200076E8	260.02941176470586	38222.23838097934
1.402116215E8	0.0	0.0
1.402231315E8	268.0	0.0
1.402345955E8	0.0	38222.23838097934
1.402459205E8	283.0	0.0
1.402571045E8	0.0	0.0
1.402682415E8	0.0	38222.23838097934
1.4027885E8	280.2150776053215	0.0
1.40288828E8	0.0	0.0
1.402984445E8	0.0	38222.23838097934
1.40307799E8	0.0	0.0
1.403166425E8	288.5	0.0
1.40324819E8	0.0	38222.23838097934
1.403326835E8	312.0	0.0
1.403402015E8	0.0	0.0
1.4034742E8	0.0	38222.23838097934
1.40354483E8	242.0	0.0
1.403614525E8	283.5074626865672	0.0
1.403683705E8	275.45217391304345	38222.23838097934
1.403752505E8	248.61904761904762	0.0
1.403821105E8	224.0	0.0
1.40388953E8	364.3333333333333	38222.23838097934
1.403957145E8	0.0	0.0
1.404023365E8	291.0	0.0
1.404088075E8	288.0	38222.23838097934
1.404151525E8	233.5	0.0
1.40421418E8	262.75	0.0
1.40427633E8	275.59090909090907	38222.23838097934
1.404337675E8	304.5	0.0
1.404398365E8	0.0	0.0
1.40445888E8	249.34146341463415	38222.23838097934
1.404519085E8	0.0	0.0
1.404579005E8	275.8888888888889	0.0
1.404638765E8	363.125	38222.23838097934
1.404698365E8	320.0	0.0
1.4047577E8	298.6923076923077	0.0
1.40481673E8	253.78579117330463	38222.23838097934
1.404875345E8	0.0	0.0
1.404915035E8	0.0	0.0
1.404943895E8	0.0	38222.23838097934
1.404990715E8	0.0	0.0
1.405047025E8	350.86752944597936	0.0
1.40510262E8	0.0	38222.23838097934
1.405157995E8	239.94444444444446	0.0
1.40521292E8	245.76470588235293	0.0
1.40526756E8	309.8113425925926	38222.23838097934
1.40532181E8	0.0	0.0
1.40537566E8	264.5481239804241	0.0
1.405429375E8	267.5	38222.23838097934
1.405482795E8	264.0	0.0
1.40553603E8	0.0	0.0
1.405589225E8	229.4	38222.23838097934
1.40564221E8	295.0	0.0
1.405694775E8	209.0	0.0
1.40574688E8	0.0	38222.23838097934
1.405798735E8	292.0	0.0
1.405850135E8	279.5	0.0
1.40590093E8	0.0	38222.23838097934
1.405951535E8	0.0	0.0
1.40600212E8	0.0	0.0
1.406052535E8	0.0	38222.23838097934
1.406102665E8	261.14285714285717	0.0
1.406152645E8	295.0	0.0
1.406202595E8	251.0	38222.23838097934
1.406252495E8	0.0	0.0
1.40630226E8	252.0	0.0
1.40635179E8	0.0	38222.23838097934
1.40640115E8	0.0	0.0
1.4064504E8	0.0	0.0
1.4064995E8	287.14204545454544	38222.23838097934
1.406548455E8	0.0	0.0
1.40659729E8	233.48125	0.0
1.40664601E8	340.0	38222.23838097934
1.406694435E8	177.0	0.0
1.40674261E8	0.0	0.0
1.40679061E8	222.8	38222.23838097934
1.40683806E8	0.0	0.0
1.40688509E8	0.0	0.0
1.406931635E8	0.0	38222.23838097934
1.40697758E8	0.0	0.0
1.40702335E8	0.0	0.0
1.40706898E8	0.0	38222.23838097934
1.40711432E8	146.0	0.0
1.40715925E8	286.57894736842104	0.0
1.40720393E8	292.75	38222.23838097934
1.407248515E8	0.0	0.0
1.407292955E8	251.0	0.0
1.407337135E8	0.0	38222.23838097934
1.40738111E8	0.0	0.0
1.40742499E8	0.0	0.0
1.407468785E8	0.0	38222.23838097934
1.40751256E8	0.0	0.0
1.407556295E8	0.0	0.0
1.40759995E8	239.2	38222.23838097934
1.407643435E8	257.5	0.0
1.407686665E8	296.2105263157895	0.0
1.407729765E8	254.2325581395349	38222.23838097934
1.40777284E8	0.0	0.0
1.40781584E8	279.6304774362328	0.0
1.40785876E8	298.9468085106383	38222.23838097934
1.40790157E8	0.0	0.0
1.407944295E8	226.0	0.0
1.407986935E8	0.0	38222.23838097934
1.40802937E8	0.0	0.0
1.40807165E8	0.0	0.0
1.408113885E8	0.0	38222.23838097934
1.408156105E8	251.63636363636363	0.0
1.408198225E8	330.33846153846156	0.0
1.40824022E8	286.6666666666667	38222.23838097934
1.408282145E8	353.25	0.0
1.408324E8	0.0	0.0
1.408365825E8	0.0	38222.23838097934
1.40840755E8	0.0	0.0
1.408449115E8	0.0	0.0
1.40849054E8	0.0	38222.23838097934
1.40851497E8	0.0	0.0
1.408535395E8	0.0	0.0
1.40857247E8	0.0	38222.23838097934
1.408613235E8	335.0	0.0
1.40865389E8	322.4140625	0.0
1.408694335E8	0.0	38222.23838097934
1.40873455E8	0.0	0.0
1.408774675E8	0.0	0.0
1.408814765E8	0.0	38222.23838097934
1.40885475E8	284.0	0.0
1.408894625E8	292.5	0.0
1.408934395E8	267.6666666666667	38222.23838097934
1.408974065E8	0.0	0.0
1.409013685E8	345.2	0.0
1.409053235E8	295.70580474934036	38222.23838097934
1.40909269E8	0.0	0.0
1.409132055E8	0.0	0.0
1.409171345E8	0.0	38222.23838097934
1.409210595E8	283.88235294117646	0.0
1.40924982E8	0.0	0.0
1.40928899E8	245.0	38222.23838097934
1.40932812E8	0.0	0.0
1.409367215E8	191.5	0.0
1.4094061E8	136.0	38222.23838097934
1.409444775E8	275.48387096774195	0.0
1.409483385E8	294.73191094619665	0.0
1.409521765E8	0.0	38222.23838097934
1.40955989E8	291.6969696969697	0.0
1.409597955E8	0.0	0.0
1.409636015E8	202.0	38222.23838097934
1.40967392E8	0.0	0.0
1.40971157E8	233.5	0.0
1.40974907E8	274.6666666666667	38222.23838097934
1.40978648E8	0.0	0.0
1.409823815E8	240.8	0.0
1.40986105E8	223.66666666666666	38222.23838097934
1.409898215E8	242.83333333333334	0.0
1.40993536E8	0.0	0.0
1.409972465E8	0.0	38222.23838097934
1.41000941E8	0.0	0.0
1.410046115E8	228.0	0.0
1.410082665E8	284.5	38222.23838097934
1.41011916E8	0.0	0.0
1.410155645E8	0.0	0.0
1.410192115E8	0.0	38222.23838097934
1.410228535E8	318.75	0.0
1.410264835E8	246.33333333333334	0.0
1.410301055E8	0.0	38222.23838097934
1.41033718E8	249.33333333333334	0.0
1.41037321E8	0.0	0.0
1.410409235E8	0.0	38222.23838097934
1.41044521E8	0.0	0.0
1.410481085E8	0.0	0.0
1.410516865E8	0.0	38222.23838097934
1.41055252E8	0.0	0.0
1.410588075E8	292.075	0.0
1.41062361E8	806.6666666666666	38222.23838097934
1.41065914E8	0.0	0.0
1.41069467E8	286.51063829787233	0.0
1.41073012E8	276.7894736842105	38222.23838097934
1.41076544E8	0.0	0.0
1.41080071E8	0.0	0.0
1.41083596E8	0.0	38222.23838097934
1.41087117E8	507.0	0.0
1.41090628E8	0.0	0.0
1.410941305E8	287.661316211878	38222.23838097934
1.41097631E8	287.06451612903226	0.0
1.411011295E8	0.0	0.0
1.411046235E8	288.14285714285717	38222.23838097934
1.411081075E8	0.0	0.0
1.41111585E8	0.0	0.0
1.4111506E8	0.0	38222.23838097934
1.411185295E8	244.9	0.0
1.41121994E8	0.0	0.0
1.411254545E8	295.2291666666667	38222.23838097934
1.411289005E8	0.0	0.0
1.411323185E8	0.0	0.0
1.411357175E8	0.0	38222.23838097934
1.4113911E8	292.0	0.0
1.411424975E8	252.0	0.0
1.41145878E8	232.2	38222.23838097934
1.411492525E8	295.77057057057056	0.0
1.41152626E8	410.5	0.0
1.41155995E8	0.0	38222.23838097934
1.411593515E8	282.0	0.0
1.41162699E8	0.0	0.0
1.41166043E8	321.0	38222.23838097934
1.4116937E8	0.0	0.0
1.411726805E8	1241.0	0.0
1.411759855E8	0.0	38222.23838097934
1.41179286E8	311.3333333333333	0.0
1.411825805E8	0.0	0.0
1.411858675E8	275.44	38222.23838097934
1.41189148E8	0.0	0.0
1.41192424E8	239.5	0.0
1.411956955E8	280.5	38222.23838097934
1.411989605E8	320.6666666666667	0.0
1.41202221E8	178.0	0.0
1.4120548E8	327.1485380116959	38222.23838097934
1.412087365E8	0.0	0.0
1.41210776E8	0.0	0.0
1.41212402E8	275.0	38222.23838097934
1.412152325E8	0.0	0.0
1.41218463E8	176.0	0.0
1.41221688E8	0.0	38222.23838097934
1.412249085E8	248.95192307692307	0.0
1.41228124E8	343.65714285714284	0.0
1.41231335E8	0.0	38222.23838097934
1.412345425E8	0.0	0.0
1.41237746E8	0.0	0.0
1.41240947E8	286.3333333333333	38222.23838097934
1.41244146E8	0.0	0.0
1.412473425E8	475.6666666666667	0.0
1.41250538E8	267.813446969697	38222.23838097934
1.412537305E8	277.90916463909167	0.0
1.412569125E8	0.0	0.0
1.41260086E8	0.0	38222.23838097934
1.41263258E8	190.0	0.0
1.412664245E8	0.0	0.0
1.41269585E8	0.0	38222.23838097934
1.41272743E8	0.0	0.0
1.412758995E8	0.0	0.0
1.412790545E8	272.45	38222.23838097934
1.412822035E8	0.0	0.0
1.4128534E8	308.31168831168833	0.0
1.41288466E8	0.0	38222.23838097934
1.41291589E8	0.0	0.0
1.412947105E8	0.0	0.0
1.412978215E8	318.80645161290323	38222.23838097934
1.413009225E8	0.0	0.0
1.413040225E8	264.5	0.0
1.41307117E8	0.0	38222.23838097934
1.41310204E8	270.5	0.0
1.413132865E8	0.0	0.0
1.413163665E8	0.0	38222.23838097934
1.41319445E8	251.35714285714286	0.0
1.413225215E8	175.52542372881356	0.0
1.41325596E8	0.0	38222.23838097934
1.41328669E8	312.6	0.0
1.41331738E8	195.0	0.0
1.413348E8	0.0	38222.23838097934
1.413378585E8	265.9846743295019	0.0
1.413409105E8	279.0	0.0
1.413439555E8	0.0	38222.23838097934
1.41346999E8	0.0	0.0
1.41350033E8	0.0	0.0
1.413530575E8	253.0	38222.23838097934
1.41356076E8	0.0	0.0
1.413590875E8	0.0	0.0
1.41362097E8	0.0	38222.23838097934
1.413651025E8	0.0	0.0
1.41368103E8	298.0	0.0
1.41371102E8	244.58333333333334	38222.23838097934
1.413740995E8	268.0	0.0
1.41377093E8	265.0	0.0
1.413800805E8	240.83333333333334	38222.23838097934
1.413830635E8	247.0	0.0
1.413860455E8	283.625	0.0
1.41389022E8	244.4	38222.23838097934
1.413919895E8	0.0	0.0
1.4139495E8	0.0	0.0
1.413979065E8	0.0	38222.23838097934
1.41400857E8	0.0	0.0
1.41403801E8	0.0	0.0
1.41406741E8	278.6666666666667	38222.23838097934
1.41409678E8	213.0	0.0
1.414126105E8	0.0	0.0
1.41415538E8	279.76356589147287	38222.23838097934
1.414184645E8	0.0	0.0
1.414213895E8	197.33333333333334	0.0
1.414243125E8	311.2147239263804	38222.23838097934
1.414272345E8	296.3142857142857	0.0
1.41430155E8	0.0	0.0
1.414330725E8	168.24285714285713	38222.23838097934
1.414359875E8	273.14285714285717	0.0
1.414389E8	240.85185185185185	0.0
1.414418105E8	0.0	38222.23838097934
1.41444718E8	270.8235294117647	0.0
1.414476225E8	233.36363636363637	0.0
1.41450526E8	384.0	38222.23838097934
1.41453427E8	320.14483925549916	0.0
1.41456323E8	0.0	0.0
1.41459214E8	281.0	38222.23838097934
1.414621005E8	292.8125	0.0
1.414649835E8	310.13618876635036	0.0
1.414678655E8	0.0	38222.23838097934
1.414707475E8	329.0	0.0
1.41473629E8	312.7142857142857	0.0
1.41476508E8	0.0	38222.23838097934
1.414793845E8	270.76	0.0
1.41482258E8	0.0	0.0
1.414851235E8	0.0	38222.23838097934
1.414879835E8	0.0	0.0
1.414908425E8	0.0	0.0
1.41493699E8	288.85714285714283	38222.23838097934
1.41496551E8	301.8423892100193	0.0
1.414993995E8	0.0	0.0
1.415022465E8	0.0	38222.23838097934
1.415050915E8	0.0	0.0
1.41507934E8	0.0	0.0
1.415107725E8	200.66666666666666	38222.23838097934
1.415136075E8	0.0	0.0
1.41516441E8	0.0	0.0
1.415192725E8	0.0	38222.23838097934
1.41522102E8	0.0	0.0
1.415249305E8	185.0	0.0
1.41527757E8	212.25	38222.23838097934
1.41530581E8	0.0	0.0
1.415334035E8	0.0	0.0
1.415362255E8	0.0	38222.23838097934
1.415390465E8	0.0	0.0
1.41541866E8	0.0	0.0
1.41544683E8	294.9139072847682	38222.23838097934
1.415474975E8	0.0	0.0
1.4155031E8	0.0	0.0
1.415531175E8	0.0	38222.23838097934
1.41555919E8	336.05882352941177	0.0
1.415587165E8	0.0	0.0
1.41561512E8	0.0	38222.23838097934
1.41564307E8	286.0	0.0
1.415671015E8	279.0	0.0
1.415695015E8	282.7763157894737	38222.23838097934
1.41570898E8	247.76923076923077	0.0
1.41572688E8	0.0	0.0
1.4157548E8	0.0	38222.23838097934
1.415782705E8	430.26666666666665	0.0
1.415810595E8	177.0	0.0
1.41583847E8	265.5217391304348	38222.23838097934
1.415866325E8	0.0	0.0
1.41589416E8	319.102658788774	0.0
1.41592198E8	0.0	38222.23838097934
1.41594971E8	0.0	0.0
1.415977345E8	218.0	0.0
1.41600491E8	0.0	38222.23838097934
1.416032415E8	0.0	0.0
1.41605989E8	0.0	0.0
1.416087335E8	0.0	38222.23838097934
1.416114735E8	0.0	0.0
1.41614208E8	0.0	0.0
1.416169385E8	272.265625	38222.23838097934
1.41619657E8	306.92936559843037	0.0
1.416223655E8	106.0	0.0
1.41625071E8	0.0	38222.23838097934
1.416277715E8	0.0	0.0
1.41630469E8	156.0	0.0
1.416331645E8	306.90749863163654	38222.23838097934
1.41635856E8	0.0	0.0
1.416385445E8	603.0	0.0
1.416412325E8	0.0	38222.23838097934
1.416439195E8	248.44117647058823	0.0
1.41646598E8	446.64864864864865	0.0
1.416492685E8	0.0	38222.23838097934
1.41651938E8	202.71428571428572	0.0
1.416546065E8	0.0	0.0
1.41657273E8	291.23115577889445	38222.23838097934
1.416599375E8	0.0	0.0
1.41662593E8	280.31182795698925	0.0
1.416652385E8	0.0	38222.23838097934
1.416678815E8	298.3102253032929	0.0
1.41670523E8	0.0	0.0
1.41673163E8	0.0	38222.23838097934
1.41675801E8	0.0	0.0
1.416784375E8	284.56164383561645	0.0
1.41681073E8	0.0	38222.23838097934
1.41683705E8	0.0	0.0
1.416863335E8	243.5	0.0
1.416889605E8	0.0	38222.23838097934
1.416915825E8	0.0	0.0
1.416942E8	234.0	0.0
1.416968145E8	0.0	38222.23838097934
1.41699426E8	0.0	0.0
1.41702034E8	644.0	0.0
1.41704638E8	289.0	38222.23838097934
1.41707241E8	205.66666666666666	0.0
1.41709838E8	0.0	0.0
1.417124275E8	268.0	38222.23838097934
1.417150135E8	0.0	0.0
1.41717597E8	211.0	0.0
1.41720177E8	0.0	38222.23838097934
1.41722754E8	0.0	0.0
1.417253305E8	220.75	0.0
1.41727906E8	258.7	38222.23838097934
1.41730481E8	430.0	0.0
1.41733056E8	213.5	0.0
1.417356305E8	265.55555555555554	38222.23838097934
1.417382025E8	249.0	0.0
1.4174077E8	0.0	0.0
1.41743333E8	0.0	38222.23838097934
1.41745892E8	0.0	0.0
1.417484485E8	0.0	0.0
1.41751004E8	243.4516129032258	38222.23838097934
1.41753556E8	0.0	0.0
1.41756104E8	401.101249461439	0.0
1.41758648E8	241.0	38222.23838097934
1.41761189E8	241.66666666666666	0.0
1.417637275E8	0.0	0.0
1.4176626E8	0.0	38222.23838097934
1.41768789E8	0.0	0.0
1.417713145E8	0.0	0.0
1.41773836E8	288.2857142857143	38222.23838097934
1.41776357E8	0.0	0.0
1.417788775E8	0.0	0.0
1.417813975E8	267.2	38222.23838097934
1.41783916E8	270.33720930232556	0.0
1.417864325E8	0.0	0.0
1.41788946E8	261.875	38222.23838097934
1.41791457E8	244.0715123094959	0.0
1.417939675E8	0.0	0.0
1.417964765E8	283.0	38222.23838097934
1.41798983E8	224.0	0.0
1.418014855E8	0.0	0.0
1.41803981E8	272.7857142857143	38222.23838097934
1.4180647E8	0.0	0.0
1.41808953E8	0.0	0.0
1.41811431E8	309.04566210045664	38222.23838097934
1.418139075E8	240.0	0.0
1.41816383E8	0.0	0.0
1.41818857E8	0.0	38222.23838097934
1.418213285E8	0.0	0.0
1.418237955E8	254.0	0.0
1.41826259E8	306.05263157894734	38222.23838097934
1.418287215E8	301.0	0.0
1.41831178E8	255.33333333333334	0.0
1.41833627E8	312.0	38222.23838097934
1.418360715E8	0.0	0.0
1.41838512E8	0.0	0.0
1.418409505E8	297.875	38222.23838097934
1.418433885E8	0.0	0.0
1.418458265E8	279.39102564102564	0.0
1.41848263E8	0.0	38222.23838097934
1.418506975E8	263.0	0.0
1.418531305E8	0.0	0.0
1.41855562E8	0.0	38222.23838097934
1.41857992E8	291.72727272727275	0.0
1.418604205E8	271.7	0.0
1.41862847E8	0.0	38222.23838097934
1.41865272E8	0.0	0.0
1.41867695E8	218.0	0.0
1.41870116E8	259.6666666666667	38222.23838097934
1.418725365E8	0.0	0.0
1.41874956E8	0.0	0.0
1.41877374E8	0.0	38222.23838097934
1.41879789E8	0.0	0.0
1.418822015E8	268.0	0.0
1.418846075E8	0.0	38222.23838097934
1.418870045E8	0.0	0.0
1.418893965E8	281.44594594594594	0.0
1.418917865E8	0.0	38222.23838097934
1.41894176E8	0.0	0.0
1.41896563E8	0.0	0.0
1.41898948E8	0.0	38222.23838097934
1.41901333E8	311.85897435897436	0.0
1.419037175E8	314.5953835709436	0.0
1.41906101E8	275.42045454545456	38222.23838097934
1.41908484E8	274.94721960414705	0.0
1.419108665E8	0.0	0.0
1.41913248E8	0.0	38222.23838097934
1.41915629E8	287.29362150764365	0.0
1.41918009E8	270.21198156682027	0.0
1.41920388E8	206.0	38222.23838097934
1.419227665E8	335.0	0.0
1.41925143E8	1364.0	0.0
1.419275165E8	0.0	38222.23838097934
1.419292615E8	245.7037037037037	0.0
1.41930446E8	0.0	0.0
1.419322555E8	0.0	38222.23838097934
1.419346225E8	0.0	0.0
1.41936987E8	0.0	0.0
1.41939347E8	0.0	38222.23838097934
1.41941703E8	0.0	0.0
1.419440575E8	0.0	0.0
1.41946411E8	0.0	38222.23838097934
1.419487635E8	0.0	0.0
1.419511115E8	289.0	0.0
1.419534545E8	0.0	38222.23838097934
1.419557965E8	272.0833333333333	0.0
1.41958135E8	0.0	0.0
1.419604675E8	231.6	38222.23838097934
1.419627965E8	0.0	0.0
1.419651245E8	302.313969571231	0.0
1.419674515E8	285.1685275645499	38222.23838097934
1.41969777E8	0.0	0.0
1.419721005E8	0.0	0.0
1.419744205E8	0.0	38222.23838097934
1.41976738E8	0.0	0.0
1.419790505E8	296.06451612903226	0.0
1.41981358E8	0.0	38222.23838097934
1.419836635E8	270.95582329317267	0.0
1.41985967E8	261.075	0.0
1.41988266E8	259.8333333333333	38222.23838097934
1.4199056E8	0.0	0.0
1.41992852E8	0.0	0.0
1.41995142E8	0.0	38222.23838097934
1.4199743E8	0.0	0.0
1.419997165E8	0.0	0.0
1.420020015E8	279.85	38222.23838097934
1.42004285E8	0.0	0.0
1.420065675E8	0.0	0.0
1.42008845E8	0.0	38222.23838097934
1.420111165E8	268.8285714285714	0.0
1.42013386E8	0.0	0.0
1.420156535E8	0.0	38222.23838097934
1.42017916E8	0.0	0.0
1.42020175E8	911.0	0.0
1.42022431E8	0.0	38222.23838097934
1.420246815E8	0.0	0.0
1.42026929E8	0.0	0.0
1.42029171E8	0.0	38222.23838097934
1.420314065E8	0.0	0.0
1.420336395E8	0.0	0.0
1.420358715E8	282.37688442211055	38222.23838097934
1.420381015E8	0.0	0.0
1.42040329E8	308.0	0.0
1.42042554E8	0.0	38222.23838097934
1.42044776E8	0.0	0.0
1.420469965E8	0.0	0.0
1.42049215E8	0.0	38222.23838097934
1.420514315E8	0.0	0.0
1.420536445E8	0.0	0.0
1.42055854E8	0.0	38222.23838097934
1.42058062E8	0.0	0.0
1.420602685E8	272.55555555555554	0.0
1.42062474E8	0.0	38222.23838097934
1.42064677E8	0.0	0.0
1.420668775E8	0.0	0.0
1.420690765E8	0.0	38222.23838097934
1.420712745E8	0.0	0.0
1.420734715E8	0.0	0.0
1.420756655E8	0.0	38222.23838097934
1.420778565E8	270.05992509363296	0.0
1.42080046E8	0.0	0.0
1.42082235E8	0.0	38222.23838097934
1.42084423E8	0.0	0.0
1.42086609E8	397.0	0.0
1.4208879E8	0.0	38222.23838097934
1.420909665E8	0.0	0.0
1.42093141E8	0.0	0.0
1.420953105E8	0.0	38222.23838097934
1.42097474E8	0.0	0.0
1.42099635E8	0.0	0.0
1.42101794E8	0.0	38222.23838097934
1.42103946E8	0.0	0.0
1.42106089E8	0.0	0.0
1.421082245E8	0.0	38222.23838097934
1.42110355E8	0.0	0.0
1.421124825E8	0.0	0.0
1.421146075E8	0.0	38222.23838097934
1.421167315E8	351.9642857142857	0.0
1.42118853E8	277.37179487179486	0.0
1.42120971E8	349.0	38222.23838097934
1.421230865E8	0.0	0.0
1.421252E8	0.0	0.0
1.42127313E8	0.0	38222.23838097934
1.42129426E8	0.0	0.0
1.421315385E8	0.0	0.0
1.42133649E8	0.0	38222.23838097934
1.421357575E8	0.0	0.0
1.42137864E8	0.0	0.0
1.42139969E8	353.0	38222.23838097934
1.42142073E8	0.0	0.0
1.421441755E8	171.0	0.0
1.421462745E8	128.0	38222.23838097934
1.421483705E8	0.0	0.0
1.421504655E8	0.0	0.0
1.421525595E8	0.0	38222.23838097934
1.421546525E8	276.14285714285717	0.0
1.421567435E8	278.0	0.0
1.42158833E8	0.0	38222.23838097934
1.421609215E8	325.0	0.0
1.42163009E8	197.5	0.0
1.42165096E8	282.0	38222.23838097934
1.421671825E8	0.0	0.0
1.421692675E8	0.0	0.0
1.4217135E8	266.9375	38222.23838097934
1.4217343E8	0.0	0.0
1.42175509E8	0.0	0.0
1.421775875E8	0.0	38222.23838097934
1.421796645E8	257.5	0.0
1.421817365E8	0.0	0.0
1.421838025E8	270.18926553672316	38222.23838097934
1.42185866E8	0.0	0.0
1.42187929E8	322.46289752650176	0.0
1.421899915E8	241.66666666666666	38222.23838097934
1.421920525E8	0.0	0.0
1.421941125E8	0.0	0.0
1.421961725E8	0.0	38222.23838097934
1.42198232E8	267.4	0.0
1.422002865E8	0.0	0.0
1.422023345E8	0.0	38222.23838097934
1.422043795E8	0.0	0.0
1.42206423E8	223.5	0.0
1.42208462E8	0.0	38222.23838097934
1.42210496E8	0.0	0.0
1.42212529E8	0.0	0.0
1.422145605E8	0.0	38222.23838097934
1.42216589E8	259.6551724137931	0.0
1.42218613E8	1017.0	0.0
1.422206335E8	0.0	38222.23838097934
1.42222652E8	309.0	0.0
1.422246675E8	0.0	0.0
1.422266795E8	0.0	38222.23838097934
1.42228689E8	0.0	0.0
1.422306975E8	0.0	0.0
1.422327045E8	0.0	38222.23838097934
1.422347105E8	0.0	0.0
1.42236716E8	194.66666666666666	0.0
1.42238721E8	257.0	38222.23838097934
1.422407225E8	0.0	0.0
1.422427205E8	312.5	0.0
1.422447185E8	248.8	38222.23838097934
1.42246715E8	0.0	0.0
1.42248709E8	0.0	0.0
1.422507005E8	0.0	38222.23838097934
1.422526905E8	257.44025157232704	0.0
1.422546795E8	297.0	0.0
1.422566665E8	0.0	38222.23838097934
1.422586525E8	0.0	0.0
1.422606355E8	0.0	0.0
1.422626145E8	492.0	38222.23838097934
1.422645915E8	234.0	0.0
1.422665675E8	325.0	0.0
1.42268543E8	236.0	38222.23838097934
1.422705175E8	264.5	0.0
1.422724895E8	0.0	0.0
1.422744575E8	356.0	38222.23838097934
1.422764235E8	177.0	0.0
1.422783895E8	0.0	0.0
1.422803545E8	0.0	38222.23838097934
1.42282318E8	266.2364977728285	0.0
1.422842805E8	0.0	0.0
1.422862425E8	261.88	38222.23838097934
1.4228818E8	189.0	0.0
1.42289161E8	0.0	0.0
1.42290166E8	0.0	38222.23838097934
1.42292127E8	0.0	0.0
1.42294088E8	0.0	0.0
1.422960465E8	0.0	38222.23838097934
1.422980025E8	325.06060606060606	0.0
1.42299954E8	0.0	0.0
1.42301901E8	276.4	38222.23838097934
1.42303848E8	188.66666666666666	0.0
1.423057945E8	0.0	0.0
1.4230774E8	351.0	38222.23838097934
1.423096845E8	0.0	0.0
1.42311628E8	0.0	0.0
1.42313569E8	0.0	38222.23838097934
1.423155065E8	153.0	0.0
1.423174425E8	0.0	0.0
1.42319378E8	0.0	38222.23838097934
1.42321312E8	0.0	0.0
1.42323245E8	0.0	0.0
1.42325177E8	0.0	38222.23838097934
1.42327107E8	323.42105263157896	0.0
1.423290355E8	0.0	0.0
1.423309635E8	325.0	38222.23838097934
1.42332891E8	0.0	0.0
1.423348175E8	264.7674418604651	0.0
1.423367435E8	0.0	38222.23838097934
1.423386685E8	0.0	0.0
1.423405905E8	0.0	0.0
1.42342509E8	248.0	38222.23838097934
1.423444255E8	0.0	0.0
1.423463415E8	0.0	0.0
1.42348253E8	283.0	38222.23838097934
1.423501595E8	0.0	0.0
1.42352065E8	216.0	0.0
1.423539695E8	0.0	38222.23838097934
1.42355873E8	0.0	0.0
1.42357776E8	673.4	0.0
1.42359679E8	0.0	38222.23838097934
1.423615815E8	0.0	0.0
1.42363483E8	255.4	0.0
1.423653835E8	0.0	38222.23838097934
1.423672835E8	0.0	0.0
1.42369183E8	0.0	0.0
1.4237108E8	0.0	38222.23838097934
1.42372975E8	0.0	0.0
1.42374869E8	0.0	0.0
1.42376761E8	0.0	38222.23838097934
1.423786515E8	0.0	0.0
1.423805415E8	293.78187919463085	0.0
1.423824305E8	283.5	38222.23838097934
1.423843155E8	299.6	0.0
1.423861925E8	165.0	0.0
1.423880645E8	0.0	38222.23838097934
1.42389936E8	0.0	0.0
1.423918065E8	312.4	0.0
1.423936765E8	0.0	38222.23838097934
1.42395546E8	0.0	0.0
1.42397415E8	0.0	0.0
1.42399284E8	212.5	38222.23838097934
1.424011525E8	0.0	0.0
1.42403019E8	0.0	0.0
1.42404883E8	307.20680096100534	38222.23838097934
1.42406746E8	0.0	0.0
1.424086055E8	0.0	0.0
1.424104605E8	281.3333333333333	38222.23838097934
1.42412313E8	0.0	0.0
1.42414163E8	0.0	0.0
1.42416009E8	0.0	38222.23838097934
1.42417852E8	326.0	0.0
1.42419695E8	0.0	0.0
1.42421538E8	282.0	38222.23838097934
1.424233805E8	0.0	0.0
1.42425222E8	0.0	0.0
1.42427063E8	0.0	38222.23838097934
1.424288995E8	0.0	0.0
1.424307315E8	0.0	0.0
1.424325625E8	0.0	38222.23838097934
1.42434392E8	0.0	0.0
1.42436221E8	0.0	0.0
1.424380485E8	168.83333333333334	38222.23838097934
1.42439871E8	231.0	0.0
1.424416895E8	0.0	0.0
1.424435075E8	0.0	38222.23838097934
1.42445323E8	0.0	0.0
1.42447136E8	240.55215419501133	0.0
1.424489455E8	0.0	38222.23838097934
1.4245075E8	0.0	0.0
1.424525525E8	0.0	0.0
1.42454354E8	228.0	38222.23838097934
1.424561545E8	0.0	0.0
1.424579545E8	170.33333333333334	0.0
1.424597535E8	0.0	38222.23838097934
1.42461551E8	0.0	0.0
1.42463346E8	0.0	0.0
1.424651385E8	0.0	38222.23838097934
1.42466928E8	0.0	0.0
1.424687145E8	0.0	0.0
1.424705E8	0.0	38222.23838097934
1.42472285E8	253.42857142857142	0.0
1.424740655E8	0.0	0.0
1.42475841E8	0.0	38222.23838097934
1.42477616E8	245.86363636363637	0.0
1.42479391E8	0.0	0.0
1.424811635E8	0.0	38222.23838097934
1.42482933E8	0.0	0.0
1.424847005E8	303.3235294117647	0.0
1.42486464E8	0.0	38222.23838097934
1.424882225E8	249.6	0.0
1.424899775E8	265.8181818181818	0.0
1.4249173E8	218.0	38222.23838097934
1.42493479E8	0.0	0.0
1.42495226E8	0.0	0.0
1.42496973E8	0.0	38222.23838097934
1.42498718E8	0.0	0.0
1.4250046E8	0.0	0.0
1.425021995E8	806.6666666666666	38222.23838097934
1.42503937E8	0.0	0.0
1.425056725E8	0.0	0.0
1.42507406E8	0.0	38222.23838097934
1.425091385E8	194.0	0.0
1.425108685E8	0.0	0.0
1.425125945E8	0.0	38222.23838097934
1.425143185E8	276.55555555555554	0.0
1.4251604E8	256.0	0.0
1.42517759E8	276.11392405063293	38222.23838097934
1.425194765E8	0.0	0.0
1.425211925E8	0.0	0.0
1.42522908E8	0.0	38222.23838097934
1.425246225E8	0.0	0.0
1.42526336E8	0.0	0.0
1.425280485E8	140.0	38222.23838097934
1.425297595E8	290.14285714285717	0.0
1.425314695E8	230.5	0.0
1.42533179E8	0.0	38222.23838097934
1.425348875E8	0.0	0.0
1.425365935E8	0.0	0.0
1.42538297E8	0.0	38222.23838097934
1.4254E8	0.0	0.0
1.425416995E8	0.0	0.0
1.425433925E8	286.93333333333334	38222.23838097934
1.425450825E8	287.3333333333333	0.0
1.42546771E8	0.0	0.0
1.42548457E8	263.125	38222.23838097934
1.42550141E8	0.0	0.0
1.42551824E8	258.8	0.0
1.42553507E8	240.8	38222.23838097934
1.425551885E8	0.0	0.0
1.42556868E8	375.25	0.0
1.425585465E8	0.0	38222.23838097934
1.42560223E8	0.0	0.0
1.42561894E8	272.8888888888889	0.0
1.42563556E8	0.0	38222.23838097934
1.425652095E8	0.0	0.0
1.42566857E8	0.0	0.0
1.42568501E8	0.0	38222.23838097934
1.42570144E8	0.0	0.0
1.42571786E8	0.0	0.0
1.42573425E8	0.0	38222.23838097934
1.42575062E8	0.0	0.0
1.42576699E8	310.037037037037	0.0
1.425783355E8	0.0	38222.23838097934
1.425799685E8	0.0	0.0
1.42581598E8	0.0	0.0
1.42583225E8	228.66666666666666	38222.23838097934
1.4258485E8	0.0	0.0
1.42586474E8	0.0	0.0
1.425880965E8	0.0	38222.23838097934
1.42589717E8	263.14814814814815	0.0
1.425913335E8	277.2857142857143	0.0
1.42592946E8	286.0	38222.23838097934
1.425945565E8	314.0	0.0
1.425961665E8	247.0	0.0
1.425977755E8	291.3636363636364	38222.23838097934
1.42599378E8	0.0	0.0
1.42600974E8	292.0	0.0
1.426025685E8	358.8	38222.23838097934
1.426041585E8	0.0	0.0
1.426057445E8	0.0	0.0
1.426073305E8	0.0	38222.23838097934
1.42608914E8	0.0	0.0
1.42610493E8	0.0	0.0
1.4261207E8	0.0	38222.23838097934
1.42613646E8	0.0	0.0
1.4261522E8	0.0	0.0
1.42616792E8	316.0	38222.23838097934
1.42618361E8	0.0	0.0
1.426199275E8	273.9655172413793	0.0
1.426214905E8	0.0	38222.23838097934
1.426230505E8	333.3333333333333	0.0
1.426246095E8	0.0	0.0
1.426261665E8	0.0	38222.23838097934
1.426277225E8	0.0	0.0
1.42629278E8	0.0	0.0
1.42630832E8	346.0	38222.23838097934
1.426323845E8	288.7142857142857	0.0
1.426339355E8	0.0	0.0
1.426354855E8	985.0	38222.23838097934
1.42637035E8	0.0	0.0
1.426385825E8	0.0	0.0
1.426401275E8	0.0	38222.23838097934
1.42641671E8	239.85185185185185	0.0
1.42643213E8	0.0	0.0
1.426447535E8	0.0	38222.23838097934
1.426462925E8	0.0	0.0
1.42647757E8	257.0	0.0
1.42648524E8	0.0	38222.23838097934
1.42649362E8	241.0	0.0
1.42650895E8	0.0	0.0
1.426524275E8	328.3333333333333	38222.23838097934
1.42653958E8	0.0	0.0
1.42655486E8	175.68421052631578	0.0
1.42657012E8	0.0	38222.23838097934
1.42658537E8	0.0	0.0
1.42660062E8	248.52631578947367	0.0
1.42661585E8	263.0	38222.23838097934
1.426631055E8	0.0	0.0
1.42664625E8	0.0	0.0
1.426661435E8	0.0	38222.23838097934
1.426676605E8	0.0	0.0
1.426691735E8	0.0	0.0
1.42670683E8	0.0	38222.23838097934
1.426721915E8	0.0	0.0
1.426736975E8	265.74418604651163	0.0
1.426752015E8	0.0	38222.23838097934
1.426767045E8	0.0	0.0
1.426782025E8	0.0	0.0
1.426796955E8	0.0	38222.23838097934
1.426811875E8	304.3333333333333	0.0
1.426826785E8	0.0	0.0
1.42684168E8	0.0	38222.23838097934
1.426856565E8	0.0	0.0
1.42687144E8	206.0	0.0
1.42688631E8	188.125	38222.23838097934
1.42690117E8	249.88	0.0
1.426916015E8	0.0	0.0
1.426930845E8	0.0	38222.23838097934
1.426945645E8	0.0	0.0
1.426960415E8	0.0	0.0
1.42697517E8	0.0	38222.23838097934
1.42698991E8	283.0	0.0
1.42700463E8	0.0	0.0
1.427019325E8	0.0	38222.23838097934
1.427034E8	0.0	0.0
1.427048665E8	0.0	0.0
1.427063315E8	0.0	38222.23838097934
1.427077945E8	257.0	0.0
1.42709256E8	0.0	0.0
1.42710717E8	0.0	38222.23838097934
1.42712177E8	0.0	0.0
1.427136355E8	260.5686274509804	0.0
1.427150925E8	0.0	38222.23838097934
1.42716547E8	0.0	0.0
1.427179995E8	0.0	0.0
1.427194515E8	0.0	38222.23838097934
1.42720903E8	239.0	0.0
1.427223515E8	0.0	0.0
1.427237975E8	0.0	38222.23838097934
1.42725243E8	351.0	0.0
1.42726687E8	283.0	0.0
1.42728129E8	0.0	38222.23838097934
1.427295695E8	284.0046367851623	0.0
1.427310075E8	0.0	0.0
1.427324415E8	0.0	38222.23838097934
1.427338735E8	106.0	0.0
1.427353055E8	0.0	0.0
1.427367365E8	237.0	38222.23838097934
1.42738166E8	0.0	0.0
1.42739595E8	274.1931818181818	0.0
1.42741022E8	0.0	38222.23838097934
1.427424465E8	0.0	0.0
1.427438705E8	0.0	0.0
1.427452945E8	0.0	38222.23838097934
1.42746718E8	0.0	0.0
1.427481405E8	238.75	0.0
1.42749562E8	0.0	38222.23838097934
1.42750982E8	0.0	0.0
1.427523995E8	269.125	0.0
1.427538155E8	313.0	38222.23838097934
1.427552315E8	0.0	0.0
1.42756647E8	300.0	0.0
1.427580605E8	0.0	38222.23838097934
1.427594725E8	0.0	0.0
1.42760884E8	0.0	0.0
1.427622945E8	0.0	38222.23838097934
1.427637035E8	0.0	0.0
1.427651115E8	316.8	0.0
1.42766519E8	151.2	38222.23838097934
1.427679255E8	0.0	0.0
1.427693305E8	0.0	0.0
1.427707335E8	0.0	38222.23838097934
1.42772132E8	123.0	0.0
1.427735265E8	0.0	0.0
1.4277492E8	257.22222222222223	38222.23838097934
1.42776312E8	0.0	0.0
1.42777703E8	0.0	0.0
1.42779094E8	0.0	38222.23838097934
1.427804825E8	0.0	0.0
1.427818685E8	0.0	0.0
1.42783254E8	0.0	38222.23838097934
1.427846385E8	257.3333333333333	0.0
1.42786022E8	274.0	0.0
1.427874045E8	317.75	38222.23838097934
1.42788786E8	0.0	0.0
1.42790167E8	0.0	0.0
1.427915475E8	0.0	38222.23838097934
1.427929275E8	269.0	0.0
1.42794307E8	265.85714285714283	0.0
1.427956855E8	273.6666666666667	38222.23838097934
1.42797063E8	0.0	0.0
1.4279844E8	251.8095238095238	0.0
1.42799817E8	0.0	38222.23838097934
1.42801194E8	246.5	0.0
1.428025705E8	0.0	0.0
1.42803946E8	0.0	38222.23838097934
1.428053205E8	181.0	0.0
1.428066945E8	0.0	0.0
1.42808068E8	0.0	38222.23838097934
1.4280944E8	0.0	0.0
1.4281081E8	0.0	0.0
1.428121785E8	0.0	38222.23838097934
1.428135455E8	343.875	0.0
1.42814909E8	0.0	0.0
1.428162695E8	297.23782472713344	38222.23838097934
1.428176275E8	260.13157894736844	0.0
1.428189835E8	248.8148148148148	0.0
1.42820339E8	0.0	38222.23838097934
1.42821694E8	0.0	0.0
1.428230475E8	149.0	0.0
1.42824399E8	0.0	38222.23838097934
1.42825748E8	247.0	0.0
1.42827095E8	303.0833333333333	0.0
1.428284415E8	0.0	38222.23838097934
1.428297865E8	223.0	0.0
1.4283113E8	143.6	0.0
1.42832472E8	238.65296803652967	38222.23838097934
1.428338125E8	277.875	0.0
1.428351525E8	187.0	0.0
1.428364925E8	0.0	38222.23838097934
1.42837832E8	299.0	0.0
1.42839171E8	0.0	0.0
1.42840509E8	0.0	38222.23838097934
1.42841846E8	0.0	0.0
1.428431825E8	0.0	0.0
1.428445175E8	206.0	38222.23838097934
1.42845851E8	0.0	0.0
1.42847184E8	276.61204013377926	0.0
1.42848517E8	0.0	38222.23838097934
1.428498495E8	248.4	0.0
1.428511805E8	308.2307692307692	0.0
1.428525105E8	251.0	38222.23838097934
1.428538395E8	225.0	0.0
1.42855167E8	0.0	0.0
1.428564935E8	0.0	38222.23838097934
1.428578195E8	0.0	0.0
1.42859144E8	0.0	0.0
1.42860467E8	0.0	38222.23838097934
1.428617895E8	263.0	0.0
1.428631085E8	0.0	0.0
1.42864424E8	0.0	38222.23838097934
1.42865739E8	0.0	0.0
1.42867054E8	235.0	0.0
1.42868369E8	241.65941240478782	38222.23838097934
1.428696825E8	0.0	0.0
1.42870994E8	0.0	0.0
1.42872305E8	0.0	38222.23838097934
1.428736155E8	0.0	0.0
1.428749255E8	583.5	0.0
1.42876235E8	286.5	38222.23838097934
1.428775435E8	0.0	0.0
1.428788505E8	0.0	0.0
1.428801555E8	263.15384615384613	38222.23838097934
1.428814595E8	0.0	0.0
1.428827635E8	0.0	0.0
1.428840675E8	0.0	38222.23838097934
1.42885371E8	0.0	0.0
1.42886674E8	299.0	0.0
1.428879765E8	171.0	38222.23838097934
1.42889278E8	0.0	0.0
1.42890579E8	247.0	0.0
1.42891879E8	239.03703703703704	38222.23838097934
1.42893177E8	392.14285714285717	0.0
1.42894474E8	192.0	0.0
1.42895771E8	0.0	38222.23838097934
1.428970675E8	0.0	0.0
1.42898363E8	0.0	0.0
1.428996575E8	157.0	38222.23838097934
1.429009515E8	0.0	0.0
1.429022455E8	213.5	0.0
1.42903539E8	258.6666666666667	38222.23838097934
1.42904831E8	0.0	0.0
1.429061215E8	0.0	0.0
1.42907411E8	0.0	38222.23838097934
1.42908699E8	276.6659663865546	0.0
1.429099855E8	0.0	0.0
1.42911271E8	0.0	38222.23838097934
1.429125555E8	0.0	0.0
1.429138395E8	298.3695652173913	0.0
1.42915123E8	0.0	38222.23838097934
1.42916406E8	318.6989247311828	0.0
1.429176885E8	263.55555555555554	0.0
1.4291897E8	0.0	38222.23838097934
1.429202505E8	0.0	0.0
1.429215305E8	0.0	0.0
1.4292281E8	0.0	38222.23838097934
1.429240885E8	247.33333333333334	0.0
1.429253665E8	207.0	0.0
1.429266445E8	276.0	38222.23838097934
1.42927922E8	286.8987222848553	0.0
1.42929199E8	273.6223698781838	0.0
1.42930476E8	0.0	38222.23838097934
1.429317525E8	0.0	0.0
1.42933028E8	281.616212338594	0.0
1.42934303E8	0.0	38222.23838097934
1.429355775E8	0.0	0.0
1.429368515E8	0.0	0.0
1.429381245E8	150.0	38222.23838097934
1.42939396E8	0.0	0.0
1.42940667E8	0.0	0.0
1.42941938E8	0.0	38222.23838097934
1.42943209E8	0.0	0.0
1.4294448E8	238.0	0.0
1.429457505E8	260.49029126213594	38222.23838097934
1.429470205E8	208.3	0.0
1.429482905E8	269.9166666666667	0.0
1.4294956E8	273.0	38222.23838097934
1.429508285E8	0.0	0.0
1.429520965E8	306.7142857142857	0.0
1.429533635E8	251.03125	38222.23838097934
1.42954629E8	0.0	0.0
1.429558935E8	226.1818181818182	0.0
1.42957157E8	0.0	38222.23838097934
1.4295842E8	0.0	0.0
1.42959683E8	298.2352941176471	0.0
1.429609455E8	0.0	38222.23838097934
1.429622075E8	0.0	0.0
1.429634695E8	0.0	0.0
1.42964731E8	0.0	38222.23838097934
1.42965992E8	267.1616766467066	0.0
1.429672525E8	277.23916811091857	0.0
1.429685125E8	268.0	38222.23838097934
1.429697725E8	234.0	0.0
1.429710325E8	279.8	0.0
1.42972292E8	224.84126984126985	38222.23838097934
1.429735505E8	256.3333333333333	0.0
1.429748085E8	207.0625	0.0
1.429760665E8	242.0506329113924	38222.23838097934
1.42977324E8	222.0	0.0
1.42978579E8	0.0	0.0
1.42979832E8	243.05882352941177	38222.23838097934
1.429810845E8	0.0	0.0
1.42982336E8	0.0	0.0
1.42983587E8	0.0	38222.23838097934
1.42984838E8	0.0	0.0
1.42986089E8	231.25	0.0
1.429873395E8	273.76	38222.23838097934
1.42988589E8	0.0	0.0
1.429898375E8	0.0	0.0
1.42991085E8	332.9166666666667	38222.23838097934
1.429923315E8	0.0	0.0
1.429935775E8	246.0	0.0
1.429948225E8	0.0	38222.23838097934
1.42996066E8	217.353125	0.0
1.429973085E8	262.0	0.0
1.4299855E8	0.0	38222.23838097934
1.42999791E8	0.0	0.0
1.43001032E8	188.0	0.0
1.430022725E8	239.5	38222.23838097934
1.430035125E8	0.0	0.0
1.430047525E8	273.48936170212767	0.0
1.43005992E8	218.0	38222.23838097934
1.4300719E8	290.0	0.0
1.43007809E8	0.0	0.0
1.430084685E8	0.0	38222.23838097934
1.430097065E8	220.1610337972167	0.0
1.430109445E8	0.0	0.0
1.43012182E8	0.0	38222.23838097934
1.430134185E8	0.0	0.0
1.43014654E8	0.0	0.0
1.43015889E8	275.6	38222.23838097934
1.430171235E8	0.0	0.0
1.430183575E8	274.07462686567163	0.0
1.430195915E8	0.0	38222.23838097934
1.43020825E8	189.0	0.0
1.43022058E8	0.0	0.0
1.430232905E8	248.53846153846155	38222.23838097934
1.43024522E8	179.6	0.0
1.43025753E8	244.5	0.0
1.43026984E8	228.0	38222.23838097934
1.43028215E8	0.0	0.0
1.430294455E8	254.2	0.0
1.43030675E8	0.0	38222.23838097934
1.43031904E8	0.0	0.0
1.430331325E8	0.0	0.0
1.4303436E8	0.0	38222.23838097934
1.43035587E8	272.1843137254902	0.0
1.43036814E8	0.0	0.0
1.43038041E8	0.0	38222.23838097934
1.430392675E8	334.3333333333333	0.0
1.430404935E8	0.0	0.0
1.430417195E8	0.0	38222.23838097934
1.43042945E8	271.8	0.0
1.4304417E8	0.0	0.0
1.43045395E8	0.0	38222.23838097934
1.4304662E8	280.3333333333333	0.0
1.43047845E8	0.0	0.0
1.4304907E8	168.66666666666666	38222.23838097934
1.430502945E8	300.52597402597405	0.0
1.430515185E8	254.0	0.0
1.430527425E8	0.0	38222.23838097934
1.430539665E8	236.26666666666668	0.0
1.4305519E8	0.0	0.0
1.43056413E8	0.0	38222.23838097934
1.43057636E8	0.0	0.0
1.430588585E8	271.7792207792208	0.0
1.430600805E8	209.5	38222.23838097934
1.43061302E8	0.0	0.0
1.430625225E8	0.0	0.0
1.430637425E8	266.0	38222.23838097934
1.43064962E8	0.0	0.0
1.43066181E8	0.0	0.0
1.430674E8	0.0	38222.23838097934
1.430686185E8	267.1860465116279	0.0
1.430698365E8	0.0	0.0
1.430710525E8	367.0	38222.23838097934
1.43072266E8	0.0	0.0
1.430734785E8	0.0	0.0
1.430746905E8	264.0	38222.23838097934
1.43075902E8	521.0	0.0
1.43077113E8	0.0	0.0
1.430783235E8	0.0	38222.23838097934
1.43079533E8	0.0	0.0
1.43080742E8	257.0	0.0
1.43081951E8	0.0	38222.23838097934
1.430831595E8	0.0	0.0
1.430843675E8	0.0	0.0
1.430855755E8	223.33333333333334	38222.23838097934
1.430867835E8	0.0	0.0
1.43087991E8	231.0	0.0
1.430891975E8	255.5	38222.23838097934
1.43090403E8	298.3	0.0
1.43091608E8	0.0	0.0
1.43092813E8	290.6	38222.23838097934
1.43094017E8	0.0	0.0
1.4309522E8	0.0	0.0
1.43096423E8	0.0	38222.23838097934
1.430976255E8	261.0	0.0
1.430988275E8	209.0	0.0
1.43100029E8	0.0	38222.23838097934
1.431012295E8	257.672268907563	0.0
1.431024295E8	278.42857142857144	0.0
1.431036295E8	264.0	38222.23838097934
1.43104829E8	176.66666666666666	0.0
1.43106028E8	0.0	0.0
1.431072265E8	0.0	38222.23838097934
1.431084245E8	350.57142857142856	0.0
1.43109622E8	0.0	0.0
1.43110819E8	0.0	38222.23838097934
1.43112015E8	0.0	0.0
1.4311321E8	0.0	0.0
1.43114405E8	263.77777777777777	38222.23838097934
1.431156E8	0.0	0.0
1.43116795E8	266.60251046025104	0.0
1.431179895E8	0.0	38222.23838097934
1.43119183E8	255.0	0.0
1.43120376E8	0.0	0.0
1.43121569E8	0.0	38222.23838097934
1.43122762E8	177.75	0.0
1.431239545E8	0.0	0.0
1.431251465E8	286.85714285714283	38222.23838097934
1.431263385E8	317.0	0.0
1.4312753E8	0.0	0.0
1.43128721E8	0.0	38222.23838097934
1.431299115E8	0.0	0.0
1.431311015E8	0.0	0.0
1.431322915E8	0.0	38222.23838097934
1.43133481E8	290.6666666666667	0.0
1.4313467E8	0.0	0.0
1.43135859E8	0.0	38222.23838097934
1.43137048E8	0.0	0.0
1.43138237E8	0.0	0.0
1.43139426E8	240.66666666666666	38222.23838097934
1.431406145E8	218.0	0.0
1.431418015E8	272.0	0.0
1.431429875E8	0.0	38222.23838097934
1.431441735E8	283.44444444444446	0.0
1.431453595E8	0.0	0.0
1.431465455E8	0.0	38222.23838097934
1.43147731E8	0.0	0.0
1.43148916E8	981.0	0.0
1.43150101E8	220.0	38222.23838097934
1.43151286E8	0.0	0.0
1.431524705E8	0.0	0.0
1.431536545E8	0.0	38222.23838097934
1.431548385E8	0.0	0.0
1.431560225E8	0.0	0.0
1.431572055E8	273.0	38222.23838097934
1.431583875E8	275.14144736842104	0.0
1.43159569E8	0.0	0.0
1.4316075E8	261.5822784810127	38222.23838097934
1.43161931E8	147.0	0.0
1.43163111E8	0.0	0.0
1.4316429E8	0.0	38222.23838097934
1.43165469E8	0.0	0.0
1.431666475E8	0.0	0.0
1.431678255E8	0.0	38222.23838097934
1.431690035E8	0.0	0.0
1.431701815E8	0.0	0.0
1.431713595E8	0.0	38222.23838097934
1.431725375E8	0.0	0.0
1.43173715E8	0.0	0.0
1.431748915E8	319.9148498560263	38222.23838097934
1.43176067E8	0.0	0.0
1.43177242E8	286.0	0.0
1.431784165E8	0.0	38222.23838097934
1.431795905E8	0.0	0.0
1.43180764E8	0.0	0.0
1.43181937E8	0.0	38222.23838097934
1.4318311E8	0.0	0.0
1.43184282E8	0.0	0.0
1.43185453E8	249.55555555555554	38222.23838097934
1.43186624E8	0.0	0.0
1.43187795E8	0.0	0.0
1.431889655E8	268.0	38222.23838097934
1.43190135E8	248.0	0.0
1.43191304E8	0.0	0.0
1.431924725E8	246.0	38222.23838097934
1.4319364E8	0.0	0.0
1.43194807E8	0.0	0.0
1.43195974E8	353.0	38222.23838097934
1.431971405E8	0.0	0.0
1.431983065E8	266.3435468895079	0.0
1.431994725E8	313.696795398521	38222.23838097934
1.432006385E8	0.0	0.0
1.43201804E8	0.0	0.0
1.43202969E8	0.0	38222.23838097934
1.432041335E8	0.0	0.0
1.43205297E8	0.0	0.0
1.4320646E8	256.41337719298247	38222.23838097934
1.43207623E8	0.0	0.0
1.43208786E8	276.6666666666667	0.0
1.43209949E8	0.0	38222.23838097934
1.43211112E8	226.08029197080293	0.0
1.432122745E8	275.1864406779661	0.0
1.432134365E8	257.5	38222.23838097934
1.432145985E8	242.12410501193318	0.0
1.4321576E8	0.0	0.0
1.43216921E8	0.0	38222.23838097934
1.43218082E8	0.0	0.0
1.432192425E8	0.0	0.0
1.432204025E8	302.5	38222.23838097934
1.432215625E8	0.0	0.0
1.43222722E8	0.0	0.0
1.43223881E8	0.0	38222.23838097934
1.4322504E8	312.625	0.0
1.43226199E8	275.0	0.0
1.43227358E8	266.18367346938777	38222.23838097934
1.432285165E8	0.0	0.0
1.432296745E8	251.97476340694007	0.0
1.432308325E8	324.3333333333333	38222.23838097934
1.4323199E8	291.0	0.0
1.43233147E8	243.0	0.0
1.432343035E8	0.0	38222.23838097934
1.432354595E8	250.0	0.0
1.43236615E8	0.0	0.0
1.4323777E8	238.33333333333334	38222.23838097934
1.43238925E8	0.0	0.0
1.4324008E8	223.84341637010675	0.0
1.432412345E8	0.0	38222.23838097934
1.432423885E8	0.0	0.0
1.432435425E8	366.0	0.0
1.432446965E8	264.2352941176471	38222.23838097934
1.4324585E8	0.0	0.0
1.43247003E8	311.0	0.0
1.43248156E8	0.0	38222.23838097934
1.432493085E8	295.0	0.0
1.432504605E8	0.0	0.0
1.432516125E8	286.0	38222.23838097934
1.432527645E8	0.0	0.0
1.43253916E8	242.25	0.0
1.432550665E8	0.0	38222.23838097934
1.432562165E8	207.0	0.0
1.432573655E8	0.0	0.0
1.432585135E8	0.0	38222.23838097934
1.432596615E8	214.0	0.0
1.432608095E8	273.6170212765957	0.0
1.432619575E8	0.0	38222.23838097934
1.432631055E8	0.0	0.0
1.43264253E8	266.0	0.0
1.432654E8	264.77327491785326	38222.23838097934
1.43266547E8	0.0	0.0
1.432676935E8	211.0	0.0
1.432688395E8	0.0	38222.23838097934
1.432699855E8	0.0	0.0
1.43271131E8	271.0	0.0
1.432722755E8	270.5217391304348	38222.23838097934
1.432734195E8	251.85714285714286	0.0
1.432745635E8	252.6614730878187	0.0
1.432757075E8	318.3265306122449	38222.23838097934
1.432768515E8	0.0	0.0
1.43277995E8	214.0	0.0
1.43279138E8	204.66666666666666	38222.23838097934
1.432802805E8	0.0	0.0
1.432814225E8	348.0	0.0
1.432825645E8	236.31406044678056	38222.23838097934
1.43283706E8	280.3796296296296	0.0
1.43284847E8	299.18772563176896	0.0
1.432859875E8	284.11538461538464	38222.23838097934
1.432871275E8	0.0	0.0
1.432882675E8	0.0	0.0
1.432894075E8	0.0	38222.23838097934
1.43290547E8	269.6756756756757	0.0
1.43291686E8	0.0	0.0
1.43292825E8	0.0	38222.23838097934
1.43293964E8	250.33333333333334	0.0
1.43295103E8	184.0	0.0
1.432962415E8	0.0	38222.23838097934
1.43297379E8	0.0	0.0
1.432985155E8	251.93277700509967	0.0
1.432996515E8	0.0	38222.23838097934
1.433007875E8	363.35082458770614	0.0
1.433019235E8	245.0	0.0
1.43303059E8	0.0	38222.23838097934
1.43304194E8	210.0	0.0
1.43305329E8	263.0	0.0
1.433064635E8	0.0	38222.23838097934
1.433075975E8	256.0381679389313	0.0
1.433087315E8	252.98421541318478	0.0
1.433098655E8	0.0	38222.23838097934
1.43310999E8	0.0	0.0
1.43312132E8	0.0	0.0
1.43313265E8	0.0	38222.23838097934
1.433143975E8	268.5945851387356	0.0
1.433155295E8	210.25	0.0
1.433166615E8	0.0	38222.23838097934
1.433177935E8	0.0	0.0
1.43318925E8	0.0	0.0
1.43320056E8	259.6911855352373	38222.23838097934
1.43321187E8	0.0	0.0
1.433223175E8	0.0	0.0
1.433234475E8	270.0	38222.23838097934
1.433245775E8	226.75	0.0
1.43325707E8	0.0	0.0
1.43326836E8	0.0	38222.23838097934
1.43327965E8	314.46153846153845	0.0
1.43329094E8	184.0	0.0
1.43330222E8	254.8	38222.23838097934
1.43331349E8	0.0	0.0
1.433324755E8	253.38427947598254	0.0
1.433336015E8	0.0	38222.23838097934
1.433347275E8	0.0	0.0
1.433358535E8	0.0	0.0
1.433369795E8	233.07142857142858	38222.23838097934
1.43338105E8	279.34375	0.0
1.4333923E8	0.0	0.0
1.433403545E8	328.3333333333333	38222.23838097934
1.433414785E8	0.0	0.0
1.43342602E8	0.0	0.0
1.43343725E8	196.12745098039215	38222.23838097934
1.43344848E8	166.0	0.0
1.43345971E8	242.6	0.0
1.43347094E8	0.0	38222.23838097934
1.433482165E8	309.07560137457045	0.0
1.43349338E8	0.0	0.0
1.433504585E8	256.0	38222.23838097934
1.43351578E8	164.14285714285714	0.0
1.43352697E8	192.5	0.0
1.433538155E8	226.66666666666666	38222.23838097934
1.433549335E8	0.0	0.0
1.433560515E8	242.33333333333334	0.0
1.433571695E8	285.0	38222.23838097934
1.43358287E8	0.0	0.0
1.43359404E8	0.0	0.0
1.43360521E8	290.5	38222.23838097934
1.43361638E8	251.5	0.0
1.43362755E8	306.75	0.0
1.43363872E8	283.7142857142857	38222.23838097934
1.433649885E8	0.0	0.0
1.433661045E8	252.3913043478261	0.0
1.433668735E8	229.63247863247864	38222.23838097934
1.433674315E8	327.0	0.0
1.433683365E8	251.0	0.0
1.433694525E8	304.0	38222.23838097934
1.433705685E8	0.0	0.0
1.43371684E8	178.0	0.0
1.43372799E8	0.0	38222.23838097934
1.43373914E8	217.0	0.0
1.433750285E8	392.0	0.0
1.433761425E8	0.0	38222.23838097934
1.433772565E8	0.0	0.0
1.433783705E8	0.0	0.0
1.433794845E8	0.0	38222.23838097934
1.433805985E8	0.0	0.0
1.433817115E8	151.0	0.0
1.433828235E8	0.0	38222.23838097934
1.433839355E8	0.0	0.0
1.433850475E8	282.25212224108657	0.0
1.43386159E8	365.25	38222.23838097934
1.433872695E8	0.0	0.0
1.433883795E8	0.0	0.0
1.433894895E8	379.0	38222.23838097934
1.433905995E8	0.0	0.0
1.43391709E8	243.0	0.0
1.43392818E8	0.0	38222.23838097934
1.43393927E8	260.2857142857143	0.0
1.43395036E8	171.0	0.0
1.433961445E8	264.32	38222.23838097934
1.433972525E8	0.0	0.0
1.4339836E8	0.0	0.0
1.43399467E8	250.0	38222.23838097934
1.43400574E8	0.0	0.0
1.434016805E8	253.52895752895753	0.0
1.434027865E8	320.0	38222.23838097934
1.43403892E8	0.0	0.0
1.43404997E8	0.0	0.0
1.43406102E8	0.0	38222.23838097934
1.43407207E8	0.0	0.0
1.43408312E8	0.0	0.0
1.43409417E8	250.0	38222.23838097934
1.43410521E8	0.0	0.0
1.43411624E8	0.0	0.0
1.43412727E8	0.0	38222.23838097934
1.434138295E8	0.0	0.0
1.434149315E8	0.0	0.0
1.434160335E8	0.0	38222.23838097934
1.43417135E8	249.83333333333334	0.0
1.43418236E8	0.0	0.0
1.43419337E8	193.5	38222.23838097934
1.434204375E8	277.90563647878406	0.0
1.434215375E8	0.0	0.0
1.43422637E8	0.0	38222.23838097934
1.43423736E8	273.0	0.0
1.434248345E8	248.41666666666666	0.0
1.434259325E8	0.0	38222.23838097934
1.434270305E8	0.0	0.0
1.43428128E8	0.0	0.0
1.43429225E8	0.0	38222.23838097934
1.43430322E8	0.0	0.0
1.434314185E8	0.0	0.0
1.434325145E8	0.0	38222.23838097934
1.434336095E8	219.8	0.0
1.43434703E8	0.0	0.0
1.434357955E8	0.0	38222.23838097934
1.43436887E8	0.0	0.0
1.43437978E8	289.0	0.0
1.434390685E8	0.0	38222.23838097934
1.434401585E8	0.0	0.0
1.434412485E8	286.07142857142856	0.0
1.434423385E8	260.57894736842104	38222.23838097934
1.434434285E8	0.0	0.0
1.43444518E8	203.0	0.0
1.43445607E8	194.0	38222.23838097934
1.434466955E8	0.0	0.0
1.434477835E8	201.11111111111111	0.0
1.434488715E8	0.0	38222.23838097934
1.434499595E8	265.2	0.0
1.43451047E8	0.0	0.0
1.43452134E8	297.9516129032258	38222.23838097934
1.43453221E8	270.2647058823529	0.0
1.434543075E8	278.5344827586207	0.0
1.434553935E8	238.0	38222.23838097934
1.434564795E8	263.64285714285717	0.0
1.434575655E8	256.0	0.0
1.434586505E8	0.0	38222.23838097934
1.434597345E8	164.0	0.0
1.434608185E8	0.0	0.0
1.434619025E8	0.0	38222.23838097934
1.434629865E8	205.0	0.0
1.4346407E8	0.0	0.0
1.43465153E8	298.0	38222.23838097934
1.43466236E8	277.8508956796628	0.0
1.434673185E8	0.0	0.0
1.434684005E8	242.0	38222.23838097934
1.43469482E8	0.0	0.0
1.43470563E8	271.70588235294116	0.0
1.434716435E8	319.6666666666667	38222.23838097934
1.434727235E8	0.0	0.0
1.434738035E8	318.8181818181818	0.0
1.43474883E8	0.0	38222.23838097934
1.43475962E8	0.0	0.0
1.434770405E8	0.0	0.0
1.434781185E8	210.8498023715415	38222.23838097934
1.434791965E8	0.0	0.0
1.434802745E8	0.0	0.0
1.43481352E8	476.0	38222.23838097934
1.43482429E8	0.0	0.0
1.434835055E8	0.0	0.0
1.434845815E8	258.0	38222.23838097934
1.434856575E8	0.0	0.0
1.434867335E8	0.0	0.0
1.43487809E8	0.0	38222.23838097934
1.43488884E8	313.9	0.0
1.43489959E8	253.93069306930693	0.0
1.43491034E8	0.0	38222.23838097934
1.434921085E8	0.0	0.0
1.434931825E8	249.78947368421052	0.0
1.434942565E8	171.55357142857142	38222.23838097934
1.434953305E8	221.0	0.0
1.43496404E8	0.0	0.0
1.434974765E8	263.1031518624642	38222.23838097934
1.434985485E8	0.0	0.0
1.4349962E8	0.0	0.0
1.43500691E8	222.77777777777777	38222.23838097934
1.435017615E8	0.0	0.0
1.435028315E8	262.5	0.0
1.435039015E8	0.0	38222.23838097934
1.43504971E8	253.0	0.0
1.4350604E8	0.0	0.0
1.435071085E8	260.0	38222.23838097934
1.43508176E8	258.0	0.0
1.43509243E8	0.0	0.0
1.4351031E8	230.5	38222.23838097934
1.435113765E8	208.5	0.0
1.435124415E8	248.0	0.0
1.435135055E8	0.0	38222.23838097934
1.435145695E8	249.33333333333334	0.0
1.43515633E8	0.0	0.0
1.43516696E8	0.0	38222.23838097934
1.43517759E8	204.0	0.0
1.43518822E8	394.0	0.0
1.43519885E8	0.0	38222.23838097934
1.43520948E8	0.0	0.0
1.43522011E8	0.0	0.0
1.43523074E8	265.0	38222.23838097934
1.435241365E8	290.1515151515151	0.0
1.435251985E8	0.0	0.0
1.435262605E8	324.75	38222.23838097934
1.435273225E8	0.0	0.0
1.435283845E8	239.0	0.0
1.43529446E8	166.75	38222.23838097934
1.435305065E8	260.8475750577367	0.0
1.435315665E8	273.8158953722334	0.0
1.435326265E8	0.0	38222.23838097934
1.43533686E8	255.3	0.0
1.43534745E8	0.0	0.0
1.43535804E8	0.0	38222.23838097934
1.435368625E8	0.0	0.0
1.435379205E8	279.1819487670577	0.0
1.435389785E8	223.0	38222.23838097934
1.435400365E8	293.34285714285716	0.0
1.43541094E8	0.0	0.0
1.435421505E8	245.5	38222.23838097934
1.435432065E8	233.0	0.0
1.435442625E8	224.0	0.0
1.435453185E8	0.0	38222.23838097934
1.43546374E8	0.0	0.0
1.43547429E8	0.0	0.0
1.43548484E8	0.0	38222.23838097934
1.435495385E8	274.70588235294116	0.0
1.435505925E8	0.0	0.0
1.43551646E8	0.0	38222.23838097934
1.43552699E8	262.75	0.0
1.43553752E8	278.075	0.0
1.43554805E8	281.11842105263156	38222.23838097934
1.43555858E8	271.1764705882353	0.0
1.435569105E8	0.0	0.0
1.435579625E8	254.65233881163084	38222.23838097934
1.435590145E8	305.0	0.0
1.43560066E8	0.0	0.0
1.43561117E8	0.0	38222.23838097934
1.43562168E8	298.44444444444446	0.0
1.43563219E8	0.0	0.0
1.4356427E8	233.6	38222.23838097934
1.435653205E8	0.0	0.0
1.435663705E8	280.0	0.0
1.4356742E8	281.5	38222.23838097934
1.43568469E8	0.0	0.0
1.43569518E8	0.0	0.0
1.43570567E8	0.0	38222.23838097934
1.43571616E8	219.5	0.0
1.435726645E8	0.0	0.0
1.435737125E8	243.66666666666666	38222.23838097934
1.435747605E8	0.0	0.0
1.435758085E8	0.0	0.0
1.435768565E8	491.70588235294116	38222.23838097934
1.43577904E8	264.7233436238423	0.0
1.43578951E8	0.0	0.0
1.43579998E8	0.0	38222.23838097934
1.43581045E8	280.0	0.0
1.435820915E8	0.0	0.0
1.43583137E8	0.0	38222.23838097934
1.43584182E8	152.0	0.0
1.43585227E8	0.0	0.0
1.43586272E8	0.0	38222.23838097934
1.435873165E8	0.0	0.0
1.435883605E8	217.59278350515464	0.0
1.435894045E8	303.09090909090907	38222.23838097934
1.43590448E8	403.8	0.0
1.43591491E8	0.0	0.0
1.435925335E8	0.0	38222.23838097934
1.435935755E8	0.0	0.0
1.435946175E8	241.60283687943263	0.0
1.435956595E8	235.28571428571428	38222.23838097934
1.435967015E8	286.0	0.0
1.43597743E8	249.6875	0.0
1.43598784E8	0.0	38222.23838097934
1.43599825E8	0.0	0.0
1.436008655E8	0.0	0.0
1.436019055E8	0.0	38222.23838097934
1.436029455E8	0.0	0.0
1.436039855E8	366.0	0.0
1.43605025E8	248.625	38222.23838097934
1.43606064E8	280.85714285714283	0.0
1.43607103E8	242.0	0.0
1.436081415E8	0.0	38222.23838097934
1.436091795E8	243.66666666666666	0.0
1.436102175E8	0.0	0.0
1.43611255E8	0.0	38222.23838097934
1.43612292E8	0.0	0.0
1.43613329E8	0.0	0.0
1.43614366E8	366.1511254019293	38222.23838097934
1.436154025E8	0.0	0.0
1.436164385E8	256.75	0.0
1.43617474E8	0.0	38222.23838097934
1.43618509E8	235.66666666666666	0.0
1.43619544E8	0.0	0.0
1.43620579E8	0.0	38222.23838097934
1.43621614E8	234.0	0.0
1.43622648E8	0.0	0.0
1.43623681E8	182.0	38222.23838097934
1.43624714E8	237.0	0.0
1.43625747E8	279.8888888888889	0.0
1.436267795E8	0.0	38222.23838097934
1.436278115E8	247.0	0.0
1.436288435E8	0.0	0.0
1.43629875E8	0.0	38222.23838097934
1.43630906E8	0.0	0.0
1.43631937E8	230.66666666666666	0.0
1.436329675E8	274.6666666666667	38222.23838097934
1.436339975E8	0.0	0.0
1.436350275E8	0.0	0.0
1.43636057E8	271.25	38222.23838097934
1.43637086E8	235.0	0.0
1.43638115E8	272.468607028132	0.0
1.43639144E8	237.25245098039215	38222.23838097934
1.43640173E8	0.0	0.0
1.43641202E8	0.0	0.0
1.43642231E8	0.0	38222.23838097934
1.436432595E8	134.0	0.0
1.436442875E8	0.0	0.0
1.43645315E8	0.0	38222.23838097934
1.43646342E8	262.0	0.0
1.43647369E8	0.0	0.0
1.436483955E8	0.0	38222.23838097934
1.436494215E8	0.0	0.0
1.43650447E8	285.0	0.0
1.43651472E8	222.0	38222.23838097934
1.43652497E8	317.25	0.0
1.43653522E8	268.0	0.0
1.43654546E8	0.0	38222.23838097934
1.43655569E8	0.0	0.0
1.436565915E8	0.0	0.0
1.436576135E8	280.2	38222.23838097934
1.436586355E8	243.2258064516129	0.0
1.436596575E8	0.0	0.0
1.43660679E8	285.25	38222.23838097934
1.436617E8	156.0	0.0
1.43662721E8	0.0	0.0
1.436637415E8	266.9394495412844	38222.23838097934
1.436647615E8	0.0	0.0
1.436657815E8	0.0	0.0
1.43666801E8	0.0	38222.23838097934
1.4366782E8	0.0	0.0
1.43668839E8	0.0	0.0
1.43669858E8	0.0	38222.23838097934
1.43670877E8	342.0	0.0
1.436718955E8	259.19718309859155	0.0
1.436729135E8	0.0	38222.23838097934
1.436739315E8	0.0	0.0
1.436749495E8	0.0	0.0
1.436759665E8	0.0	38222.23838097934
1.436769825E8	0.0	0.0
1.436779985E8	0.0	0.0
1.43679014E8	0.0	38222.23838097934
1.43680029E8	0.0	0.0
1.436810435E8	0.0	0.0
1.436820575E8	287.0314960629921	38222.23838097934
1.436830715E8	0.0	0.0
1.436840855E8	0.0	0.0
1.436850995E8	0.0	38222.23838097934
1.43686113E8	281.75	0.0
1.43687126E8	0.0	0.0
1.43688139E8	373.0	38222.23838097934
1.436891515E8	278.0	0.0
1.436901635E8	0.0	0.0
1.436911755E8	241.75	38222.23838097934
1.436921875E8	310.7719298245614	0.0
1.436931995E8	265.5151515151515	0.0
1.43694211E8	0.0	38222.23838097934
1.43695222E8	285.69444444444446	0.0
1.43696233E8	0.0	0.0
1.43697244E8	0.0	38222.23838097934
1.436982545E8	333.92	0.0
1.436992645E8	247.0	0.0
1.437002745E8	0.0	38222.23838097934
1.437012845E8	0.0	0.0
1.437022935E8	0.0	0.0
1.437033015E8	0.0	38222.23838097934
1.437043095E8	0.0	0.0
1.43705317E8	300.0	0.0
1.43706324E8	0.0	38222.23838097934
1.437073305E8	0.0	0.0
1.437083365E8	247.0	0.0
1.437093425E8	0.0	38222.23838097934
1.43710348E8	0.0	0.0
1.43711353E8	0.0	0.0
1.43712358E8	764.6730769230769	38222.23838097934
1.43713363E8	258.6742729306488	0.0
1.43714368E8	228.0	0.0
1.437153725E8	0.0	38222.23838097934
1.437163765E8	0.0	0.0
1.437173805E8	0.0	0.0
1.437183845E8	223.0	38222.23838097934
1.43719388E8	0.0	0.0
1.4372039E8	255.66666666666666	0.0
1.43721391E8	0.0	38222.23838097934
1.43722392E8	237.5	0.0
1.43723393E8	0.0	0.0
1.43724394E8	271.77777777777777	38222.23838097934
1.437251765E8	134.0	0.0
1.437257305E8	0.0	0.0
