#Position (bp)	Coverage	Std
179658.5	406.46569871645016	589.8764634617903
538974.5	474.8889139364793	3884.6941754185846
898290.5	333.4944783978448	731.1276533462111
1257606.5	211.77683710160417	365.95234142682017
1616922.5	162.55879782698239	401.6618436704768
1976238.5	158.94789822885704	354.895910124064
2335554.5	256.45825958209485	433.4381626385345
2694870.5	311.9989507842679	2172.6827954841265
3054186.5	375.6288670696546	455.20763778911027
3413502.5	117.1858948669138	289.3721016790272
3772818.5	107.24526600541029	123.38247312182443
4132134.5	164.29693083525365	2258.7547207087196
4491450.5	295.16059680058777	3516.3294932571075
4850766.5	296.06219873314853	582.0785616127303
5210082.5	453.929460419241	2638.4324549180233
5569398.5	217.47178249785705	565.3373636992718
5928714.5	1094.754213561322	2236.344246141879
6288030.5	330.4431391866769	423.6801408243625
6647346.5	330.9541851740529	624.464922911616
7006662.5	374.01326130759554	1673.6510679854657
7365978.5	232.68063487292522	298.298630425176
7725294.5	419.4350849948235	2774.0509968602555
8084610.5	724.1910936334591	2920.9248780137223
8443926.5	1044.2312783176926	2857.2632886808433
8803242.5	61.38699918734484	106.80056572121087
9162558.5	86.96525342595376	407.42922444642727
9521874.5	291.2135112268866	739.4479997823402
9881190.5	722.9787930401095	4759.828909279022
1.02405065E7	996.6962896169389	5476.156027637477
1.05998225E7	293.59475781763126	465.3753578385212
1.09591385E7	656.4241725945964	3640.236909494642
1.13184545E7	39.31918701087622	121.01259687924097
1.16777705E7	129.43494305847778	347.8014645214146
1.20370865E7	284.45100134700374	564.5035032080841
1.23964025E7	789.3460853399237	486.38510837886264
1.27557185E7	175.99055427534537	456.84801412894325
1.31150345E7	246.9116432332543	418.7898066687846
1.34743505E7	346.54739839027485	2266.876228058978
1.38336665E7	135.46228111189038	312.3177406497766
1.41929825E7	101.32825145554331	227.59621805535102
1.45522985E7	35.45078426788676	124.97332944162594
1.49116145E7	275.05279475447793	595.0152763620333
1.52709305E7	67.9124586714758	241.7600532931126
1.56302465E7	116.28060815549544	267.963316508228
1.59895625E7	18.44461142838059	67.20173631977336
1.63488785E7	468.76508699863075	491.6824996191233
1.67081945E7	399.0280254706164	680.5807507977528
1.70675105E7	46.16453762148081	141.3073108824487
1.74268265E7	198.4607198120874	426.72842105961837
1.77861425E7	44.2601108773336	18.647727043734516
1.81454585E7	67.32704917120306	134.4140798789207
1.85047745E7	331.37444199534673	2768.4591304442997
1.88640905E7	433.7671742978325	2298.750057551647
1.92234065E7	240.3308814525376	426.287956996336
1.95827225E7	387.9478342183482	563.3345177817536
1.99420385E7	150.2198065212793	482.3765404620333
2.03013545E7	190.28648877311335	415.9016708532729
2.06606705E7	342.25702167451493	436.88024480156696
2.10199865E7	481.05920693762596	446.0096977830605
2.13793025E7	343.89929755424197	525.8143474357206
2.17386185E7	738.5921834819491	3632.5282881259163
2.20979345E7	272.0858659230315	3522.5397844486947
2.24572505E7	394.2932293580024	3777.376418516156
2.28165665E7	128.83105400260496	161.9978053231637
2.31758825E7	89.4757594986029	242.71141425304273
2.34346265E7	77.5985256556154	519.0167758127818
2.36142845E7	1.6213956170703576	3.845681396306918
2.38945145E7	23.358564606084894	73.73305289565964
2.42538305E7	48.806565808369236	124.63177407322641
2.46131465E7	309.9840391187701	165.03624441979892
2.49724625E7	162.64727983168018	302.08021778280914
2.53317785E7	105.88198688619488	792.8552920083296
2.56910945E7	89.58921116788565	28.28416994836378
2.60504105E7	142.27520622516113	22.528223734747073
2.64097265E7	215.14115987042047	187.21562350033503
2.67690425E7	16.97417315120952	42.77136618760913
2.71283585E7	84.70776976254885	147.83537354480052
2.74876745E7	320.7291631878347	166.17106553812332
2.78469905E7	909.6243445880506	429.0957426636939
2.82063065E7	500.27842066593195	2808.5886921593537
2.85656225E7	167.7448262810451	291.2064370628726
2.89249385E7	216.21901056451702	412.3328906501765
2.92842545E7	233.38411593138073	455.61014315708366
2.96435705E7	404.5417320687083	1410.1232258242285
3.00028865E7	366.8283349475114	962.7299112265017
3.03622025E7	600.5607125761169	744.0310185684258
3.07215185E7	78.4796613565775	134.5164205641675
3.10808345E7	443.6120183904975	550.7698339886075
3.14401505E7	417.36971913301943	850.4691651193345
3.17994665E7	161.32912533814246	309.343227310708
3.21587825E7	163.2907969586659	363.63744665204814
3.25180985E7	387.720396531187	803.5502827607143
3.28774145E7	204.31296407618922	502.92589994897247
3.32367305E7	445.49899253025194	3225.206839126809
3.35960465E7	609.7913201749992	1167.0472248298365
3.39553625E7	616.8475408832337	430.0963902427749
3.43146785E7	213.1042146745483	498.8033491107089
3.46739945E7	136.46895212013936	247.3771979465305
3.50333105E7	345.86858920838483	562.8191245170619
3.53926265E7	1084.7811118903694	8349.580201184874
3.57519425E7	1472.61778211936	3467.355598997331
3.61112585E7	399.75637878636076	923.8834696694129
3.64705745E7	285.86912077391486	1602.7184430660798
3.68298905E7	269.72144574691913	379.82995769666627
3.71892065E7	162.49698037382137	407.26696361464695
3.75485225E7	873.4398384708725	1424.4722412739914
3.79078385E7	763.0074753142081	5280.264724926643
3.82671545E7	179.88744447784123	535.2690317090655
3.86264705E7	146.48489351991006	220.47818674220565
3.89857865E7	133.14777800042302	296.32415882807544
3.93451025E7	283.7516614901646	412.20023481032433
3.97044185E7	660.365171603825	801.1436310074572
4.00637345E7	444.5685441227221	4494.752116226781
4.04230505E7	275.25500673501875	1154.5511527865253
4.07823665E7	782.237743379087	2929.8760523473084
4.11416825E7	655.0613999933206	3042.3046878054083
4.15009985E7	726.290565964221	3287.2221280734207
4.18603145E7	315.0606819623952	577.0361540439561
4.22196305E7	377.84898529428136	710.0827510483904
4.25789465E7	180.357738035601	234.60348255748002
4.29382625E7	1175.066095024992	3484.0549217655494
4.32975785E7	62.558736599539124	139.4026745746546
4.36568945E7	221.71623863117702	2903.911148988202
4.40162105E7	312.5415372541162	372.59790067989843
4.43755265E7	111.64226196439903	370.3085244309207
4.47348425E7	467.0220613610304	1639.318079346007
4.50941585E7	893.6464142982778	1183.4346165755198
4.54534745E7	105.14209776352848	167.96602301973755
4.58127905E7	238.13267708646427	402.41515641792455
4.61721065E7	853.5388599450066	4048.60217471766
4.65314225E7	471.60444845205893	2961.588613802333
4.68907385E7	492.27626100702446	1821.537857843544
4.72500545E7	420.3463942602055	1174.7660216419854
4.76093705E7	1207.562644023645	4518.942297318761
4.79686865E7	368.8731617851696	888.6457467577808
4.83280025E7	727.0492964410157	6110.255143928559
4.86541545E7	127.8452974183243	102.817706054889
4.88338125E7	3.0590851525750815	3.2040828682942384
4.90466345E7	409.4532083180265	721.4567606403341
4.94059505E7	206.1932421601042	252.71829274837341
4.97652665E7	258.6708217836111	532.1322419455418
5.01245825E7	289.8963614200314	516.1646026073724
5.04838985E7	622.8444015852342	3218.4534075806714
5.08432145E7	149.0527530084939	313.2428078617784
5.12025305E7	240.31965734896303	326.10922902461533
5.15618465E7	431.59877378129556	3637.73526745933
5.19211625E7	797.8541172672523	3440.8771225702667
5.22804785E7	432.25761725055384	373.6895334637041
5.26397945E7	232.5161974418061	594.3685241958417
5.29991105E7	479.45911676630044	583.7421361424914
5.33584265E7	143.64102350020596	330.34591866106217
5.37177425E7	35.82752507542108	132.77139702852597
5.40770585E7	393.826055616783	770.2150641119114
5.44363745E7	362.5317492123924	686.7905969063141
5.47956905E7	81.13696579055761	230.1180877873092
5.51550065E7	96.86010364136304	326.6475330570951
5.55143225E7	131.1441850627303	448.39861987303703
5.58736385E7	362.666622137617	2530.055181431174
5.62329545E7	309.38574124169253	630.5135995406547
5.65922705E7	146.29796056952654	218.56217019682768
5.69515865E7	423.1609474668537	666.3668504265701
5.73109025E7	536.5490932772267	3227.37173066953
5.76702185E7	185.25542976099032	642.9101107026798
5.80295345E7	599.8327600218192	1594.3455716387157
5.83888505E7	975.1989029155395	4220.262095984292
5.87481665E7	195.6859755758163	386.31559832456526
5.91074825E7	81.30463714390676	107.51676901824514
5.94667985E7	597.1510147057187	12986.950717445414
5.98261145E7	298.2999810751539	694.9474407517342
6.01854305E7	167.92310111433946	201.24378372299554
6.05447465E7	456.01588852152423	2855.098311360161
6.09040625E7	313.88644535729	683.0793175559762
6.12633785E7	222.40158245110155	369.3538207144692
6.16226945E7	176.11469013347582	297.0610128071604
6.19820105E7	692.2789689298556	3966.7681590420234
6.23413265E7	99.19099344309744	200.9871501407549
6.27006425E7	255.3969486468735	662.8448541569948
6.30599585E7	78.20238453060816	123.92433075370006
6.34192745E7	190.14996270692092	588.1543332784344
6.37785905E7	340.1639448285075	888.1575604570126
6.41379065E7	68.13851039196696	201.22169225268402
6.44972225E7	250.55357679591222	479.75052516158127
6.48565385E7	298.867887875853	412.83268297184924
6.52158545E7	276.18733092876465	617.5247824404811
6.55751705E7	435.27729630742857	645.9022726477174
6.59344865E7	209.86600652350577	295.1033943813817
6.62938025E7	278.0429260038518	685.4652367270972
6.66531185E7	108.3877506150575	290.5324101045818
6.70124345E7	41.20719645103475	125.48519468130267
6.73717505E7	148.7499916508032	475.4203819635051
6.77310665E7	409.8169021140166	3298.71229022368
6.80903825E7	89.26938126885527	256.7703919435196
6.84496985E7	210.79669427467744	412.0718905630919
6.88090145E7	377.5678539224527	653.7502467567667
6.91683305E7	419.3127442140066	657.8383114538169
6.95276465E7	150.4580731166995	260.2721641539253
6.98869625E7	129.29476004408377	282.68286989119525
7.02462785E7	324.3911904841421	637.9340183384506
7.06055945E7	317.55441728172417	730.9425765223331
7.09649105E7	358.0968395507019	3207.9672018848305
7.13242265E7	15.90499727259571	28.01725257399387
7.16835425E7	281.5825067628494	754.4211942395334
7.20428585E7	705.4160321277093	5243.1463657754775
7.24021745E7	1477.0966809159625	319.18551914125703
7.27614905E7	221.20441338543233	546.405967783098
7.31208065E7	20.98321533135179	45.70679986193019
7.34801225E7	53.95326676240413	104.38823413029138
7.38394385E7	101.53162397444032	554.5038475761013
7.41987545E7	46.54234990927206	36.543096824200596
7.45580705E7	327.6844226252101	51.585839481477265
7.49173865E7	150.6522503868461	33.55014118988843
7.52767025E7	16.300120228434025	14.478508307019212
7.56360185E7	24.201015262331765	5.060472401244288
7.59953345E7	811.4883751349787	3711.750728628041
7.63546505E7	375.3992001469459	92.71332118100364
7.67139665E7	244.33063654276458	262.5342701980461
7.690225E7	7.804127296968292	2.4438272159390806
7.7081908E7	2.1272565155745253	41.6751390642694
7.74325985E7	21.04969163633125	9.385100454623048
7.77919145E7	41.651707689053644	171.10854534032322
7.81512305E7	3.856981041757116	2.945074347595962
7.85105465E7	4.030057108506162	38.487499331372774
7.88698625E7	12.012498747620478	17.164385076753092
7.92291785E7	22.057793140299903	65.55843919150112
7.95884945E7	31.039424907323916	172.3863771372917
7.99478105E7	51.43224070177782	110.19951330792885
8.03071265E7	508.46155473176816	167.76382957996248
8.06664425E7	497.084735998397	539.6352647436073
8.10257585E7	85.3255964109586	167.91569520476747
8.13850745E7	395.7845601086509	1068.1512780168707
8.17443905E7	233.51683476382905	571.5756843119956
8.21037065E7	357.12223502432397	468.7755987095256
8.24630225E7	949.8055694708836	3763.441761294961
8.28223385E7	337.6930278640528	793.0414204786091
8.31816545E7	164.41439011900388	297.0805946424667
8.35409705E7	70.53511950483697	351.63937079695654
8.39002865E7	508.9418895902214	3180.459662664709
8.42596025E7	79.42989457747498	161.8528499990735
8.46189185E7	52.29838081243251	257.86196417806843
8.49782345E7	292.01373164568236	344.94324808409016
8.53375505E7	189.1762598937982	731.3036193082253
8.56968665E7	399.9362399670485	725.0363930320154
8.60561825E7	443.86472353026306	568.0913875279003
8.64154985E7	526.4709420120452	2091.4893972809277
8.67748145E7	579.4769756982712	3710.2093298471564
8.71341305E7	331.28787195671777	689.2445341944549
8.74934465E7	49.90369479789378	168.37602551367945
8.78527625E7	194.34877378129556	522.4450164076165
8.82120785E7	898.5678873192398	5279.773330637318
8.85713945E7	1578.7003612419153	1361.249503544707
8.89307105E7	410.18839684289037	359.45883913031054
8.92900265E7	589.9073907090138	950.0691375872452
8.96493425E7	172.99328167963574	448.4769456710187
9.00086585E7	446.6180131138051	581.4261524035294
9.03679745E7	181.38286633492524	696.3557892931141
9.07272905E7	604.7752368388827	958.4013107609177
9.10866065E7	301.96866546438235	678.5992766704474
9.14459225E7	169.13851317503256	1078.0338147235793
9.18052385E7	419.06499014794775	2082.079956172048
9.21645545E7	1026.534084204433	3153.080517958618
9.25238705E7	72.84058321922764	469.7702401194987
9.28831865E7	369.26454986696945	1872.731531991428
9.32425025E7	326.4322768816306	512.6709686292724
9.36018185E7	237.85985594852443	461.7191419249176
9.39611345E7	211.31849681060683	403.99128246616056
9.43204505E7	108.55521880461767	249.90793887668192
9.46797665E7	105.77361431163655	225.28175116152994
9.50390825E7	1094.0195315543979	2039.1249730183981
9.53983985E7	209.9154309855392	283.2415126809331
9.57577145E7	130.04566732347016	241.61646399085143
9.61170305E7	231.99600630086053	627.1014647500805
9.64763465E7	154.81521835932716	329.7404596935085
9.68356625E7	231.68238542118914	296.46127630880227
9.71949785E7	50.8075593627893	98.01213686491151
9.75542945E7	439.9611623195182	2244.103075808759
9.79136105E7	596.5475681572766	1756.0959080810567
9.82729265E7	288.428550356789	394.03373918545515
9.86322425E7	137.94143038439702	159.42656566766405
9.89915585E7	246.6547440136259	370.8115396682082
9.93508745E7	420.1113226240969	786.5835486906589
9.97101905E7	170.7158545681239	234.25837219534992
1.000695065E8	205.8740857629496	272.4873394894018
1.004288225E8	309.43068218504044	3202.945753907944
1.007881385E8	572.3851067027352	985.8167134133455
1.011474545E8	467.488247113961	444.37510610935414
1.015067705E8	223.5483752463013	336.69507380047037
1.018660865E8	322.63324761491276	737.5012927583115
1.022254025E8	557.1061823019293	3188.414342599863
1.025847185E8	334.3363919224304	3787.310094098309
1.029440345E8	164.27588529316813	662.1713388359194
1.033033505E8	147.91987832437187	219.14076849944772
1.036626665E8	317.15013247392267	908.3070866748839
1.040219825E8	253.62444756147792	374.92146180947515
1.043812985E8	120.15655578933307	332.9148369597148
1.047406145E8	483.9613153881263	3221.5928312388673
1.050999305E8	50.777190550935664	195.59212765908714
1.054592465E8	132.75393803782742	379.6654503025619
1.058185625E8	208.27594930367698	195.15872082885537
1.061778785E8	450.8772556746708	2465.491786451966
1.065371945E8	270.4580564183059	625.095150521299
1.068965105E8	1028.7043716394483	5162.9979928972225
1.072558265E8	581.8436473744559	3554.798818329534
1.076151425E8	192.97510269512074	477.1582256240236
1.079744585E8	473.3026027229514	1638.2443260033917
1.083337745E8	463.8735319328947	2705.578727615872
1.086930905E8	551.5537855258324	1492.5878794491548
1.089314775E8	451.6628156447411	975.4005661793807
1.091111355E8	641.3316615534735	4485.701712882544
1.094117225E8	418.73650769795944	415.92647924682973
1.097710385E8	317.48994200091283	419.44039615040526
1.101303545E8	475.4309827561255	1089.8435225272515
1.10324175E8	223.48550750220653	342.93885775582544
1.10503833E8	194.4753663996906	200.64975197215045
1.108489865E8	288.37369891683085	2268.9179054573606
1.112083025E8	214.42563092097208	632.6487469272438
1.115676185E8	164.26486713644815	213.16505273927203
1.119269345E8	343.77727404290374	3534.4162191603787
1.122862505E8	282.93722238920617	360.025285605409
1.126455665E8	190.75992441193824	283.20340955009544
1.130048825E8	315.8321393981899	325.1453667914015
1.133641985E8	60.54686682474479	106.21638893412998
1.137235145E8	128.60642164557103	387.84179395542617
1.140828305E8	173.42795756381568	344.57499327019275
1.144421465E8	426.57187823531376	799.5977075811916
1.148014625E8	136.17541105878948	187.53428415959718
1.151607785E8	645.3935282592481	1104.8757641468517
1.155200945E8	165.06517661334314	432.84923616496604
1.158794105E8	261.3575988823209	2451.8894462411286
1.162387265E8	446.7734334123724	2147.802076250783
1.165980425E8	306.02623874249963	635.2177547144291
1.169573585E8	790.5705701944806	3843.8236110229186
1.173166745E8	156.96765799463424	202.94127281052138
1.176759905E8	69.61112780950472	169.49716606844936
1.180353065E8	43.80449242449543	125.97601168891458
1.183946225E8	642.7643940152957	3232.991721849433
1.187539385E8	335.3506245199212	392.9284580515346
1.191132545E8	263.4912556078772	371.2343875198526
1.194725705E8	559.8006434447673	1250.8099784883434
1.198318865E8	250.8141301806766	2706.4834586198645
1.201912025E8	66.97069153614089	244.99306742181486
1.205505185E8	231.0832053123156	276.408355568226
1.209098345E8	168.56380456200114	348.7409679344065
1.212691505E8	394.98970265727104	855.5892420050312
1.216284665E8	300.73631844949847	799.5923671128114
1.219877825E8	294.389952019949	426.75693123380995
1.223470985E8	128.9350989101515	290.92482486195416
1.227064145E8	43.13293869463091	86.61933267679957
1.230657305E8	302.321883801445	234.43916423421354
1.234250465E8	124.75527112625099	387.51911668258884
1.237843625E8	428.49958532322523	2180.5313445395795
1.241436785E8	370.7415033007158	754.322444145929
1.245029945E8	125.78436807712431	287.02861574123176
1.248623105E8	63.31433056139999	116.69746435119248
1.252216265E8	181.9941305146445	110.70306212375174
1.255809425E8	209.85435661089403	2327.9904216051464
1.259402585E8	357.1007608901357	665.483339904941
1.262995745E8	382.5078231974084	612.2542546589748
1.266588905E8	495.8283989580202	1132.7060919910757
1.270182065E8	307.57911420588005	1629.842271936384
1.273775225E8	579.720585779648	1906.7575755980774
1.277368385E8	104.42895111823576	301.53808950983506
1.280961545E8	238.96984548419775	291.31776928872466
1.284554705E8	78.14844871923322	186.9576328270589
1.288147865E8	163.69421901613066	370.9101752706652
1.291741025E8	189.0553718732258	298.9047027602574
1.295334185E8	131.77054737334268	270.4837937183749
1.298927345E8	606.6693467588418	2898.985571595363
1.302520505E8	158.10058555700274	464.3633280018663
1.306113665E8	143.2444783978448	298.40790119509904
1.309706825E8	32.05557225394917	63.965103149728215
1.313299985E8	136.90494161128368	293.4569556293476
1.316893145E8	307.6515100913959	363.31198282933275
1.320486305E8	65.66553395896648	214.50328194879347
1.324079465E8	8.557912812120808	8.345556776821418
1.327672625E8	90.23241380845829	192.23180359166406
1.331265785E8	19.11037081566087	44.38141291726415
1.334858945E8	39.93376582172795	129.95330081640938
1.337730805E8	124.63220742504278	373.2040431967723
1.339527385E8	7.086378760571191	64.50880375436316
1.342045265E8	34.656305313428845	70.16150133815665
1.345638425E8	95.77594930367698	430.6664223847374
1.349231585E8	782.8641335203554	185.3189406287392
1.352824745E8	85.45756103262866	70.4655241910711
1.356417905E8	70.46811998352425	142.94920743747087
1.360011065E8	72.38495085106146	48.84421804811715
1.363604225E8	75.1680860301239	109.42949943402074
1.367197385E8	142.4718214607755	175.0585679415723
1.370790545E8	177.4823191842278	1103.9675221613572
1.374033365E8	41.35190563115389	164.1873606693183
1.375577225E8	71800.01382913337	281594.46123739495
1.375927565E8	22.290716999050332	69.04754800086633
1.376371405E8	14.358910632063624	40.62616936527415
1.37699935E8	3.37057173925485	12.429220200569866
1.37786751E8	5.537146301598526	44.26036213344519
1.37868371E8	2279.120353890325	1986.2529162286837
1.37942101E8	4.140139316469703	19.107336667523363
1.37980213E8	15.645110685027017	34.258580529538904
1.38019627E8	0.9190050758643336	4.290186446316121
1.38089538E8	2.7507605161019617	15.102350705703111
1.38156123E8	51.880883216183264	233.6200872007063
1.382206275E8	0.6111874700335624	3.631024310294963
1.38280805E8	2.389599377000952	15.39253624942994
1.38323179E8	0.08604383785187109	0.4528751175777433
1.383484915E8	0.006001183331924605	0.0774673049223
1.38384028E8	5.31380903165932	12.6454241367275
1.384312265E8	0.43425701272719536	1.198839163832995
1.384772795E8	4.820545212765958	8.158390201121717
1.38522045E8	7.731485442795703	15.293852235193539
1.385663025E8	28.438486305097044	155.85700146796242
1.38610046E8	1.2734481248415277	1.9181136670298937
1.38651258E8	2.1060423657180913	3.863521050533738
1.386833775E8	3.3732042225573458	12.667913397384684
1.387019305E8	3.8299462546187435	4.820179282671729
1.38726341E8	0.0	0.0
1.387630385E8	2.584288142097473	6.525634405267171
1.3879854E8	906.5589061730541	1405.3721743705896
1.3883298E8	0.8922844087429785	2.243221791517127
1.388668195E8	0.09255702280912365	0.3378396872211799
1.389001375E8	10.804328250690359	23.275510728829083
1.389325255E8	40.15324221233312	259.7052607726335
1.38963047E8	0.6745766149477741	1.900759263819249
1.38991991E8	0.7857975622681505	3.3989046106874716
1.390198715E8	0.12354312354312354	0.9511869961430831
1.39044446E8	5.134928317890564	21.11301530998469
1.390581695E8	0.49339589850538756	1.341627832735696
1.39074104E8	0.32804901397664177	1.503738400996985
1.391000815E8	2.638622291021672	5.617383043736819
1.39125904E8	4.50494090292579	4.97182918537599
1.391516555E8	2.985096116429294	4.703365147177235
1.391772845E8	30.855046948356808	241.87467856933753
1.39202833E8	1.1835376120922583	2.2070898585186756
1.39227853E8	0.041056197200342814	0.2582357681531324
1.392522945E8	15.922723543888432	26.306910261023475
1.392761035E8	0.0	0.0
1.392991635E8	0.09444104536316755	0.6891406098733103
1.393219065E8	0.5380463634754911	1.4401128320489438
1.39344169E8	28.96793029515077	157.7625239377755
1.393656665E8	0.0	0.0
1.39386585E8	20.657515773250495	49.34077633376192
1.394057875E8	0.04500623512073461	0.26253842685468276
1.394157655E8	0.0	0.0
1.39426072E8	0.34171266189409255	1.095400216345181
1.394433E8	0.1213096490685152	0.7652636932104298
1.394591395E8	0.14637289009148305	0.7646688591249476
1.39474609E8	0.0	0.0
1.394898515E8	0.07532519246084417	0.5023834880846301
1.39504877E8	2.2737769472068345	7.306113641059398
1.39519712E8	0.2283652209436917	1.2272301432374533
1.39534307E8	0.0	0.0
1.39548658E8	0.7418128037185717	2.4271337494880822
1.395628065E8	0.3809760249680806	1.0288090234875842
1.395768695E8	0.18213572854291418	1.2122544610120076
1.395908865E8	0.0	0.0
1.396048595E8	0.2642754662840746	1.3609642965029651
1.39618797E8	0.14223179045568712	0.5817460078534195
1.396327175E8	0.3405724147849849	0.9776739728757241
1.39646447E8	0.06271674168080868	0.353122697290677
1.39659998E8	8.498929810318105	49.63820242822616
1.39673523E8	0.0	0.0
1.39687001E8	0.7574136008918617	1.9995354347106964
1.39700456E8	0.0211073950204385	0.17793564154114191
1.397138915E8	0.0	0.0
1.397272965E8	0.021203523965954905	0.1456142986315386
1.39740652E8	0.28039348201546893	1.667192227716136
1.397539385E8	0.0	0.0
1.397671835E8	0.19321444763487985	1.0051251466234403
1.397738625E8	0.0	0.0
1.39780441E8	1.668226808869792	4.328675980024897
1.397935115E8	0.0866646322856271	0.40006865446829043
1.39806605E8	0.0	0.0
1.398195725E8	9.268823895457373	18.149741444413653
1.398324245E8	0.0	0.0
1.39845262E8	0.21189678022920402	1.1182518738860912
1.398580325E8	0.23422998269624037	1.5971994524552628
1.3987073E8	0.03722103935020898	0.272840757036807
1.398833975E8	0.022443496127706655	0.1955729405896438
1.398960405E8	6.587872070930969	7.160524833846804
1.399086725E8	0.022482583913869536	0.16454208437382314
1.399212565E8	0.6514837268666241	3.1347757115885564
1.39933781E8	265.87844641572764	473.56756543433943
1.39946267E8	0.21358054418492656	0.8988046212446396
1.399587085E8	0.8467482292337412	1.7771443700614789
1.399711325E8	0.0	0.0
1.39983544E8	0.17211065408500686	0.7662533031094688
1.399959275E8	8.629446959896507	24.55851119645259
1.400082885E8	0.9044843775295451	4.8155470386580435
1.40020559E8	0.045868548453269875	0.25875972076619386
1.400327265E8	0.052271978926572274	0.2494643586759207
1.400448715E8	0.0	0.0
1.4005699E8	0.0	0.0
1.400690545E8	0.0	0.0
1.40081085E8	0.1413486322441174	0.5063823142070438
1.400930995E8	0.5719880019996667	2.3367726851870496
1.40105101E8	0.0	0.0
1.40117094E8	0.16570713391739675	0.7930654813688718
1.401281635E8	0.0	0.0
1.40134155E8	0.0	0.0
1.401410485E8	4.595584545910687	21.84417936053232
1.40153003E8	0.49644381223328593	2.044828535256509
1.40164882E8	0.0	0.0
1.40176667E8	0.37354416390376605	1.4997520268833147
1.4018842E8	285.43268330068975	755.5852503259252
1.40200076E8	2.429423459244533	7.979877883334609
1.402116215E8	0.0	0.0
1.402231315E8	0.048008349278135326	0.3399784098820767
1.402345955E8	0.07454068241469816	0.30909231265559184
1.402459205E8	0.10124777183600712	0.7016659574644672
1.402571045E8	0.0	0.0
1.402682415E8	0.0	0.0
1.4027885E8	24.086512734119513	58.75193791780161
1.40288828E8	0.17212366953877345	0.6628204644313048
1.402984445E8	0.0	0.0
1.40307799E8	0.0	0.0
1.403166425E8	0.13575365444524323	0.4839875506634651
1.40324819E8	0.0	0.0
1.403326835E8	0.25744625744625743	0.8647159925280368
1.403402015E8	0.0	0.0
1.4034742E8	0.0	0.0
1.40354483E8	0.36384406682850207	0.5483869612941535
1.403614525E8	8.745242214532873	12.808865739107867
1.403683705E8	12.074782608695653	12.535491642717396
1.403752505E8	7.9725947521865885	18.651874431945785
1.403821105E8	0.2897959183673469	1.1740637359090333
1.40388953E8	1.4133333333333333	2.7606072485872346
1.403957145E8	0.0	0.0
1.404023365E8	0.6698747326611671	1.508758420247957
1.404088075E8	0.08880550343964978	0.4951294989828185
1.404151525E8	0.7300603749602796	2.325136540096549
1.40421418E8	1.1839025172358506	3.6409522916219217
1.40427633E8	15.270951073792991	13.670985705259113
1.404337675E8	0.9682356813693219	3.174251452610147
1.404398365E8	0.0	0.0
1.40445888E8	5.315676212547592	15.767864747084095
1.404519085E8	0.0	0.0
1.404579005E8	1.075033422459893	2.36196464947035
1.404638765E8	2.456099195710456	9.101757556462488
1.404698365E8	0.9825268817204301	3.211203506006626
1.4047577E8	0.8147083685545224	1.6386085679271278
1.40481673E8	64.54388049567136	282.685683617491
1.404875345E8	0.0	0.0
1.404915035E8	0.0	0.0
1.404943895E8	0.0	0.0
1.404990715E8	0.0	0.0
1.405047025E8	663.4202012940331	858.4986247799709
1.40510262E8	0.051665166516651664	0.22610862989114575
1.405157995E8	3.5253623188405796	4.53540819951544
1.40521292E8	1.6528819762122597	3.945117542547962
1.40526756E8	98.73384587223137	205.94000741886867
1.40532181E8	0.0	0.0
1.40537566E8	40.39494705554524	40.68311134795862
1.405429375E8	0.10597014925373134	0.4074859213756998
1.405482795E8	0.0	0.0
1.40553603E8	0.0	0.0
1.405589225E8	0.5342362678705794	2.0037586952909527
1.40564221E8	0.0	0.0
1.405694775E8	0.10856269113149847	0.4659671471928004
1.40574688E8	0.054731162073617265	0.25597504214436495
1.405798735E8	1.6229255113855654	2.498243304069802
1.405850135E8	0.0557081208316987	0.2715776380622831
1.40590093E8	0.0	0.0
1.405951535E8	0.0	0.0
1.40600212E8	0.05457781293256872	0.29764084592997087
1.406052535E8	0.0	0.0
1.406102665E8	1.9872	5.793064819247236
1.406152645E8	0.0	0.0
1.406202595E8	1.1942330796956349	2.2707239869499536
1.406252495E8	0.0	0.0
1.40630226E8	0.0	0.0
1.40635179E8	0.05750151852601741	0.2639123465571796
1.40640115E8	0.0	0.0
1.4064504E8	0.0	0.0
1.4064995E8	92.69141342035489	87.99211022796293
1.406548455E8	0.0	0.0
1.40659729E8	14.493338798934207	36.35664585586673
1.40664601E8	0.5266187050359712	1.5735480427873558
1.406694435E8	0.0	0.0
1.40674261E8	0.0	0.0
1.40679061E8	0.9912225705329154	2.736723437326796
1.40683806E8	0.0	0.0
1.40688509E8	0.0	0.0
1.406931635E8	0.0	0.0
1.40697758E8	0.0	0.0
1.40702335E8	0.12420730373933961	0.38105129243965596
1.40706898E8	0.17922249066549528	0.7332581209891138
1.40711432E8	0.0629014396456257	0.35406201632824585
1.40715925E8	4.360545739208231	4.306969795206312
1.40720393E8	0.6360582306830908	1.5857709963470585
1.407248515E8	0.0637915543575921	0.3337822673190409
1.407292955E8	0.3841298467087466	1.5920791313011478
1.407337135E8	0.0	0.0
1.40738111E8	0.0	0.0
1.40742499E8	0.0	0.0
1.407468785E8	0.0	0.0
1.40751256E8	0.2757596527301805	1.2719177377296422
1.407556295E8	0.0	0.0
1.40759995E8	0.325154781013529	1.048469910805166
1.407643435E8	0.06503690036900368	0.3228676856475797
1.407686665E8	4.341763341067286	6.416318378269778
1.407729765E8	5.349187935034803	19.47307618368717
1.40777284E8	0.0	0.0
1.40781584E8	237.35506402793948	449.5901996413001
1.40785876E8	25.28538120774073	55.00610195278431
1.40790157E8	0.0	0.0
1.407944295E8	0.38412921348314605	0.8933011202196983
1.407986935E8	0.06672932330827068	0.31188849945168795
1.40802937E8	0.0	0.0
1.40807165E8	0.0	0.0
1.408113885E8	0.0	0.0
1.408156105E8	1.0421601136901941	1.8136150174579577
1.408198225E8	8.707282246549262	21.544221924546882
1.40824022E8	0.24183940910173934	0.5297892730271438
1.408282145E8	1.6084049665711557	3.7563063814507465
1.408324E8	0.0	0.0
1.408365825E8	0.0	0.0
1.40840755E8	0.0	0.0
1.408449115E8	0.0	0.0
1.40849054E8	0.0686819830713422	0.2738060814772562
1.40851497E8	0.0	0.0
1.408535395E8	0.15596880623875226	0.5878187593308296
1.40857247E8	0.0	0.0
1.408613235E8	0.20923379174852652	0.5202198416953324
1.40865389E8	22.87090416358709	53.83016919026884
1.408694335E8	0.0	0.0
1.40873455E8	0.06279591328183404	0.3113437993208304
1.408774675E8	0.0	0.0
1.408814765E8	0.1417873190214678	0.5325172654881113
1.40885475E8	0.6404409922325232	1.8372792626463015
1.408894625E8	0.21385542168674698	0.8009783174719781
1.408934395E8	0.14483627204030228	0.46758934813430575
1.408974065E8	0.2739656912209889	0.673485144722178
1.409013685E8	6.098232323232323	12.69381062891787
1.409053235E8	114.09493670886076	195.47176946615042
1.40909269E8	0.0	0.0
1.409132055E8	0.0	0.0
1.409171345E8	0.0618950585838003	0.24878717527999772
1.409210595E8	1.7833843017329256	2.5761590228297706
1.40924982E8	0.0	0.0
1.40928899E8	0.0	0.0
1.40932812E8	0.0	0.0
1.409367215E8	1.0197132616487454	1.6204024330575673
1.4094061E8	0.34926375613536553	1.5449854719378742
1.409444775E8	3.6889233954451344	7.869783263396549
1.409483385E8	128.76723691031623	123.53244579177182
1.409521765E8	0.0	0.0
1.40955989E8	7.4602048857368	21.613537333344805
1.409597955E8	0.0	0.0
1.409636015E8	0.8089858118759853	2.197009863066853
1.40967392E8	0.0	0.0
1.40971157E8	2.495872170439414	3.066593333614405
1.40974907E8	0.6825100133511348	1.9440779954354837
1.40978648E8	0.0	0.0
1.409823815E8	0.6847184986595174	2.1524971469965806
1.40986105E8	0.6112456281947808	2.129010956132382
1.409898215E8	1.0409041980624327	3.2317218064416307
1.40993536E8	0.0	0.0
1.409972465E8	0.0	0.0
1.41000941E8	0.0	0.0
1.410046115E8	1.5844262295081968	2.579606866307239
1.410082665E8	0.9358904109589041	2.7368615162086862
1.41011916E8	0.0	0.0
1.410155645E8	0.0	0.0
1.410192115E8	0.3115743280307186	1.3608425643383497
1.410228535E8	0.9362286970863112	3.5783079898701193
1.410264835E8	0.6225842076200994	1.555791091175662
1.410301055E8	0.0	0.0
1.41033718E8	0.36580627255065223	0.7375575357301631
1.41037321E8	0.0	0.0
1.410409235E8	0.1526929483620211	0.4325716907393443
1.41044521E8	0.0	0.0
1.410481085E8	0.0	0.0
1.410516865E8	0.0	0.0
1.41055252E8	0.3072814169243745	0.70760358921607
1.410588075E8	27.545582442318516	29.24025793831821
1.41062361E8	0.3855896425555868	1.3521516559764741
1.41065914E8	0.0	0.0
1.41069467E8	4.804672108077681	6.5453235906467135
1.41073012E8	7.915465083404015	15.936064653166802
1.41076544E8	0.0	0.0
1.41080071E8	0.14261411964842644	0.39632562441388286
1.41083596E8	0.0	0.0
1.41087117E8	0.12048877522023302	0.5539904068158489
1.41090628E8	0.0	0.0
1.410941305E8	266.1601941747573	152.08594349585175
1.41097631E8	9.43612460703058	13.373522360035725
1.411011295E8	0.0	0.0
1.411046235E8	1.0558739255014327	1.5064331960668
1.411081075E8	0.0	0.0
1.41111585E8	0.0	0.0
1.4111506E8	0.0	0.0
1.411185295E8	7.604443162146566	11.53250005050455
1.41121994E8	0.0	0.0
1.411254545E8	27.175534991324465	23.118286623418804
1.411289005E8	0.41351193942923703	1.702374237087259
1.411323185E8	0.0	0.0
1.411357175E8	0.2508833922261484	0.7058563703386852
1.4113911E8	0.5028031867807613	1.2175562404191655
1.411424975E8	0.0	0.0
1.41145878E8	1.4228148148148148	2.2885868193340686
1.411492525E8	563.3770005927682	688.9533207169063
1.41152626E8	3.4384820634450044	11.167630896475094
1.41155995E8	0.0	0.0
1.411593515E8	0.08482676224611709	0.3849001794597505
1.41162699E8	0.5138930385419779	1.4933374592684192
1.41166043E8	0.5097276264591439	1.1668626280315937
1.4116937E8	0.0	0.0
1.411726805E8	0.9443772672309553	1.6846271281990228
1.411759855E8	0.0	0.0
1.41179286E8	0.25826007881176116	0.8596579678943079
1.411825805E8	0.0	0.0
1.411858675E8	1.5554202192448234	4.869865577507899
1.41189148E8	0.0	0.0
1.41192424E8	0.5203053435114504	1.757687585680391
1.411956955E8	0.0	0.0
1.411989605E8	0.7234825260576333	1.59494142090323
1.41202221E8	0.17428659097882787	0.6388275544851196
1.4120548E8	1052.1764344891071	1576.177040664029
1.412087365E8	0.0	0.0
1.41210776E8	0.0	0.0
1.41212402E8	0.0	0.0
1.412152325E8	0.0	0.0
1.41218463E8	0.08800743724821816	0.3767326463553072
1.41221688E8	0.4402730375426621	1.5631301087532974
1.412249085E8	24.689558732131758	61.801834515925755
1.41228124E8	20.24961095549331	20.802399069192106
1.41231335E8	0.0	0.0
1.412345425E8	0.16250779787897693	0.40926573326410387
1.41237746E8	0.0	0.0
1.41240947E8	0.42549203373945643	1.0765745717307948
1.41244146E8	0.0	0.0
1.412473425E8	0.4114518147684606	0.9907267152350089
1.41250538E8	768.7029733959312	388.51698250707216
1.412537305E8	262.4705329153605	515.1625056329617
1.412569125E8	0.0	0.0
1.41260086E8	0.08383233532934131	0.3478808929266021
1.41263258E8	0.2686849574266793	0.9759000729485332
1.412664245E8	0.17963314358001264	0.6785779676581154
1.41269585E8	0.0	0.0
1.41272743E8	0.0	0.0
1.412758995E8	0.0	0.0
1.412790545E8	7.110653138871275	5.4640405145324
1.412822035E8	0.0	0.0
1.4128534E8	119.28699264940876	227.5655023195677
1.41288466E8	0.0	0.0
1.41291589E8	0.0	0.0
1.412947105E8	0.0	0.0
1.412978215E8	5.26079948420374	4.83876059816665
1.413009225E8	0.09387096774193548	0.3810003810005715
1.413040225E8	1.2816129032258063	2.719285959407774
1.41307117E8	0.0	0.0
1.41310204E8	2.367585089141005	3.2124151383452437
1.413132865E8	0.0	0.0
1.413163665E8	0.22532467532467532	0.7825200715238314
1.41319445E8	3.8930776730581735	9.167739569478382
1.413225215E8	54.22594278283485	216.42292690467661
1.41325596E8	0.0	0.0
1.41328669E8	1.7344614383338757	2.7163915307368764
1.41331738E8	0.0	0.0
1.413348E8	0.0	0.0
1.413378585E8	41.833878351863966	69.91745109269135
1.413409105E8	1.0331582403151673	3.1243646760616257
1.413439555E8	0.0	0.0
1.41346999E8	0.0933289516924088	0.3054978751029355
1.41350033E8	0.0	0.0
1.413530575E8	0.28174603174603174	0.9910312089651149
1.41356076E8	0.0	0.0
1.413590875E8	0.0	0.0
1.41362097E8	0.0	0.0
1.413651025E8	0.0	0.0
1.41368103E8	0.09403134378126042	0.3066453061458147
1.41371102E8	1.4201400466822274	4.385173114912255
1.413740995E8	1.417890520694259	3.6679610936840246
1.41377093E8	0.5697091273821464	1.192868590032416
1.413800805E8	4.331769436997319	4.424561292076972
1.413830635E8	0.607981220657277	0.9881932106608728
1.413860455E8	2.0	2.980148943653345
1.41389022E8	1.0508246381689668	3.536271638126799
1.413919895E8	0.0	0.0
1.4139495E8	0.0	0.0
1.413979065E8	0.0	0.0
1.41400857E8	0.0	0.0
1.41403801E8	0.0	0.0
1.41406741E8	1.038474633980252	2.408205810644414
1.41409678E8	0.0	0.0
1.414126105E8	0.0	0.0
1.41415538E8	34.87769046805603	66.77649619544857
1.414184645E8	0.0	0.0
1.414213895E8	0.7691518467852257	1.656248790103577
1.414243125E8	143.17488021902807	109.60545258398247
1.414272345E8	14.169062286105408	30.499043420328764
1.41430155E8	0.0	0.0
1.414330725E8	8.635116598079561	34.34549706619894
1.414359875E8	4.368565545641729	6.092514844552395
1.414389E8	4.776021985571968	14.63868044954938
1.414418105E8	0.0	0.0
1.41444718E8	15.595180722891566	36.48924109935536
1.414476225E8	42.63257575757576	107.12486117397165
1.41450526E8	0.0	0.0
1.41453427E8	735.2086926526389	820.3677045986964
1.41456323E8	0.0	0.0
1.41459214E8	0.8850813430252683	2.964308278868833
1.414621005E8	4.637309292649099	9.860468996000233
1.414649835E8	1143.2585010409439	1607.267440274416
1.414678655E8	0.1457321304649549	0.763497558515952
1.414707475E8	0.5912560721721027	1.5840986377436597
1.41473629E8	0.9857688302672684	2.5735956665012103
1.41476508E8	0.09801876955161627	0.313079493981347
1.414793845E8	5.113351877607789	7.12436708752256
1.41482258E8	0.10727969348659004	0.6550715792540234
1.414851235E8	0.0	0.0
1.414879835E8	0.5958041958041959	1.1169388736866703
1.414908425E8	0.0	0.0
1.41493699E8	3.685814360770578	4.665707515475544
1.41496551E8	513.4917514917515	855.9257358064806
1.414993995E8	0.14290730337078653	0.42770947295848727
1.415022465E8	0.0	0.0
1.415050915E8	0.0	0.0
1.41507934E8	0.0	0.0
1.415107725E8	0.1001410437235543	0.3164506971449965
1.415136075E8	0.0	0.0
1.41516441E8	0.0	0.0
1.415192725E8	0.0	0.0
1.41522102E8	0.0	0.0
1.415249305E8	2.4784299858557284	5.311545695966426
1.41527757E8	1.2853097345132742	3.332755112090917
1.41530581E8	0.0	0.0
1.415334035E8	0.0	0.0
1.415362255E8	0.0	0.0
1.415390465E8	0.10070921985815603	0.32724944397440964
1.41541866E8	0.5044341965235899	1.3524116910358224
1.41544683E8	26.56696269982238	31.39036858316347
1.415474975E8	0.0	0.0
1.4155031E8	0.0	0.0
1.415531175E8	0.20256776034236804	0.6365025692679772
1.41555919E8	6.010360843158271	8.239276270086183
1.415587165E8	0.0	0.0
1.41561512E8	0.0	0.0
1.41564307E8	1.0125223613595706	2.0574051427193463
1.415671015E8	0.10164638511095204	0.39412289469181777
1.415695015E8	13.418245264207378	17.173895073164033
1.41570898E8	20.79161372299873	15.762734107099911
1.41572688E8	0.0	0.0
1.4157548E8	0.0	0.0
1.415782705E8	6.929032258064516	8.074918022820345
1.415810595E8	0.509325681492109	1.5958159065069333
1.41583847E8	1.831718693936132	5.045825168649805
1.415866325E8	0.0	0.0
1.41589416E8	247.51239669421489	263.2634209642929
1.41592198E8	0.0	0.0
1.41594971E8	0.0	0.0
1.415977345E8	0.6513396089790007	1.7846598728313539
1.41600491E8	0.0	0.0
1.416032415E8	0.0	0.0
1.41605989E8	1.1916211293260475	2.037624246102802
1.416087335E8	0.07653061224489796	0.375060733663043
1.416114735E8	0.0	0.0
1.41614208E8	0.20673252835711672	0.4546784889975737
1.416169385E8	195.11217008797655	174.9823168694734
1.41619657E8	615.7080103359173	185.38415314617947
1.416223655E8	0.0	0.0
1.41625071E8	0.2101368849426563	0.6482852534843845
1.416277715E8	0.0	0.0
1.41630469E8	0.20986281053021877	0.6478623473087763
1.416331645E8	551.3619153674833	922.3362774019732
1.41635856E8	0.0	0.0
1.416385445E8	1.4363839285714286	2.30399820705122
1.416412325E8	0.0	0.0
1.416439195E8	7.28518242740134	11.049775690691382
1.41646598E8	12.374766005241483	8.965886511020045
1.416492685E8	0.0	0.0
1.41651938E8	1.455976020981641	3.054641635105654
1.416546065E8	0.0	0.0
1.41657273E8	450.56810506566603	487.78160000743793
1.416599375E8	0.0	0.0
1.41662593E8	12.0086890819796	5.782286043179896
1.416652385E8	0.0	0.0
1.416678815E8	206.37130961392884	300.6484607843368
1.41670523E8	0.0	0.0
1.41673163E8	0.0	0.0
1.41675801E8	0.0	0.0
1.416784375E8	10.664264036418816	24.181400632936082
1.41681073E8	0.0	0.0
1.41683705E8	0.0	0.0
1.416863335E8	0.8637747336377474	1.6662099830941348
1.416889605E8	0.0	0.0
1.416915825E8	0.0	0.0
1.416942E8	0.0	0.0
1.416968145E8	0.0	0.0
1.41699426E8	0.0	0.0
1.41702034E8	0.0	0.0
1.41704638E8	0.06415674222051479	0.2510064259998141
1.41707241E8	2.066461774875144	3.215585843444056
1.41709838E8	0.0	0.0
1.417124275E8	1.080757341576507	1.7128706347641678
1.417150135E8	0.0	0.0
1.41717597E8	0.0	0.0
1.41720177E8	0.11020566550252231	0.331972386656665
1.41722754E8	0.0	0.0
1.417253305E8	0.7511645962732919	2.339822019031649
1.41727906E8	1.4104854368932038	1.9927051428667932
1.41730481E8	0.0	0.0
1.41733056E8	0.5514563106796116	1.291946675986371
1.417356305E8	2.4222999222999224	2.8275341721983653
1.417382025E8	0.0	0.0
1.4174077E8	0.5138401559454191	1.1039535544090602
1.41743333E8	0.0	0.0
1.41745892E8	0.0	0.0
1.417484485E8	0.0	0.0
1.41751004E8	12.614481409001957	25.356495402555225
1.41753556E8	0.33424872499019226	1.027285651667352
1.41756104E8	733.5618374558304	986.2645722314818
1.41758648E8	0.4470680834317198	1.052348809344566
1.41761189E8	1.788272333726879	2.964103753015122
1.417637275E8	0.0	0.0
1.4176626E8	0.11229735073151444	0.4410706267097649
1.41768789E8	0.0	0.0
1.417713145E8	0.0	0.0
1.41773836E8	14.077350257834192	31.18118285473704
1.41776357E8	0.0	0.0
1.417788775E8	0.0	0.0
1.417813975E8	3.151190476190476	7.163537522849297
1.41783916E8	24.709177592371873	53.78200602090718
1.417864325E8	0.0	0.0
1.41788946E8	11.054559936280366	21.821275410334106
1.41791457E8	119.28355236957387	241.80320289176004
1.417939675E8	0.0	0.0
1.417964765E8	0.5661881977671451	1.5075567228888183
1.41798983E8	0.0	0.0
1.418014855E8	0.0	0.0
1.41803981E8	30.94901645925331	20.982740321728063
1.4180647E8	0.11419380780056293	0.38675289861077444
1.41808953E8	0.0	0.0
1.41811431E8	185.16794509487283	238.90258959521717
1.418139075E8	8.203554119547658	8.34896218870543
1.41816383E8	0.0	0.0
1.41818857E8	0.0	0.0
1.418213285E8	0.0	0.0
1.418237955E8	0.6627435064935064	1.9938012705617143
1.41826259E8	4.611449451887942	8.024728326730058
1.418287215E8	0.2307067424857839	0.639861885990864
1.41831178E8	3.7315381476948186	6.105658831562885
1.41833627E8	0.6963628933387822	1.5674456873640394
1.418360715E8	0.0	0.0
1.41838512E8	0.0	0.0
1.418409505E8	6.904429860541428	7.708464605818934
1.418433885E8	0.0	0.0
1.418458265E8	41.58818703855619	65.97196560739542
1.41848263E8	0.0	0.0
1.418506975E8	0.0	0.0
1.418531305E8	0.0	0.0
1.41855562E8	0.0	0.0
1.41857992E8	1.6368876080691643	5.129889648489658
1.418604205E8	1.4069192751235584	1.8635496058444925
1.41862847E8	0.0	0.0
1.41865272E8	0.0	0.0
1.41867695E8	0.11730689797604296	0.41551886515869224
1.41870116E8	2.731102850061958	4.291717044735055
1.418725365E8	0.0	0.0
1.41874956E8	0.0	0.0
1.41877374E8	0.0	0.0
1.41879789E8	0.0	0.0
1.418822015E8	0.0	0.0
1.418846075E8	0.0	0.0
1.418870045E8	0.0	0.0
1.418893965E8	9.563179916317992	15.105860759609262
1.418917865E8	0.0	0.0
1.41894176E8	0.2377563834240268	0.869943681630526
1.41896563E8	0.0	0.0
1.41898948E8	0.0	0.0
1.41901333E8	16.117819706498953	12.00831298362881
1.419037175E8	1039.0704697986578	1324.0622661520308
1.41906101E8	14.455308434746119	20.739405831878045
1.41908484E8	276.9576164498531	319.1513078161181
1.419108665E8	0.11922753988245172	0.42881125591452524
1.41913248E8	0.1125577488450231	0.3963292298870104
1.41915629E8	1027.087358252835	758.6313814156006
1.41918009E8	38.064733081126526	94.7058031754506
1.41920388E8	2.221521647751156	4.213561244441065
1.419227665E8	0.0	0.0
1.41925143E8	0.2391578947368421	0.691603780696494
1.419275165E8	0.0	0.0
1.419292615E8	22.942754919499105	34.80839452142562
1.41930446E8	0.2270183852917666	0.6714457003639015
1.419322555E8	0.0	0.0
1.419346225E8	0.10566356720202874	0.32505932874173715
1.41936987E8	0.0	0.0
1.41939347E8	0.0	0.0
1.41941703E8	0.0	0.0
1.419440575E8	0.0	0.0
1.41946411E8	0.0	0.0
1.419487635E8	0.0	0.0
1.419511115E8	0.12116040955631399	0.4130961923860138
1.419534545E8	0.0	0.0
1.419557965E8	13.03800170794193	20.266920796345183
1.41958135E8	0.0	0.0
1.419604675E8	3.3012875536480686	8.310601327256702
1.419627965E8	0.0	0.0
1.419651245E8	197.7409793814433	98.79588411575182
1.419674515E8	473.63370593293206	400.5482345737157
1.41969777E8	0.0	0.0
1.419721005E8	0.0	0.0
1.419744205E8	0.2450388265746333	0.7000554643378385
1.41976738E8	0.27794561933534745	0.8911399109893662
1.419790505E8	10.084055459272097	17.312751634294877
1.41981358E8	0.0	0.0
1.419836635E8	84.83680555555556	76.01704795544951
1.41985967E8	19.961788970907513	45.16750317944358
1.41988266E8	2.9690631808278867	5.72476940578879
1.4199056E8	0.0	0.0
1.41992852E8	0.4954168485377564	1.2537155603412664
1.41995142E8	0.0	0.0
1.4199743E8	0.0	0.0
1.419997165E8	0.0	0.0
1.420020015E8	3.4430823117338005	3.670180877116694
1.42004285E8	0.0	0.0
1.420065675E8	0.0	0.0
1.42008845E8	0.0	0.0
1.420111165E8	8.840088105726872	8.131165908455994
1.42013386E8	0.0	0.0
1.420156535E8	0.0	0.0
1.42017916E8	0.0	0.0
1.42020175E8	0.0	0.0
1.42022431E8	0.0	0.0
1.420246815E8	0.0	0.0
1.42026929E8	0.0	0.0
1.42029171E8	0.0	0.0
1.420314065E8	0.0	0.0
1.420336395E8	0.0	0.0
1.420358715E8	77.02553763440861	72.55249613445771
1.420381015E8	0.0	0.0
1.42040329E8	0.6376290974405029	0.9706052440305275
1.42042554E8	0.0	0.0
1.42044776E8	0.0	0.0
1.420469965E8	0.0	0.0
1.42049215E8	0.0	0.0
1.420514315E8	0.0	0.0
1.420536445E8	0.0	0.0
1.42055854E8	0.0	0.0
1.42058062E8	0.0	0.0
1.420602685E8	80.69718948322756	55.7146189702406
1.42062474E8	0.0	0.0
1.42064677E8	0.0	0.0
1.420668775E8	0.0	0.0
1.420690765E8	0.0	0.0
1.420712745E8	0.0	0.0
1.420734715E8	0.0	0.0
1.420756655E8	0.0	0.0
1.420778565E8	143.0392694063927	159.65463582284738
1.42080046E8	0.0	0.0
1.42082235E8	0.0	0.0
1.42084423E8	0.12985825331504344	0.41902624070313926
1.42086609E8	0.519908466819222	1.5157449777349106
1.4208879E8	0.0	0.0
1.420909665E8	0.0	0.0
1.42093141E8	0.0	0.0
1.420953105E8	0.0	0.0
1.42097474E8	0.0	0.0
1.42099635E8	0.0	0.0
1.42101794E8	0.3949930458970793	1.0923937299326218
1.42103946E8	0.0	0.0
1.42106089E8	0.0	0.0
1.421082245E8	0.0	0.0
1.42110355E8	0.0	0.0
1.421124825E8	0.0	0.0
1.421146075E8	0.4896421845574388	0.9957536963169223
1.421167315E8	9.701035781544256	11.464470621402537
1.42118853E8	36.880604058518166	65.75607390431023
1.42120971E8	1.341521020311762	1.7791369522205793
1.421230865E8	0.0	0.0
1.421252E8	0.0	0.0
1.42127313E8	0.13440605773781353	0.36661431742065603
1.42129426E8	0.0	0.0
1.421315385E8	0.0	0.0
1.42133649E8	0.0	0.0
1.421357575E8	0.0	0.0
1.42137864E8	0.0	0.0
1.42139969E8	3.371021377672209	9.48735876032054
1.42142073E8	0.0	0.0
1.421441755E8	0.6755470980019029	1.6110937949060498
1.421462745E8	0.0	0.0
1.421483705E8	0.5419847328244275	1.406432876149624
1.421504655E8	0.0	0.0
1.421525595E8	0.0	0.0
1.421546525E8	1.7648183556405355	2.559614275434042
1.421567435E8	6.26555023923445	11.601930213934025
1.42158833E8	0.0	0.0
1.421609215E8	0.7188697318007663	1.5782586553356084
1.42163009E8	2.716818399616675	7.531375038229011
1.42165096E8	0.0	0.0
1.421671825E8	0.0	0.0
1.421692675E8	0.0	0.0
1.4217135E8	8.783277270543008	21.226202153395214
1.4217343E8	0.0	0.0
1.42175509E8	0.0	0.0
1.421775875E8	0.0	0.0
1.421796645E8	2.6315028901734103	5.854736402517815
1.421817365E8	0.13781431334622823	0.3705816433014876
1.421838025E8	78.27277131782945	167.78095724009654
1.42185866E8	0.0	0.0
1.42187929E8	117.18952981095492	168.48692937678933
1.421899915E8	1.154219204655674	2.808121794302944
1.421920525E8	0.0	0.0
1.421941125E8	0.0	0.0
1.421961725E8	0.8271844660194175	1.609136535024146
1.42198232E8	0.6896551724137931	1.5114907134299063
1.422002865E8	0.551219512195122	1.7387968927239148
1.422023345E8	0.0	0.0
1.422043795E8	0.0	0.0
1.42206423E8	0.5560450318159569	1.3088800217761738
1.42208462E8	0.0	0.0
1.42210496E8	0.0	0.0
1.42212529E8	0.13772749631087064	0.5248380632364056
1.422145605E8	0.0	0.0
1.42216589E8	37.818944252590036	60.61609360676466
1.42218613E8	0.0	0.0
1.422206335E8	0.0	0.0
1.42222652E8	0.14080317302925136	0.3752374888377377
1.422246675E8	0.0	0.0
1.422266795E8	0.0	0.0
1.42228689E8	0.0	0.0
1.422306975E8	0.0	0.0
1.422327045E8	0.0	0.0
1.422347105E8	0.0	0.0
1.42236716E8	2.1246882793017456	2.9013712468795596
1.42238721E8	2.5496259351620947	2.866262609502733
1.422407225E8	0.0	0.0
1.422427205E8	0.7107107107107107	1.7122885072124767
1.422447185E8	0.13913913913913914	0.4628328145391316
1.42246715E8	0.0	0.0
1.42248709E8	0.0	0.0
1.422507005E8	0.0	0.0
1.422526905E8	47.856281407035176	28.851909179750702
1.422546795E8	0.14285714285714285	0.41355308841991484
1.422566665E8	0.0	0.0
1.422586525E8	0.0	0.0
1.422606355E8	0.0	0.0
1.422626145E8	0.0	0.0
1.422645915E8	0.0	0.0
1.422665675E8	0.2874493927125506	0.5445720378916286
1.42268543E8	0.43139240506329113	0.8556587513338347
1.422705175E8	0.13880445795339413	0.41256849850351734
1.422724895E8	0.0	0.0
1.422744575E8	0.0	0.0
1.422764235E8	0.4333672431332655	1.4977093394626788
1.422783895E8	0.0	0.0
1.422803545E8	0.0	0.0
1.42282318E8	1203.9312277126846	1646.0512073376663
1.422842805E8	0.0	0.0
1.422862425E8	4.893476044852192	7.5289790127557
1.4228818E8	0.8907475169890224	2.1581487100472283
1.42289161E8	0.0	0.0
1.42290166E8	0.0	0.0
1.42292127E8	0.14737378888322283	0.3805575769215103
1.42294088E8	0.0	0.0
1.422960465E8	0.0	0.0
1.422980025E8	18.584867075664622	32.0017413892235
1.42299954E8	0.0	0.0
1.42301901E8	1.4560862865947612	2.2744420854806227
1.42303848E8	0.26091422701592193	0.8455448367048752
1.423057945E8	0.7297019527235354	1.5948916396547113
1.4230774E8	0.3892030848329049	0.9499019026608291
1.423096845E8	0.0	0.0
1.42311628E8	0.0	0.0
1.42313569E8	0.0	0.0
1.423155065E8	1.3853305785123966	2.084971807487221
1.423174425E8	0.0	0.0
1.42319378E8	0.0	0.0
1.42321312E8	0.0	0.0
1.42323245E8	0.1469218830832902	0.3833039043413075
1.42325177E8	0.0	0.0
1.42327107E8	3.79419388284085	6.589102963543546
1.423290355E8	0.44190871369294604	1.1514018156485764
1.423309635E8	1.1784232365145229	2.188711134785783
1.42332891E8	0.0	0.0
1.423348175E8	17.287642782969886	15.067776955754612
1.423367435E8	0.0	0.0
1.423386685E8	1.476091476091476	3.6887760310255495
1.423405905E8	0.0	0.0
1.42342509E8	0.2962962962962963	0.8833946002906287
1.423444255E8	0.0	0.0
1.423463415E8	0.0	0.0
1.42348253E8	0.30099632931305714	0.7952401661553612
1.423501595E8	0.0	0.0
1.42352065E8	0.44724409448818897	1.0287213988906
1.423539695E8	0.0	0.0
1.42355873E8	0.0	0.0
1.42357776E8	0.0	0.0
1.42359679E8	0.465580662112454	1.1999299331444824
1.423615815E8	0.0	0.0
1.42363483E8	1.049973698053656	1.820596407300254
1.423653835E8	0.0	0.0
1.423672835E8	0.0	0.0
1.42369183E8	0.0	0.0
1.4237108E8	0.0	0.0
1.42372975E8	0.0	0.0
1.42374869E8	0.0	0.0
1.42376761E8	0.0	0.0
1.423786515E8	0.0	0.0
1.423805415E8	58.35079365079365	39.73807764367591
1.423824305E8	0.6149364406779662	1.637581670883489
1.423843155E8	0.7545164718384697	1.2039608736727079
1.423861925E8	0.0	0.0
1.423880645E8	0.0	0.0
1.42389936E8	0.0	0.0
1.423918065E8	0.760427807486631	1.5831667986347697
1.423936765E8	0.0	0.0
1.42395546E8	0.0	0.0
1.42397415E8	0.0	0.0
1.42399284E8	1.0636704119850187	3.4973811191159663
1.424011525E8	0.0	0.0
1.42403019E8	0.0	0.0
1.42404883E8	1602.7090713902307	1739.5958785646942
1.42406746E8	0.0	0.0
1.424086055E8	0.0	0.0
1.424104605E8	1.5307443365695792	2.8576436608403233
1.42412313E8	0.0	0.0
1.42414163E8	0.0	0.0
1.42416009E8	0.0	0.0
1.42417852E8	0.0	0.0
1.42419695E8	0.0	0.0
1.42421538E8	0.7704829083016821	1.8872160377933405
1.424233805E8	0.0	0.0
1.42425222E8	0.0	0.0
1.42427063E8	0.0	0.0
1.424288995E8	0.0	0.0
1.424307315E8	0.0	0.0
1.424325625E8	0.4644808743169399	1.0899441004365786
1.42434392E8	0.0	0.0
1.42436221E8	0.0	0.0
1.424380485E8	0.791894852135816	1.8741920493634163
1.42439871E8	0.1561297416162727	0.5508751595882201
1.424416895E8	0.0	0.0
1.424435075E8	0.0	0.0
1.42445323E8	0.0	0.0
1.42447136E8	230.36127964699392	608.1007211293689
1.424489455E8	0.0	0.0
1.4245075E8	0.0	0.0
1.424525525E8	0.0	0.0
1.42454354E8	0.4336479733481399	0.8743999290828031
1.424561545E8	0.0	0.0
1.424579545E8	1.261111111111111	2.7032901763920534
1.424597535E8	0.0	0.0
1.42461551E8	0.0	0.0
1.42463346E8	0.0	0.0
1.424651385E8	0.0	0.0
1.42466928E8	0.0	0.0
1.424687145E8	0.0	0.0
1.424705E8	0.0	0.0
1.42472285E8	1.276750700280112	1.5707408732048398
1.424740655E8	0.0	0.0
1.42475841E8	0.0	0.0
1.42477616E8	8.07380281690141	6.335458007832905
1.42479391E8	0.0	0.0
1.424811635E8	0.0	0.0
1.42482933E8	1.7665347654041832	3.8897322476918315
1.424847005E8	171.05662514156285	210.63032861885853
1.42486464E8	0.0	0.0
1.424882225E8	4.015375854214123	7.110100614738755
1.424899775E8	10.60661345496009	7.900391861303063
1.4249173E8	1.4597372929754426	2.3136424046231925
1.42493479E8	0.14424728105323412	0.40883208640126056
1.42495226E8	0.0	0.0
1.42496973E8	0.0	0.0
1.42498718E8	0.0	0.0
1.4250046E8	0.0	0.0
1.425021995E8	0.16340621403912542	0.43837759260014764
1.42503937E8	0.0	0.0
1.425056725E8	0.0	0.0
1.42507406E8	0.3277553375649163	0.6217819635175977
1.425091385E8	0.49191685912240185	1.1658140511451967
1.425108685E8	0.0	0.0
1.425125945E8	0.0	0.0
1.425143185E8	3.2946635730858467	3.296275054411987
1.4251604E8	0.16346713205351948	0.46581822648752313
1.42517759E8	28.01977894124491	32.26019507310427
1.425194765E8	0.0	0.0
1.425211925E8	0.0	0.0
1.42522908E8	0.0	0.0
1.425246225E8	0.0	0.0
1.42526336E8	0.0	0.0
1.425280485E8	2.9801401869158877	6.5011231955515445
1.425297595E8	2.610526315789474	3.619472999667443
1.425314695E8	2.325146198830409	4.086491796722265
1.42533179E8	0.0	0.0
1.425348875E8	0.0	0.0
1.425365935E8	0.0	0.0
1.42538297E8	0.0	0.0
1.4254E8	0.5002935995302408	0.9753268569971993
1.425416995E8	0.0	0.0
1.425433925E8	16.89526627218935	17.424528721989354
1.425450825E8	1.4455621301775148	1.4173481363606368
1.42546771E8	0.0	0.0
1.42548457E8	2.0225519287833826	1.86773319821201
1.42550141E8	0.0	0.0
1.42551824E8	53.14260249554367	58.9597332808101
1.42553507E8	4.899584076054665	7.376795530544767
1.425551885E8	0.0	0.0
1.42556868E8	1.0148898153662895	2.1020707904587943
1.425585465E8	0.0	0.0
1.42560223E8	0.0	0.0
1.42561894E8	4.7690461907618475	7.917768737948998
1.42563556E8	0.0	0.0
1.425652095E8	0.0	0.0
1.42566857E8	0.0	0.0
1.42568501E8	0.0	0.0
1.42570144E8	0.3457090687766281	0.8315155666331546
1.42571786E8	0.0	0.0
1.42573425E8	0.0	0.0
1.42575062E8	0.0	0.0
1.42576699E8	416.024434941967	470.1043236744867
1.425783355E8	0.0	0.0
1.425799685E8	0.0	0.0
1.42581598E8	0.0	0.0
1.42583225E8	0.699076923076923	1.3789628209413267
1.4258485E8	0.0	0.0
1.42586474E8	0.0	0.0
1.425880965E8	0.35018495684340323	0.8368810630470774
1.42589717E8	144.39715873996295	221.5729341857468
1.425913335E8	0.5278810408921933	1.0595643349630313
1.42592946E8	3.3134698944754812	3.430881770138748
1.425945565E8	5.063975155279503	9.375301237396346
1.425961665E8	0.7049689440993789	1.146693870349945
1.425977755E8	2.6492537313432836	4.106783612730411
1.42599378E8	0.569818409517846	0.6355173320009755
1.42600974E8	0.0	0.0
1.426025685E8	2.343789209535759	3.6476733272916424
1.426041585E8	0.0	0.0
1.426057445E8	0.0	0.0
1.426073305E8	0.17906683480453972	0.5182665841116998
1.42608914E8	0.0	0.0
1.42610493E8	0.0	0.0
1.4261207E8	0.0	0.0
1.42613646E8	0.0	0.0
1.4261522E8	0.0	0.0
1.42616792E8	0.0	0.0
1.42618361E8	0.0	0.0
1.426199275E8	14.45530012771392	13.602245138098889
1.426214905E8	0.0	0.0
1.426230505E8	0.0	0.0
1.426246095E8	0.0	0.0
1.426261665E8	0.0	0.0
1.426277225E8	0.0	0.0
1.42629278E8	0.0	0.0
1.42630832E8	0.0	0.0
1.426323845E8	0.8634020618556701	1.7670378265369338
1.426339355E8	0.0	0.0
1.426354855E8	0.18193548387096775	0.6021466973763872
1.42637035E8	0.0	0.0
1.426385825E8	0.0	0.0
1.426401275E8	0.0	0.0
1.42641671E8	10.76604018146468	14.208702708679715
1.42643213E8	0.0	0.0
1.426447535E8	0.0	0.0
1.426462925E8	0.0	0.0
1.42647757E8	0.20416966211358734	0.573811402397345
1.42648524E8	0.0	0.0
1.42649362E8	0.5081539465101109	1.1436315054342405
1.42650895E8	0.0	0.0
1.426524275E8	0.185378590078329	0.4527260048960501
1.42653958E8	0.0	0.0
1.42655486E8	3.2049770792403405	8.398786827290506
1.42657012E8	0.0	0.0
1.42658537E8	0.0	0.0
1.42660062E8	69.83409836065574	85.53843733839824
1.42661585E8	0.0	0.0
1.426631055E8	0.0	0.0
1.42664625E8	0.0	0.0
1.426661435E8	0.0	0.0
1.426676605E8	0.34630606860158314	0.7195901794669131
1.426691735E8	0.0	0.0
1.42670683E8	0.3764082173624917	1.0219590329735382
1.426721915E8	0.0	0.0
1.426736975E8	23.00398936170213	43.48078262228968
1.426752015E8	0.0	0.0
1.426767045E8	0.0	0.0
1.426782025E8	0.0	0.0
1.426796955E8	0.0	0.0
1.426811875E8	7.9577747989276135	7.602604675716599
1.426826785E8	0.0	0.0
1.42684168E8	0.0	0.0
1.426856565E8	0.0	0.0
1.42687144E8	0.9952925353059852	2.0237327599742194
1.42688631E8	7.492938802958978	19.875317476411894
1.42690117E8	4.0033670033670035	3.579872653529482
1.426916015E8	0.0	0.0
1.426930845E8	0.0	0.0
1.426945645E8	0.0	0.0
1.426960415E8	0.0	0.0
1.42697517E8	0.928135593220339	1.8424375894956226
1.42698991E8	0.0	0.0
1.42700463E8	0.0	0.0
1.427019325E8	0.0	0.0
1.427034E8	0.0	0.0
1.427048665E8	0.0	0.0
1.427063315E8	0.0	0.0
1.427077945E8	0.0	0.0
1.42709256E8	0.0	0.0
1.42710717E8	0.0	0.0
1.42712177E8	0.0	0.0
1.427136355E8	18.66460905349794	25.015290248720067
1.427150925E8	0.0	0.0
1.42716547E8	0.0	0.0
1.427179995E8	0.0	0.0
1.427194515E8	0.0	0.0
1.42720903E8	0.39421088904204	0.7378699763499132
1.427223515E8	0.0	0.0
1.427237975E8	0.0	0.0
1.42725243E8	0.0	0.0
1.42726687E8	13.577962577962579	13.797440681857248
1.42728129E8	0.0	0.0
1.427295695E8	1972.0159722222222	2233.012315081481
1.427310075E8	0.0	0.0
1.427324415E8	0.0	0.0
1.427338735E8	0.14315642458100558	0.5318093916529487
1.427353055E8	0.0	0.0
1.427367365E8	0.0	0.0
1.42738166E8	0.17074877536738978	0.4265506023616512
1.42739595E8	28.238628411476558	25.131411095537473
1.42741022E8	0.0	0.0
1.427424465E8	0.199438202247191	0.5179367016984722
1.427438705E8	0.0	0.0
1.427452945E8	0.0	0.0
1.42746718E8	0.0	0.0
1.427481405E8	2.957805907172996	3.139624709940447
1.42749562E8	0.0	0.0
1.42750982E8	0.0	0.0
1.427523995E8	3.1807909604519775	6.737407169470437
1.427538155E8	0.3361581920903955	1.1595830148642148
1.427552315E8	2.031779661016949	2.3103182944064065
1.42756647E8	0.0	0.0
1.427580605E8	0.0	0.0
1.427594725E8	0.0	0.0
1.42760884E8	0.0	0.0
1.427622945E8	0.40283687943262414	1.205189723447535
1.427637035E8	0.0	0.0
1.427651115E8	0.0	0.0
1.42766519E8	2.6233120113717128	7.5895506663897585
1.427679255E8	0.0	0.0
1.427693305E8	0.6068376068376068	1.349263806863884
1.427707335E8	0.0	0.0
1.42772132E8	0.8594982078853046	1.519526430660784
1.427735265E8	0.0	0.0
1.4277492E8	14.21105527638191	15.328164281611727
1.42776312E8	0.0	0.0
1.42777703E8	0.0	0.0
1.42779094E8	0.0	0.0
1.427804825E8	0.4098124098124098	0.7492179665007783
1.427818685E8	0.0	0.0
1.42783254E8	0.0	0.0
1.427846385E8	2.010115606936416	2.4647808236576574
1.42786022E8	40.89443239334779	18.001144817775963
1.427874045E8	2.143270622286541	2.5199637054331623
1.42788786E8	0.0	0.0
1.42790167E8	0.0	0.0
1.427915475E8	0.0	0.0
1.427929275E8	4.939130434782609	8.636122318242846
1.42794307E8	7.07324147933285	12.178006543139853
1.427956855E8	1.0304789550072568	2.2826409983681315
1.42797063E8	0.20769789397240376	0.5211573066470477
1.4279844E8	9.058097312999275	9.478178891051648
1.42799817E8	0.756717501815541	1.5722724535267734
1.42801194E8	0.8242556281771968	1.6296543868192737
1.428025705E8	0.0	0.0
1.42803946E8	0.0	0.0
1.428053205E8	0.2066957787481805	0.5722856952873867
1.428066945E8	0.0	0.0
1.42808068E8	0.0	0.0
1.4280944E8	0.41429613420860684	1.0212904981181
1.4281081E8	0.0	0.0
1.428121785E8	0.0	0.0
1.428135455E8	2.5234260614934114	4.153444124655164
1.42814909E8	0.0	0.0
1.428162695E8	9379.111029411764	7695.602004697611
1.428176275E8	16.66740412979351	20.391431337118078
1.428189835E8	8.592182890855458	9.584856234005217
1.42820339E8	0.0	0.0
1.42821694E8	0.0	0.0
1.428230475E8	0.34023668639053256	0.8320502943378437
1.42824399E8	0.0	0.0
1.42825748E8	0.21083890126206384	0.6019024528376646
1.42827095E8	8.855233853006682	7.752193932343425
1.428284415E8	0.16344725111441308	0.48145396432292314
1.428297865E8	0.0	0.0
1.4283113E8	3.2055100521221145	9.21982712481459
1.42832472E8	70.51528709917972	121.99055292820243
1.428338125E8	5.92910447761194	5.133079724949396
1.428351525E8	0.0	0.0
1.428364925E8	0.0	0.0
1.42837832E8	0.9985063480209111	1.6255061830113766
1.42839171E8	0.42419716206123975	0.9777204440006756
1.42840509E8	0.0	0.0
1.42841846E8	0.0	0.0
1.428431825E8	0.0	0.0
1.428445175E8	1.474512743628186	2.7124843251884063
1.42845851E8	0.0	0.0
1.42847184E8	111.84321080270068	95.07639759869474
1.42848517E8	0.0	0.0
1.428498495E8	0.4264264264264264	0.7960110763259728
1.428511805E8	5.542857142857143	6.727845849485264
1.428525105E8	0.0	0.0
1.428538395E8	0.0	0.0
1.42855167E8	0.0	0.0
1.428564935E8	0.0	0.0
1.428578195E8	0.0	0.0
1.42859144E8	0.0	0.0
1.42860467E8	0.0	0.0
1.428617895E8	1.4062027231467473	1.5278553289505925
1.428631085E8	0.0	0.0
1.42864424E8	0.0	0.0
1.42865739E8	0.0	0.0
1.42867054E8	2.138403041825095	1.8312870248271786
1.42868369E8	467.8897338403042	860.5526851706248
1.428696825E8	0.0	0.0
1.42870994E8	0.0	0.0
1.42872305E8	1.299771167048055	1.7161235653452176
1.428736155E8	0.0	0.0
1.428749255E8	14.9587786259542	20.815254242028978
1.42876235E8	6.294117647058823	6.787115371417747
1.428775435E8	0.0	0.0
1.428788505E8	0.0	0.0
1.428801555E8	25.89340490797546	24.68628316873799
1.428814595E8	0.0	0.0
1.428827635E8	1.2484662576687116	2.2202359903309232
1.428840675E8	0.6533742331288344	1.4532595054511253
1.42885371E8	0.0	0.0
1.42886674E8	0.0	0.0
1.428879765E8	0.0	0.0
1.42889278E8	0.0	0.0
1.42890579E8	1.744043043812452	3.051190213957907
1.42891879E8	21.225558121632023	36.250040482045826
1.42893177E8	0.0	0.0
1.42894474E8	0.4363916730917502	1.0609781495253514
1.42895771E8	0.874325366229761	1.7801267356751698
1.428970675E8	0.0	0.0
1.42898363E8	0.0	0.0
1.428996575E8	0.0	0.0
1.429009515E8	0.0	0.0
1.429022455E8	1.7557959814528594	3.043730729589986
1.42903539E8	0.18793503480278423	0.45100214955339046
1.42904831E8	0.0	0.0
1.429061215E8	0.0	0.0
1.42907411E8	0.6625290923196276	1.407615329356115
1.42908699E8	80.45843045843046	52.8485984579947
1.429099855E8	0.0	0.0
1.42911271E8	0.0	0.0
1.429125555E8	0.0	0.0
1.429138395E8	30.0303738317757	19.64145117758285
1.42915123E8	0.0	0.0
1.42916406E8	64.23850350740452	53.7364530953659
1.429176885E8	5.289391575663027	6.1935122817166794
1.4291897E8	0.0	0.0
1.429202505E8	0.0	0.0
1.429215305E8	0.0	0.0
1.4292281E8	0.0	0.0
1.429240885E8	4.050860719874804	5.418408892800309
1.429253665E8	2.8857589984350547	4.325019109476812
1.429266445E8	0.0	0.0
1.42927922E8	1789.1808927173063	1042.6188189200168
1.42929199E8	320.10649960845734	552.7873585232825
1.42930476E8	0.6671887235708692	1.8277423587563344
1.429317525E8	0.0	0.0
1.42933028E8	806.0360784313725	1110.450952735587
1.42934303E8	0.2227450980392157	0.5357787076110918
1.429355775E8	0.0	0.0
1.429368515E8	0.4434850863422292	0.9925151596974221
1.429381245E8	0.0	0.0
1.42939396E8	0.0	0.0
1.42940667E8	0.0	0.0
1.42941938E8	0.0	0.0
1.42943209E8	0.0	0.0
1.4294448E8	0.42014162077104644	0.7578594228479122
1.429457505E8	189.65669291338583	182.7053649833545
1.429470205E8	3.5669291338582676	8.617415071799956
1.429482905E8	8.04015748031496	10.739213596042186
1.4294956E8	3.7888100866824272	3.7805232688046253
1.429508285E8	0.0	0.0
1.429520965E8	2.391955835962145	3.272218398764263
1.429533635E8	29.40521327014218	35.06519542922485
1.42954629E8	0.0	0.0
1.429558935E8	8.07120253164557	12.208240628383205
1.42957157E8	0.0	0.0
1.4295842E8	0.0	0.0
1.42959683E8	6.1876484560570075	6.447669854747487
1.429609455E8	0.0	0.0
1.429622075E8	0.4500792393026941	0.7500660298456181
1.429634695E8	0.0	0.0
1.42964731E8	0.0	0.0
1.42965992E8	38.25614591593973	17.848845472317997
1.429672525E8	219.96825396825398	191.8263516995233
1.429685125E8	0.2253968253968254	0.6146362971528592
1.429697725E8	3.5357142857142856	7.217758083091435
1.429710325E8	4.282539682539682	3.387418364271407
1.42972292E8	253.44320889594917	528.9039635893798
1.429735505E8	0.0	0.0
1.429748085E8	20.2972972972973	46.82173682965667
1.429760665E8	34.14546899841017	67.07432462460861
1.42977324E8	0.0	0.0
1.42978579E8	0.0	0.0
1.42979832E8	15.763766959297685	13.996949844452702
1.429810845E8	0.0	0.0
1.42982336E8	0.0	0.0
1.42983587E8	0.0	0.0
1.42984838E8	0.0	0.0
1.42986089E8	1.3477218225419665	2.491712883444876
1.429873395E8	8.4376	13.89368201737754
1.42988589E8	0.0	0.0
1.429898375E8	0.0	0.0
1.42991085E8	7.004811547714515	7.702049842233781
1.429923315E8	0.0	0.0
1.429935775E8	1.332263242375602	2.602936975586694
1.429948225E8	0.0	0.0
1.42996066E8	313.12228479485117	420.4109671921972
1.429973085E8	10.049114331723027	16.65678450990286
1.4299855E8	0.0	0.0
1.42999791E8	3.830781627719581	5.0527435682487045
1.43001032E8	0.0	0.0
1.430022725E8	2.0612903225806454	4.578878578020831
1.430035125E8	0.0	0.0
1.430047525E8	209.31612903225806	183.29047764013382
1.43005992E8	5.271993543179984	10.515179849337933
1.4300719E8	0.0	0.0
1.43007809E8	0.0	0.0
1.430084685E8	0.0	0.0
1.430097065E8	204.60177705977384	345.71989698722786
1.430109445E8	0.4588045234248788	1.0649353207964352
1.43012182E8	0.0	0.0
1.430134185E8	0.0	0.0
1.43014654E8	0.0	0.0
1.43015889E8	0.45991902834008097	0.9061195459645197
1.430171235E8	0.9205834683954619	1.6223719554252671
1.430183575E8	67.03160453808752	59.72229086305991
1.430195915E8	0.0	0.0
1.43020825E8	0.0	0.0
1.43022058E8	0.0	0.0
1.430232905E8	3.9334415584415585	6.653165441322678
1.43024522E8	3.850528025995126	4.1327484889733235
1.43025753E8	0.2307067424857839	0.6696386503291326
1.43026984E8	0.4614134849715678	1.0905397794489295
1.43028215E8	0.35743298131600326	0.7647812321589428
1.430294455E8	3.8902439024390243	3.9598595688329716
1.43030675E8	1.3864930838079739	1.9369643147752553
1.43031904E8	0.0	0.0
1.430331325E8	0.0	0.0
1.4303436E8	0.19396903015484923	0.5623330142432555
1.43035587E8	1213.4678076609616	1356.2460628691551
1.43036814E8	0.0	0.0
1.43038041E8	0.0	0.0
1.430392675E8	2.535889070146819	2.0807515269254546
1.430404935E8	0.0	0.0
1.430417195E8	2.0848287112561175	3.0246405149535054
1.43042945E8	2.6955102040816326	3.9181420003228413
1.4304417E8	0.0	0.0
1.43045395E8	0.0	0.0
1.4304662E8	0.0	0.0
1.43047845E8	0.0	0.0
1.4304907E8	0.0	0.0
1.430502945E8	65.02941176470588	91.7341863631679
1.430515185E8	5.272875816993464	7.147774917728579
1.430527425E8	0.46405228758169936	1.1025816407458469
1.430539665E8	3.9558823529411766	5.204164998665332
1.4305519E8	0.0	0.0
1.43056413E8	0.0	0.0
1.43057636E8	1.16107931316435	1.913715183980251
1.430588585E8	127.15139116202946	93.36808789053077
1.430600805E8	1.099836333878887	1.7722169348466117
1.43061302E8	0.0	0.0
1.430625225E8	0.0	0.0
1.430637425E8	0.23278688524590163	0.5936825889256334
1.43064962E8	0.0	0.0
1.43066181E8	0.0	0.0
1.430674E8	0.0	0.0
1.430686185E8	16.469622331691298	17.019958341241693
1.430698365E8	0.0	0.0
1.430710525E8	2.3401976935749587	4.16801186412728
1.43072266E8	0.0	0.0
1.430734785E8	0.0	0.0
1.430746905E8	0.9356435643564357	1.4612712039019777
1.43075902E8	0.0	0.0
1.43077113E8	0.0	0.0
1.430783235E8	0.0	0.0
1.43079533E8	0.0	0.0
1.43080742E8	1.4094292803970223	2.2066520981379707
1.43081951E8	0.0	0.0
1.430831595E8	0.0	0.0
1.430843675E8	0.4685430463576159	0.968032072152174
1.430855755E8	2.115894039735099	4.130928410953625
1.430867835E8	0.47102649006622516	0.9318677392439919
1.43087991E8	1.8715824357912179	3.1612295071199745
1.430891975E8	0.0	0.0
1.43090403E8	8.013278008298755	8.454221366936272
1.43091608E8	0.0	0.0
1.43092813E8	8.231535269709543	6.404808877982659
1.43094017E8	0.0	0.0
1.4309522E8	0.0	0.0
1.43096423E8	0.45885286783042395	0.9518761279315804
1.430976255E8	3.366056572379368	3.3557758091383287
1.430988275E8	0.7088186356073212	1.4582372601267475
1.43100029E8	0.0	0.0
1.431012295E8	43.016666666666666	71.68676074887655
1.431024295E8	1.6566666666666667	2.680795901717747
1.431036295E8	0.6066666666666667	1.0295630140987
1.43104829E8	0.7105921601334445	1.1738035805469134
1.43106028E8	0.0	0.0
1.431072265E8	0.0	0.0
1.431084245E8	2.1335559265442403	2.7198030960841844
1.43109622E8	0.23725981620718462	0.5965649372120163
1.43110819E8	0.0	0.0
1.43112015E8	0.0	0.0
1.4311321E8	0.0	0.0
1.43114405E8	17.002510460251045	22.223418610286615
1.431156E8	0.0	0.0
1.43116795E8	211.2192468619247	253.99037144468858
1.431179895E8	0.4321608040201005	0.9296889845750572
1.43119183E8	1.1835708298407377	1.5399132360357262
1.43120376E8	0.47611064543168485	1.2173652723003272
1.43121569E8	0.18105616093880972	0.4428816708223283
1.43122762E8	0.23805532271584243	0.48790913366716393
1.431239545E8	0.0	0.0
1.431251465E8	77.23909395973155	67.7231831074215
1.431263385E8	1.9085570469798658	4.092471398513496
1.4312753E8	0.0	0.0
1.43128721E8	0.0	0.0
1.431299115E8	0.0	0.0
1.431311015E8	0.33949579831932775	0.4885237580557101
1.431322915E8	0.0	0.0
1.43133481E8	0.7165685449957948	1.0253309789938274
1.4313467E8	0.0	0.0
1.43135859E8	0.0	0.0
1.43137048E8	0.0	0.0
1.43138237E8	0.0	0.0
1.43139426E8	1.152228763666947	1.2524156641446103
1.431406145E8	0.0	0.0
1.431418015E8	0.0	0.0
1.431429875E8	0.0	0.0
1.431441735E8	23.77824620573356	25.510471348016612
1.431453595E8	0.23946037099494097	0.5354231120689557
1.431465455E8	0.20067453625632378	0.527490479282383
1.43147731E8	0.0	0.0
1.43148916E8	0.0	0.0
1.43150101E8	7.708860759493671	6.89909184997782
1.43151286E8	0.0	0.0
1.431524705E8	0.9594594594594594	2.3169469659971162
1.431536545E8	0.0	0.0
1.431548385E8	0.0	0.0
1.431560225E8	0.0	0.0
1.431572055E8	0.7208121827411168	1.22024657018464
1.431583875E8	177.65059221658206	108.01133847230429
1.43159569E8	0.0	0.0
1.4316075E8	69.94919559695174	91.7371858171084
1.43161931E8	0.0	0.0
1.43163111E8	0.4817642069550466	1.0935852747640038
1.4316429E8	1.2044105173876167	1.8458398310616884
1.43165469E8	1.6861747243426632	3.1053047719808746
1.431666475E8	0.0	0.0
1.431678255E8	0.0	0.0
1.431690035E8	0.0	0.0
1.431701815E8	1.4448217317487266	2.4198528067037577
1.431713595E8	0.9575551782682513	1.559787543758392
1.431725375E8	0.0	0.0
1.43173715E8	0.0	0.0
1.431748915E8	14853.448979591836	19824.88743547064
1.43176067E8	0.0	0.0
1.43177242E8	0.7251063829787234	1.3825662232609792
1.431784165E8	0.0	0.0
1.431795905E8	0.24190800681431004	0.4918414447912153
1.43180764E8	0.0	0.0
1.43181937E8	0.2421142369991475	0.4920510512123183
1.4318311E8	2.6641091219096333	4.304679346899708
1.43184282E8	0.0	0.0
1.43185453E8	8.37403928266439	12.63036207376622
1.43186624E8	0.0	0.0
1.43187795E8	0.0	0.0
1.431889655E8	0.0	0.0
1.43190135E8	0.24294268605645852	0.4928921647342941
1.43191304E8	0.0	0.0
1.431924725E8	1.2157534246575343	2.130984723176344
1.4319364E8	0.0	0.0
1.43194807E8	0.0	0.0
1.43195974E8	0.0	0.0
1.431971405E8	0.0	0.0
1.431983065E8	490.131217838765	301.87750972006114
1.431994725E8	743.4845626072041	769.930581509173
1.432006385E8	0.0	0.0
1.43201804E8	0.0	0.0
1.43202969E8	0.0	0.0
1.432041335E8	0.0	0.0
1.43205297E8	0.0	0.0
1.4320646E8	396.21496130696477	317.0470493007865
1.43207623E8	0.0	0.0
1.43208786E8	1.465176268271711	2.6028293356078778
1.43209949E8	0.0	0.0
1.43211112E8	57.283748925193464	92.43087166154768
1.432122745E8	141.99569707401034	115.86960369415684
1.432134365E8	0.729776247848537	1.4221023926378507
1.432145985E8	226.63769363166955	345.2172543020035
1.4321576E8	0.0	0.0
1.43216921E8	0.0	0.0
1.43218082E8	0.23341946597760552	0.5403606796230527
1.432192425E8	0.0	0.0
1.432204025E8	2.3275862068965516	4.09583472188094
1.432215625E8	1.2232758620689654	2.26117912481138
1.43222722E8	0.0	0.0
1.43223881E8	0.0	0.0
1.4322504E8	3.175150992234685	4.587280309560497
1.43226199E8	0.0	0.0
1.43227358E8	30.13632441760138	23.51692431158442
1.432285165E8	0.0	0.0
1.432296745E8	318.6355785837651	363.4360073431168
1.432308325E8	1.1010362694300517	1.6605240864848063
1.4323199E8	0.658599827139153	1.1287091930713458
1.43233147E8	7.118409680207433	10.400992240413123
1.432343035E8	0.0	0.0
1.432354595E8	0.1773356401384083	0.42111238421401037
1.43236615E8	0.49177489177489175	1.1227671444275793
1.4323777E8	3.6744588744588746	3.8978293437596254
1.43238925E8	0.0	0.0
1.4324008E8	131.95670995670994	225.09801809193644
1.432412345E8	0.0	0.0
1.432423885E8	0.0	0.0
1.432435425E8	0.6863084922010398	1.0298827986019343
1.432446965E8	10.332755632582323	6.511421773944426
1.4324585E8	0.0	0.0
1.43247003E8	0.24631396357328708	0.4963002756127454
1.43248156E8	0.24631396357328708	0.6398178405118866
1.432493085E8	0.7395833333333334	1.4499760534421096
1.432504605E8	0.0	0.0
1.432516125E8	0.2465277777777778	0.6588078458684123
1.432527645E8	0.0	0.0
1.43253916E8	1.6985230234578628	3.225387994494679
1.432550665E8	2.9634782608695653	5.893253327544023
1.432562165E8	0.0	0.0
1.432573655E8	0.0	0.0
1.432585135E8	0.0	0.0
1.432596615E8	0.5722996515679443	0.7935936874538195
1.432608095E8	26.708188153310104	28.50009169249875
1.432619575E8	0.24738675958188153	0.7034013926370654
1.432631055E8	0.0	0.0
1.43264253E8	2.202266782911944	1.79119224540041
1.432654E8	487.9110723626853	290.3874137141484
1.43266547E8	0.4917175239755885	0.9757298924479894
1.432676935E8	0.0	0.0
1.432688395E8	0.24781849912739964	0.5013071917732282
1.432699855E8	0.24781849912739964	0.49781371930411844
1.43271131E8	1.5074235807860261	2.456077036756044
1.432722755E8	13.632867132867133	10.00681585902147
1.432734195E8	2.199300699300699	2.9001446792943213
1.432745635E8	458.00174825174827	216.70789570972505
1.432757075E8	12.412587412587413	17.093326714885496
1.432768515E8	0.7447552447552448	1.7625672630124947
1.43277995E8	0.0	0.0
1.43279138E8	0.49868766404199477	0.9969331800724203
1.432802805E8	0.0	0.0
1.432814225E8	0.9562171628721541	1.307395105341573
1.432825645E8	652.122591943958	1099.8034193872884
1.43283706E8	53.1954425942156	64.1528766800662
1.43284847E8	149.20333041191938	130.17932080516323
1.432859875E8	28.183333333333334	16.29454757585354
1.432871275E8	0.9964912280701754	2.4174076299049787
1.432882675E8	0.47017543859649125	0.7374684055082001
1.432894075E8	0.0	0.0
1.43290547E8	9.83406496927129	8.143036474202553
1.43291686E8	0.0	0.0
1.43292825E8	0.0	0.0
1.43293964E8	0.0	0.0
1.43295103E8	0.0	0.0
1.432962415E8	0.4991212653778559	1.0679876120737815
1.43297379E8	2.747581354441513	3.8530619242016644
1.432985155E8	1698.1417253521126	2473.394373728734
1.432996515E8	0.0	0.0
1.433007875E8	979.6839788732394	785.3570104117089
1.433019235E8	0.4964788732394366	1.0
1.43303059E8	0.0	0.0
1.43304194E8	0.0	0.0
1.43305329E8	10.938325991189428	7.165753109139707
1.433064635E8	0.0	0.0
1.433075975E8	77.37037037037037	64.02233819816165
1.433087315E8	1049.3880070546736	1715.0298414729866
1.433098655E8	0.0	0.0
1.43310999E8	0.0	0.0
1.43312132E8	0.0	0.0
1.43313265E8	0.2506619593998235	0.5926886097884724
1.433143975E8	12336.098939929328	13888.45952777954
1.433155295E8	1.0035335689045937	1.655913485048257
1.433166615E8	0.0	0.0
1.433177935E8	0.5017667844522968	1.0699889368999753
1.43318925E8	0.0	0.0
1.43320056E8	1525.3899204244033	2548.87379908817
1.43321187E8	0.0	0.0
1.433223175E8	0.0	0.0
1.433234475E8	1.0053097345132744	1.5359987094389858
1.433245775E8	2.979646017699115	4.884235069321437
1.43325707E8	0.0	0.0
1.43326836E8	1.4933569530558015	2.2753346827471246
1.43327965E8	16.31975199291408	23.98833492715787
1.43329094E8	1.2577502214348981	3.1019009000896482
1.43330222E8	2.2661934338952974	2.482771156906888
1.43331349E8	0.0	0.0
1.433324755E8	123.36678507992895	169.81015154167744
1.433336015E8	0.0	0.0
1.433347275E8	0.0	0.0
1.433358535E8	0.0	0.0
1.433369795E8	8.071047957371226	12.62985833222238
1.43338105E8	15.399111111111111	26.53405359156418
1.4333923E8	0.0	0.0
1.433403545E8	1.01067615658363	1.3901022774015626
1.433414785E8	0.0	0.0
1.43342602E8	0.0	0.0
1.43343725E8	100.98219056099732	203.2403093147742
1.43344848E8	0.17275155832591274	0.5862782383404302
1.43345971E8	1.5155832591273375	2.592371849804356
1.43347094E8	0.25289403383793413	0.6130082894679051
1.433482165E8	446.1648841354724	271.8714651869293
1.43349338E8	0.0	0.0
1.433504585E8	0.9080357142857143	1.773565818988885
1.43351578E8	5.583556747095621	7.54794031762488
1.43352697E8	4.009830205540661	4.520334356973857
1.433538155E8	2.774597495527728	3.9418855308673715
1.433549335E8	0.0	0.0
1.433560515E8	0.0	0.0
1.433571695E8	0.25402504472271914	0.651130845114674
1.43358287E8	0.0	0.0
1.43359404E8	0.0	0.0
1.43360521E8	1.7717099373321397	2.862094443167706
1.43361638E8	1.2712623097582811	2.2965077999435213
1.43362755E8	27.800358102059086	17.649730343539016
1.43363872E8	8.335720680393912	6.0151256674309455
1.433649885E8	0.0	0.0
1.433661045E8	19.810035842293907	33.11499730628076
1.433668735E8	205.87440758293837	109.23762090005995
1.433674315E8	4.540345821325649	6.022532139537151
1.433683365E8	0.5044802867383512	0.9289258451601246
1.433694525E8	1.764336917562724	2.1525595333934127
1.433705685E8	0.0	0.0
1.43371684E8	0.5094170403587444	0.8627830659175462
1.43372799E8	0.5094170403587444	1.0739474981113144
1.43373914E8	0.2547085201793722	0.6802795521388952
1.433750285E8	0.0	0.0
1.433761425E8	0.4488330341113106	0.7424062000607817
1.433772565E8	0.0	0.0
1.433783705E8	0.7666068222621185	1.2837892744748776
1.433794845E8	0.0	0.0
1.433805985E8	0.0	0.0
1.433817115E8	0.5107913669064749	0.9661538373416896
1.433828235E8	0.0	0.0
1.433839355E8	0.0	0.0
1.433850475E8	225.81294964028777	369.2676265745093
1.43386159E8	14.126912691269126	8.092289448286651
1.433872695E8	0.0	0.0
1.433883795E8	1.0612612612612613	1.5091313652155922
1.433894895E8	2.046846846846847	2.4317716820280464
1.433905995E8	0.0	0.0
1.43391709E8	1.4752028854824166	2.698060619983788
1.43392818E8	0.0	0.0
1.43393927E8	1.6636609558160504	2.8419439872542727
1.43395036E8	0.5112714156898106	0.7507135169227553
1.433961445E8	14.865523465703971	10.344734791483887
1.433972525E8	0.0	0.0
1.4339836E8	0.0	0.0
1.43399467E8	3.016260162601626	2.690946378492912
1.43400574E8	1.2827461607949413	2.7201612684005694
1.434016805E8	117.75316455696202	80.29731709096657
1.434027865E8	0.25678119349005424	0.5067358221894859
1.43403892E8	0.265158371040724	0.5770889655920868
1.43404997E8	0.0	0.0
1.43406102E8	0.0	0.0
1.43407207E8	0.0	0.0
1.43408312E8	0.6588235294117647	1.1470994307697995
1.43409417E8	0.0	0.0
1.43410521E8	0.0	0.0
1.43411624E8	0.0	0.0
1.43412727E8	0.0	0.0
1.434138295E8	0.0	0.0
1.434149315E8	0.0	0.0
1.434160335E8	0.2595281306715064	0.5933692900189291
1.43417135E8	4.881017257039056	4.250981614480178
1.43418236E8	0.0	0.0
1.43419337E8	0.5449591280653951	1.360530964364817
1.434204375E8	502.40818181818184	733.1347302694592
1.434215375E8	0.0	0.0
1.43422637E8	0.7679708826205641	1.7815146248368925
1.43423736E8	2.5468607825295724	3.313880148383854
1.434248345E8	15.509107468123862	23.057048912506865
1.434259325E8	0.517304189435337	1.3469252578644533
1.434270305E8	0.0	0.0
1.43428128E8	0.0	0.0
1.43429225E8	0.0	0.0
1.43430322E8	0.0	0.0
1.434314185E8	0.0	0.0
1.434325145E8	0.0	0.0
1.434336095E8	0.773308957952468	1.8335687622366639
1.43434703E8	0.0	0.0
1.434357955E8	0.0	0.0
1.43436887E8	0.0	0.0
1.43437978E8	2.30980751604033	2.6611231717620147
1.434390685E8	0.781651376146789	1.1397730339007586
1.434401585E8	0.0	0.0
1.434412485E8	10.041284403669724	10.600545251685288
1.434423385E8	10.132110091743119	7.353898048909944
1.434434285E8	0.0	0.0
1.43444518E8	0.0	0.0
1.43445607E8	0.7823691460055097	1.9907960855341627
1.434466955E8	0.0	0.0
1.434477835E8	1.0165441176470589	1.133545971978303
1.434488715E8	0.5220588235294118	1.0744355563298724
1.434499595E8	12.790441176470589	21.482722195782742
1.43451047E8	0.0	0.0
1.43452134E8	49.264949402023916	50.123325369434106
1.43453221E8	26.64765409383625	18.022754706551147
1.434543075E8	20.267034990791895	14.474910025897465
1.434553935E8	10.97145488029466	14.02332968029646
1.434564795E8	6.012891344383057	4.576543606392871
1.434575655E8	0.5230202578268877	1.2874232262686236
1.434586505E8	0.26199261992619927	0.5998154697788128
1.434597345E8	0.7767527675276753	1.4585288043308333
1.434608185E8	0.0	0.0
1.434619025E8	0.0	0.0
1.434629865E8	1.6356088560885609	3.680882093864172
1.4346407E8	0.0	0.0
1.43465153E8	0.0	0.0
1.43466236E8	761.9132040627885	492.6132025362489
1.434673185E8	0.0	0.0
1.434684005E8	1.1478743068391868	1.3465915073308337
1.43469482E8	0.0	0.0
1.43470563E8	14.861239592969472	10.426741042610473
1.434716435E8	0.20555555555555555	0.45338235029118146
1.434727235E8	1.0518518518518518	2.1200104821543793
1.434738035E8	9.103703703703705	9.484783134637876
1.43474883E8	0.0	0.0
1.43475962E8	0.0	0.0
1.434770405E8	0.0	0.0
1.434781185E8	204.5899814471243	406.7160636128626
1.434791965E8	0.6957328385899815	1.243163121016122
1.434802745E8	1.3172541743970316	2.2608222517868133
1.43481352E8	3.42711234911792	5.321074583774503
1.43482429E8	0.0	0.0
1.434835055E8	0.0	0.0
1.434845815E8	0.0	0.0
1.434856575E8	0.0	0.0
1.434867335E8	0.26394052044609667	0.6637171431390441
1.43487809E8	0.0	0.0
1.43488884E8	14.945116279069767	11.244636964576326
1.43489959E8	32.693023255813955	44.000475684532276
1.43491034E8	0.8455813953488373	1.8744301459625063
1.434921085E8	0.0	0.0
1.434931825E8	16.64338919925512	23.269632387167015
1.434942565E8	25.02420856610801	50.946113862500596
1.434953305E8	0.5288640595903166	1.0302681757515761
1.43496404E8	1.309412861136999	3.288263180420513
1.434974765E8	358.78731343283584	111.63273923965701
1.434985485E8	0.26492537313432835	0.5827111109340289
1.4349962E8	0.0	0.0
1.43500691E8	8.491129785247432	8.35241512789689
1.435017615E8	0.36074766355140186	1.145490957061766
1.435028315E8	0.22897196261682243	0.4785101489172643
1.435039015E8	0.0	0.0
1.43504971E8	0.0	0.0
1.4350604E8	0.2656688493919551	0.5154307416054607
1.435071085E8	0.7528089887640449	1.4339385535234412
1.43508176E8	0.0	0.0
1.43509243E8	0.0	0.0
1.4351031E8	0.7122774133083412	1.8095860540391056
1.435113765E8	1.0656660412757974	1.6299265053240817
1.435124415E8	6.401315789473684	9.076688724170767
1.435135055E8	0.0	0.0
1.435145695E8	11.43421052631579	7.424114843064291
1.43515633E8	0.0	0.0
1.43516696E8	0.0	0.0
1.43517759E8	3.129821260583255	4.06624357149083
1.43518822E8	12.657572906867356	9.50204216303575
1.43519885E8	0.0	0.0
1.43520948E8	0.0	0.0
1.43522011E8	0.0	0.0
1.43523074E8	0.0	0.0
1.435241365E8	128.07062146892656	58.16968165983704
1.435251985E8	0.0	0.0
1.435262605E8	0.5348399246704332	1.0342532810394494
1.435273225E8	1.6045197740112995	3.1380659054772324
1.435283845E8	0.2674199623352166	0.6243640832675886
1.43529446E8	5.618284637134779	11.980820362163191
1.435305065E8	159.95094339622642	272.3236316909689
1.435315665E8	582.1528301886792	470.91056014956536
1.435326265E8	0.0	0.0
1.43533686E8	16.89518413597734	10.07582208784905
1.43534745E8	0.0	0.0
1.43535804E8	0.0	0.0
1.435368625E8	0.0	0.0
1.435379205E8	7384.498109640832	7486.142171285264
1.435389785E8	0.2684310018903592	0.6942921488117961
1.435400365E8	29.84593572778828	45.39185615190167
1.43541094E8	0.0	0.0
1.435421505E8	2.462121212121212	4.54751847081727
1.435432065E8	2.058712121212121	2.6100766272276377
1.435442625E8	4.195075757575758	6.45709910005095
1.435453185E8	0.0	0.0
1.43546374E8	0.0	0.0
1.43547429E8	0.0	0.0
1.43548484E8	0.2682464454976303	0.5898027624369007
1.435495385E8	13.191650853889943	9.6933044831294
1.435505925E8	0.0	0.0
1.43551646E8	0.0	0.0
1.43552699E8	6.762583095916429	5.746793978005565
1.43553752E8	21.77207977207977	25.24627039863187
1.43554805E8	46.37796771130105	62.7352779520032
1.43555858E8	12.925925925925926	7.025864575227713
1.435569105E8	0.0	0.0
1.435579625E8	273.26901140684413	400.2445307691866
1.435590145E8	4.0494296577946765	8.183378312675336
1.43560066E8	0.0	0.0
1.43561117E8	0.0	0.0
1.43562168E8	1.0580399619410086	0.9836919524316452
1.43563219E8	0.0	0.0
1.4356427E8	4.59372026641294	9.040241991321668
1.435653205E8	0.0	0.0
1.435663705E8	2.434285714285714	4.087145936318143
1.4356742E8	0.0	0.0
1.43568469E8	0.0	0.0
1.43569518E8	0.0	0.0
1.43570567E8	1.082936129647283	1.8253066916518803
1.43571616E8	1.2945662535748332	1.680085793805539
1.435726645E8	0.0	0.0
1.435737125E8	20.46564885496183	16.249398109816184
1.435747605E8	0.0	0.0
1.435758085E8	0.0	0.0
1.435768565E8	16.103053435114504	11.169751956897967
1.43577904E8	1563.1193887297038	2362.113644014558
1.43578951E8	0.0	0.0
1.43579998E8	0.0	0.0
1.43581045E8	3.2550143266475646	5.014687120349108
1.435820915E8	0.0	0.0
1.43583137E8	0.27177033492822966	0.5213159645821617
1.43584182E8	0.815311004784689	1.5091427903689194
1.43585227E8	5.150239234449761	6.831463936926777
1.43586272E8	0.0	0.0
1.435873165E8	0.0	0.0
1.435883605E8	82.60632183908046	131.963709019125
1.435894045E8	11.860153256704981	19.233541503684297
1.43590448E8	1.311601150527325	1.4546516783317065
1.43591491E8	1.361457334611697	1.7276167502274187
1.435925335E8	0.0	0.0
1.435935755E8	0.0	0.0
1.435946175E8	147.92898272552782	147.75245807621064
1.435956595E8	3.7840690978886755	3.250572074263361
1.435967015E8	0.5095969289827256	1.107902169368124
1.43597743E8	11.09702209414025	9.54905430083764
1.43598784E8	0.5456292026897214	1.3120296147169592
1.43599825E8	0.0	0.0
1.436008655E8	0.0	0.0
1.436019055E8	0.0	0.0
1.436029455E8	0.0	0.0
1.436039855E8	0.5596153846153846	0.957761813974483
1.43605025E8	1.6400384985563041	3.2304792446546333
1.43606064E8	10.931665062560153	8.232076514122058
1.43607103E8	0.8142444658325313	1.5629246294999621
1.436081415E8	0.0	0.0
1.436091795E8	2.458574181117534	3.293597455729124
1.436102175E8	0.0	0.0
1.43611255E8	0.0	0.0
1.43612292E8	0.0	0.0
1.43613329E8	0.0	0.0
1.43614366E8	265.87367405978785	109.76268781974876
1.436154025E8	0.0	0.0
1.436164385E8	16.14864864864865	26.972351065632413
1.43617474E8	0.0	0.0
1.43618509E8	0.4753623188405797	0.7033391716221727
1.43619544E8	0.2144927536231884	0.6106937529591913
1.43620579E8	0.0	0.0
1.43621614E8	1.097584541062802	1.4159205196176783
1.43622648E8	1.5150048402710552	1.3461788451238754
1.43623681E8	1.303969022265247	3.7846175640989097
1.43624714E8	1.0997095837366893	2.0385918492863566
1.43625747E8	4.271055179090029	2.8826684421784377
1.436267795E8	0.0	0.0
1.436278115E8	3.800387596899225	3.4035719950636265
1.436288435E8	2.197674418604651	3.5636515546698413
1.43629875E8	0.0	0.0
1.43630906E8	0.0	0.0
1.43631937E8	4.129970902036858	7.526867491765967
1.436329675E8	11.844660194174757	7.647259804941365
1.436339975E8	0.0	0.0
1.436350275E8	0.0	0.0
1.43636057E8	1.9319727891156462	2.3767990986401024
1.43637086E8	1.8027210884353742	3.149961049938898
1.43638115E8	8675.108843537415	8186.84891983183
1.43639144E8	246.709426627794	354.54599968017243
1.43640173E8	0.0	0.0
1.43641202E8	0.2759961127308066	0.6970714806775237
1.43642231E8	0.0	0.0
1.436432595E8	0.0	0.0
1.436442875E8	0.0	0.0
1.43645315E8	0.0	0.0
1.43646342E8	0.0	0.0
1.43647369E8	0.0	0.0
1.436483955E8	0.0	0.0
1.436494215E8	0.0	0.0
1.43650447E8	0.0	0.0
1.43651472E8	0.76	1.7167751958747342
1.43652497E8	0.0	0.0
1.43653522E8	1.5726829268292684	1.8528817371077189
1.43654546E8	0.0	0.0
1.43655569E8	0.0	0.0
1.436565915E8	0.0	0.0
1.436576135E8	1.3933463796477494	1.6492897125044448
1.436586355E8	17.965753424657535	16.947195531981606
1.436596575E8	0.0	0.0
1.43660679E8	9.459353574926542	5.947781255301902
1.436617E8	3.582761998041136	4.618236643609344
1.43662721E8	0.0	0.0
1.436637415E8	686.0911764705883	522.8806869115535
1.436647615E8	0.0	0.0
1.436657815E8	0.0	0.0
1.43666801E8	0.0	0.0
1.4366782E8	0.0	0.0
1.43668839E8	2.7163886162904807	2.5538364221402374
1.43669858E8	0.0	0.0
1.43670877E8	3.6368989205103044	5.166036134454795
1.436718955E8	50.46758349705304	78.41237773667032
1.436729135E8	0.0	0.0
1.436739315E8	0.0	0.0
1.436749495E8	0.0	0.0
1.436759665E8	0.0	0.0
1.436769825E8	0.2795275590551181	0.6625529246428212
1.436779985E8	0.0	0.0
1.43679014E8	0.0	0.0
1.43680029E8	0.0	0.0
1.436810435E8	0.0	0.0
1.436820575E8	73.50295857988165	92.32181515893538
1.436830715E8	0.0	0.0
1.436840855E8	0.0	0.0
1.436850995E8	0.0	0.0
1.43686113E8	4.20533070088845	6.64009181777405
1.43687126E8	0.0	0.0
1.43688139E8	0.84106614017769	1.2969704238552937
1.436891515E8	0.0	0.0
1.436901635E8	0.0	0.0
1.436911755E8	5.842885375494071	4.991692703625778
1.436921875E8	60.676877470355734	61.43688718285919
1.436931995E8	16.56620553359684	18.750283265317467
1.43694211E8	0.0	0.0
1.43695222E8	51.91196834817013	55.19367930669675
1.43696233E8	0.0	0.0
1.43697244E8	1.6340257171117705	2.2404870884853665
1.436982545E8	29.16039603960396	20.34633301916423
1.436992645E8	0.5158415841584159	0.7916644953939306
1.437002745E8	1.1247524752475249	1.3614203416045514
1.437012845E8	0.5633663366336633	1.1869755225315763
1.437022935E8	0.0	0.0
1.437033015E8	0.0	0.0
1.437043095E8	1.4087301587301588	1.9323889318993173
1.43705317E8	0.0	0.0
1.43706324E8	0.0	0.0
1.437073305E8	1.2773359840954275	3.294823942357649
1.437083365E8	3.6699801192842942	5.367785509161651
1.437093425E8	0.0	0.0
1.43710348E8	0.0	0.0
1.43711353E8	0.0	0.0
1.43712358E8	139.0328358208955	204.5478936484556
1.43713363E8	1647.0268656716419	2094.0097639558153
1.43714368E8	2.5432835820895523	3.248267812403178
1.437153725E8	0.0	0.0
1.437163765E8	0.0	0.0
1.437173805E8	0.28286852589641437	0.6152122038588738
1.437183845E8	0.0	0.0
1.43719388E8	0.0	0.0
1.4372039E8	4.005994005994006	5.937654777413743
1.43721391E8	0.0	0.0
1.43722392E8	1.3466533466533466	2.5958161988595685
1.43723393E8	0.0	0.0
1.43724394E8	4.468531468531468	4.903361810325345
1.437251765E8	9.872340425531915	15.041903644427022
1.437257305E8	0.0	0.0
