#Position (bp)	mapping quality
179658.5	153.1334713352815
538974.5	142.4291669505325
898290.5	87.07454091884344
1257606.5	116.68965717581302
1616922.5	124.37550629407028
1976238.5	139.67257226580588
2335554.5	114.39990256708344
2694870.5	146.6090028906961
3054186.5	120.29725966456027
3413502.5	157.9382841955071
3772818.5	88.69119329107558
4132134.5	148.4130920290767
4491450.5	173.96492977643635
4850766.5	140.93267650176534
5210082.5	122.3757498998278
5569398.5	114.0907990777861
5928714.5	79.23955373705293
6288030.5	53.139862717943636
6647346.5	125.42670921584774
7006662.5	152.7887858249416
7365978.5	68.5169985841306
7725294.5	147.76994021295386
8084610.5	114.00796428479732
8443926.5	87.62896306918603
8803242.5	81.07328692669118
9162558.5	147.4395408321561
9521874.5	106.62299830938521
9881190.5	183.82887582855025
1.02405065E7	161.12183050034798
1.05998225E7	136.9782115155111
1.09591385E7	145.3754195961339
1.13184545E7	161.49066015157263
1.16777705E7	139.8110648854179
1.20370865E7	116.65342083102936
1.23964025E7	26.615301676957742
1.27557185E7	110.76447425970514
1.31150345E7	148.49610747622637
1.34743505E7	138.04573144761255
1.38336665E7	175.76885447427378
1.41929825E7	93.31416461190136
1.45522985E7	76.94507315650124
1.49116145E7	73.87860426605573
1.52709305E7	163.10689543776948
1.56302465E7	102.70073477286577
1.59895625E7	39.21658787309255
1.63488785E7	81.58239369969611
1.67081945E7	94.08438384123596
1.70675105E7	125.25971877764292
1.74268265E7	128.9307350828449
1.77861425E7	10.448212787154619
1.81454585E7	105.675230903708
1.85047745E7	123.28490551112083
1.88640905E7	126.07843407105808
1.92234065E7	119.12646875131833
1.95827225E7	112.12766852250365
1.99420385E7	140.39885701856997
2.03013545E7	66.651505463123
2.06606705E7	89.27613720273403
2.10199865E7	64.22259148231029
2.13793025E7	56.8706380638046
2.17386185E7	149.94454650696343
2.20979345E7	168.09908372445483
2.24572505E7	128.04349097114394
2.28165665E7	42.51338095332837
2.31758825E7	71.99109392352216
2.34346265E7	43.04075048920825
2.36142845E7	88.89980805435802
2.38945145E7	21.338016700849483
2.42538305E7	22.736772751066603
2.46131465E7	14.358552120861296
2.49724625E7	50.32911118195086
2.53317785E7	3.1293159443536105
2.56910945E7	6.0715893469933695
2.60504105E7	5.160727884201479
2.64097265E7	7.309395864188114
2.67690425E7	13.340163257088104
2.71283585E7	64.2457338154199
2.74876745E7	20.112986354413174
2.78469905E7	10.978129869192289
2.82063065E7	84.70791563644154
2.85656225E7	77.7827365803157
2.89249385E7	77.75544255798134
2.92842545E7	124.46664033346495
2.96435705E7	108.68956655572725
3.00028865E7	93.50920983202067
3.03622025E7	74.70183927858777
3.07215185E7	123.63389979317705
3.10808345E7	135.94206397218676
3.14401505E7	149.2763138773065
3.17994665E7	137.96244638606285
3.21587825E7	124.9465849672991
3.25180985E7	175.75287454305968
3.28774145E7	135.07561026351806
3.32367305E7	175.60158500411146
3.35960465E7	97.95622241215005
3.39553625E7	47.655285210182704
3.43146785E7	143.5286494416727
3.46739945E7	102.75735511337322
3.50333105E7	78.10659217726771
3.53926265E7	166.37093801129106
3.57519425E7	66.61168671486301
3.61112585E7	137.02964992141438
3.64705745E7	150.65646009808918
3.68298905E7	134.77892728749725
3.71892065E7	130.54871475214028
3.75485225E7	75.52544173583183
3.79078385E7	121.86943935535874
3.82671545E7	168.5670585153077
3.86264705E7	108.93386452113815
3.89857865E7	167.06375310194716
3.93451025E7	107.10888107863086
3.97044185E7	108.42671487395057
4.00637345E7	143.25937079449017
4.04230505E7	165.76226044231709
4.07823665E7	82.54301314406355
4.11416825E7	169.25078209771323
4.15009985E7	154.88329851978187
4.18603145E7	122.88627463316014
4.22196305E7	100.49713842489156
4.25789465E7	95.5814048179704
4.29382625E7	94.7652710376148
4.32975785E7	71.39128717381676
4.36568945E7	186.22468995380123
4.40162105E7	84.28867511849275
4.43755265E7	144.61977692500963
4.47348425E7	142.53619905747445
4.50941585E7	51.36112468565426
4.54534745E7	86.95580625527704
4.58127905E7	122.46740624813117
4.61721065E7	105.97354746640086
4.65314225E7	128.93331174412393
4.68907385E7	125.4772221723367
4.72500545E7	147.6803568141183
4.76093705E7	114.83407753947745
4.79686865E7	119.80756638333943
4.83280025E7	155.563467326049
4.86541545E7	46.703042795207686
4.88338125E7	99.66514541431127
4.90466345E7	157.8216872947794
4.94059505E7	98.983494354882
4.97652665E7	117.59590535498229
5.01245825E7	135.2456410227905
5.04838985E7	154.48286722757825
5.08432145E7	109.32837950581995
5.12025305E7	92.92397519473438
5.15618465E7	151.6206229551527
5.19211625E7	150.8660178926632
5.22804785E7	61.097193716199065
5.26397945E7	105.19397803314766
5.29991105E7	102.50262113996519
5.33584265E7	95.8439747698417
5.37177425E7	188.14267897928775
5.40770585E7	62.65345219379571
5.44363745E7	121.72600600699545
5.47956905E7	150.4014667722675
5.51550065E7	151.63072057502453
5.55143225E7	127.75084363626115
5.58736385E7	131.44314041263453
5.62329545E7	149.5064206546376
5.65922705E7	89.48368185802865
5.69515865E7	140.11964125999035
5.73109025E7	128.73953789901682
5.76702185E7	173.5804697767183
5.80295345E7	94.81049681605546
5.83888505E7	113.37774204650853
5.87481665E7	130.51726086554964
5.91074825E7	46.74783649528718
5.94667985E7	169.81666091194708
5.98261145E7	142.15415411612537
6.01854305E7	83.12533811294036
6.05447465E7	132.48229462233118
6.09040625E7	125.42153534288627
6.12633785E7	119.83743376047539
6.16226945E7	105.60058653469535
6.19820105E7	102.36870311675429
6.23413265E7	135.78515400462126
6.27006425E7	154.10486764425283
6.30599585E7	71.40074666448014
6.34192745E7	113.58764170219497
6.37785905E7	115.81317585468561
6.41379065E7	117.47173221275257
6.44972225E7	146.5037808664422
6.48565385E7	132.9061248585899
6.52158545E7	132.624445241917
6.55751705E7	104.90153621789355
6.59344865E7	92.12447813708995
6.62938025E7	130.9938566505279
6.66531185E7	138.31399781124642
6.70124345E7	112.01952594164484
6.73717505E7	159.0580807581883
6.77310665E7	138.29889922682455
6.80903825E7	134.50635119800316
6.84496985E7	153.261490316714
6.88090145E7	127.1162777565234
6.91683305E7	129.44643717301219
6.95276465E7	130.5471794574795
6.98869625E7	132.12426704254426
7.02462785E7	152.98626506099552
7.06055945E7	118.2652636448443
7.09649105E7	170.95847373780992
7.13242265E7	70.56497343794838
7.16835425E7	116.45649465145769
7.20428585E7	95.75377464420288
7.24021745E7	6.145788486226171
7.27614905E7	20.345255990061183
7.31208065E7	21.407399591888435
7.34801225E7	14.89395299931828
7.38394385E7	89.85257835953173
7.41987545E7	15.656734502309368
7.45580705E7	3.6062820556113686
7.49173865E7	5.8437755326059575
7.52767025E7	17.530302238695118
7.56360185E7	4.051036981940272
7.59953345E7	54.38642859754974
7.63546505E7	1.6578372573196283
7.67139665E7	28.7504538089143
7.690225E7	25.301019839707642
7.7081908E7	13.024713465079845
7.74325985E7	14.236198469727801
7.77919145E7	88.96951849593665
7.81512305E7	18.9089427257148
7.85105465E7	22.27105984265889
7.88698625E7	40.15772992642049
7.92291785E7	25.377304365358444
7.95884945E7	96.16614922564965
7.99478105E7	26.26652084391773
8.03071265E7	7.474017382048703
8.06664425E7	24.92143211581308
8.10257585E7	101.7647591305767
8.13850745E7	172.89897992588163
8.17443905E7	130.49928692511716
8.21037065E7	77.69638608895796
8.24630225E7	129.0787692257853
8.28223385E7	120.95438140709625
8.31816545E7	114.32504490220437
8.35409705E7	175.98474120335158
8.39002865E7	151.9641084136244
8.42596025E7	122.62539007818802
8.46189185E7	162.51210721573338
8.49782345E7	115.21052566720718
8.53375505E7	187.65424923805858
8.56968665E7	134.95186054980294
8.60561825E7	94.55421052948053
8.64154985E7	147.9219664574456
8.67748145E7	141.39656436663563
8.71341305E7	116.93362783160094
8.74934465E7	154.81092293007114
8.78527625E7	145.33440330124213
8.82120785E7	145.76849330101058
8.85713945E7	41.478878891242715
8.89307105E7	50.220329506919235
8.92900265E7	85.45620172946654
8.96493425E7	133.07656230880764
9.00086585E7	87.49127392699607
9.03679745E7	131.30539731277767
9.07272905E7	119.5543989540362
9.10866065E7	103.11147447710563
9.14459225E7	139.33343215820588
9.18052385E7	112.97084435794326
9.21645545E7	127.59219235826141
9.25238705E7	181.61206443165568
9.28831865E7	162.64345781397918
9.32425025E7	111.65763777924458
9.36018185E7	90.4144830091554
9.39611345E7	122.30324471908821
9.43204505E7	135.82791911023503
9.46797665E7	158.37739787495457
9.50390825E7	68.77579708081575
9.53983985E7	88.2910243265937
9.57577145E7	139.80994754500932
9.61170305E7	116.45370744728906
9.64763465E7	73.89300407342867
9.68356625E7	98.16414789890561
9.71949785E7	103.58654476242812
9.75542945E7	118.81465946645125
9.79136105E7	97.49429875805488
9.82729265E7	83.90702676987165
9.86322425E7	86.68864831916302
9.89915585E7	83.8333700377253
9.93508745E7	139.20594146299584
9.97101905E7	113.39059785815469
1.000695065E8	113.97973567768601
1.004288225E8	166.15462567049693
1.007881385E8	150.94547116418852
1.011474545E8	124.58539890164195
1.015067705E8	139.12477149564364
1.018660865E8	186.58871519533864
1.022254025E8	111.36715458528948
1.025847185E8	145.28268182238742
1.029440345E8	137.4687091764891
1.033033505E8	59.96744438977107
1.036626665E8	88.34414074375013
1.040219825E8	135.37233793228634
1.043812985E8	133.88478438255203
1.047406145E8	162.84344249626804
1.050999305E8	170.46075926208397
1.054592465E8	110.19816063583585
1.058185625E8	89.3356081475389
1.061778785E8	161.58949292394104
1.065371945E8	130.17266832741464
1.068965105E8	105.91764894369759
1.072558265E8	96.43454887671405
1.076151425E8	75.84253964743269
1.079744585E8	102.97325408694141
1.083337745E8	123.62360993720185
1.086930905E8	82.17420190319913
1.089314775E8	118.67646869939048
1.091111355E8	148.86634784634788
1.094117225E8	79.28225420250963
1.097710385E8	105.98916724673143
1.101303545E8	101.61457583678282
1.10324175E8	2.975672910307956
1.10503833E8	53.92350116660667
1.108489865E8	148.39064421916328
1.112083025E8	117.09015013778681
1.115676185E8	113.38577137605436
1.119269345E8	158.54896690883825
1.122862505E8	135.9325394957664
1.126455665E8	139.5253003537497
1.130048825E8	79.85774136180682
1.133641985E8	62.63081250691206
1.137235145E8	73.78096298566912
1.140828305E8	80.67168093493362
1.144421465E8	74.26088820445928
1.148014625E8	90.64521272060391
1.151607785E8	59.14116756275105
1.155200945E8	119.7273698094803
1.158794105E8	134.70808455294207
1.162387265E8	132.66598704042138
1.165980425E8	124.29376056360213
1.169573585E8	107.1109816284606
1.173166745E8	119.61380538508622
1.176759905E8	116.98225895388174
1.180353065E8	140.96698650637515
1.183946225E8	140.02683031219547
1.187539385E8	99.09222455575497
1.191132545E8	72.5467358130556
1.194725705E8	95.12806503266135
1.198318865E8	163.29576500754038
1.201912025E8	128.9114110370912
1.205505185E8	63.908567904142565
1.209098345E8	97.89973570389168
1.212691505E8	90.35824788277168
1.216284665E8	133.79020413694616
1.219877825E8	123.24220481528378
1.223470985E8	167.49316100493252
1.227064145E8	57.87224257025988
1.230657305E8	62.64960331528138
1.234250465E8	153.72643351102187
1.237843625E8	97.94259386784383
1.241436785E8	92.40145086355231
1.245029945E8	95.41737832465003
1.248623105E8	64.2048973769148
1.252216265E8	39.45651496374948
1.255809425E8	157.8474758536772
1.259402585E8	169.8834464117262
1.262995745E8	139.44597687937505
1.266588905E8	109.4630353411631
1.270182065E8	142.37931698190567
1.273775225E8	68.38443823355261
1.277368385E8	116.70568293952458
1.280961545E8	118.02953768879675
1.284554705E8	94.53559161065168
1.288147865E8	132.9909285858848
1.291741025E8	80.59054006867595
1.295334185E8	137.6579553716998
1.298927345E8	146.20977199623226
1.302520505E8	115.35141452614039
1.306113665E8	122.08958704184239
1.309706825E8	117.49357783588931
1.313299985E8	83.92613353890549
1.316893145E8	70.89559773921921
1.320486305E8	101.8071179783474
1.324079465E8	25.60066666775068
1.327672625E8	138.07985099600734
1.331265785E8	91.22805141712232
1.334858945E8	119.91519308075127
1.337730805E8	2.96590783595688
1.339527385E8	16.184834698091816
1.342045265E8	9.677793530891025
1.345638425E8	37.608351682787074
1.349231585E8	3.316268868597945
1.352824745E8	7.168877045921795
1.356417905E8	14.844336780379935
1.360011065E8	5.394999844477336
1.363604225E8	27.382265070996823
1.367197385E8	17.680438455665445
1.370790545E8	44.11568101335382
1.374033365E8	15.881785201784874
1.375577225E8	254.44604409640823
1.375927565E8	99.71202188411431
1.376371405E8	130.3916535332647
1.37699935E8	28.880911468061264
1.37786751E8	71.51069664812539
1.37868371E8	7.571683042237337
1.37942101E8	36.64030620986478
1.37980213E8	55.83206693702928
1.38019627E8	71.32962141400307
1.38089538E8	46.23075707802856
1.38156123E8	31.71843161738297
1.382206275E8	82.73071492076774
1.38280805E8	2.4505985530441836
1.38323179E8	140.4948275862069
1.383484915E8	255.0
1.38384028E8	90.17969063203311
1.384312265E8	38.3600274455989
1.384772795E8	78.76473427952718
1.38522045E8	110.65615980755061
1.385663025E8	0.8269540945153722
1.38610046E8	73.29022915686204
1.38651258E8	21.521843302279194
1.386833775E8	45.91502152991835
1.387019305E8	0.8966167474291227
1.38726341E8	0.0
1.387630385E8	96.55830504879084
1.3879854E8	127.76678739824357
1.3883298E8	13.080729336551634
1.388668195E8	64.52367055771725
1.389001375E8	133.87874662806945
1.389325255E8	7.861272097281473
1.38963047E8	7.574664261375025
1.38991991E8	96.70906393309954
1.390198715E8	50.1341391509434
1.39044446E8	1.2177086325768458
1.390581695E8	52.42867206762945
1.39074104E8	157.63884673748103
1.391000815E8	250.26891261623302
1.39125904E8	36.345410752688174
1.391516555E8	62.734940230214704
1.391772845E8	11.224643221687556
1.39202833E8	58.884032556908416
1.39227853E8	255.0
1.392522945E8	150.04790106028912
1.392761035E8	0.0
1.392991635E8	101.56918093475242
1.393219065E8	172.29164611083704
1.39344169E8	142.98793712185397
1.393656665E8	0.0
1.39386585E8	144.2777026522923
1.394057875E8	85.39798488664988
1.394157655E8	0.0
1.39426072E8	197.4903246441708
1.394433E8	221.44285714285715
1.394591395E8	0.375
1.39474609E8	0.0
1.394898515E8	0.25022026431718064
1.39504877E8	19.505753199483387
1.39519712E8	126.24955277280858
1.39534307E8	0.0
1.39548658E8	73.10614259944936
1.395628065E8	242.1336808787935
1.395768695E8	59.02191780821918
1.395908865E8	0.0
1.396048595E8	0.30836047774158526
1.39618797E8	255.0
1.396327175E8	224.53716216216216
1.39646447E8	86.53411764705882
1.39659998E8	29.941034458802278
1.39673523E8	0.0
1.39687001E8	1.0001962515945442
1.39700456E8	255.0
1.397138915E8	0.0
1.397272965E8	0.0
1.39740652E8	196.88403856454204
1.397539385E8	0.0
1.397671835E8	28.32225263981228
1.397738625E8	0.0
1.39780441E8	9.435010578603624
1.397935115E8	1.5
1.39806605E8	0.0
1.398195725E8	236.91034743202417
1.398324245E8	0.0
1.39845262E8	207.841059602649
1.398580325E8	3.0
1.3987073E8	3.0
1.398833975E8	1.0
1.398960405E8	172.1244201975534
1.399086725E8	3.0
1.399212565E8	80.13897391943186
1.39933781E8	154.263121604046
1.39946267E8	228.29425028184892
1.399587085E8	41.49980988593156
1.399711325E8	0.0
1.39983544E8	221.81724461105904
1.399959275E8	162.2186003804027
1.400082885E8	244.0081439054949
1.40020559E8	2.994633273703041
1.400327265E8	1.3417322834645669
1.400448715E8	0.0
1.4005699E8	0.0
1.400690545E8	0.0
1.40081085E8	170.65058823529412
1.400930995E8	162.35032774945375
1.40105101E8	0.0
1.40117094E8	218.67774420946625
1.401281635E8	0.0
1.40134155E8	0.0
1.401410485E8	1.1002838737853478
1.40153003E8	169.22181021405697
1.40164882E8	0.0
1.40176667E8	130.0944469731452
1.4018842E8	212.1100316363927
1.40200076E8	0.8098982423681776
1.402116215E8	0.0
1.402231315E8	127.52355072463769
1.402345955E8	2.0
1.402459205E8	0.0
1.402571045E8	0.0
1.402682415E8	0.0
1.4027885E8	41.05567006916073
1.40288828E8	255.0
1.402984445E8	0.0
1.40307799E8	0.0
1.403166425E8	2.2480141218005296
1.40324819E8	0.0
1.403326835E8	1.8571428571428572
1.403402015E8	0.0
1.4034742E8	0.0
1.40354483E8	0.33437990580847726
1.403614525E8	11.560495903193367
1.403683705E8	229.6582169091171
1.403752505E8	2.667812477144738
1.403821105E8	36.714285714285715
1.40388953E8	254.8413850300643
1.403957145E8	0.0
1.404023365E8	1.9509692132269099
1.404088075E8	255.0
1.404151525E8	2.664417845484222
1.40421418E8	1.0
1.40427633E8	77.8123671661045
1.404337675E8	234.09637939826618
1.404398365E8	0.0
1.40445888E8	255.0
1.404519085E8	0.0
1.404579005E8	210.20394839110836
1.404638765E8	219.52415063446583
1.404698365E8	208.17134062927497
1.4047577E8	254.8412533720689
1.40481673E8	162.24554740839707
1.404875345E8	0.0
1.404915035E8	0.0
1.404943895E8	0.0
1.404990715E8	0.0
1.405047025E8	91.36230105085784
1.40510262E8	252.33449477351917
1.405157995E8	207.23299075025693
1.40521292E8	237.4320823646629
1.40526756E8	165.28299000895467
1.40532181E8	0.0
1.40537566E8	233.7040138701103
1.405429375E8	255.0
1.405482795E8	0.0
1.40553603E8	0.0
1.405589225E8	2.8
1.40564221E8	0.0
1.405694775E8	255.0
1.40574688E8	255.0
1.405798735E8	254.63614744351963
1.405850135E8	255.0
1.40590093E8	0.0
1.405951535E8	0.0
1.40600212E8	3.0
1.406052535E8	0.0
1.406102665E8	65.6322463768116
1.406152645E8	0.0
1.406202595E8	3.0
1.406252495E8	0.0
1.40630226E8	0.0
1.40635179E8	255.0
1.40640115E8	0.0
1.4064504E8	0.0
1.4064995E8	236.22242588004383
1.406548455E8	0.0
1.40659729E8	95.60827570602294
1.40664601E8	2.771272443403591
1.406694435E8	0.0
1.40674261E8	0.0
1.40679061E8	183.42061986084755
1.40683806E8	0.0
1.40688509E8	0.0
1.406931635E8	0.0
1.40697758E8	0.0
1.40702335E8	2.0
1.40706898E8	255.0
1.40711432E8	0.0
1.40715925E8	219.18696142798524
1.40720393E8	25.5
1.407248515E8	3.0
1.407292955E8	255.0
1.407337135E8	0.0
1.40738111E8	0.0
1.40742499E8	0.0
1.407468785E8	0.0
1.40751256E8	62.294117647058826
1.407556295E8	0.0
1.40759995E8	154.0126939351199
1.407643435E8	255.0
1.407686665E8	186.21936621599957
1.407729765E8	0.2586423769247452
1.40777284E8	0.0
1.40781584E8	233.34175822019932
1.40785876E8	11.208466652527916
1.40790157E8	0.0
1.407944295E8	133.27787934186472
1.407986935E8	0.0
1.40802937E8	0.0
1.40807165E8	0.0
1.408113885E8	0.0
1.408156105E8	126.8315909090909
1.408198225E8	2.51454028643271
1.40824022E8	62.22266009852217
1.408282145E8	2.5418646080760094
1.408324E8	0.0
1.408365825E8	0.0
1.40840755E8	0.0
1.408449115E8	0.0
1.40849054E8	255.0
1.40851497E8	0.0
1.408535395E8	255.0
1.40857247E8	0.0
1.408613235E8	255.0
1.40865389E8	178.26918229508902
1.408694335E8	0.0
1.40873455E8	247.91666666666666
1.408774675E8	0.0
1.408814765E8	0.0
1.40885475E8	142.57824726134587
1.408894625E8	0.0
1.408934395E8	0.0
1.408974065E8	199.80294659300185
1.409013685E8	165.57207337777962
1.409053235E8	227.94670660675652
1.40909269E8	0.0
1.409132055E8	0.0
1.409171345E8	1.0
1.409210595E8	254.9271220348671
1.40924982E8	0.0
1.40928899E8	0.0
1.40932812E8	0.0
1.409367215E8	20.963093145869948
1.4094061E8	214.7396449704142
1.409444775E8	2.0100322716430474
1.409483385E8	209.9263965828207
1.409521765E8	0.0
1.40955989E8	0.0
1.409597955E8	0.0
1.409636015E8	255.0
1.40967392E8	0.0
1.40971157E8	3.0
1.40974907E8	3.0
1.40978648E8	0.0
1.409823815E8	0.6671887235708692
1.40986105E8	0.375
1.409898215E8	14.466390899689761
1.40993536E8	0.0
1.409972465E8	0.0
1.41000941E8	0.0
1.410046115E8	12.072771167442662
1.410082665E8	254.40281030444964
1.41011916E8	0.0
1.410155645E8	0.0
1.410192115E8	255.0
1.410228535E8	0.4163241338813858
1.410264835E8	255.0
1.410301055E8	0.0
1.41033718E8	200.26858877086494
1.41037321E8	0.0
1.410409235E8	123.32727272727273
1.41044521E8	0.0
1.410481085E8	0.0
1.410516865E8	0.0
1.41055252E8	254.53339432753887
1.410588075E8	208.11346619406112
1.41062361E8	106.44233576642335
1.41065914E8	0.0
1.41069467E8	200.54343623689297
1.41073012E8	236.73497160410045
1.41076544E8	0.0
1.41080071E8	254.493041749503
1.41083596E8	0.0
1.41087117E8	3.0
1.41090628E8	0.0
1.410941305E8	231.78071179592595
1.41097631E8	95.75966926128964
1.411011295E8	0.0
1.411046235E8	137.01492537313433
1.411081075E8	0.0
1.41111585E8	0.0
1.4111506E8	0.0
1.411185295E8	230.5583715900899
1.41121994E8	0.0
1.411254545E8	46.130356591787006
1.411289005E8	0.0
1.411323185E8	0.0
1.411357175E8	255.0
1.4113911E8	255.0
1.411424975E8	0.0
1.41145878E8	225.0616409829238
1.411492525E8	226.8196249646208
1.41152626E8	237.0688049663735
1.41155995E8	0.0
1.411593515E8	1.0
1.41162699E8	210.52325581395348
1.41166043E8	0.6670581327069877
1.4116937E8	0.0
1.411726805E8	231.8181818181818
1.411759855E8	0.0
1.41179286E8	2.3333333333333335
1.411825805E8	0.0
1.411858675E8	3.0
1.41189148E8	0.0
1.41192424E8	86.5
1.411956955E8	0.0
1.411989605E8	105.23601694915254
1.41202221E8	1.0
1.4120548E8	224.8268875601735
1.412087365E8	0.0
1.41210776E8	0.0
1.41212402E8	0.0
1.412152325E8	0.0
1.41218463E8	0.0
1.41221688E8	50.61663143058492
1.412249085E8	229.27109790940327
1.41228124E8	205.70150010758968
1.41231335E8	0.0
1.412345425E8	140.3666026871401
1.41237746E8	0.0
1.41240947E8	148.65638766519822
1.41244146E8	0.0
1.412473425E8	147.49277566539925
1.41250538E8	224.80617921943187
1.412537305E8	241.48782666751066
1.412569125E8	0.0
1.41260086E8	3.0
1.41263258E8	85.66666666666667
1.412664245E8	255.0
1.41269585E8	0.0
1.41272743E8	0.0
1.412758995E8	0.0
1.412790545E8	251.80884647968966
1.412822035E8	0.0
1.4128534E8	206.33930968334812
1.41288466E8	0.0
1.41291589E8	0.0
1.412947105E8	0.0
1.412978215E8	54.734542557754764
1.413009225E8	0.0
1.413040225E8	254.7432670526051
1.41307117E8	0.0
1.41310204E8	227.50219058050382
1.413132865E8	0.0
1.413163665E8	255.0
1.41319445E8	55.92678854662326
1.413225215E8	227.47999088723554
1.41325596E8	0.0
1.41328669E8	1.1619136960600376
1.41331738E8	0.0
1.413348E8	0.0
1.413378585E8	169.90456350447127
1.413409105E8	252.97426120114395
1.413439555E8	0.0
1.41346999E8	255.0
1.41350033E8	0.0
1.413530575E8	255.0
1.41356076E8	0.0
1.413590875E8	0.0
1.41362097E8	0.0
1.413651025E8	0.0
1.41368103E8	3.0
1.41371102E8	1.8004226344212257
1.413740995E8	51.82627118644068
1.41377093E8	255.0
1.413800805E8	189.9522667491877
1.413830635E8	239.66905681191395
1.413860455E8	1.0
1.41389022E8	0.8187059577194107
1.413919895E8	0.0
1.4139495E8	0.0
1.413979065E8	0.0
1.41400857E8	0.0
1.41403801E8	0.0
1.41406741E8	41.22754098360656
1.41409678E8	0.0
1.414126105E8	0.0
1.41415538E8	232.1363444904836
1.414184645E8	0.0
1.414213895E8	255.0
1.414243125E8	215.2894633052632
1.414272345E8	5.2681512970387905
1.41430155E8	0.0
1.414330725E8	2.8986497220015885
1.414359875E8	136.3134328358209
1.414389E8	15.768898798820398
1.414418105E8	0.0
1.41444718E8	195.39279092353877
1.414476225E8	0.12616614837849843
1.41450526E8	0.0
1.41453427E8	182.80901063635127
1.41456323E8	0.0
1.41459214E8	226.57802111849824
1.414621005E8	189.1560490503963
1.414649835E8	177.06419887151878
1.414678655E8	0.0
1.414707475E8	255.0
1.41473629E8	0.3
1.41476508E8	0.0
1.414793845E8	186.84414524683802
1.41482258E8	0.0
1.414851235E8	0.0
1.414879835E8	3.0
1.414908425E8	0.0
1.41493699E8	247.68174474959613
1.41496551E8	224.2326756157814
1.414993995E8	255.0
1.415022465E8	0.0
1.415050915E8	0.0
1.41507934E8	0.0
1.415107725E8	0.0
1.415136075E8	0.0
1.41516441E8	0.0
1.415192725E8	0.0
1.41522102E8	0.0
1.415249305E8	172.64160365244686
1.41527757E8	16.990636188377856
1.41530581E8	0.0
1.415334035E8	0.0
1.415362255E8	0.0
1.415390465E8	255.0
1.41541866E8	101.85654008438819
1.41544683E8	203.42812825929988
1.415474975E8	0.0
1.4155031E8	0.0
1.415531175E8	255.0
1.41555919E8	224.0208642929323
1.415587165E8	0.0
1.41561512E8	0.0
1.41564307E8	51.221201413427565
1.415671015E8	255.0
1.415695015E8	231.0868596054538
1.41570898E8	255.0
1.41572688E8	0.0
1.4157548E8	0.0
1.415782705E8	133.82122905027933
1.415810595E8	255.0
1.41583847E8	86.52360430950048
1.415866325E8	0.0
1.41589416E8	214.64654405242536
1.41592198E8	0.0
1.41594971E8	0.0
1.415977345E8	193.58254585881045
1.41600491E8	0.0
1.416032415E8	0.0
1.41605989E8	188.82971568327727
1.416087335E8	3.0
1.416114735E8	0.0
1.41614208E8	255.0
1.416169385E8	122.89109580548072
1.41619657E8	223.54597042002982
1.416223655E8	0.0
1.41625071E8	255.0
1.416277715E8	0.0
1.41630469E8	3.0
1.416331645E8	223.75489053561776
1.41635856E8	0.0
1.416385445E8	2.5006475006475006
1.416412325E8	0.0
1.416439195E8	250.07410057236305
1.41646598E8	169.99531056182494
1.416492685E8	0.0
1.41651938E8	57.95136387030365
1.416546065E8	0.0
1.41657273E8	45.054449500484694
1.416599375E8	0.0
1.41662593E8	245.93053764117406
1.416652385E8	0.0
1.416678815E8	214.31093312400387
1.41670523E8	0.0
1.41673163E8	0.0
1.41675801E8	0.0
1.416784375E8	155.37280779765928
1.41681073E8	0.0
1.41683705E8	0.0
1.416863335E8	255.0
1.416889605E8	0.0
1.416915825E8	0.0
1.416942E8	0.0
1.416968145E8	0.0
1.41699426E8	0.0
1.41702034E8	0.0
1.41704638E8	250.4191616766467
1.41707241E8	215.08477412158393
1.41709838E8	0.0
1.417124275E8	154.7175545227029
1.417150135E8	0.0
1.41717597E8	0.0
1.41720177E8	255.0
1.41722754E8	0.0
1.417253305E8	60.40981912144703
1.41727906E8	139.67813876651982
1.41730481E8	0.0
1.41733056E8	2.2
1.417356305E8	243.56198877305533
1.417382025E8	0.0
1.4174077E8	2.5690440060698028
1.41743333E8	0.0
1.41745892E8	0.0
1.417484485E8	0.0
1.41751004E8	251.71070431275209
1.41753556E8	3.0
1.41756104E8	129.6055094729022
1.41758648E8	1.75
1.41761189E8	207.75
1.417637275E8	0.0
1.4176626E8	3.0
1.41768789E8	0.0
1.417713145E8	0.0
1.41773836E8	149.62751838597876
1.41776357E8	0.0
1.417788775E8	0.0
1.417813975E8	80.59350207782396
1.41783916E8	0.0
1.417864325E8	0.0
1.41788946E8	13.952806398155486
1.41791457E8	0.7728840381809623
1.417939675E8	0.0
1.417964765E8	51.8
1.41798983E8	0.0
1.418014855E8	0.0
1.41803981E8	67.6456274158819
1.4180647E8	255.0
1.41808953E8	0.0
1.41811431E8	191.11142216146567
1.418139075E8	237.45313115399765
1.41816383E8	0.0
1.41818857E8	0.0
1.418213285E8	0.0
1.418237955E8	35.99693815064299
1.41826259E8	89.99066737101603
1.418287215E8	127.5
1.41831178E8	213.5051388585174
1.41833627E8	212.66666666666666
1.418360715E8	0.0
1.41838512E8	0.0
1.418409505E8	197.2973920275649
1.418433885E8	0.0
1.418458265E8	122.55467887012782
1.41848263E8	0.0
1.418506975E8	0.0
1.418531305E8	0.0
1.41855562E8	0.0
1.41857992E8	0.7142857142857143
1.418604205E8	170.26697892271662
1.41862847E8	0.0
1.41865272E8	0.0
1.41867695E8	3.0
1.41870116E8	254.76860254083485
1.418725365E8	0.0
1.41874956E8	0.0
1.41877374E8	0.0
1.41879789E8	0.0
1.418822015E8	0.0
1.418846075E8	0.0
1.418870045E8	0.0
1.418893965E8	8.044845992299615
1.418917865E8	0.0
1.41894176E8	255.0
1.41896563E8	0.0
1.41898948E8	0.0
1.41901333E8	166.79909471657865
1.419037175E8	195.91035967226773
1.41906101E8	126.29178157749587
1.41908484E8	191.85015682055788
1.419108665E8	0.0
1.41913248E8	255.0
1.41915629E8	108.70701187285192
1.41918009E8	7.873470559653695
1.41920388E8	186.72658467360455
1.419227665E8	0.0
1.41925143E8	3.0
1.419275165E8	0.0
1.419292615E8	8.95711500974659
1.41930446E8	255.0
1.419322555E8	0.0
1.419346225E8	0.0
1.41936987E8	0.0
1.41939347E8	0.0
1.41941703E8	0.0
1.419440575E8	0.0
1.41946411E8	0.0
1.419487635E8	0.0
1.419511115E8	255.0
1.419534545E8	0.0
1.419557965E8	233.37121336171606
1.41958135E8	0.0
1.419604675E8	254.33697347893917
1.419627965E8	0.0
1.419651245E8	227.47219778381677
1.419674515E8	230.26636058645406
1.41969777E8	0.0
1.419721005E8	0.0
1.419744205E8	0.0
1.41976738E8	223.32298136645963
1.419790505E8	0.0
1.41981358E8	0.0
1.419836635E8	235.06767998199157
1.41985967E8	114.65894457495867
1.41988266E8	1.9997064866451424
1.4199056E8	0.0
1.41992852E8	65.05638766519824
1.41995142E8	0.0
1.4199743E8	0.0
1.419997165E8	0.0
1.420020015E8	239.47151576805697
1.42004285E8	0.0
1.420065675E8	0.0
1.42008845E8	0.0
1.420111165E8	213.44670354313052
1.42013386E8	0.0
1.420156535E8	0.0
1.42017916E8	0.0
1.42020175E8	0.0
1.42022431E8	0.0
1.420246815E8	0.0
1.42026929E8	0.0
1.42029171E8	0.0
1.420314065E8	0.0
1.420336395E8	0.0
1.420358715E8	199.7540265587101
1.420381015E8	0.0
1.42040329E8	204.6
1.42042554E8	0.0
1.42044776E8	0.0
1.420469965E8	0.0
1.42049215E8	0.0
1.420514315E8	0.0
1.420536445E8	0.0
1.42055854E8	0.0
1.42058062E8	0.0
1.420602685E8	169.40072352234043
1.42062474E8	0.0
1.42064677E8	0.0
1.420668775E8	0.0
1.420690765E8	0.0
1.420712745E8	0.0
1.420734715E8	0.0
1.420756655E8	0.0
1.420778565E8	234.95110708174784
1.42080046E8	0.0
1.42082235E8	0.0
1.42084423E8	255.0
1.42086609E8	255.0
1.4208879E8	0.0
1.420909665E8	0.0
1.42093141E8	0.0
1.420953105E8	0.0
1.42097474E8	0.0
1.42099635E8	0.0
1.42101794E8	255.0
1.42103946E8	0.0
1.42106089E8	0.0
1.421082245E8	0.0
1.42110355E8	0.0
1.421124825E8	0.0
1.421146075E8	255.0
1.421167315E8	205.8110652754186
1.42118853E8	192.50005118362125
1.42120971E8	255.0
1.421230865E8	0.0
1.421252E8	0.0
1.42127313E8	0.0
1.42129426E8	0.0
1.421315385E8	0.0
1.42133649E8	0.0
1.421357575E8	0.0
1.42137864E8	0.0
1.42139969E8	204.17136414881622
1.42142073E8	0.0
1.421441755E8	255.0
1.421462745E8	0.0
1.421483705E8	128.0
1.421504655E8	0.0
1.421525595E8	0.0
1.421546525E8	3.0
1.421567435E8	50.09820542191676
1.42158833E8	0.0
1.421609215E8	136.9746835443038
1.42163009E8	0.5504409171075838
1.42165096E8	0.0
1.421671825E8	0.0
1.421692675E8	0.0
1.4217135E8	166.85053069263594
1.4217343E8	0.0
1.42175509E8	0.0
1.421775875E8	0.0
1.421796645E8	255.0
1.421817365E8	254.10526315789474
1.421838025E8	17.59140849865371
1.42185866E8	0.0
1.42187929E8	197.79835127108478
1.421899915E8	255.0
1.421920525E8	0.0
1.421941125E8	0.0
1.421961725E8	213.0
1.42198232E8	102.0
1.422002865E8	253.1946902654867
1.422023345E8	0.0
1.422043795E8	0.0
1.42206423E8	255.0
1.42208462E8	0.0
1.42210496E8	0.0
1.42212529E8	3.0
1.422145605E8	0.0
1.42216589E8	12.28114115759402
1.42218613E8	0.0
1.422206335E8	0.0
1.42222652E8	255.0
1.422246675E8	0.0
1.422266795E8	0.0
1.42228689E8	0.0
1.422306975E8	0.0
1.422327045E8	0.0
1.422347105E8	0.0
1.42236716E8	68.46666666666667
1.42238721E8	254.90023474178403
1.422407225E8	0.0
1.422427205E8	0.4
1.422447185E8	3.0
1.42246715E8	0.0
1.42248709E8	0.0
1.422507005E8	0.0
1.422526905E8	182.24819917256443
1.422546795E8	255.0
1.422566665E8	0.0
1.422586525E8	0.0
1.422606355E8	0.0
1.422626145E8	0.0
1.422645915E8	0.0
1.422665675E8	1.5
1.42268543E8	87.0
1.422705175E8	255.0
1.422724895E8	0.0
1.422744575E8	0.0
1.422764235E8	255.0
1.422783895E8	0.0
1.422803545E8	0.0
1.42282318E8	1.0023471248249811
1.422842805E8	0.0
1.422862425E8	218.8995937923133
1.4228818E8	0.0
1.42289161E8	0.0
1.42290166E8	0.0
1.42292127E8	250.58823529411765
1.42294088E8	0.0
1.422960465E8	0.0
1.422980025E8	29.373129401408452
1.42299954E8	0.0
1.42301901E8	204.11040564373897
1.42303848E8	3.0
1.423057945E8	204.2
1.4230774E8	2.500660501981506
1.423096845E8	0.0
1.42311628E8	0.0
1.42313569E8	0.0
1.423155065E8	180.36017897091722
1.423174425E8	0.0
1.42319378E8	0.0
1.42321312E8	0.0
1.42323245E8	0.0
1.42325177E8	0.0
1.42327107E8	89.18062576854761
1.423290355E8	0.0
1.423309635E8	31.875
1.42332891E8	0.0
1.423348175E8	250.43816074002882
1.423367435E8	0.0
1.423386685E8	128.2
1.423405905E8	0.0
1.42342509E8	255.0
1.423444255E8	0.0
1.423463415E8	0.0
1.42348253E8	0.49477351916376305
1.423501595E8	0.0
1.42352065E8	85.0
1.423539695E8	0.0
1.42355873E8	0.0
1.42357776E8	0.0
1.42359679E8	0.28442437923250563
1.423615815E8	0.0
1.42363483E8	255.0
1.423653835E8	0.0
1.423672835E8	0.0
1.42369183E8	0.0
1.4237108E8	0.0
1.42372975E8	0.0
1.42374869E8	0.0
1.42376761E8	0.0
1.423786515E8	0.0
1.423805415E8	252.10959984766464
1.423824305E8	0.8277347114556417
1.423843155E8	255.0
1.423861925E8	0.0
1.423880645E8	0.0
1.42389936E8	0.0
1.423918065E8	254.4620253164557
1.423936765E8	0.0
1.42395546E8	0.0
1.42397415E8	0.0
1.42399284E8	0.0
1.424011525E8	0.0
1.42403019E8	0.0
1.42404883E8	210.38206445273318
1.42406746E8	0.0
1.424086055E8	0.0
1.424104605E8	204.5433403805497
1.42412313E8	0.0
1.42414163E8	0.0
1.42416009E8	0.0
1.42417852E8	0.0
1.42419695E8	0.0
1.42421538E8	153.8
1.424233805E8	0.0
1.42425222E8	0.0
1.42427063E8	0.0
1.424288995E8	0.0
1.424307315E8	0.0
1.424325625E8	255.0
1.42434392E8	0.0
1.42436221E8	0.0
1.424380485E8	101.08298755186722
1.42439871E8	1.0
1.424416895E8	0.0
1.424435075E8	0.0
1.42445323E8	0.0
1.42447136E8	3.0368015898669922
1.424489455E8	0.0
1.4245075E8	0.0
1.424525525E8	0.0
1.42454354E8	255.0
1.424561545E8	0.0
1.424579545E8	64.45726872246696
1.424597535E8	0.0
1.42461551E8	0.0
1.42463346E8	0.0
1.424651385E8	0.0
1.42466928E8	0.0
1.424687145E8	0.0
1.424705E8	0.0
1.42472285E8	254.10487055726196
1.424740655E8	0.0
1.42475841E8	0.0
1.42477616E8	2.960365640918289
1.42479391E8	0.0
1.424811635E8	0.0
1.42482933E8	254.9184
1.424847005E8	200.0902160311964
1.42486464E8	0.0
1.424882225E8	194.44135583605163
1.424899775E8	245.5807353257364
1.4249173E8	255.0
1.42493479E8	255.0
1.42495226E8	0.0
1.42496973E8	0.0
1.42498718E8	0.0
1.4250046E8	0.0
1.425021995E8	0.0
1.42503937E8	0.0
1.425056725E8	0.0
1.42507406E8	3.0
1.425091385E8	255.0
1.425108685E8	0.0
1.425125945E8	0.0
1.425143185E8	2.5
1.4251604E8	255.0
1.42517759E8	246.08483162396712
1.425194765E8	0.0
1.425211925E8	0.0
1.42522908E8	0.0
1.425246225E8	0.0
1.42526336E8	0.0
1.425280485E8	149.84770678165427
1.425297595E8	238.96774193548387
1.425314695E8	0.0
1.42533179E8	0.0
1.425348875E8	0.0
1.425365935E8	0.0
1.42538297E8	0.0
1.4254E8	255.0
1.425416995E8	0.0
1.425433925E8	206.23948446748153
1.425450825E8	203.57634056487925
1.42546771E8	0.0
1.42548457E8	3.0
1.42550141E8	0.0
1.42551824E8	124.04840170395465
1.42553507E8	202.2716468590832
1.425551885E8	0.0
1.42556868E8	128.0
1.425585465E8	0.0
1.42560223E8	0.0
1.42561894E8	9.10943396226415
1.42563556E8	0.0
1.425652095E8	0.0
1.42566857E8	0.0
1.42568501E8	0.0
1.42570144E8	3.0
1.42571786E8	0.0
1.42573425E8	0.0
1.42575062E8	0.0
1.42576699E8	171.74065242161896
1.425783355E8	0.0
1.425799685E8	0.0
1.42581598E8	0.0
1.42583225E8	255.0
1.4258485E8	0.0
1.42586474E8	0.0
1.425880965E8	0.0
1.42589717E8	73.54114783620427
1.425913335E8	0.3333333333333333
1.42592946E8	228.08992131884602
1.425945565E8	105.49576842879921
1.425961665E8	129.11101321585903
1.425977755E8	255.0
1.42599378E8	0.0
1.42600974E8	0.0
1.426025685E8	193.91193790149893
1.426041585E8	0.0
1.426057445E8	0.0
1.426073305E8	255.0
1.42608914E8	0.0
1.42610493E8	0.0
1.4261207E8	0.0
1.42613646E8	0.0
1.4261522E8	0.0
1.42616792E8	0.0
1.42618361E8	0.0
1.426199275E8	195.68118566947916
1.426214905E8	0.0
1.426230505E8	0.0
1.426246095E8	0.0
1.426261665E8	0.0
1.426277225E8	0.0
1.42629278E8	0.0
1.42630832E8	0.0
1.426323845E8	54.62089552238806
1.426339355E8	0.0
1.426354855E8	0.0
1.42637035E8	0.0
1.426385825E8	0.0
1.426401275E8	0.0
1.42641671E8	98.99283650373224
1.42643213E8	0.0
1.426447535E8	0.0
1.426462925E8	0.0
1.42647757E8	255.0
1.42648524E8	0.0
1.42649362E8	255.0
1.42650895E8	0.0
1.426524275E8	255.0
1.42653958E8	0.0
1.42655486E8	212.62178177360033
1.42657012E8	0.0
1.42658537E8	0.0
1.42660062E8	202.98115439871546
1.42661585E8	0.0
1.426631055E8	0.0
1.42664625E8	0.0
1.426661435E8	0.0
1.426676605E8	117.59809523809524
1.426691735E8	0.0
1.42670683E8	255.0
1.426721915E8	0.0
1.426736975E8	2.9671657321232443
1.426752015E8	0.0
1.426767045E8	0.0
1.426782025E8	0.0
1.426796955E8	0.0
1.426811875E8	236.91661753558495
1.426826785E8	0.0
1.42684168E8	0.0
1.426856565E8	0.0
1.42687144E8	244.66216216216216
1.42688631E8	152.49919224555734
1.42690117E8	194.8506307821699
1.426916015E8	0.0
1.426930845E8	0.0
1.426945645E8	0.0
1.426960415E8	0.0
1.42697517E8	43.90869247626004
1.42698991E8	0.0
1.42700463E8	0.0
1.427019325E8	0.0
1.427034E8	0.0
1.427048665E8	0.0
1.427063315E8	0.0
1.427077945E8	0.0
1.42709256E8	0.0
1.42710717E8	0.0
1.42712177E8	0.0
1.427136355E8	238.94069011134386
1.427150925E8	0.0
1.42716547E8	0.0
1.427179995E8	0.0
1.427194515E8	0.0
1.42720903E8	253.21678321678323
1.427223515E8	0.0
1.427237975E8	0.0
1.42725243E8	0.0
1.42726687E8	239.7574644005512
1.42728129E8	0.0
1.427295695E8	230.23459389943244
1.427310075E8	0.0
1.427324415E8	0.0
1.427338735E8	255.0
1.427353055E8	0.0
1.427367365E8	0.0
1.42738166E8	3.0
1.42739595E8	153.91566921914108
1.42741022E8	0.0
1.427424465E8	255.0
1.427438705E8	0.0
1.427452945E8	0.0
1.42746718E8	0.0
1.427481405E8	233.97218259629102
1.42749562E8	0.0
1.42750982E8	0.0
1.427523995E8	254.09413854351686
1.427538155E8	0.0
1.427552315E8	0.8884254431699687
1.42756647E8	0.0
1.427580605E8	0.0
1.427594725E8	0.0
1.42760884E8	0.0
1.427622945E8	1.0
1.427637035E8	0.0
1.427651115E8	0.0
1.42766519E8	1.0
1.427679255E8	0.0
1.427693305E8	255.0
1.427707335E8	0.0
1.42772132E8	223.94912427022518
1.427735265E8	0.0
1.4277492E8	178.31829662558093
1.42776312E8	0.0
1.42777703E8	0.0
1.42779094E8	0.0
1.427804825E8	255.0
1.427818685E8	0.0
1.42783254E8	0.0
1.427846385E8	205.87491013659238
1.42786022E8	253.77813533249642
1.427874045E8	2.6725185685347737
1.42788786E8	0.0
1.42790167E8	0.0
1.427915475E8	0.0
1.427929275E8	170.20833333333334
1.42794307E8	38.5671519376666
1.427956855E8	0.0
1.42797063E8	253.21678321678323
1.4279844E8	88.88599374649242
1.42799817E8	255.0
1.42801194E8	191.66784140969162
1.428025705E8	0.0
1.42803946E8	0.0
1.428053205E8	1.0
1.428066945E8	0.0
1.42808068E8	0.0
1.4280944E8	3.0
1.4281081E8	0.0
1.428121785E8	0.0
1.428135455E8	54.97911227154047
1.42814909E8	0.0
1.428162695E8	196.10898021110899
1.428176275E8	137.9255342683952
1.428189835E8	255.0
1.42820339E8	0.0
1.42821694E8	0.0
1.428230475E8	255.0
1.42824399E8	0.0
1.42825748E8	1.0
1.42827095E8	164.61904761904762
1.428284415E8	255.0
1.428297865E8	0.0
1.4283113E8	13.79163763066202
1.42832472E8	232.5171793868508
1.428338125E8	254.93580868470735
1.428351525E8	0.0
1.428364925E8	0.0
1.42837832E8	201.28047868362003
1.42839171E8	3.0
1.42840509E8	0.0
1.42841846E8	0.0
1.428431825E8	0.0
1.428445175E8	191.08032536858158
1.42845851E8	0.0
1.42847184E8	19.483140716494397
1.42848517E8	0.0
1.428498495E8	255.0
1.428511805E8	188.03920238741182
1.428525105E8	0.0
1.428538395E8	0.0
1.42855167E8	0.0
1.428564935E8	0.0
1.428578195E8	0.0
1.42859144E8	0.0
1.42860467E8	0.0
1.428617895E8	155.82571274878967
1.428631085E8	0.0
1.42864424E8	0.0
1.42865739E8	0.0
1.42867054E8	204.0981507823613
1.42868369E8	1.0563617894437447
1.428696825E8	0.0
1.42870994E8	0.0
1.42872305E8	170.66666666666666
1.428736155E8	0.0
1.428749255E8	179.69810165339865
1.42876235E8	161.86782376502003
1.428775435E8	0.0
1.428788505E8	0.0
1.428801555E8	242.31399378054198
1.428814595E8	0.0
1.428827635E8	130.64373464373463
1.428840675E8	255.0
1.42885371E8	0.0
1.42886674E8	0.0
1.428879765E8	0.0
1.42889278E8	0.0
1.42890579E8	191.16571176729838
1.42891879E8	252.32815900188598
1.42893177E8	0.0
1.42894474E8	255.0
1.42895771E8	255.0
1.428970675E8	0.0
1.42898363E8	0.0
1.428996575E8	0.0
1.429009515E8	0.0
1.429022455E8	255.0
1.42903539E8	255.0
1.42904831E8	0.0
1.429061215E8	0.0
1.42907411E8	254.40281030444964
1.42908699E8	239.10367938194108
1.429099855E8	0.0
1.42911271E8	0.0
1.429125555E8	0.0
1.429138395E8	225.43792629476906
1.42915123E8	0.0
1.42916406E8	188.60264747991943
1.429176885E8	244.0697537236396
1.4291897E8	0.0
1.429202505E8	0.0
1.429215305E8	0.0
1.4292281E8	0.0
1.429240885E8	0.2001158972377825
1.429253665E8	196.36659436008676
1.429266445E8	0.0
1.42927922E8	236.66698996491573
1.42929199E8	0.8841566041059162
1.42930476E8	3.0
1.429317525E8	0.0
1.42933028E8	2.795537785492986
1.42934303E8	255.0
1.429355775E8	0.0
1.429368515E8	3.0
1.429381245E8	0.0
1.42939396E8	0.0
1.42940667E8	0.0
1.42941938E8	0.0
1.42943209E8	0.0
1.4294448E8	255.0
1.429457505E8	225.5639115849608
1.429470205E8	1.0
1.429482905E8	224.41563020272255
1.4294956E8	2.7612312811980035
1.429508285E8	0.0
1.429520965E8	118.49521925486317
1.429533635E8	237.0170843742445
1.42954629E8	0.0
1.429558935E8	1.057243677710253
1.42957157E8	0.0
1.4295842E8	0.0
1.42959683E8	164.3026231605886
1.429609455E8	0.0
1.429622075E8	129.0
1.429634695E8	0.0
1.42964731E8	0.0
1.42965992E8	185.997906345225
1.429672525E8	220.5912649733006
1.429685125E8	255.0
1.429697725E8	241.7070707070707
1.429710325E8	2.8947368421052633
1.42972292E8	38.6759734866885
1.429735505E8	0.0
1.429748085E8	2.8362183754993344
1.429760665E8	1.8700034920265394
1.42977324E8	0.0
1.42978579E8	0.0
1.42979832E8	247.6471243418388
1.429810845E8	0.0
1.42982336E8	0.0
1.42983587E8	0.0
1.42984838E8	0.0
1.42986089E8	1.2870699881376038
1.429873395E8	27.893144970133687
1.42988589E8	0.0
1.429898375E8	0.0
1.42991085E8	255.0
1.429923315E8	0.0
1.429935775E8	215.83373493975904
1.429948225E8	0.0
1.42996066E8	228.8487838216289
1.429973085E8	197.4846566781508
1.4299855E8	0.0
1.42999791E8	255.0
1.43001032E8	0.0
1.430022725E8	1.0
1.430035125E8	0.0
1.430047525E8	237.64600927752434
1.43005992E8	3.0
1.4300719E8	0.0
1.43007809E8	0.0
1.430084685E8	0.0
1.430097065E8	4.953678882892415
1.430109445E8	3.0
1.43012182E8	0.0
1.430134185E8	0.0
1.43014654E8	0.0
1.43015889E8	255.0
1.430171235E8	255.0
1.430183575E8	181.4349891799751
1.430195915E8	0.0
1.43020825E8	0.0
1.43022058E8	0.0
1.430232905E8	178.54209657449442
1.43024522E8	118.27257383966244
1.43025753E8	0.0
1.43026984E8	255.0
1.43028215E8	156.47727272727272
1.430294455E8	225.0208986415883
1.43030675E8	255.0
1.43031904E8	0.0
1.430331325E8	0.0
1.4303436E8	255.0
1.43035587E8	223.78890944809174
1.43036814E8	0.0
1.43038041E8	0.0
1.430392675E8	209.9170151174011
1.430404935E8	0.0
1.430417195E8	113.55555555555556
1.43042945E8	252.83767413688673
1.4304417E8	0.0
1.43045395E8	0.0
1.4304662E8	0.0
1.43047845E8	0.0
1.4304907E8	0.0
1.430502945E8	199.4504874616815
1.430515185E8	178.11884102881933
1.430527425E8	255.0
1.430539665E8	45.16315572077654
1.4305519E8	0.0
1.43056413E8	0.0
1.43057636E8	255.0
1.430588585E8	190.9279825459039
1.430600805E8	255.0
1.43061302E8	0.0
1.430625225E8	0.0
1.430637425E8	0.0
1.43064962E8	0.0
1.43066181E8	0.0
1.430674E8	0.0
1.430686185E8	233.41121635094717
1.430698365E8	0.0
1.430710525E8	204.52798310454065
1.43072266E8	0.0
1.430734785E8	0.0
1.430746905E8	255.0
1.43075902E8	0.0
1.43077113E8	0.0
1.430783235E8	0.0
1.43079533E8	0.0
1.43080742E8	255.0
1.43081951E8	0.0
1.430831595E8	0.0
1.430843675E8	255.0
1.430855755E8	2.3333333333333335
1.430867835E8	253.207381370826
1.43087991E8	3.0
1.430891975E8	0.0
1.43090403E8	90.0
1.43091608E8	0.0
1.43092813E8	255.0
1.43094017E8	0.0
1.4309522E8	0.0
1.43096423E8	255.0
1.430976255E8	228.9075630252101
1.430988275E8	3.0
1.43100029E8	0.0
1.431012295E8	1.423963580007749
1.431024295E8	0.0
1.431036295E8	2.21978021978022
1.43104829E8	255.0
1.43106028E8	0.0
1.431072265E8	0.0
1.431084245E8	0.0
1.43109622E8	255.0
1.43110819E8	0.0
1.43112015E8	0.0
1.4311321E8	0.0
1.43114405E8	212.48331528693768
1.431156E8	0.0
1.43116795E8	14.100234938016774
1.431179895E8	255.0
1.43119183E8	204.79461756373937
1.43120376E8	255.0
1.43121569E8	255.0
1.43122762E8	255.0
1.431239545E8	0.0
1.431251465E8	237.87617982165548
1.431263385E8	95.62373626373626
1.4312753E8	0.0
1.43128721E8	0.0
1.431299115E8	0.0
1.431311015E8	179.25742574257427
1.431322915E8	0.0
1.43133481E8	255.0
1.4313467E8	0.0
1.43135859E8	0.0
1.43137048E8	0.0
1.43138237E8	0.0
1.43139426E8	107.13722627737226
1.431406145E8	0.0
1.431418015E8	0.0
1.431429875E8	0.0
1.431441735E8	223.57419949647175
1.431453595E8	255.0
1.431465455E8	1.0
1.43147731E8	0.0
1.43148916E8	0.0
1.43150101E8	254.6929392446634
1.43151286E8	0.0
1.431524705E8	192.0
1.431536545E8	0.0
1.431548385E8	0.0
1.431560225E8	0.0
1.431572055E8	1.3333333333333333
1.431583875E8	237.20358790949743
1.43159569E8	0.0
1.4316075E8	250.5210991405399
1.43161931E8	0.0
1.43163111E8	3.0
1.4316429E8	0.4
1.43165469E8	255.0
1.431666475E8	0.0
1.431678255E8	0.0
1.431690035E8	0.0
1.431701815E8	255.0
1.431713595E8	126.59574468085107
1.431725375E8	0.0
1.43173715E8	0.0
1.431748915E8	10.816675402813061
1.43176067E8	0.0
1.43177242E8	255.0
1.431784165E8	0.0
1.431795905E8	1.0
1.43180764E8	0.0
1.43181937E8	255.0
1.4318311E8	232.01664
1.43184282E8	0.0
1.43185453E8	111.39210687334285
1.43186624E8	0.0
1.43187795E8	0.0
1.431889655E8	0.0
1.43190135E8	1.0
1.43191304E8	0.0
1.431924725E8	3.0
1.4319364E8	0.0
1.43194807E8	0.0
1.43195974E8	0.0
1.431971405E8	0.0
1.431983065E8	250.54074503099775
1.431994725E8	186.40138631427047
1.432006385E8	0.0
1.43201804E8	0.0
1.43202969E8	0.0
1.432041335E8	0.0
1.43205297E8	0.0
1.4320646E8	228.47396473074969
1.43207623E8	0.0
1.43208786E8	0.6666666666666666
1.43209949E8	0.0
1.43211112E8	224.05228081235646
1.432122745E8	191.1755162152498
1.432134365E8	255.0
1.432145985E8	128.77328528628874
1.4321576E8	0.0
1.43216921E8	0.0
1.43218082E8	3.0
1.432192425E8	0.0
1.432204025E8	45.754074074074076
1.432215625E8	255.0
1.43222722E8	0.0
1.43223881E8	0.0
1.4322504E8	215.6413043478261
1.43226199E8	0.0
1.43227358E8	0.0
1.432285165E8	0.0
1.432296745E8	25.580540950729038
1.432308325E8	107.24235294117648
1.4323199E8	160.29527559055117
1.43233147E8	237.6206896551724
1.432343035E8	0.0
1.432354595E8	3.0
1.43236615E8	255.0
1.4323777E8	142.47832233741752
1.43238925E8	0.0
1.4324008E8	0.7707630732891543
1.432412345E8	0.0
1.432423885E8	0.0
1.432435425E8	77.77272727272727
1.432446965E8	236.99396175779938
1.4324585E8	0.0
1.43247003E8	3.0
1.43248156E8	0.0
1.432493085E8	255.0
1.432504605E8	0.0
1.432516125E8	3.0
1.432527645E8	0.0
1.43253916E8	255.0
1.432550665E8	22.833333333333332
1.432562165E8	0.0
1.432573655E8	0.0
1.432585135E8	0.0
1.432596615E8	103.28310502283105
1.432608095E8	69.18179446202015
1.432619575E8	1.0
1.432631055E8	0.0
1.43264253E8	134.66745843230404
1.432654E8	239.35686895363756
1.43266547E8	1.0
1.432676935E8	0.0
1.432688395E8	1.0
1.432699855E8	3.0
1.43271131E8	251.7497103128621
1.432722755E8	28.112592972557067
1.432734195E8	170.76629570747218
1.432745635E8	232.87491459173896
1.432757075E8	0.0
1.432768515E8	0.0
1.43277995E8	0.0
1.43279138E8	254.10526315789474
1.432802805E8	0.0
1.432814225E8	255.0
1.432825645E8	0.5994462378008497
1.43283706E8	232.3088012389614
1.43284847E8	225.41173982765608
1.432859875E8	173.22649319929036
1.432871275E8	0.0
1.432882675E8	255.0
1.432894075E8	0.0
1.43290547E8	255.0
1.43291686E8	0.0
1.43292825E8	0.0
1.43293964E8	0.0
1.43295103E8	0.0
1.432962415E8	255.0
1.43297379E8	2.272727272727273
1.432985155E8	3.0540882250637478
1.432996515E8	0.0
1.433007875E8	125.58490315125692
1.433019235E8	1.0
1.43303059E8	0.0
1.43304194E8	0.0
1.43305329E8	254.93838099073702
1.433064635E8	0.0
1.433075975E8	179.4333242152773
1.433087315E8	2.0571509723480386
1.433098655E8	0.0
1.43310999E8	0.0
1.43312132E8	0.0
1.43313265E8	255.0
1.433143975E8	225.904754525487
1.433155295E8	65.5
1.433166615E8	0.0
1.433177935E8	255.0
1.43318925E8	0.0
1.43320056E8	221.57725351492218
1.43321187E8	0.0
1.433223175E8	0.0
1.433234475E8	1.5
1.433245775E8	40.755865755865756
1.43325707E8	0.0
1.43326836E8	86.41281138790036
1.43327965E8	87.05622795115332
1.43329094E8	0.0
1.43330222E8	226.60806577916992
1.43331349E8	0.0
1.433324755E8	232.86582776022058
1.433336015E8	0.0
1.433347275E8	0.0
1.433358535E8	0.0
1.433369795E8	63.84375
1.43338105E8	0.06557377049180328
1.4333923E8	0.0
1.433403545E8	255.0
1.433414785E8	0.0
1.43342602E8	0.0
1.43343725E8	17.434847402626033
1.43344848E8	255.0
1.43345971E8	169.90011750881317
1.43347094E8	255.0
1.433482165E8	223.399526964804
1.43349338E8	0.0
1.433504585E8	255.0
1.43351578E8	1.5
1.43352697E8	111.94027189659015
1.433538155E8	231.9284332688588
1.433549335E8	0.0
1.433560515E8	0.0
1.433571695E8	255.0
1.43358287E8	0.0
1.43359404E8	0.0
1.43360521E8	146.5088428499242
1.43361638E8	255.0
1.43362755E8	190.278556017132
1.43363872E8	254.9452260766835
1.433649885E8	0.0
1.433661045E8	249.09539533200652
1.433668735E8	215.52720450281427
1.433674315E8	249.00095207870518
1.433683365E8	3.0
1.433694525E8	111.07618080243779
1.433705685E8	0.0
1.43371684E8	2.0
1.43372799E8	0.0
1.43373914E8	255.0
1.433750285E8	0.0
1.433761425E8	255.0
1.433772565E8	0.0
1.433783705E8	254.40281030444964
1.433794845E8	0.0
1.433805985E8	0.0
1.433817115E8	255.0
1.433828235E8	0.0
1.433839355E8	0.0
1.433850475E8	227.36927727156876
1.43386159E8	110.04568333864287
1.433872695E8	0.0
1.433883795E8	0.36502546689303905
1.433894895E8	34.5
1.433905995E8	0.0
1.43391709E8	255.0
1.43392818E8	0.0
1.43393927E8	141.89918699186993
1.43395036E8	129.22222222222223
1.433961445E8	2.6208487644951735
1.433972525E8	0.0
1.4339836E8	0.0
1.43399467E8	238.77358490566039
1.43400574E8	1.0
1.434016805E8	243.05839444081852
1.434027865E8	3.0
1.43403892E8	2.907849829351536
1.43404997E8	0.0
1.43406102E8	0.0
1.43407207E8	0.0
1.43408312E8	0.0
1.43409417E8	0.0
1.43410521E8	0.0
1.43411624E8	0.0
1.43412727E8	0.0
1.434138295E8	0.0
1.434149315E8	0.0
1.434160335E8	2.979020979020979
1.43417135E8	90.78265723855601
1.43418236E8	0.0
1.43419337E8	1.6733333333333333
1.434204375E8	113.92816055036741
1.434215375E8	0.0
1.43422637E8	253.79146919431278
1.43423736E8	152.01321900678815
1.434248345E8	55.28568911856245
1.434259325E8	255.0
1.434270305E8	0.0
1.43428128E8	0.0
1.43429225E8	0.0
1.43430322E8	0.0
1.434314185E8	0.0
1.434325145E8	0.0
1.434336095E8	1.0
1.43434703E8	0.0
1.434357955E8	0.0
1.43436887E8	0.0
1.43437978E8	255.0
1.434390685E8	255.0
1.434401585E8	0.0
1.434412485E8	193.73640931932388
1.434423385E8	157.05822165881926
1.434434285E8	0.0
1.43444518E8	0.0
1.43445607E8	0.0
1.434466955E8	0.0
1.434477835E8	192.2875226039783
1.434488715E8	255.0
1.434499595E8	255.0
1.43451047E8	0.0
1.43452134E8	202.6152826277754
1.43453221E8	237.51380929365462
1.434543075E8	167.73939118582462
1.434553935E8	219.52278640369283
1.434564795E8	0.9133231240428791
1.434575655E8	255.0
1.434586505E8	255.0
1.434597345E8	255.0
1.434608185E8	0.0
1.434619025E8	0.0
1.434629865E8	1.0
1.4346407E8	0.0
1.43465153E8	0.0
1.43466236E8	240.75883352400527
1.434673185E8	0.0
1.434684005E8	196.69082125603865
1.43469482E8	0.0
1.43470563E8	242.19626517273576
1.434716435E8	0.0
1.434727235E8	255.0
1.434738035E8	94.56163547599675
1.43474883E8	0.0
1.43475962E8	0.0
1.434770405E8	0.0
1.434781185E8	1.271092914014183
1.434791965E8	255.0
1.434802745E8	2.6
1.43481352E8	0.3847195881874831
1.43482429E8	0.0
1.434835055E8	0.0
1.434845815E8	0.0
1.434856575E8	0.0
1.434867335E8	255.0
1.43487809E8	0.0
1.43488884E8	181.11552346570397
1.43489959E8	34.903030303030306
1.43491034E8	255.0
1.434921085E8	0.0
1.434931825E8	8.24593006993007
1.434942565E8	29.330703973805626
1.434953305E8	129.0
1.43496404E8	255.0
1.434974765E8	236.97753886953356
1.434985485E8	255.0
1.4349962E8	0.0
1.43500691E8	96.45260611392126
1.435017615E8	255.0
1.435028315E8	0.0
1.435039015E8	0.0
1.43504971E8	0.0
1.4350604E8	255.0
1.435071085E8	3.0
1.43508176E8	0.0
1.43509243E8	0.0
1.4351031E8	255.0
1.435113765E8	0.0
1.435124415E8	246.72103949493467
1.435135055E8	0.0
1.435145695E8	254.97903994739437
1.43515633E8	0.0
1.43516696E8	0.0
1.43517759E8	213.9945897204689
1.43518822E8	217.0958751393534
1.43519885E8	0.0
1.43520948E8	0.0
1.43522011E8	0.0
1.43523074E8	0.0
1.435241365E8	225.71756696149575
1.435251985E8	0.0
1.435262605E8	255.0
1.435273225E8	0.0
1.435283845E8	0.0
1.43529446E8	25.074819661130682
1.435305065E8	0.01507537688442211
1.435315665E8	226.88063336801267
1.435326265E8	0.0
1.43533686E8	191.0
1.43534745E8	0.0
1.43535804E8	0.0
1.435368625E8	0.0
1.435379205E8	231.63981384904437
1.435389785E8	3.0
1.435400365E8	179.50758463438578
1.43541094E8	0.0
1.435421505E8	111.88192307692307
1.435432065E8	132.90892364305427
1.435442625E8	254.94243792325057
1.435453185E8	0.0
1.43546374E8	0.0
1.43547429E8	0.0
1.43548484E8	255.0
1.435495385E8	126.30379746835443
1.435505925E8	0.0
1.43551646E8	0.0
1.43552699E8	254.89257126808033
1.43553752E8	66.97417778940941
1.43554805E8	56.37431403063314
1.43555858E8	255.0
1.435569105E8	0.0
1.435579625E8	250.76529763913192
1.435590145E8	0.6
1.43560066E8	0.0
1.43561117E8	0.0
1.43562168E8	255.0
1.43563219E8	0.0
1.4356427E8	15.235294117647058
1.435653205E8	0.0
1.435663705E8	1.0
1.4356742E8	0.0
1.43568469E8	0.0
1.43569518E8	0.0
1.43570567E8	255.0
1.43571616E8	255.0
1.435726645E8	0.0
1.435737125E8	180.52102760164118
1.435747605E8	0.0
1.435758085E8	0.0
1.435768565E8	126.95532116615311
1.43577904E8	0.8929332158530013
1.43578951E8	0.0
1.43579998E8	0.0
1.43581045E8	1.0
1.435820915E8	0.0
1.43583137E8	255.0
1.43584182E8	1.6666666666666667
1.43585227E8	95.56112969156447
1.43586272E8	0.0
1.435873165E8	0.0
1.435883605E8	0.0
1.435894045E8	11.697625585527378
1.43590448E8	212.25877192982455
1.43591491E8	255.0
1.435925335E8	0.0
1.435935755E8	0.0
1.435946175E8	237.02898625942314
1.435956595E8	191.4942936850114
1.435967015E8	2.0696798493408664
1.43597743E8	186.70429362880887
1.43598784E8	255.0
1.43599825E8	0.0
1.436008655E8	0.0
1.436019055E8	0.0
1.436029455E8	0.0
1.436039855E8	248.8659793814433
1.43605025E8	128.5
1.43606064E8	159.7277689734108
1.43607103E8	255.0
1.436081415E8	0.0
1.436091795E8	199.30721003134795
1.436102175E8	0.0
1.43611255E8	0.0
1.43612292E8	0.0
1.43613329E8	0.0
1.43614366E8	176.49431107210086
1.436154025E8	0.0
1.436164385E8	4.237298266586969
1.43617474E8	0.0
1.43618509E8	255.0
1.43619544E8	255.0
1.43620579E8	0.0
1.43621614E8	191.25
1.43622648E8	0.41980830670926517
1.43623681E8	255.0
1.43624714E8	128.5
1.43625747E8	181.4333635539438
1.436267795E8	0.0
1.436278115E8	244.01198368179502
1.436288435E8	66.10846560846561
1.43629875E8	0.0
1.43630906E8	0.0
1.43631937E8	204.6946923438234
1.436329675E8	160.3745081967213
1.436339975E8	0.0
1.436350275E8	0.0
1.43636057E8	255.0
1.43637086E8	215.31913746630727
1.43638115E8	124.00783213301867
1.43639144E8	224.85192071345287
1.43640173E8	0.0
1.43641202E8	255.0
1.43642231E8	0.0
1.436432595E8	0.0
1.436442875E8	0.0
1.43645315E8	0.0
1.43646342E8	0.0
1.43647369E8	0.0
1.436483955E8	0.0
1.436494215E8	0.0
1.43650447E8	0.0
1.43651472E8	1.0937098844672657
1.43652497E8	0.0
1.43653522E8	90.20347394540943
1.43654546E8	0.0
1.43655569E8	0.0
1.436565915E8	0.0
1.436576135E8	254.28370786516854
1.436586355E8	249.51418768040958
1.436596575E8	0.0
1.43660679E8	172.35866639055706
1.436617E8	254.65144887916895
1.43662721E8	0.0
1.436637415E8	211.70242050376314
1.436647615E8	0.0
1.436657815E8	0.0
1.43666801E8	0.0
1.4366782E8	0.0
1.43668839E8	255.0
1.43669858E8	0.0
1.43670877E8	127.57663248785752
1.436718955E8	255.0
1.436729135E8	0.0
1.436739315E8	0.0
1.436749495E8	0.0
1.436759665E8	0.0
1.436769825E8	3.0
1.436779985E8	0.0
1.43679014E8	0.0
1.43680029E8	0.0
1.436810435E8	0.0
1.436820575E8	199.9366178285837
1.436830715E8	0.0
1.436840855E8	0.0
1.436850995E8	0.0
1.43686113E8	238.06666666666666
1.43687126E8	0.0
1.43688139E8	85.0
1.436891515E8	0.0
1.436901635E8	0.0
1.436911755E8	132.4525621511923
1.436921875E8	218.2242976956274
1.436931995E8	207.224575007456
1.43694211E8	0.0
1.43695222E8	0.4164967703827906
1.43696233E8	0.0
1.43697244E8	168.35593220338984
1.436982545E8	202.7072864321608
1.436992645E8	139.00191938579655
1.437002745E8	192.0
1.437012845E8	254.103690685413
1.437022935E8	0.0
1.437033015E8	0.0
1.437043095E8	2.2
1.43705317E8	0.0
1.43706324E8	0.0
1.437073305E8	79.28482490272374
1.437083365E8	0.5384615384615384
1.437093425E8	0.0
1.43710348E8	0.0
1.43711353E8	0.0
1.43712358E8	0.016260162601626018
1.43713363E8	0.9167829624554904
1.43714368E8	142.66666666666666
1.437153725E8	0.0
1.437163765E8	0.0
1.437173805E8	255.0
1.437183845E8	0.0
1.43719388E8	0.0
1.4372039E8	162.25835411471323
1.43721391E8	0.0
1.43722392E8	2.1572700296735907
1.43723393E8	0.0
1.43724394E8	61.70422535211268
1.437251765E8	122.6427801724138
1.437257305E8	0.0
