#Position (bp)	Coverage	Std
179658.5	254.62206804038786	336.60978068829206
538974.5	263.7043493749235	1870.0678223645664
898290.5	250.1737050395752	444.30735786266126
1257606.5	162.31472019058432	298.6495408408361
1616922.5	112.23639637533536	255.83290671349724
1976238.5	117.50818499593673	339.5259187416748
2335554.5	167.26001625310312	276.93608237735515
2694870.5	227.4806910908504	1317.775239292857
3054186.5	249.792511327077	327.7317538403298
3413502.5	109.80524663527369	273.85616335940335
3772818.5	82.59849269166973	93.51439204444681
4132134.5	100.49606474523817	1164.9173857566234
4491450.5	221.18432243484844	2717.5159294814007
4850766.5	208.16754611539704	379.7484642787597
5210082.5	256.35683353928016	1320.2761485672413
5569398.5	153.88094045352838	320.14939049105806
5928714.5	718.2126707410747	1354.0250087367197
6288030.5	213.14918901468346	267.1243296342551
6647346.5	249.7784985917688	559.3251541480713
7006662.5	297.684255641274	987.0860753139541
7365978.5	191.643389105968	224.53051984932648
7725294.5	252.03641363034208	1365.338412967272
8084610.5	463.0755602311058	1330.5540743082124
8443926.5	736.006545770297	1488.3863806984264
8803242.5	56.37897282614746	141.52303108147095
9162558.5	66.82197842567545	197.48631330393357
9521874.5	218.4572548954124	484.5111377953011
9881190.5	460.9615408164401	3055.1639516192504
1.02405065E7	598.50039241225	3012.38196570717
1.05998225E7	197.37061806320898	315.95486729412846
1.09591385E7	436.26403778289864	2267.7057080081836
1.13184545E7	40.703414264881054	235.6716492776603
1.16777705E7	86.97200236003962	244.16280595044321
1.20370865E7	209.97686159258146	552.688434054431
1.23964025E7	844.3994812365717	509.5858063136874
1.27557185E7	105.58289082590255	281.6439231044742
1.31150345E7	172.6285609324383	266.8914454827382
1.34743505E7	239.37126930055996	1989.2328922313818
1.38336665E7	93.57300815994834	182.36346597955344
1.41929825E7	77.89055037905354	152.34019885835133
1.45522985E7	31.752257066203565	100.74764649000382
1.49116145E7	185.7571274310078	349.57702777097523
1.52709305E7	50.33954235269234	150.97702329889205
1.56302465E7	71.28110075810707	157.19209657272012
1.59895625E7	48.66587349296998	411.7427172181428
1.63488785E7	332.4235881508199	380.2402728316693
1.67081945E7	278.5669466430663	453.42181956876954
1.70675105E7	62.924061271972306	103.37561061944777
1.74268265E7	149.64907490899375	260.97722437004643
1.77861425E7	18.04477395941177	15.081162270593982
1.81454585E7	82.5458343074063	676.9882911388908
1.85047745E7	295.83507274933487	1489.996679991424
1.88640905E7	256.7312811007581	1192.193307773581
1.92234065E7	219.967120862973	516.2227152298382
1.95827225E7	263.3155968562491	357.0190568760897
1.99420385E7	112.87755624575583	335.02144704591853
2.03013545E7	145.0745666766857	305.0581257167094
2.06606705E7	187.26165826180855	251.07294822934696
2.10199865E7	279.1543293368511	385.56838056391945
2.13793025E7	268.8245638936201	384.92252878398637
2.17386185E7	476.3734233933362	2096.0787913326535
2.20979345E7	200.27703469926192	2609.875827874477
2.24572505E7	258.34498602901067	2486.453651737736
2.28165665E7	73.66828919391288	89.0755528659827
2.31758825E7	61.08660621848178	171.0412205499909
2.34346265E7	39.041303138355715	242.42742280082055
2.36142845E7	1.4832209760171817	2.3672748417098046
2.38945145E7	8.719127453272328	30.732696670599076
2.42538305E7	81.77405960213294	87.05423205127713
2.46131465E7	251.27593538834898	130.47566702033126
2.49724625E7	101.44212336773202	188.44404072145562
2.53317785E7	61.27017722561756	339.13542871659274
2.56910945E7	27.755749813534603	14.17954764861065
2.60504105E7	127.9751750548264	27.569207100153207
2.64097265E7	162.61021496398712	62.6135365465511
2.67690425E7	11.949078248672478	25.12840854992592
2.71283585E7	57.666791904618776	125.86658469769276
2.74876745E7	199.21854579256143	118.96038949536381
2.78469905E7	583.8826743033986	337.25728684009965
2.82063065E7	354.65575426643954	2766.885643672005
2.85656225E7	94.8871828696746	149.47707373979617
2.89249385E7	182.467379688074	283.85612114187865
2.92842545E7	134.17835275913123	277.3909148166878
2.96435705E7	221.9860985873159	955.3221487540263
3.00028865E7	202.2113960970288	498.3654906541876
3.03622025E7	366.6363980451747	471.8340830587596
3.07215185E7	91.82508432688775	138.0258495661183
3.10808345E7	323.97375569136915	429.31696396717126
3.14401505E7	247.47589586881742	495.63531715040875
3.17994665E7	156.57109897694508	398.4491439865983
3.21587825E7	111.78417047946654	219.48584387655308
3.25180985E7	248.88963475047035	494.95053785113123
3.28774145E7	123.52830099411104	240.79683055954237
3.32367305E7	317.9941611283661	1720.0029059217404
3.35960465E7	451.77705418072117	733.2785340612853
3.39553625E7	344.84693695799797	287.2223533465704
3.43146785E7	142.06979928530876	333.3172012009884
3.46739945E7	87.72051341994234	158.2201667761614
3.50333105E7	278.7661083837068	328.58197897668816
3.53926265E7	572.535706731679	3992.7776716808253
3.57519425E7	987.9324104687796	2119.798255217076
3.61112585E7	265.75739738837126	588.7162541975978
3.64705745E7	182.14282414365073	913.8646367241558
3.68298905E7	181.05864754143985	317.56988709005054
3.71892065E7	182.60733727415422	855.1664307070396
3.75485225E7	698.3575014750247	1020.393927045095
3.79078385E7	577.4181166438456	4002.7497253599468
3.82671545E7	141.68992196284051	500.3082496036293
3.86264705E7	102.15897983947278	170.9380723635758
3.89857865E7	87.76591913524585	196.97084592278978
3.93451025E7	205.49718632067595	296.75099805089786
3.97044185E7	440.2099266383907	542.225156680649
4.00637345E7	412.7062696901891	3211.7669829270826
4.04230505E7	176.21294348150374	593.7190559564758
4.07823665E7	813.1714618886997	2742.849116523929
4.11416825E7	408.22928007659	1622.0549498913747
4.15009985E7	512.282536819958	2167.006275376177
4.18603145E7	200.54531665720424	345.9904362771251
4.22196305E7	322.02850137483443	556.8312695959839
4.25789465E7	141.69742232463904	169.45964057139656
4.29382625E7	790.7884341359694	2153.802845777647
4.32975785E7	62.50709960035178	194.19273533746747
4.36568945E7	182.37443921228112	2253.961562161789
4.40162105E7	204.13505939061994	247.53549456262473
4.43755265E7	85.33022743212103	245.37465343755414
4.47348425E7	287.7101214529829	867.7987280014037
4.50941585E7	518.2783510892918	929.6029824012452
4.54534745E7	70.90254539179998	262.3475990334384
4.58127905E7	195.09792494628684	263.8373170990428
4.61721065E7	485.7920549043182	2180.260342964014
4.65314225E7	346.6925964888844	2250.2807506882655
4.68907385E7	309.90993443097443	942.5074215075979
4.72500545E7	295.04610983090095	806.3081788163166
4.76093705E7	782.9994851328636	2665.2644988697084
4.79686865E7	246.04117823865343	572.162718202837
4.83280025E7	496.63163621992896	4060.9775156381315
4.86541545E7	146.29978702199406	271.34803571855895
4.88338125E7	1.537797008804728	2.086479151072237
4.90466345E7	223.94525153346916	326.867869870729
4.94059505E7	122.98349085484644	142.34650365039823
4.97652665E7	128.67361319841032	251.1931271795407
5.01245825E7	195.88640639437153	362.44990834468115
5.04838985E7	382.73486847231965	1425.2059030563667
5.08432145E7	90.97318237985506	170.19964905343053
5.12025305E7	197.15374767614023	243.82840110529307
5.15618465E7	256.8322395885516	2141.783025594984
5.19211625E7	447.5196373108907	1557.9273662145072
5.22804785E7	266.1957830989992	240.0715470196035
5.26397945E7	216.87158100390744	635.3918623881112
5.29991105E7	337.75269957363435	415.24806715308966
5.33584265E7	110.58947555911789	217.5368035110071
5.37177425E7	19.20925870264614	61.379587299854755
5.40770585E7	303.30325396030236	415.97113406900337
5.44363745E7	351.98249451736075	674.1911664616916
5.47956905E7	60.0127492235247	173.11747936795612
5.51550065E7	70.0083937258569	197.5753720306718
5.55143225E7	86.42799930979973	221.40352506668665
5.58736385E7	211.00530730610382	1069.2313245449918
5.62329545E7	248.33578243106348	400.6466004811553
5.65922705E7	100.33269044517917	160.85328774869166
5.69515865E7	289.1949175655969	442.92731406830507
5.73109025E7	398.8793040109542	1775.657923756356
5.76702185E7	128.71498625165592	358.02232061752676
5.80295345E7	408.78867347961125	1235.9985478018202
5.83888505E7	686.324683565441	2999.495993202606
5.87481665E7	133.34632746663104	248.85844060119794
5.91074825E7	75.55852786961894	255.42651924665566
5.94667985E7	951.4648582306382	24362.354297608992
5.98261145E7	206.80833027196118	535.7549877335796
6.01854305E7	131.48683609970055	132.0834112494899
6.05447465E7	292.20559062218217	1791.4182169699257
6.09040625E7	182.79748188224292	367.73721102075586
6.12633785E7	159.1928775785103	244.32622171887598
6.16226945E7	147.30878947778558	188.57601764031907
6.19820105E7	409.37802380077704	2201.431186052342
6.23413265E7	73.95412672967527	121.36144762493589
6.27006425E7	163.6735770185575	389.10844250363937
6.30599585E7	62.9723112803215	78.45496056997743
6.34192745E7	137.6583035545314	336.9681976723137
6.37785905E7	229.76932004141202	694.4809809304553
6.41379065E7	42.89174988032818	126.29309777521088
6.44972225E7	149.58532322523905	268.1724755794837
6.48565385E7	212.37336773202418	234.78949985229542
6.52158545E7	193.67193500985206	433.8932983937521
6.55751705E7	358.80911787952664	416.0819682758763
6.59344865E7	158.41812499304234	176.76853114158874
6.62938025E7	217.70015251199501	411.5855890767665
6.66531185E7	89.2124258313017	196.25227886547066
6.70124345E7	41.73511059902704	113.56570134935734
6.73717505E7	76.92145075643722	258.99975797526105
6.77310665E7	223.31136659653342	1671.1985136529283
6.80903825E7	60.48815527279609	136.6682844768837
6.84496985E7	147.5662870565185	312.836482450365
6.88090145E7	300.3383345022209	414.9489872556785
6.91683305E7	250.89206436674127	423.4306055889093
6.95276465E7	104.84180498502711	311.6295051854912
6.98869625E7	91.69023923231919	167.9948227721378
7.02462785E7	232.7205941288448	403.33068148170634
7.06055945E7	229.16225550768684	454.9882785614793
7.09649105E7	216.26439679836133	1933.177599190952
7.13242265E7	16.36514377316902	34.877758365291335
7.16835425E7	181.12589197252558	487.73046415080063
7.20428585E7	446.83326375669327	3113.683370121886
7.24021745E7	718.265028554253	188.15291113946282
7.27614905E7	186.6050134143762	315.92291562188905
7.31208065E7	17.447386144786204	14.631368568858342
7.34801225E7	41.696626367876746	91.7036991227731
7.38394385E7	58.82764753030759	365.4222363696018
7.41987545E7	29.757355642387203	20.71077318357185
7.45580705E7	218.88635351612507	37.12281443969748
7.49173865E7	121.42273931581116	30.529197081651926
7.52767025E7	13.888287746718765	6.529351163060543
7.56360185E7	23.192607621146845	2.884309256845158
7.59953345E7	591.245324449788	1865.284862825342
7.63546505E7	199.30159525320332	62.33212677342103
7.67139665E7	140.85592069376258	164.85646641422747
7.690225E7	0.9136861631209785	1.765742971296134
7.7081908E7	1.3759227047490974	28.353280849446193
7.74325985E7	19.3531710249474	5.458461485626494
7.77919145E7	33.74051252936134	78.49822550086085
7.81512305E7	5.564252635563125	2.0790171700944993
7.85105465E7	7.229474891182135	25.87199049413047
7.88698625E7	21.546098698638524	10.812531568846177
7.92291785E7	13.09758819534894	39.85915179156111
7.95884945E7	23.68863896959779	67.42841759115967
7.99478105E7	48.477827316345504	71.33925834447483
8.03071265E7	273.255978024914	61.409746021748035
8.06664425E7	338.0682602500306	340.4865511644996
8.10257585E7	71.78571786394149	147.60572494189796
8.13850745E7	246.99233822039653	639.1558564031541
8.17443905E7	172.79449286978593	318.6018162230859
8.21037065E7	306.8519102962295	381.86871833765167
8.24630225E7	517.0159775796235	1763.013301322197
8.28223385E7	253.55570584109807	573.0579572999832
8.31816545E7	120.6317892885371	165.99172317450643
8.35409705E7	53.942629885671664	203.31140716032795
8.39002865E7	340.1515546204455	2007.6778370631505
8.42596025E7	91.89775851896381	550.7586064848043
8.46189185E7	70.60401707689054	287.6516891672986
8.49782345E7	156.66572320742745	198.03011641802982
8.53375505E7	129.01438009996772	450.797040784537
8.56968665E7	309.08924456467287	439.16549538210853
8.60561825E7	241.63941210522214	444.65888765696525
8.64154985E7	385.8847588195349	1231.5738790366706
8.67748145E7	600.7001024168142	4958.749463554781
8.71341305E7	223.36756504024314	392.1547355751925
8.74934465E7	33.170234556768975	101.0581165049691
8.78527625E7	118.2239254583709	338.78213315936557
8.82120785E7	523.7137700519877	2793.4641697258658
8.85713945E7	1142.733179151499	1002.5079982029781
8.89307105E7	346.09918845807033	356.5231598103688
8.92900265E7	380.6204538623384	689.191075156721
8.96493425E7	127.33077847911031	328.8393421145502
9.00086585E7	287.0740128466308	354.6978625119266
9.03679745E7	123.5967282280778	370.4409120712549
9.07272905E7	375.1982210644669	715.6557422367482
9.10866065E7	188.5351278540338	425.411630400524
9.14459225E7	145.02922497189104	1100.3770189441298
9.18052385E7	287.38050907836	1440.83066833775
9.21645545E7	679.805636264458	1600.9276321530656
9.25238705E7	64.07405180954926	382.21649338760875
9.28831865E7	521.0430929877879	5409.46511686198
9.32425025E7	244.4068201805653	301.52905787999134
9.36018185E7	135.79497434013516	276.50557107252
9.39611345E7	150.190968395507	244.39390252350142
9.43204505E7	63.31118569726926	146.98805602659905
9.46797665E7	68.41754054926582	123.24914300192793
9.50390825E7	712.0492185151788	1218.417045597997
9.53983985E7	149.0260968061539	163.1700866886891
9.57577145E7	123.72789967605117	585.239280291009
9.61170305E7	146.80016754054927	345.8286289413656
9.64763465E7	116.35246690934999	270.8356516718626
9.68356625E7	188.43064043905642	440.83677354884634
9.71949785E7	40.21907179196028	68.57409340145861
9.75542945E7	306.7044606975476	1161.2217395569
9.79136105E7	436.97318794598624	1209.4370431453167
9.82729265E7	166.21491389195026	247.3602008890013
9.86322425E7	107.01120740518095	115.60500167266923
9.89915585E7	164.4671403444322	242.39029223305837
9.93508745E7	285.5875385454586	505.05103668662986
9.97101905E7	135.137397165726	184.44029576236724
1.000695065E8	120.82302764140756	149.7211058297609
1.004288225E8	260.7196785002616	2333.648909293355
1.007881385E8	387.50479522203295	744.2713765923803
1.011474545E8	301.79649389395405	486.7113463546109
1.015067705E8	137.96339433813134	192.59437458392978
1.018660865E8	229.06809883222567	465.9938693946949
1.022254025E8	339.1574908993755	1565.2513786750176
1.025847185E8	244.84927751616962	1901.0526315078926
1.029440345E8	96.7525325896982	370.4913675811011
1.033033505E8	127.44091273419497	187.67308367102427
1.036626665E8	187.9511711140055	488.8144918476206
1.040219825E8	162.9219628405081	205.3025587611392
1.043812985E8	126.16198833338899	460.93730361906614
1.047406145E8	259.32036146456045	1339.7924443973693
1.050999305E8	44.16533357824311	221.63680295535934
1.054592465E8	67.72490231439735	175.30833500839168
1.058185625E8	114.93038718008661	122.50674931612673
1.061778785E8	245.22307384029656	1201.152216706973
1.065371945E8	162.42431174787652	354.93878509444886
1.068965105E8	676.5516815282369	3074.0680114417764
1.072558265E8	352.86239688741944	1887.7318751285934
1.076151425E8	120.57988233198633	317.1519393375107
1.079744585E8	304.4096171614957	914.7869426020023
1.083337745E8	244.40998174308965	1158.8797709057171
1.086930905E8	322.9152973983903	931.1174331179105
1.089314775E8	284.72297331812223	548.1752570407366
1.091111355E8	392.9300994798601	2994.2670106196383
1.094117225E8	260.152111233566	260.7326443787337
1.097710385E8	191.88112135279252	239.16490550329894
1.101303545E8	288.7978742944929	701.5732731122583
1.10324175E8	72.58121800529568	108.81094806295155
1.10503833E8	96.43156460447565	134.34888440924283
1.108489865E8	206.1146595197542	2011.8259546585045
1.112083025E8	132.9998942435071	421.26322367730467
1.115676185E8	97.6278651660377	115.85852236778062
1.119269345E8	192.82598047401174	2049.251545872847
1.122862505E8	180.54865076979596	216.35658201140288
1.126455665E8	126.79414220352002	177.87022414592832
1.130048825E8	238.59599906488995	197.2279638859928
1.133641985E8	29.25328680047646	72.11411255273786
1.137235145E8	73.98384708724355	190.26099687813505
1.140828305E8	145.36323180710016	236.29316193926118
1.144421465E8	384.4357557136337	736.8330044889731
1.148014625E8	82.23268098275612	118.39350257454868
1.151607785E8	308.78474657404627	513.2850579320647
1.155200945E8	109.4478453506106	240.47934307846518
1.158794105E8	167.40152122365828	1414.1795851904853
1.162387265E8	367.57542386089125	1814.5882350385493
1.165980425E8	226.08139075354285	499.00024077694616
1.169573585E8	477.0155128076679	2064.2120702192974
1.173166745E8	89.82004976121297	115.15880550270582
1.176759905E8	45.39995992385533	112.43390897642935
1.180353065E8	32.12049004219127	68.68152484614426
1.183946225E8	406.04866746818954	1889.847295081985
1.187539385E8	186.53266205791002	229.11494456295117
1.191132545E8	267.72343563882487	279.2719357386591
1.194725705E8	372.5981225439446	731.5904228859721
1.198318865E8	199.10621848178207	2064.6040238332603
1.201912025E8	57.32406850794287	223.82357277890122
1.205505185E8	153.08989858508946	162.6608247587878
1.209098345E8	104.26948145921696	207.95311240972654
1.212691505E8	259.04904318204586	506.65614657221977
1.216284665E8	200.51513709381157	470.1756507013526
1.219877825E8	207.34304344922018	274.51503927453047
1.223470985E8	111.74603969764776	276.5769020865886
1.227064145E8	37.24969386278374	111.46299809505703
1.230657305E8	152.9840224203765	135.16160889422244
1.234250465E8	94.34769673490743	265.5265055371521
1.237843625E8	269.38756971579335	1221.75837543353
1.241436785E8	305.521385076089	554.0765863570456
1.245029945E8	80.99913168353204	180.83269561517014
1.248623105E8	54.078396174954634	86.71168217824433
1.252216265E8	103.93371294348151	88.34388196090867
1.255809425E8	127.52294637589198	1216.7330855599253
1.259402585E8	210.80646561800754	345.3671509574547
1.262995745E8	245.56287501808993	388.52780114651455
1.266588905E8	322.05128633292145	663.6301597283945
1.270182065E8	212.9486440904385	1134.577575183688
1.273775225E8	324.185683353928	959.5489347781997
1.277368385E8	91.28801667612909	189.69351069959205
1.280961545E8	186.21411236905675	200.84485734016243
1.284554705E8	53.83776397377239	107.13634530088999
1.288147865E8	228.20098186554455	1404.259440344551
1.291741025E8	162.3092737312004	395.0269773909991
1.295334185E8	93.65875719422458	142.90384899644616
1.298927345E8	363.3020822896837	1749.8727090575335
1.302520505E8	99.19234879604582	281.09273026657337
1.306113665E8	90.16911576439679	173.5212354720218
1.309706825E8	32.84863462801545	89.98131329973634
1.313299985E8	80.41988667356867	159.2709801604988
1.316893145E8	206.8058338621158	241.59706338740034
1.320486305E8	38.14076745817052	116.30668806664293
1.324079465E8	4.337043159781363	3.8214973169894524
1.327672625E8	52.24083814803682	108.58324332792922
1.331265785E8	11.457068430017033	31.54482264579404
1.334858945E8	41.1803732647586	125.79855616869446
1.337730805E8	126.58097425786772	357.03118887205613
1.339527385E8	3.351684458616387	34.446689855191586
1.342045265E8	15.834332453884603	41.08127913399833
1.345638425E8	54.44599182891939	301.9751582839173
1.349231585E8	555.2994467265582	128.99206160046634
1.352824745E8	55.57404624341805	58.93553228185241
1.356417905E8	50.292469581092966	85.92826371601407
1.360011065E8	44.06137494573022	26.767282235575436
1.363604225E8	57.00124959645549	62.96102789881893
1.367197385E8	92.79750971289896	81.00552531343176
1.370790545E8	97.9709225305859	449.0151160035626
1.374033365E8	25.811628775307003	68.78404385959044
1.375577225E8	75876.93397869289	254866.76090846417
1.375927565E8	18.858934789490345	26.52375008579076
1.376371405E8	153.55865424863958	44.808761822217136
1.37699935E8	3.2769987981457107	4.950068315608747
1.37786751E8	2.8816117402946664	19.09443286186328
1.37868371E8	2126.991633429904	2089.282256382776
1.37942101E8	2.2391504816490984	13.562176818685408
1.37980213E8	7.589681017953635	19.948189821343075
1.38019627E8	0.5992940307288175	2.458502091121561
1.38089538E8	1.5206275943714316	8.52093743952339
1.38156123E8	28.038953024578937	121.46495065417346
1.382206275E8	0.2262745724788237	1.2618370336048543
1.38280805E8	2.1050272562083587	11.491649495768598
1.38323179E8	0.5633646107628973	0.2563585183790093
1.383484915E8	0.04255768743132449	0.4285180948174801
1.38384028E8	2.9851933095695093	7.449559702480073
1.384312265E8	0.38526369556889284	0.9106650638701431
1.384772795E8	6.05928634751773	4.222850810960672
1.38522045E8	4.9005876922384095	12.739658155329789
1.385663025E8	15.578269544712498	93.26009580629145
1.38610046E8	1.1777885346794827	1.142841912958608
1.38651258E8	0.6863297558976461	1.6748210310440663
1.386833775E8	1.2415271053258194	3.899025136574034
1.387019305E8	0.5553409472623446	1.3673271273895153
1.38726341E8	0.0	0.0
1.387630385E8	1.9963269557590044	4.6219266566451305
1.3879854E8	354.1608296399293	635.8052743720096
1.3883298E8	0.5826421025058937	1.7936329727555163
1.388668195E8	0.07166866746698679	0.3852783094729057
1.389001375E8	9.991415536078762	7.985923427253275
1.389325255E8	14.431881754609027	73.56258196064832
1.38963047E8	0.26626778893283304	1.4369649740145503
1.38991991E8	0.6601660484013425	1.6884009466297125
1.390198715E8	0.22282925407925408	1.8052992765343583
1.39044446E8	2.6026367952795835	10.97881231402888
1.390581695E8	0.4614181438998957	1.6986674120356382
1.39074104E8	0.2160444189163316	0.8779861383869871
1.391000815E8	1.4469040247678018	3.281668759214013
1.39125904E8	1.0275915520248013	1.4666214550933738
1.391516555E8	1.0733130982955872	2.0861476049681564
1.391772845E8	19.571987480438185	152.8476995208835
1.39202833E8	2.00070485961546	3.872184512511118
1.39227853E8	1.0994163979920826	5.519141523123598
1.392522945E8	14.47895816242822	20.569895251266402
1.392761035E8	0.0	0.0
1.392991635E8	0.0	0.0
1.393219065E8	0.28773668377278355	1.2326660461426857
1.39344169E8	11.49112722959719	60.47076504793382
1.393656665E8	0.0	0.0
1.39386585E8	8.189856957087127	27.571756438764073
1.394057875E8	0.0711370592903299	0.44202489823129665
1.394157655E8	0.41832324978392393	1.0745745474750668
1.39426072E8	0.3438985736925515	1.0543200639802548
1.394433E8	0.017577520579315466	0.15929845579739405
1.394591395E8	0.23328179358330112	1.0212596469994089
1.39474609E8	0.0	0.0
1.394898515E8	0.05647730289354924	0.308386451299075
1.39504877E8	2.723019422011613	9.144234939949246
1.39519712E8	0.16878872472254375	0.6574854040818318
1.39534307E8	0.0	0.0
1.39548658E8	0.4649623212902317	1.5407464328669662
1.395628065E8	15.525393672861398	29.374611191711246
1.395768695E8	0.07677502138579984	0.31602481738152544
1.395908865E8	0.0	0.0
1.396048595E8	0.5290530846484935	2.783521401332963
1.39618797E8	0.04076067456045927	0.3103292925654678
1.396327175E8	0.3712785847835467	1.2225116495185995
1.39646447E8	0.0	0.0
1.39659998E8	11.063030481954387	69.78991227068155
1.39673523E8	0.0	0.0
1.39687001E8	0.4848011891490152	1.163580884880637
1.39700456E8	0.14738015607580826	0.6301598600953272
1.397138915E8	0.0	0.0
1.397272965E8	0.021203523965954905	0.18165861025398353
1.39740652E8	0.06397837350754675	0.4432162449456643
1.397539385E8	0.0	0.0
1.397671835E8	0.34094000302251776	1.7414051986516197
1.397738625E8	0.0	0.0
1.39780441E8	1.0866262564259956	2.960843206921259
1.397935115E8	0.06499847421422032	0.3467447468073753
1.39806605E8	0.0	0.0
1.398195725E8	5.569928438083386	11.150076528712344
1.398324245E8	0.0	0.0
1.39845262E8	0.17720433460668902	1.0636190904181027
1.398580325E8	0.05930470347648262	0.33407970552857513
1.3987073E8	0.0	0.0
1.398833975E8	0.0	0.0
1.398960405E8	3.2954401519949337	4.106810944856781
1.399086725E8	0.044331855604813175	0.29723232512323317
1.399212565E8	0.698468410976388	3.838204317170284
1.39933781E8	108.55829936865659	208.38992534327576
1.39946267E8	0.06830403724215427	0.47735459051808743
1.399587085E8	0.4166934964584675	1.14738146406608
1.399711325E8	0.0	0.0
1.39983544E8	0.13743043793854343	0.5377888733772889
1.399959275E8	3.8834087968952136	11.275094191613398
1.400082885E8	0.22559494900437105	0.8200577653715743
1.40020559E8	0.02223680971527037	0.16678287024208127
1.400327265E8	0.23378333882120514	1.0027128168549964
1.400448715E8	0.0	0.0
1.4005699E8	0.0	0.0
1.400690545E8	0.0	0.0
1.40081085E8	0.09445414484077493	0.5778540967347744
1.400930995E8	0.6793034494250958	2.89819197901188
1.40105101E8	0.098575118740105	0.3658171421419126
1.40117094E8	0.23345848977889028	0.9977028266621172
1.401281635E8	0.0	0.0
1.40134155E8	0.0	0.0
1.401410485E8	4.867870881418297	21.818620090171546
1.40153003E8	0.047527403564555266	0.23958517129630347
1.40164882E8	0.0	0.0
1.40176667E8	0.044036385275865	0.2967705688772558
1.4018842E8	136.14229753895938	375.0545897987815
1.40200076E8	0.5820727807070619	2.0705843525187513
1.402116215E8	0.0	0.0
1.402231315E8	0.07531744651243695	0.4034983564265085
1.402345955E8	0.025196850393700787	0.2201566292036813
1.402459205E8	0.10124777183600712	0.5599528882652975
1.402571045E8	0.0	0.0
1.402682415E8	0.0	0.0
1.4027885E8	12.037954613021505	28.575971827575653
1.40288828E8	0.08393309680689305	0.33754727851163796
1.402984445E8	0.0	0.0
1.40307799E8	0.0	0.0
1.403166425E8	0.3539420081476156	0.9754965800871893
1.40324819E8	0.0	0.0
1.403326835E8	0.03677803677803678	0.20859540625824796
1.403402015E8	0.0	0.0
1.4034742E8	0.034816790678085074	0.26388175639132416
1.40354483E8	0.04055404826502927	0.20138035719759081
1.403614525E8	22.89446366782007	41.12745507022812
1.403683705E8	8.348695652173912	7.401028130692678
1.403752505E8	2.5223032069970848	6.513979137075181
1.403821105E8	0.0	0.0
1.40388953E8	0.9188278388278388	1.8252201432782216
1.403957145E8	0.0	0.0
1.404023365E8	0.1350443018637336	0.5002290950864771
1.404088075E8	0.0	0.0
1.404151525E8	0.4251668255481411	1.3466525717611142
1.40421418E8	0.6374859708193041	2.176735033218805
1.40427633E8	7.561278863232682	7.884326409960579
1.404337675E8	0.6942067149440422	2.3657850230970277
1.404398365E8	0.0	0.0
1.40445888E8	2.8904154941234896	8.700948542856663
1.404519085E8	0.015	0.1224744871391589
1.404579005E8	0.5203877005347594	1.6253341902348957
1.404638765E8	3.160857908847185	12.249384456822538
1.404698365E8	0.29418682795698925	0.7805171293746934
1.4047577E8	0.9602704987320372	2.2296700588716196
1.40481673E8	32.81599049397386	143.5393543840929
1.404875345E8	0.04612482853223594	0.2202847639513022
1.404915035E8	0.0	0.0
1.404943895E8	0.0	0.0
1.404990715E8	0.0	0.0
1.405047025E8	378.80427749820274	482.0012996617634
1.40510262E8	0.0	0.0
1.405157995E8	3.4059782608695652	6.930203272004678
1.40521292E8	1.4728270814272644	3.108380785400146
1.40526756E8	45.51528464213802	91.12834393668966
1.40532181E8	0.0	0.0
1.40537566E8	35.62474456622701	34.58130444514775
1.405429375E8	0.21175373134328357	0.651204395085832
1.405482795E8	0.6821938392186326	1.7756386349658735
1.40553603E8	0.0	0.0
1.405589225E8	0.42738901429646353	1.4836708385828368
1.40564221E8	0.0	0.0
1.405694775E8	0.054281345565749234	0.3206692161361456
1.40574688E8	0.1641934862208518	0.7018407644633898
1.405798735E8	1.7761482053261288	3.4615938797531216
1.405850135E8	0.11102393095331503	0.4995093708954788
1.40590093E8	0.0	0.0
1.405951535E8	0.0	0.0
1.40600212E8	0.057346252719003364	0.2704919751887051
1.406052535E8	0.0	0.0
1.406102665E8	0.908	2.9810736320996836
1.406152645E8	0.056645316253002405	0.23800276522133604
1.406202595E8	0.3396075290348418	0.9150982930062954
1.406252495E8	0.16666666666666666	0.8820308040823633
1.40630226E8	0.12462250855647272	0.33816377880034804
1.40635179E8	0.0	0.0
1.40640115E8	0.0	0.0
1.4064504E8	0.0	0.0
1.4064995E8	63.75035692433204	58.77074969560798
1.406548455E8	0.0	0.0
1.40659729E8	10.013732322197171	30.4469405990584
1.40664601E8	0.11675231243576567	0.5068898374371097
1.406694435E8	0.0912863070539419	0.5465850224091323
1.40674261E8	0.0	0.0
1.40679061E8	0.1724137931034483	0.598674956248622
1.40683806E8	0.0	0.0
1.40688509E8	0.0	0.0
1.406931635E8	0.06163194444444445	0.3159531435021479
1.40697758E8	0.0	0.0
1.40702335E8	0.062103651869669804	0.2726709415746059
1.40706898E8	0.09444322424774873	0.3719815926806235
1.40711432E8	0.0629014396456257	0.35406201632824585
1.40715925E8	1.3014985461865354	1.5920289029205115
1.40720393E8	0.12721164613661815	0.4489629708117746
1.407248515E8	0.1275831087151842	0.4633950264989981
1.407292955E8	0.2560865644724977	0.7726151531858352
1.407337135E8	0.0	0.0
1.40738111E8	0.1292377701934016	0.5927126663839087
1.40742499E8	0.0	0.0
1.407468785E8	0.0	0.0
1.40751256E8	0.0	0.0
1.407556295E8	0.06498855835240275	0.25492853577503394
1.40759995E8	0.22884659481770236	0.6832754919097648
1.407643435E8	0.06549815498154982	0.27419792458189474
1.407686665E8	3.1587006960556843	4.99558970225917
1.407729765E8	2.435266821345708	8.034842916700716
1.40777284E8	0.0	0.0
1.40781584E8	126.05145518044237	239.17854422716582
1.40785876E8	27.915598041501514	65.13754301764367
1.40790157E8	0.0	0.0
1.407944295E8	0.13295880149812733	0.4042146869036481
1.407986935E8	0.12171052631578948	0.38290539478229274
1.40802937E8	0.0	0.0
1.40807165E8	0.1344378698224852	0.46205099746711403
1.408113885E8	0.0	0.0
1.408156105E8	0.9872098531501659	1.9389058140007942
1.408198225E8	7.9267015706806285	21.827473529163868
1.40824022E8	0.2504169644984513	0.6203214212919016
1.408282145E8	0.7246895893027698	1.715636832817582
1.408324E8	0.0	0.0
1.408365825E8	0.062649450023912	0.2502987215786609
1.40840755E8	0.0	0.0
1.408449115E8	0.05060240963855422	0.2249497935952692
1.40849054E8	0.0	0.0
1.40851497E8	0.0	0.0
1.408535395E8	0.0	0.0
1.40857247E8	0.0	0.0
1.408613235E8	0.13948919449901767	0.48857275802291905
1.40865389E8	8.011579206701159	17.775765160774313
1.408694335E8	0.0	0.0
1.40873455E8	0.0	0.0
1.408774675E8	0.0	0.0
1.408814765E8	0.4253619570644034	1.3811728864217976
1.40885475E8	0.4986218992733651	0.9539641539995154
1.408894625E8	0.142570281124498	0.576480110037698
1.408934395E8	0.5722921914357683	1.9755431609702743
1.408974065E8	0.386226034308779	1.0282341117160372
1.409013685E8	3.0035353535353537	5.424923776404419
1.409053235E8	60.944810126582276	97.57146034275453
1.40909269E8	0.07206292819081452	0.26844539145013185
1.409132055E8	0.21668362156663276	0.9448150523857296
1.409171345E8	0.07233825776872134	0.26895772487274155
1.409210595E8	0.7125382262996942	1.2826768645445823
1.40924982E8	0.0	0.0
1.40928899E8	0.0	0.0
1.40932812E8	0.0	0.0
1.409367215E8	1.017921146953405	2.016191499288288
1.4094061E8	0.0	0.0
1.409444775E8	3.014233954451346	5.979065445576296
1.409483385E8	77.55391394504925	71.60513410845256
1.409521765E8	0.0	0.0
1.40955989E8	3.0559495665878647	8.885593360727752
1.409597955E8	0.0	0.0
1.409636015E8	0.061481870730425645	0.24795538052324181
1.40967392E8	0.0	0.0
1.40971157E8	0.4303595206391478	1.008089781050175
1.40974907E8	2.3508678237650202	7.243504525463754
1.40978648E8	0.0	0.0
1.409823815E8	0.9308310991957105	2.9564307151913
1.40986105E8	0.38202851762173795	1.5522467596005287
1.409898215E8	0.647470398277718	1.5575608156007716
1.40993536E8	0.0	0.0
1.409972465E8	0.07659115426105717	0.30102306677627144
1.41000941E8	0.0	0.0
1.410046115E8	1.394808743169399	3.3321172645152926
1.410082665E8	0.31068493150684934	0.7252774622585993
1.41011916E8	0.0	0.0
1.410155645E8	0.0	0.0
1.410192115E8	0.0	0.0
1.410228535E8	0.9356789444749862	3.234554365924964
1.410264835E8	0.9406405300938708	1.6036781301130103
1.410301055E8	0.0	0.0
1.41033718E8	0.47293921731890093	0.943299551495889
1.41037321E8	0.07882320288648349	0.2807547023408219
1.410409235E8	0.07884508606329817	0.3390223393601525
1.41044521E8	0.0	0.0
1.410481085E8	0.0	0.0
1.410516865E8	0.0	0.0
1.41055252E8	0.1596851279167838	0.43529934700948936
1.410588075E8	13.217501406865503	12.243186291959645
1.41062361E8	0.3177596397410639	1.1330065808224081
1.41065914E8	0.0	0.0
1.41069467E8	4.094849423022797	4.961404656608828
1.41073012E8	4.0169635284139105	6.104291051339907
1.41076544E8	0.0	0.0
1.41080071E8	0.0	0.0
1.41083596E8	0.0	0.0
1.41087117E8	0.0807047456663825	0.2840858068724703
1.41090628E8	0.0	0.0
1.410941305E8	128.72301541976015	67.70153196228263
1.41097631E8	4.519005430122892	5.77059788434793
1.411011295E8	0.0	0.0
1.411046235E8	0.7275071633237822	1.5522421162281836
1.411081075E8	0.0	0.0
1.41111585E8	0.0816796088582111	0.2857964465458084
1.4111506E8	0.0	0.0
1.411185295E8	1.7752452394691287	2.3391719329272433
1.41121994E8	0.0	0.0
1.411254545E8	10.655292076344708	10.043283999725013
1.411289005E8	0.0	0.0
1.411323185E8	0.0	0.0
1.411357175E8	0.0	0.0
1.4113911E8	0.25140159339038065	0.8715021981842345
1.411424975E8	0.0	0.0
1.41145878E8	0.957037037037037	1.7503438815569081
1.411492525E8	192.91315945465323	244.962471872659
1.41152626E8	0.9825081529795434	3.032925358276456
1.41155995E8	0.0	0.0
1.411593515E8	0.25448028673835127	0.6860967812994304
1.41162699E8	0.10277860770839557	0.3404771779346644
1.41166043E8	0.680035917390003	1.7386911720942817
1.4116937E8	0.0	0.0
1.411726805E8	1.2046553808948004	1.4025154461835903
1.411759855E8	0.0	0.0
1.41179286E8	0.0	0.0
1.411825805E8	0.0	0.0
1.411858675E8	1.6190621193666261	4.812090183762416
1.41189148E8	0.0	0.0
1.41192424E8	1.3004580152671756	3.5439228706303836
1.411956955E8	0.26009791921664627	0.5195092307950581
1.411989605E8	0.8139178418148375	1.8619590429494124
1.41202221E8	0.08714329548941394	0.32864660593487505
1.4120548E8	580.8514881865603	859.4343601775648
1.412087365E8	0.08727719729563614	0.2954271438030638
1.41210776E8	0.0	0.0
1.41212402E8	0.11701689328388958	0.3420773206219459
1.412152325E8	0.0	0.0
1.41218463E8	0.17601487449643632	0.6057262132590856
1.41221688E8	0.1749922432516289	0.5655866890437367
1.412249085E8	5.037600994406463	12.1760572607231
1.41228124E8	9.458138811079987	9.66088561479343
1.41231335E8	0.0	0.0
1.412345425E8	0.0	0.0
1.41237746E8	0.0	0.0
1.41240947E8	0.16994689159637613	0.5042772378821476
1.41244146E8	0.0	0.0
1.412473425E8	0.3207133917396746	0.7821138840728852
1.41250538E8	285.24788732394364	140.66641189928643
1.412537305E8	117.79655172413793	200.87924365875972
1.412569125E8	0.0	0.0
1.41260086E8	0.0	0.0
1.41263258E8	0.0	0.0
1.412664245E8	0.0	0.0
1.41269585E8	0.0	0.0
1.41272743E8	0.0	0.0
1.412758995E8	0.0	0.0
1.412790545E8	3.110970196575777	3.381380626276645
1.412822035E8	0.0	0.0
1.4128534E8	70.51997443272612	142.1847676425592
1.41288466E8	0.0	0.0
1.41291589E8	0.0	0.0
1.412947105E8	0.0	0.0
1.412978215E8	3.696969696969697	4.452521942012255
1.413009225E8	0.0	0.0
1.413040225E8	0.2729032258064516	0.7264584884794664
1.41307117E8	0.0	0.0
1.41310204E8	1.379902755267423	2.3358248641081936
1.413132865E8	0.3542207792207792	0.9731792856806613
1.413163665E8	0.48409090909090907	1.327163756423312
1.41319445E8	36.72993175170621	89.83721601800366
1.413225215E8	50.30461638491548	200.2037185810496
1.41325596E8	0.0	0.0
1.41328669E8	0.7370647575658965	1.505062505931937
1.41331738E8	0.0	0.0
1.413348E8	0.0	0.0
1.413378585E8	24.493786788750818	40.166881281274044
1.413409105E8	0.27971109652002624	0.6832581940122142
1.413439555E8	0.09329829172141918	0.3149786718683214
1.41346999E8	0.0	0.0
1.41350033E8	0.0	0.0
1.413530575E8	0.0	0.0
1.41356076E8	0.0	0.0
1.413590875E8	0.0	0.0
1.41362097E8	0.0	0.0
1.413651025E8	0.0	0.0
1.41368103E8	0.19073024341447148	0.6154615593008164
1.41371102E8	1.5981993997999333	4.8624974338054505
1.413740995E8	1.3267690253671562	3.202187586705991
1.41377093E8	0.379806084921431	0.9792224619000879
1.413800805E8	1.3314343163538873	1.9188461401017483
1.413830635E8	0.7619047619047619	1.5661150333825165
1.413860455E8	0.5643863179074446	1.0940053716439335
1.41389022E8	0.9071019858633457	3.2250387790257853
1.413919895E8	0.0	0.0
1.4139495E8	0.0	0.0
1.413979065E8	0.0	0.0
1.41400857E8	0.0	0.0
1.41403801E8	0.0	0.0
1.41406741E8	0.19339462036091248	0.4397665521170437
1.41409678E8	0.0	0.0
1.414126105E8	0.0	0.0
1.41415538E8	19.442090878032115	38.13987168429247
1.414184645E8	0.0	0.0
1.414213895E8	0.5294117647058824	1.0808619957694732
1.414243125E8	59.464407939767284	43.665390464706924
1.414272345E8	6.128336755646817	13.309728420841287
1.41430155E8	0.0	0.0
1.414330725E8	9.22599451303155	37.02765158860811
1.414359875E8	2.826012354152368	3.6260988678349158
1.414389E8	1.7560975609756098	5.775812820805612
1.414418105E8	0.39037800687285223	1.2229197218330032
1.41444718E8	9.754561101549053	21.859542239468443
1.414476225E8	31.178030303030305	74.15564888602883
1.41450526E8	0.0	0.0
1.41453427E8	260.78889272162814	265.7637350801516
1.41456323E8	0.18389215347390253	0.7343246083901747
1.41459214E8	0.09830391138802354	0.38219275889243326
1.414621005E8	2.2735783633841886	3.232710331713252
1.414649835E8	383.2616238723109	538.0559923162766
1.414678655E8	0.38723108952116586	0.9982635861183569
1.414707475E8	0.3795975017349063	0.9817911940156996
1.41473629E8	0.6511627906976745	1.3758970441694078
1.41476508E8	0.0	0.0
1.414793845E8	2.8609179415855355	4.878852210032964
1.41482258E8	0.19784047370254268	0.8346384763935573
1.414851235E8	0.0	0.0
1.414879835E8	0.1867132867132867	0.6110863878590108
1.414908425E8	0.0	0.0
1.41493699E8	2.4952714535901928	2.6891492414390186
1.41496551E8	290.84204984204985	483.44755790317237
1.414993995E8	0.04073033707865169	0.28541316395237165
1.415022465E8	0.0	0.0
1.415050915E8	0.19971870604781997	0.6320106107460854
1.41507934E8	0.0	0.0
1.415107725E8	0.0	0.0
1.415136075E8	0.0	0.0
1.41516441E8	0.0	0.0
1.415192725E8	0.0	0.0
1.41522102E8	0.09968186638388123	0.3788319007807209
1.415249305E8	1.195898161244696	3.2057012507708476
1.41527757E8	0.703716814159292	2.186685372968407
1.41530581E8	0.0	0.0
1.415334035E8	0.0	0.0
1.415362255E8	0.0	0.0
1.415390465E8	0.30141843971631205	0.8251369970070347
1.41541866E8	0.10074494501596311	0.3709952292041385
1.41544683E8	13.0955595026643	17.713167574045492
1.415474975E8	0.0	0.0
1.4155031E8	0.0	0.0
1.415531175E8	0.0	0.0
1.41555919E8	3.9839228295819935	4.5368563323619835
1.415587165E8	0.0	0.0
1.41561512E8	0.0	0.0
1.41564307E8	0.8085867620751341	1.8368129823205919
1.415671015E8	0.0	0.0
1.415695015E8	18.64556331006979	29.750960338731417
1.41570898E8	10.444726810673444	6.411552470548152
1.41572688E8	0.0	0.0
1.4157548E8	0.0	0.0
1.415782705E8	1.9953405017921146	3.8044964907839116
1.415810595E8	0.40459110473457677	1.007860070905236
1.41583847E8	2.6451381413706496	7.828856487396558
1.415866325E8	0.0	0.0
1.41589416E8	101.21379805964786	101.41898912261574
1.41592198E8	0.0	0.0
1.41594971E8	0.1027124773960217	0.4451872434560379
1.415977345E8	0.2335264301230992	1.1197328221716623
1.41600491E8	0.0	0.0
1.416032415E8	0.0	0.0
1.41605989E8	0.29180327868852457	0.9282060571431886
1.416087335E8	0.0	0.0
1.416114735E8	0.0	0.0
1.41614208E8	0.0	0.0
1.416169385E8	93.02236070381231	76.17383220378223
1.41619657E8	218.78405315614617	76.78722285125195
1.416223655E8	0.07828655834564253	0.39382230995315515
1.41625071E8	0.5253422123566408	1.0429191508266267
1.416277715E8	0.0	0.0
1.41630469E8	0.10530218761586949	0.35085572597914727
1.416331645E8	197.53266518188568	322.02893175598217
1.41635856E8	0.0	0.0
1.416385445E8	1.0773809523809523	1.9350502946582921
1.416412325E8	0.0	0.0
1.416439195E8	3.4992553983618766	5.401249131606762
1.41646598E8	3.262822912766754	3.2284188284337967
1.416492685E8	0.0	0.0
1.41651938E8	2.2109404271262645	2.7712867000317645
1.416546065E8	0.10644677661169415	0.3430614440924375
1.41657273E8	226.11632270168855	234.25695149680803
1.416599375E8	0.1066066066066066	0.3476648829992337
1.41662593E8	12.337740838685304	6.634274662857195
1.416652385E8	0.0	0.0
1.416678815E8	108.29106737320213	158.76780569167153
1.41670523E8	0.0	0.0
1.41673163E8	0.0	0.0
1.41675801E8	0.0	0.0
1.416784375E8	6.435887708649469	14.567057540976641
1.41681073E8	0.0	0.0
1.41683705E8	0.10802586534804108	0.40348425440490443
1.416863335E8	0.4984779299847793	0.816496580927726
1.416889605E8	0.0	0.0
1.416915825E8	0.10466004583651642	0.3967014491087484
1.416942E8	0.0	0.0
1.416968145E8	0.0	0.0
1.41699426E8	0.10877058598238223	0.3587287653335706
1.41702034E8	0.0	0.0
1.41704638E8	0.0	0.0
1.41707241E8	1.498655397618133	2.811875917868268
1.41709838E8	0.21922037823234272	0.6621485909255456
1.417124275E8	0.768160741885626	1.4623032371370777
1.417150135E8	0.0	0.0
1.41717597E8	0.0	0.0
1.41720177E8	0.0	0.0
1.41722754E8	0.0	0.0
1.417253305E8	2.7158385093167703	8.625219413898304
1.41727906E8	0.8543689320388349	1.4769425253885038
1.41730481E8	0.0	0.0
1.41733056E8	0.4411650485436893	0.9508299900102608
1.417356305E8	1.6534576534576535	2.3678761806390143
1.417382025E8	0.0	0.0
1.4174077E8	0.0	0.0
1.41743333E8	0.0	0.0
1.41745892E8	0.0	0.0
1.417484485E8	0.0	0.0
1.41751004E8	8.676712328767124	18.75105215573682
1.41753556E8	0.0	0.0
1.41756104E8	325.17903415783275	430.90602405916195
1.41758648E8	0.2235340417158599	0.8491030524637552
1.41761189E8	1.3412042502951593	2.3311959626536756
1.417637275E8	0.0	0.0
1.4176626E8	0.0	0.0
1.41768789E8	0.0	0.0
1.417713145E8	0.0	0.0
1.41773836E8	10.949623165410552	24.17830105626682
1.41776357E8	0.0	0.0
1.417788775E8	0.0	0.0
1.417813975E8	1.3027777777777778	2.6185389116348894
1.41783916E8	7.783075089392134	16.645536864187356
1.417864325E8	0.0	0.0
1.41788946E8	5.767821585025886	10.112292656160575
1.41791457E8	109.59538032656312	216.95269145725203
1.417939675E8	0.0	0.0
1.417964765E8	0.5633971291866029	1.1801454239586706
1.41798983E8	0.0	0.0
1.418014855E8	0.2272	0.8872429205127533
1.41803981E8	13.127258129265355	9.580712090391419
1.4180647E8	0.34378769601930037	0.6341063574331939
1.41808953E8	0.1145623235175474	0.38423973960396623
1.41811431E8	120.51836899475171	184.89481455829153
1.418139075E8	1.5949111470113086	2.2114586301852905
1.41816383E8	0.0	0.0
1.41818857E8	0.0	0.0
1.418213285E8	0.0	0.0
1.418237955E8	0.6915584415584416	1.834021909257456
1.41826259E8	1.8440925700365407	3.932386323921953
1.418287215E8	0.3460601137286759	0.9631723916578954
1.41831178E8	1.3888208894328846	2.4990410237432465
1.41833627E8	0.4634246015529219	1.231980872268839
1.418360715E8	0.0	0.0
1.41838512E8	0.0	0.0
1.418409505E8	4.456931911402789	5.528433476330789
1.418433885E8	0.0	0.0
1.418458265E8	25.56931911402789	38.73256574115037
1.41848263E8	0.0	0.0
1.418506975E8	0.0	0.0
1.418531305E8	0.0	0.0
1.41855562E8	0.0	0.0
1.41857992E8	1.1692054343351173	2.9668818334937423
1.418604205E8	1.2734761120263591	1.6422149225146563
1.41862847E8	0.0	0.0
1.41865272E8	0.0	0.0
1.41867695E8	0.0	0.0
1.41870116E8	2.1102850061957867	3.2202631883225417
1.418725365E8	0.0	0.0
1.41874956E8	0.0	0.0
1.41877374E8	0.0	0.0
1.41879789E8	0.1176958143389971	0.3862536437771469
1.418822015E8	0.0	0.0
1.418846075E8	0.0	0.0
1.418870045E8	0.0	0.0
1.418893965E8	7.575313807531381	10.151014542118912
1.418917865E8	0.0	0.0
1.41894176E8	0.0	0.0
1.41896563E8	0.2381551362683438	0.8452605567545616
1.41898948E8	0.1190775681341719	0.3841732662907386
1.41901333E8	11.108176100628931	10.209955268403933
1.419037175E8	412.4010067114094	479.6692696238487
1.41906101E8	12.356693243810323	19.22888179510765
1.41908484E8	110.03357112882921	108.32851103462762
1.419108665E8	0.0	0.0
1.41913248E8	0.0	0.0
1.41915629E8	376.15875682486353	283.53332533772544
1.41918009E8	21.343841950399327	52.25811790456369
1.41920388E8	0.5968894493484658	1.4453764467153982
1.419227665E8	0.5971404541631623	1.4424770770261846
1.41925143E8	0.27073684210526316	0.345801890348247
1.419275165E8	0.0	0.0
1.419292615E8	7.423076923076923	11.053739279413328
1.41930446E8	0.0	0.0
1.419322555E8	0.0	0.0
1.419346225E8	0.0	0.0
1.41936987E8	0.0	0.0
1.41939347E8	0.0	0.0
1.41941703E8	0.3571125265392781	1.0545624262356523
1.419440575E8	0.09983007646559049	0.39912819182428216
1.41946411E8	0.0	0.0
1.419487635E8	0.0	0.0
1.419511115E8	0.0	0.0
1.419534545E8	0.3637916310845431	1.0446888978320912
1.419557965E8	8.798035866780529	9.621908710940557
1.41958135E8	0.0	0.0
1.419604675E8	1.1819742489270386	2.6034806678719224
1.419627965E8	0.0	0.0
1.419651245E8	78.47121993127148	35.65541220129121
1.419674515E8	357.5558899398108	309.0672700013227
1.41969777E8	0.0	0.0
1.419721005E8	0.0	0.0
1.419744205E8	0.0	0.0
1.41976738E8	0.7354337505394907	2.0064634446200262
1.419790505E8	1.8457538994800693	3.721803293749642
1.41981358E8	0.0	0.0
1.419836635E8	26.014322916666668	23.112365166964437
1.41985967E8	7.509769865392966	17.97831230725737
1.41988266E8	1.2374727668845316	2.495398815929963
1.4199056E8	0.0	0.0
1.41992852E8	0.8677433435181143	2.2062962954957146
1.41995142E8	0.0	0.0
1.4199743E8	0.0	0.0
1.419997165E8	0.0	0.0
1.420020015E8	5.0967600700525395	4.515152539155115
1.42004285E8	0.0	0.0
1.420065675E8	0.0	0.0
1.42008845E8	0.0	0.0
1.420111165E8	8.432599118942731	5.575749885364386
1.42013386E8	0.0	0.0
1.420156535E8	0.0	0.0
1.42017916E8	0.0	0.0
1.42020175E8	0.0	0.0
1.42022431E8	0.0	0.0
1.420246815E8	0.0	0.0
1.42026929E8	0.25100133511348466	0.7097765997409543
1.42029171E8	0.0	0.0
1.420314065E8	0.0	0.0
1.420336395E8	0.38127240143369173	0.8126464577126852
1.420358715E8	40.92517921146953	37.36823925019077
1.420381015E8	0.0	0.0
1.42040329E8	0.12752581948810057	0.3571075741119202
1.42042554E8	0.0	0.0
1.42044776E8	0.0	0.0
1.420469965E8	0.0	0.0
1.42049215E8	0.12810103743797926	0.3834651966725127
1.420514315E8	0.0	0.0
1.420536445E8	0.0	0.0
1.42055854E8	0.0	0.0
1.42058062E8	0.0	0.0
1.420602685E8	37.01269265639166	26.99117581870334
1.42062474E8	0.0	0.0
1.42064677E8	0.0	0.0
1.420668775E8	0.0	0.0
1.420690765E8	0.3148316651501365	0.7189113192782203
1.420712745E8	0.0	0.0
1.420734715E8	0.0	0.0
1.420756655E8	0.0	0.0
1.420778565E8	96.8634703196347	127.78602799121542
1.42080046E8	0.0	0.0
1.42082235E8	0.1297396071265418	0.3639788245789737
1.42084423E8	0.2528577960676726	0.5937488719215332
1.42086609E8	0.1299771167048055	0.43423306230956893
1.4208879E8	0.0	0.0
1.420909665E8	0.0	0.0
1.42093141E8	0.0	0.0
1.420953105E8	0.0	0.0
1.42097474E8	0.0	0.0
1.42099635E8	0.0	0.0
1.42101794E8	0.6374594343996292	1.3721178754285173
1.42103946E8	0.0	0.0
1.42106089E8	0.0	0.0
1.421082245E8	0.0	0.0
1.42110355E8	0.0	0.0
1.421124825E8	0.0	0.0
1.421146075E8	0.1337099811676083	0.3656637542437154
1.421167315E8	6.543785310734464	6.897964982801435
1.42118853E8	12.595563945257197	18.28746389020714
1.42120971E8	0.27822390174775624	0.5783040047976885
1.421230865E8	0.0	0.0
1.421252E8	0.0	0.0
1.42127313E8	0.0	0.0
1.42129426E8	0.0	0.0
1.421315385E8	0.0	0.0
1.42133649E8	0.0	0.0
1.421357575E8	0.0	0.0
1.42137864E8	0.0	0.0
1.42139969E8	1.923040380047506	4.0449376002632915
1.42142073E8	0.0	0.0
1.421441755E8	0.0	0.0
1.421462745E8	0.0	0.0
1.421483705E8	0.2705152671755725	0.5993794500905413
1.421504655E8	0.0	0.0
1.421525595E8	0.0	0.0
1.421546525E8	1.4933078393881454	2.4261560686811703
1.421567435E8	2.1942583732057415	3.5943203468779545
1.42158833E8	0.0	0.0
1.421609215E8	0.0	0.0
1.42163009E8	1.0872065165309055	3.2905900307329943
1.42165096E8	0.0	0.0
1.421671825E8	0.0	0.0
1.421692675E8	0.0	0.0
1.4217135E8	3.959634790965882	9.360139190757303
1.4217343E8	0.0	0.0
1.42175509E8	0.0	0.0
1.421775875E8	0.0	0.0
1.421796645E8	0.27360308285163776	0.715907874505107
1.421817365E8	0.0	0.0
1.421838025E8	38.156976744186046	89.53548027839115
1.42185866E8	0.0	0.0
1.42187929E8	72.11342704798837	104.21441923710368
1.421899915E8	0.5213385063045587	0.868402102395658
1.421920525E8	0.0	0.0
1.421941125E8	0.0	0.0
1.421961725E8	0.5514563106796116	1.3420025610208082
1.42198232E8	0.5517241379310345	1.5159825233723743
1.422002865E8	0.11951219512195121	0.34570535882735637
1.422023345E8	0.0	0.0
1.422043795E8	0.0	0.0
1.42206423E8	0.13901125795398922	0.46723271732511545
1.42208462E8	0.0	0.0
1.42210496E8	0.0	0.0
1.42212529E8	0.0	0.0
1.422145605E8	0.6970443349753694	1.9194364936621295
1.42216589E8	16.36260483473113	29.34423057067443
1.42218613E8	0.0	0.0
1.422206335E8	0.29306930693069305	0.7085056090249406
1.42222652E8	0.14080317302925136	0.3752374888377377
1.422246675E8	0.2025819265143992	0.48102010107327553
1.422266795E8	0.14129353233830846	0.4051902077760665
1.42228689E8	0.0	0.0
1.422306975E8	0.28286852589641437	0.7521549386880529
1.422327045E8	0.0	0.0
1.422347105E8	0.0	0.0
1.42236716E8	0.7017456359102244	1.2168804398902675
1.42238721E8	0.2832917705735661	0.6253178742769747
1.422407225E8	0.0	0.0
1.422427205E8	0.9769769769769769	1.7527327440520053
1.422447185E8	0.28428428428428426	0.5597439712165851
1.42246715E8	0.0	0.0
1.42248709E8	0.0	0.0
1.422507005E8	0.0	0.0
1.422526905E8	17.679396984924622	11.697807207649504
1.422546795E8	0.0	0.0
1.422566665E8	0.0	0.0
1.422586525E8	0.0	0.0
1.422606355E8	0.0	0.0
1.422626145E8	0.0	0.0
1.422645915E8	0.2783400809716599	0.7812322872485981
1.422665675E8	0.1437246963562753	0.37911040127682505
1.42268543E8	0.2870886075949367	0.5358065020088285
1.422705175E8	0.5754812563323202	1.2434224104382798
1.422724895E8	0.0	0.0
1.422744575E8	0.14445574771108852	0.46549288025342855
1.422764235E8	0.28891149542217703	0.7601466903462476
1.422783895E8	0.0	0.0
1.422803545E8	0.0	0.0
1.42282318E8	1256.4218033622008	1681.2145424508867
1.422842805E8	0.0	0.0
1.422862425E8	1.7324159021406729	3.8586783453515285
1.4228818E8	0.4453737584945112	1.2197194882023816
1.42289161E8	0.0	0.0
1.42290166E8	0.14482406935237124	0.3805575769215103
1.42292127E8	0.14482406935237124	0.45276644120392706
1.42294088E8	0.0	0.0
1.422960465E8	0.0	0.0
1.422980025E8	12.723926380368098	23.149410235987194
1.42299954E8	0.14329738058551617	0.43059662864436976
1.42301901E8	3.416024653312789	6.6174350651362115
1.42303848E8	0.14586543400102722	0.4818215735749057
1.423057945E8	0.0	0.0
1.4230774E8	0.0	0.0
1.423096845E8	0.0	0.0
1.42311628E8	0.0	0.0
1.42313569E8	0.0	0.0
1.423155065E8	0.8796487603305785	2.0932546132835963
1.423174425E8	0.13016528925619836	0.360784269690626
1.42319378E8	0.0	0.0
1.42321312E8	0.0	0.0
1.42323245E8	0.2938437661665804	0.7221282564966094
1.42325177E8	0.0	0.0
1.42327107E8	2.1809227579056505	3.7382613923358434
1.423290355E8	0.0	0.0
1.423309635E8	0.7354771784232366	1.2598162284478562
1.42332891E8	0.0	0.0
1.423348175E8	4.996365524402908	8.178372308967806
1.423367435E8	0.0	0.0
1.423386685E8	0.14760914760914762	0.4513781161534127
1.423405905E8	0.0	0.0
1.42342509E8	0.0	0.0
1.423444255E8	0.0	0.0
1.423463415E8	0.0	0.0
1.42348253E8	0.29785002621919243	0.7985303753499806
1.423501595E8	0.0	0.0
1.42352065E8	0.14435695538057744	0.4778561045889373
1.423539695E8	0.0	0.0
1.42355873E8	0.14923804519180242	0.3863134028115028
1.42357776E8	0.0	0.0
1.42359679E8	0.3557540725170783	1.0182259205222246
1.423615815E8	0.0	0.0
1.42363483E8	0.29879011046817466	0.7730331305554434
1.423653835E8	0.0	0.0
1.423672835E8	0.0	0.0
1.42369183E8	0.0	0.0
1.4237108E8	0.0	0.0
1.42372975E8	0.0	0.0
1.42374869E8	0.0	0.0
1.42376761E8	0.0	0.0
1.423786515E8	0.38412698412698415	1.3201731488169053
1.423805415E8	20.296296296296298	17.23924402030247
1.423824305E8	0.22934322033898305	0.811399189097325
1.423843155E8	0.0	0.0
1.423861925E8	0.6148504273504274	1.5428356621305719
1.423880645E8	0.0	0.0
1.42389936E8	0.0	0.0
1.423918065E8	0.28556149732620323	0.4424047074045323
1.423936765E8	0.0	0.0
1.42395546E8	0.0	0.0
1.42397415E8	0.0	0.0
1.42399284E8	0.0	0.0
1.424011525E8	0.15203426124197003	0.44745293915931833
1.42403019E8	0.0	0.0
1.42404883E8	876.3327965646806	1015.6383389974202
1.42406746E8	0.0	0.0
1.424086055E8	0.0	0.0
1.424104605E8	1.954153182308522	2.8095806195624515
1.42412313E8	0.0	0.0
1.42414163E8	0.0	0.0
1.42416009E8	0.0	0.0
1.42417852E8	0.0	0.0
1.42419695E8	0.0	0.0
1.42421538E8	0.3081931633206728	0.6686532167378946
1.424233805E8	0.0	0.0
1.42425222E8	0.0	0.0
1.42427063E8	0.0	0.0
1.424288995E8	0.0	0.0
1.424307315E8	0.0	0.0
1.424325625E8	0.0	0.0
1.42434392E8	0.15363586659376707	0.45400833118953055
1.42436221E8	0.15527610716238383	0.5133536643397882
1.424380485E8	0.5366922234392114	1.3341089383422673
1.42439871E8	0.0	0.0
1.424416895E8	0.0	0.0
1.424435075E8	0.0	0.0
1.42445323E8	0.0	0.0
1.42447136E8	140.81246552675125	349.5149392721391
1.424489455E8	0.0	0.0
1.4245075E8	0.0	0.0
1.424525525E8	0.0	0.0
1.42454354E8	0.3164908384230983	0.6555617772212396
1.424561545E8	0.0	0.0
1.424579545E8	1.26	2.7153882472555066
1.424597535E8	0.0	0.0
1.42461551E8	0.0	0.0
1.42463346E8	0.0	0.0
1.424651385E8	0.0	0.0
1.42466928E8	0.0	0.0
1.424687145E8	0.0	0.0
1.424705E8	0.0	0.0
1.42472285E8	0.4733893557422969	1.20107328286509
1.424740655E8	0.0	0.0
1.42475841E8	0.0	0.0
1.42477616E8	2.996619718309859	3.049359203061485
1.42479391E8	0.14704225352112676	0.38346088916749616
1.424811635E8	0.0	0.0
1.42482933E8	0.6421707179197287	1.2006216592123489
1.424847005E8	60.93148357870895	68.4406729059137
1.42486464E8	0.0	0.0
1.424882225E8	2.0421412300683373	3.938522438392613
1.424899775E8	9.311288483466363	5.609590256928499
1.4249173E8	1.4220445459737292	1.8015476562496024
1.42493479E8	0.44819690898683456	1.2031726805165521
1.42495226E8	0.0	0.0
1.42496973E8	0.0	0.0
1.42498718E8	0.0	0.0
1.4250046E8	0.0	0.0
1.425021995E8	0.0	0.0
1.42503937E8	0.0	0.0
1.425056725E8	0.0	0.0
1.42507406E8	0.6555106751298326	1.1639913821331853
1.425091385E8	0.0	0.0
1.425108685E8	0.16435185185185186	0.4208127057650866
1.425125945E8	0.0	0.0
1.425143185E8	0.988399071925754	1.7487151398587564
1.4251604E8	0.4956369982547993	1.2350325542762686
1.42517759E8	27.58347876672484	38.352798760649385
1.425194765E8	0.0	0.0
1.425211925E8	0.0	0.0
1.42522908E8	0.0	0.0
1.425246225E8	0.0	0.0
1.42526336E8	0.0	0.0
1.425280485E8	0.3317757009345794	0.6547811220224735
1.425297595E8	1.8257309941520468	2.518701977035554
1.425314695E8	1.8216374269005848	3.909577384019586
1.42533179E8	0.0	0.0
1.425348875E8	0.0	0.0
1.425365935E8	0.0	0.0
1.42538297E8	0.0	0.0
1.4254E8	0.16676453317674692	0.5297934983653145
1.425416995E8	0.0	0.0
1.425433925E8	4.887573964497041	5.569305141874847
1.425450825E8	1.344378698224852	1.5876744185038687
1.42546771E8	0.0	0.0
1.42548457E8	0.6741839762611276	1.3023603315651247
1.42550141E8	0.0	0.0
1.42551824E8	26.15032679738562	29.990313349991187
1.42553507E8	5.400475341651812	8.376820577919311
1.425551885E8	0.0	0.0
1.42556868E8	1.0148898153662895	2.0617333704357397
1.425585465E8	0.0	0.0
1.42560223E8	0.0	0.0
1.42561894E8	2.0443911217756447	3.182133687486903
1.42563556E8	0.0	0.0
1.425652095E8	0.48484848484848486	0.6573592717237752
1.42566857E8	0.0	0.0
1.42568501E8	0.0	0.0
1.42570144E8	0.0	0.0
1.42571786E8	0.0	0.0
1.42573425E8	0.0	0.0
1.42575062E8	0.17348808796579107	0.4676459457803145
1.42576699E8	300.73915699450214	416.2813391556975
1.425783355E8	0.0	0.0
1.425799685E8	0.5226993865030675	1.252237261667773
1.42581598E8	0.0	0.0
1.42583225E8	1.2233846153846153	1.2767747828626026
1.4258485E8	0.0	0.0
1.42586474E8	0.0	0.0
1.425880965E8	0.0	0.0
1.42589717E8	43.34589252625077	69.09124223035731
1.425913335E8	9.633828996282528	15.504526260821086
1.42592946E8	5.577281191806332	4.726012646060764
1.425945565E8	1.9136645962732919	2.9889028710667076
1.425961665E8	0.8819875776397516	1.9207917622139106
1.425977755E8	0.5298507462686567	0.9619631668251951
1.42599378E8	0.0	0.0
1.42600974E8	0.0	0.0
1.426025685E8	1.8877038895859473	2.2376105287322905
1.426041585E8	0.0	0.0
1.426057445E8	0.0	0.0
1.426073305E8	0.17906683480453972	0.44495207104061124
1.42608914E8	0.17963314358001264	0.4718515616888268
1.42610493E8	0.0	0.0
1.4261207E8	0.0	0.0
1.42613646E8	0.0	0.0
1.4261522E8	0.0	0.0
1.42616792E8	0.0	0.0
1.42618361E8	0.0	0.0
1.426199275E8	6.765644955300128	6.7577588915461275
1.426214905E8	0.0	0.0
1.426230505E8	0.18269230769230768	0.4266746794119403
1.426246095E8	0.0	0.0
1.426261665E8	0.0	0.0
1.426277225E8	0.34318766066838047	0.9417480874173526
1.42629278E8	0.0	0.0
1.42630832E8	0.8010302640051513	0.9212382830969411
1.426323845E8	0.36211340206185566	0.7025359072893911
1.426339355E8	0.0	0.0
1.426354855E8	1.047741935483871	1.6496333903569742
1.42637035E8	0.0	0.0
1.426385825E8	0.0	0.0
1.426401275E8	0.0	0.0
1.42641671E8	5.5748541801685025	7.780653008863024
1.42643213E8	0.0	0.0
1.426447535E8	0.0	0.0
1.426462925E8	0.0	0.0
1.42647757E8	0.8166786484543493	1.8046190435002925
1.42648524E8	0.0	0.0
1.42649362E8	1.4931506849315068	1.9846113781403063
1.42650895E8	0.0	0.0
1.426524275E8	0.185378590078329	0.44545866291445635
1.42653958E8	0.0	0.0
1.42655486E8	2.119842829076621	5.548854286245076
1.42657012E8	2.3265573770491805	3.382888473808959
1.42658537E8	0.0	0.0
1.42660062E8	46.07344262295082	55.93165618801598
1.42661585E8	0.18671926364234057	0.5558841894533025
1.426631055E8	0.0	0.0
1.42664625E8	0.0	0.0
1.426661435E8	0.0	0.0
1.426676605E8	0.5633245382585752	1.3944859371911023
1.426691735E8	0.0	0.0
1.42670683E8	1.0417495029821073	1.3090904070525373
1.426721915E8	0.0	0.0
1.426736975E8	25.30252659574468	45.292738721025295
1.426752015E8	0.0	0.0
1.426767045E8	0.0	0.0
1.426782025E8	0.0	0.0
1.426796955E8	0.0	0.0
1.426811875E8	3.3840482573726542	2.646891038857053
1.426826785E8	0.4429530201342282	1.0618459297485157
1.42684168E8	0.0	0.0
1.426856565E8	0.0	0.0
1.42687144E8	0.0	0.0
1.42688631E8	6.989912575655683	18.28467999524687
1.42690117E8	1.1447811447811447	2.0677090886826597
1.426916015E8	0.0	0.0
1.426930845E8	0.0	0.0
1.426945645E8	0.0	0.0
1.426960415E8	0.0	0.0
1.42697517E8	0.19254237288135592	0.45248841168792864
1.42698991E8	0.0	0.0
1.42700463E8	0.0	0.0
1.427019325E8	0.0	0.0
1.427034E8	0.0	0.0
1.427048665E8	0.0	0.0
1.427063315E8	0.0	0.0
1.427077945E8	0.0	0.0
1.42709256E8	0.0	0.0
1.42710717E8	0.5633127994524298	1.2962854317635168
1.42712177E8	0.0	0.0
1.427136355E8	25.542524005486968	26.450849934871506
1.427150925E8	0.0	0.0
1.42716547E8	0.0	0.0
1.427179995E8	0.19559228650137742	0.524863881081478
1.427194515E8	0.0	0.0
1.42720903E8	1.5630599586492075	2.9956320142357256
1.427223515E8	0.0	0.0
1.427237975E8	0.0	0.0
1.42725243E8	0.0	0.0
1.42726687E8	4.095634095634096	4.6135477980425526
1.42728129E8	0.0	0.0
1.427295695E8	1412.4409722222222	1722.0813519224025
1.427310075E8	0.0	0.0
1.427324415E8	0.0	0.0
1.427338735E8	0.6082402234636871	2.1863274990176778
1.427353055E8	0.0	0.0
1.427367365E8	0.0	0.0
1.42738166E8	0.5521343596920923	0.4442305682420693
1.42739595E8	12.55703289013296	11.049731717498458
1.42741022E8	0.0	0.0
1.427424465E8	0.0	0.0
1.427438705E8	0.0	0.0
1.427452945E8	0.0	0.0
1.42746718E8	0.0	0.0
1.427481405E8	0.7693389592123769	1.0355835034831122
1.42749562E8	0.0	0.0
1.42750982E8	0.0	0.0
1.427523995E8	0.8573446327683616	2.0752101520427377
1.427538155E8	0.0	0.0
1.427552315E8	1.6045197740112995	2.0591534654683423
1.42756647E8	0.8007067137809187	1.7291922990422834
1.427580605E8	0.0	0.0
1.427594725E8	0.0	0.0
1.42760884E8	0.0	0.0
1.427622945E8	0.0	0.0
1.427637035E8	0.0	0.0
1.427651115E8	1.0078125	1.3886205548869517
1.42766519E8	3.0277185501066097	8.538428538364768
1.427679255E8	0.0	0.0
1.427693305E8	0.0	0.0
1.427707335E8	0.0	0.0
1.42772132E8	0.6329749103942652	1.5769395521878702
1.427735265E8	0.0	0.0
1.4277492E8	6.951184493898062	7.108633013215896
1.42776312E8	0.33069734004313445	0.9726674433884122
1.42777703E8	0.0	0.0
1.42779094E8	0.0	0.0
1.427804825E8	1.1810966810966812	1.6746561750022912
1.427818685E8	0.0	0.0
1.42783254E8	0.0	0.0
1.427846385E8	1.0303468208092486	1.143592352286466
1.42786022E8	11.201012292118582	5.280285712815739
1.427874045E8	1.670767004341534	2.2956259925213858
1.42788786E8	0.0	0.0
1.42790167E8	0.0	0.0
1.427915475E8	0.20579710144927535	0.4536486541909668
1.427929275E8	0.8231884057971014	1.816590212458495
1.42794307E8	2.7824510514865843	4.7612315211780665
1.427956855E8	0.0	0.0
1.42797063E8	0.0	0.0
1.4279844E8	3.5998547567175017	4.4070320779020005
1.42799817E8	0.4524328249818446	1.2168628784990487
1.42801194E8	0.14814814814814814	0.5362664443598958
1.428025705E8	0.0	0.0
1.42803946E8	0.0	0.0
1.428053205E8	0.0	0.0
1.428066945E8	0.0	0.0
1.42808068E8	0.0	0.0
1.4280944E8	1.864332603938731	3.2591676231693563
1.4281081E8	0.0	0.0
1.428121785E8	0.0	0.0
1.428135455E8	0.0	0.0
1.42814909E8	0.0	0.0
1.428162695E8	7074.65	5594.649804724153
1.428176275E8	7.6452802359882	8.723041065346914
1.428189835E8	4.90117994100295	6.373687614349305
1.42820339E8	0.0	0.0
1.42821694E8	0.0	0.0
1.428230475E8	0.0	0.0
1.42824399E8	0.0	0.0
1.42825748E8	0.6325167037861915	1.7416680431078344
1.42827095E8	5.48181143281366	5.435796554975398
1.428284415E8	0.0	0.0
1.428297865E8	0.0	0.0
1.4283113E8	7.959791511541326	22.51669356729083
1.42832472E8	35.624161073825505	63.63383320070435
1.428338125E8	5.942537313432836	5.7892076636733565
1.428351525E8	0.0	0.0
1.428364925E8	0.0	0.0
1.42837832E8	0.8483943241224795	1.3880961973237465
1.42839171E8	0.0	0.0
1.42840509E8	0.0	0.0
1.42841846E8	0.21241585639491398	0.5331213739868675
1.428431825E8	0.0	0.0
1.428445175E8	1.0029985007496252	1.6016296049038141
1.42845851E8	0.0	0.0
1.42847184E8	48.2880720180045	40.59157448264042
1.42848517E8	0.0	0.0
1.428498495E8	0.2132132132132132	0.4714045207910317
1.428511805E8	1.8819548872180452	2.8963290221435956
1.428525105E8	0.0	0.0
1.428538395E8	0.0	0.0
1.42855167E8	0.0	0.0
1.428564935E8	0.0	0.0
1.428578195E8	0.0	0.0
1.42859144E8	0.0	0.0
1.42860467E8	0.0	0.0
1.428617895E8	0.21331316187594554	0.5071351710287924
1.428631085E8	0.0	0.0
1.42864424E8	0.0	0.0
1.42865739E8	0.0	0.0
1.42867054E8	0.0	0.0
1.42868369E8	404.1444866920152	702.1264686271043
1.428696825E8	0.0	0.0
1.42870994E8	0.0	0.0
1.42872305E8	0.0	0.0
1.428736155E8	0.0	0.0
1.428749255E8	6.501526717557252	9.473103749906286
1.42876235E8	2.1611917494270436	2.7767725878407203
1.428775435E8	0.0	0.0
1.428788505E8	0.0	0.0
1.428801555E8	20.595092024539877	26.165559483173386
1.428814595E8	0.0	0.0
1.428827635E8	0.0	0.0
1.428840675E8	0.21779141104294478	0.4666812735078886
1.42885371E8	0.0	0.0
1.42886674E8	0.0	0.0
1.428879765E8	0.0	0.0
1.42889278E8	0.0	0.0
1.42890579E8	0.0	0.0
1.42891879E8	7.280215550423403	9.023747644689669
1.42893177E8	0.2189668465690054	0.627068665934165
1.42894474E8	0.0	0.0
1.42895771E8	0.2189668465690054	0.618401949764576
1.428970675E8	0.0	0.0
1.42898363E8	0.0	0.0
1.428996575E8	0.0	0.0
1.429009515E8	0.0	0.0
1.429022455E8	1.0973724884080371	1.5432958168678061
1.42903539E8	0.8785769528228925	1.208375002615119
1.42904831E8	0.0	0.0
1.429061215E8	0.0	0.0
1.42907411E8	0.43987587276958884	0.7951560097911005
1.42908699E8	100.49261849261849	53.4467180522029
1.429099855E8	0.0	0.0
1.42911271E8	0.0	0.0
1.429125555E8	0.21728971962616822	0.4889750230929211
1.429138395E8	16.9088785046729	11.89252887281146
1.42915123E8	0.0	0.0
1.42916406E8	42.11067809820732	43.63780458602466
1.429176885E8	3.4578783151326054	4.584958110346805
1.4291897E8	0.0	0.0
1.429202505E8	0.0	0.0
1.429215305E8	0.665625	1.4180752800891776
1.4292281E8	0.16575449569976544	0.4071295809687199
1.429240885E8	7.467918622848201	11.284380607565513
1.429253665E8	1.2934272300469483	1.672057010956063
1.429266445E8	0.0	0.0
1.42927922E8	1231.0837901331245	762.3710592289574
1.42929199E8	212.4667188723571	365.89520988966717
1.42930476E8	1.3343774471417384	2.808282860278847
1.429317525E8	0.0	0.0
1.42933028E8	919.2760784313725	1247.624138347858
1.42934303E8	0.0	0.0
1.429355775E8	0.0	0.0
1.429368515E8	0.0	0.0
1.429381245E8	0.44654088050314467	1.0400774039893896
1.42939396E8	0.0	0.0
1.42940667E8	0.0	0.0
1.42941938E8	0.0	0.0
1.42943209E8	0.4217151848937844	1.0495212651092884
1.4294448E8	1.7151848937844216	2.3610063330705766
1.429457505E8	67.64251968503937	59.252642055449144
1.429470205E8	2.85748031496063	6.911988899816109
1.429482905E8	6.1645669291338585	9.291898088051772
1.4294956E8	0.6729708431836091	1.0191236829581936
1.429508285E8	0.0	0.0
1.429520965E8	1.4179810725552051	2.6659436454105196
1.429533635E8	13.011058451816746	13.113792890733125
1.42954629E8	0.0	0.0
1.429558935E8	1.7658227848101267	2.2676871616894467
1.42957157E8	0.0	0.0
1.4295842E8	0.0	0.0
1.42959683E8	5.740300870942201	8.147978196680862
1.429609455E8	0.0	0.0
1.429622075E8	0.0	0.0
1.429634695E8	0.0	0.0
1.42964731E8	0.0	0.0
1.42965992E8	45.91356066613798	22.670326320540205
1.429672525E8	167.25396825396825	148.09613458617034
1.429685125E8	0.0	0.0
1.429697725E8	2.5103174603174603	4.377703246485046
1.429710325E8	1.126984126984127	1.2503967624286556
1.42972292E8	125.75218427323273	259.04314366143416
1.429735505E8	0.0	0.0
1.429748085E8	7.891096979332273	18.8985871898998
1.429760665E8	13.186804451510334	25.705019212570157
1.42977324E8	0.903739061256961	2.280281075223115
1.42978579E8	0.0	0.0
1.42979832E8	7.75658419792498	9.756983297343748
1.429810845E8	0.0	0.0
1.42982336E8	0.4540367705835332	1.0349604270365
1.42983587E8	0.0	0.0
1.42984838E8	0.0	0.0
1.42986089E8	0.0	0.0
1.429873395E8	7.2776	10.908015401529282
1.42988589E8	0.0	0.0
1.429898375E8	0.0	0.0
1.42991085E8	4.554931836407378	5.535769810400807
1.429923315E8	0.0	0.0
1.429935775E8	0.434991974317817	1.179003033962635
1.429948225E8	0.0	0.0
1.42996066E8	125.3974255832663	135.27562519063073
1.429973085E8	6.62962962962963	11.863895350282203
1.4299855E8	0.0	0.0
1.42999791E8	0.8992747784045125	1.5485690413234299
1.43001032E8	0.22884770346494762	0.629646307223221
1.430022725E8	0.9161290322580645	2.294804791754206
1.430035125E8	0.0	0.0
1.430047525E8	79.96612903225807	74.26002701927347
1.43005992E8	1.6045197740112995	3.873816828402724
1.4300719E8	0.0	0.0
1.43007809E8	0.0	0.0
1.430084685E8	0.0	0.0
1.430097065E8	197.36348949919224	292.61927272859737
1.430109445E8	0.4588045234248788	1.2375388572741173
1.43012182E8	0.0	0.0
1.430134185E8	0.0	0.0
1.43014654E8	0.0	0.0
1.43015889E8	0.6898785425101215	1.3126602466277872
1.430171235E8	0.0	0.0
1.430183575E8	31.287682333873583	27.557469050807686
1.430195915E8	0.0	0.0
1.43020825E8	0.0	0.0
1.43022058E8	0.4582319545823195	1.2681768433790002
1.430232905E8	0.6923701298701299	1.5839597758240491
1.43024522E8	0.0	0.0
1.43025753E8	0.2307067424857839	0.605954745450279
1.43026984E8	0.0	0.0
1.43028215E8	0.5142160844841592	0.934491177684295
1.430294455E8	2.4804878048780488	2.2801725794048835
1.43030675E8	0.9235150528885273	1.3281700950799207
1.43031904E8	0.0	0.0
1.430331325E8	0.0	0.0
1.4303436E8	0.7636511817440913	2.1288946284488355
1.43035587E8	625.9934800325998	686.4876118611273
1.43036814E8	0.0	0.0
1.43038041E8	0.23145884270578648	0.5933618117209786
1.430392675E8	0.23164763458401305	0.48129786471998093
1.430404935E8	0.23246329526916804	0.48129786471998093
1.430417195E8	0.0	0.0
1.43042945E8	3.5795918367346937	4.977910388580201
1.4304417E8	0.0	0.0
1.43045395E8	0.0	0.0
1.4304662E8	0.23183673469387756	0.5480950312357393
1.43047845E8	0.0	0.0
1.4304907E8	0.38285714285714284	0.9147320339189784
1.430502945E8	20.562091503267975	27.25766666750591
1.430515185E8	1.8112745098039216	2.4153985854921305
1.430527425E8	0.23202614379084968	0.48169092143287245
1.430539665E8	2.110294117647059	2.4839353132726454
1.4305519E8	0.0	0.0
1.43056413E8	0.0	0.0
1.43057636E8	0.23221586263287	0.5225886882052322
1.430588585E8	50.60801963993453	42.141741186684484
1.430600805E8	0.4402618657937807	0.6960256593648482
1.43061302E8	0.0	0.0
1.430625225E8	0.0	0.0
1.430637425E8	0.9311475409836065	1.9594244722099095
1.43064962E8	0.21082854799015588	0.5605282870859077
1.43066181E8	0.0	0.0
1.430674E8	0.0	0.0
1.430686185E8	11.770114942528735	13.204840631069882
1.430698365E8	0.0	0.0
1.430710525E8	1.4036243822075782	2.2349625635849093
1.43072266E8	0.0	0.0
1.430734785E8	0.0	0.0
1.430746905E8	0.46864686468646866	0.9681393129983604
1.43075902E8	0.70355078447564	1.6105043293578147
1.43077113E8	0.0	0.0
1.430783235E8	0.23388429752066114	0.6212490750279959
1.43079533E8	0.0	0.0
1.43080742E8	1.4094292803970223	1.8891970101762525
1.43081951E8	0.0	0.0
1.430831595E8	0.0	0.0
1.430843675E8	0.0	0.0
1.430855755E8	0.8932119205298014	1.8371173070873836
1.430867835E8	0.0	0.0
1.43087991E8	0.7058823529411765	1.3695710780614743
1.430891975E8	0.42122719734660036	0.6541106148943104
1.43090403E8	4.478008298755187	5.740733106277488
1.43091608E8	0.0	0.0
1.43092813E8	0.4713692946058091	1.1231254553173224
1.43094017E8	0.0	0.0
1.4309522E8	0.0	0.0
1.43096423E8	0.0	0.0
1.430976255E8	1.4176372712146423	1.744971382227231
1.430988275E8	0.7088186356073212	1.0846071695072013
1.43100029E8	0.0	0.0
1.431012295E8	43.48416666666667	60.12673420922399
1.431024295E8	0.71	1.161895003862225
1.431036295E8	0.41333333333333333	0.7852812659593165
1.43104829E8	0.6447039199332777	0.983177942043776
1.43106028E8	1.7347789824854045	2.9481196563103182
1.431072265E8	0.0	0.0
1.431084245E8	1.5968280467445743	2.3726319360237342
1.43109622E8	0.23725981620718462	0.5345224838248488
1.43110819E8	0.0	0.0
1.43112015E8	0.0	0.0
1.4311321E8	0.0	0.0
1.43114405E8	3.111297071129707	3.3699384795050094
1.431156E8	0.23765690376569037	0.6857790365921728
1.43116795E8	23.39163179916318	26.758113773576515
1.431179895E8	0.0	0.0
1.43119183E8	0.4744341994970662	0.6887918404692859
1.43120376E8	0.0	0.0
1.43121569E8	0.23805532271584243	0.5569043884765522
1.43122762E8	0.47611064543168485	1.1696067213592716
1.431239545E8	0.0	0.0
1.431251465E8	30.26258389261745	28.971390076298032
1.431263385E8	0.47651006711409394	1.190003101907863
1.4312753E8	0.0	0.0
1.43128721E8	0.0	0.0
1.431299115E8	0.0	0.0
1.431311015E8	0.0	0.0
1.431322915E8	0.1781512605042017	0.4902408943099112
1.43133481E8	0.0	0.0
1.4313467E8	0.0	0.0
1.43135859E8	0.0	0.0
1.43137048E8	0.0	0.0
1.43138237E8	0.0	0.0
1.43139426E8	1.1614802354920102	1.6664704117701274
1.431406145E8	0.0	0.0
1.431418015E8	0.0	0.0
1.431429875E8	0.0	0.0
1.431441735E8	9.793423271500844	8.547457044199072
1.431453595E8	0.0	0.0
1.431465455E8	0.0	0.0
1.43147731E8	0.0	0.0
1.43148916E8	0.0	0.0
1.43150101E8	1.669198312236287	2.504173731183475
1.43151286E8	0.0	0.0
1.431524705E8	0.0	0.0
1.431536545E8	0.0	0.0
1.431548385E8	0.0	0.0
1.431560225E8	0.0	0.0
1.431572055E8	0.24027072758037224	0.5684901486124223
1.431583875E8	51.19035532994924	35.37280303546
1.43159569E8	0.0	0.0
1.4316075E8	59.25910245554615	74.44314300905687
1.43161931E8	0.0	0.0
1.43163111E8	0.7692960135708228	1.1317006650392196
1.4316429E8	0.2408821034775233	0.627338711704223
1.43165469E8	0.72264631043257	1.0581081586104826
1.431666475E8	0.48217317487266553	0.9820113796414638
1.431678255E8	0.0	0.0
1.431690035E8	0.0	0.0
1.431701815E8	0.24108658743633277	0.4910056898207319
1.431713595E8	0.48217317487266553	1.2257841120294817
1.431725375E8	0.0	0.0
1.43173715E8	0.0	0.0
1.431748915E8	11028.62925170068	14373.60197839544
1.43176067E8	0.0	0.0
1.43177242E8	1.2085106382978723	2.2303515608769806
1.431784165E8	0.0	0.0
1.431795905E8	0.0	0.0
1.43180764E8	0.0	0.0
1.43181937E8	0.0	0.0
1.4318311E8	0.7263427109974424	1.346904505767051
1.43184282E8	0.0	0.0
1.43185453E8	3.1537147736976943	4.5814574480638965
1.43186624E8	0.7275832621690862	1.21124816526094
1.43187795E8	0.0	0.0
1.431889655E8	0.24273504273504273	0.6537204504606134
1.43190135E8	0.0	0.0
1.43191304E8	1.2010265183917879	1.9145563691559961
1.431924725E8	0.675513698630137	1.1663812436246788
1.4319364E8	0.24335904027420738	0.552318475493889
1.43194807E8	0.0	0.0
1.43195974E8	0.0	0.0
1.431971405E8	0.0	0.0
1.431983065E8	217.91509433962264	153.45972368166454
1.431994725E8	559.4056603773585	645.4372638591954
1.432006385E8	0.0	0.0
1.43201804E8	0.0	0.0
1.43202969E8	0.2145922746781116	0.4632410546120795
1.432041335E8	0.0	0.0
1.43205297E8	0.0	0.0
1.4320646E8	200.60103181427343	166.96458812795012
1.43207623E8	0.0	0.0
1.43208786E8	1.7093723129836629	2.833438704563652
1.43209949E8	0.24419604471195186	0.49416196202454904
1.43211112E8	41.45743766122098	73.12535321548252
1.432122745E8	46.0722891566265	34.123964050903176
1.432134365E8	0.9294320137693631	1.5344579178162734
1.432145985E8	92.99827882960413	141.58862924385272
1.4321576E8	0.0	0.0
1.43216921E8	0.0	0.0
1.43218082E8	0.0	0.0
1.432192425E8	0.0	0.0
1.432204025E8	2.4224137931034484	3.8507724258727714
1.432215625E8	0.4896551724137931	1.112623491789904
1.43222722E8	0.0	0.0
1.43223881E8	0.0	0.0
1.4322504E8	1.6729939603106125	2.1331841334079193
1.43226199E8	0.46074201898188094	0.9422496165816313
1.43227358E8	13.232096635030198	8.713293524148245
1.432285165E8	0.0	0.0
1.432296745E8	274.09240069084626	323.05552894836904
1.432308325E8	0.3747841105354059	0.987836211102558
1.4323199E8	1.1443388072601555	1.3301243435223524
1.43233147E8	1.718236819360415	3.308275159196132
1.432343035E8	0.0	0.0
1.432354595E8	0.4437716262975779	0.7995457187687168
1.43236615E8	0.0	0.0
1.4323777E8	2.43030303030303	2.8520517411504187
1.43238925E8	0.0	0.0
1.4324008E8	49.26406926406926	84.69509867908378
1.432412345E8	0.0	0.0
1.432423885E8	0.24610051993067592	0.5459794753666696
1.432435425E8	0.0	0.0
1.432446965E8	7.601386481802426	4.46554302670984
1.4324585E8	0.0	0.0
1.43247003E8	0.24631396357328708	0.5168454586243427
1.43248156E8	0.0	0.0
1.432493085E8	2.2109375	1.818596070232933
1.432504605E8	0.0	0.0
1.432516125E8	0.0	0.0
1.432527645E8	0.0	0.0
1.43253916E8	0.9869678540399652	2.0908970717676003
1.432550665E8	0.24695652173913044	0.5469281806440482
1.432562165E8	0.24695652173913044	0.5853278531320493
1.432573655E8	0.0	0.0
1.432585135E8	0.0	0.0
1.432596615E8	0.0	0.0
1.432608095E8	15.544425087108014	15.919357970350227
1.432619575E8	0.0	0.0
1.432631055E8	0.0	0.0
1.43264253E8	1.5832606800348736	1.7904619910062354
1.432654E8	310.7750653879686	229.69087865748637
1.43266547E8	0.9825632083696599	2.0283517902914983
1.432676935E8	0.9982547993019197	1.7041167687707273
1.432688395E8	0.0	0.0
1.432699855E8	0.24781849912739964	0.49781371930411844
1.43271131E8	0.9912663755458515	1.5002183247227923
1.432722755E8	5.398601398601398	3.945431987302983
1.432734195E8	3.2954545454545454	4.06868477572247
1.432745635E8	149.15821678321677	78.19409462079878
1.432757075E8	5.213286713286713	7.403694031676709
1.432768515E8	0.24825174825174826	0.5321811563901744
1.43277995E8	0.0	0.0
1.43279138E8	0.6412948381452318	1.1734896102083059
1.432802805E8	0.0	0.0
1.432814225E8	0.7460595446584939	1.4042716917456461
1.432825645E8	256.545534150613	462.2947587394524
1.43283706E8	32.270815074496056	41.937445590806526
1.43284847E8	92.00350569675723	78.67973890803326
1.432859875E8	13.08421052631579	7.330063066672995
1.432871275E8	0.0	0.0
1.432882675E8	1.186842105263158	1.8630761207151327
1.432894075E8	0.4982456140350877	1.0361873433536601
1.43290547E8	5.870939420544337	5.138127206020713
1.43291686E8	1.7453906935908692	3.349288708835965
1.43292825E8	0.0	0.0
1.43293964E8	0.24934152765583845	0.6885492631586447
1.43295103E8	0.0	0.0
1.432962415E8	0.7486818980667839	1.4986813184264196
1.43297379E8	0.2497801231310466	0.6063283969022576
1.432985155E8	1571.2764084507041	2271.0878468087785
1.432996515E8	0.0	0.0
1.433007875E8	337.7350352112676	271.9867485250696
1.433019235E8	0.0	0.0
1.43303059E8	0.0	0.0
1.43304194E8	0.0	0.0
1.43305329E8	7.258149779735683	4.621249521132122
1.433064635E8	0.0	0.0
1.433075975E8	36.32275132275132	27.346315796727005
1.433087315E8	1227.415343915344	1939.8667907319905
1.433098655E8	0.0	0.0
1.43310999E8	0.2506619593998235	0.5006615217887466
1.43312132E8	0.0	0.0
1.43313265E8	0.0	0.0
1.433143975E8	8168.5353356890455	9132.234586087661
1.433155295E8	0.734982332155477	1.7432352847365526
1.433166615E8	0.0	0.0
1.433177935E8	0.0	0.0
1.43318925E8	0.0	0.0
1.43320056E8	1337.5216622458001	2176.578173947187
1.43321187E8	0.0	0.0
1.433223175E8	0.0	0.0
1.433234475E8	0.0	0.0
1.433245775E8	3.395575221238938	4.826273961762045
1.43325707E8	0.25155004428697963	0.6915919172331941
1.43326836E8	0.7519929140832595	1.1414564996772532
1.43327965E8	8.46235606731621	13.302936268909502
1.43329094E8	0.5031000885739593	1.3196075321748288
1.43330222E8	2.6264418811002663	2.466456420850338
1.43331349E8	0.0	0.0
1.433324755E8	39.49644760213144	49.39338051881422
1.433336015E8	0.0	0.0
1.433347275E8	0.0	0.0
1.433358535E8	0.0	0.0
1.433369795E8	6.303730017761989	10.633403582975534
1.43338105E8	12.85688888888889	22.637471393932476
1.4333923E8	0.0	0.0
1.433403545E8	1.01067615658363	1.5026666687717947
1.433414785E8	0.0	0.0
1.43342602E8	0.0	0.0
1.43343725E8	109.80409617097061	197.7577356126864
1.43344848E8	0.6918967052537845	2.2116424715771092
1.43345971E8	3.2083704363312555	4.705579189857649
1.43347094E8	0.0	0.0
1.433482165E8	204.79500891265596	133.10387564316053
1.43349338E8	0.0	0.0
1.433504585E8	0.0	0.0
1.43351578E8	1.2689901697944594	2.4685691767015276
1.43352697E8	2.453083109919571	3.192232529981043
1.433538155E8	1.2540250447227193	2.0008942544600665
1.433549335E8	0.0	0.0
1.433560515E8	0.0	0.0
1.433571695E8	0.4588550983899821	0.8119192571574545
1.43358287E8	0.0	0.0
1.43359404E8	0.0	0.0
1.43360521E8	1.008952551477171	1.677167753722664
1.43361638E8	2.0304386750223813	2.7501119046166203
1.43362755E8	6.254252461951657	7.313237161460528
1.43363872E8	3.7708146821844224	3.6551186806152103
1.433649885E8	0.0	0.0
1.433661045E8	6.480286738351254	10.686221993847598
1.433668735E8	103.16587677725119	56.57185172488999
1.433674315E8	2.9495677233429394	3.991164593534087
1.433683365E8	2.0232974910394264	3.354235539932709
1.433694525E8	3.281362007168459	3.596344221048981
1.433705685E8	0.0	0.0
1.43371684E8	1.7829596412556055	3.9807834368752655
1.43372799E8	0.2547085201793722	0.5169763766276283
1.43373914E8	0.2547085201793722	0.5064605040400153
1.433750285E8	0.34111310592459604	0.6241691065797935
1.433761425E8	0.0	0.0
1.433772565E8	0.0	0.0
1.433783705E8	0.9685816876122083	1.5582640066889148
1.433794845E8	0.0	0.0
1.433805985E8	0.0	0.0
1.433817115E8	0.0	0.0
1.433828235E8	0.0	0.0
1.433839355E8	0.0	0.0
1.433850475E8	170.35521582733813	272.26473574617637
1.43386159E8	7.032403240324032	6.410780748940109
1.433872695E8	0.0	0.0
1.433883795E8	1.8252252252252252	1.6840534540316812
1.433894895E8	2.5585585585585586	3.6239941133138354
1.433905995E8	0.0	0.0
1.43391709E8	0.2560865644724977	0.6939127310178929
1.43392818E8	0.0	0.0
1.43393927E8	2.552750225428314	2.6881834065129184
1.43395036E8	1.2497745716862039	1.741396473289944
1.433961445E8	6.92057761732852	5.43355000933746
1.433972525E8	0.0	0.0
1.4339836E8	0.0	0.0
1.43399467E8	2.274616079494128	2.284625176067608
1.43400574E8	0.7696476964769647	1.3535059363679192
1.434016805E8	43.49819168173599	30.045234131764555
1.434027865E8	0.25678119349005424	0.5067358221894859
1.43403892E8	0.0	0.0
1.43404997E8	0.0	0.0
1.43406102E8	0.0	0.0
1.43407207E8	0.0	0.0
1.43408312E8	0.25610859728506785	0.5060717313633195
1.43409417E8	0.0	0.0
1.43410521E8	0.0	0.0
1.43411624E8	0.257479601087942	0.7035720284908329
1.43412727E8	0.0	0.0
1.434138295E8	0.0	0.0
1.434149315E8	0.0	0.0
1.434160335E8	0.514519056261343	0.5505318332808153
1.43417135E8	3.9000908265213443	6.383661592809944
1.43418236E8	0.0	0.0
1.43419337E8	1.5313351498637602	2.8244102693595954
1.434204375E8	506.81363636363636	695.3907338520356
1.434215375E8	0.0	0.0
1.43422637E8	0.0	0.0
1.43423736E8	2.430391264786169	2.8732711302922778
1.434248345E8	5.9489981785063755	11.208977016477455
1.434259325E8	0.517304189435337	1.0117704369678133
1.434270305E8	0.0	0.0
1.43428128E8	0.0	0.0
1.43429225E8	0.0	0.0
1.43430322E8	0.0	0.0
1.434314185E8	0.0	0.0
1.434325145E8	0.0	0.0
1.434336095E8	0.48080438756855576	1.356142502205741
1.43434703E8	0.0	0.0
1.434357955E8	0.0	0.0
1.43436887E8	0.0	0.0
1.43437978E8	2.082493125572869	2.7535494966371674
1.434390685E8	0.0	0.0
1.434401585E8	0.0	0.0
1.434412485E8	6.35045871559633	7.338099646503743
1.434423385E8	2.861467889908257	3.6906775688796216
1.434434285E8	0.0	0.0
1.43444518E8	0.0	0.0
1.43445607E8	1.8255280073461893	4.666174708425526
1.434466955E8	0.0	0.0
1.434477835E8	1.0441176470588236	1.3659461276087763
1.434488715E8	0.2610294117647059	0.5831582370264221
1.434499595E8	3.65625	6.427480066091221
1.43451047E8	0.0	0.0
1.43452134E8	23.07635694572217	28.042450407177444
1.43453221E8	9.086476540938362	5.307993312757625
1.434543075E8	14.052486187845304	13.158195983757095
1.434553935E8	1.270718232044199	1.8607113632059928
1.434564795E8	2.6151012891344383	3.0805634365414662
1.434575655E8	0.0	0.0
1.434586505E8	0.0	0.0
1.434597345E8	0.26199261992619927	0.659866921616429
1.434608185E8	0.0	0.0
1.434619025E8	0.0	0.0
1.434629865E8	0.4566420664206642	1.063916735082305
1.4346407E8	0.0	0.0
1.43465153E8	0.0	0.0
1.43466236E8	442.47460757156045	260.27703473551213
1.434673185E8	0.0	0.0
1.434684005E8	0.5249537892791127	1.3459049961940244
1.43469482E8	0.0	0.0
1.43470563E8	8.111933395004625	5.508130396290078
1.434716435E8	2.7712962962962964	4.120971658165997
1.434727235E8	0.5259259259259259	1.3221755360572016
1.434738035E8	2.1037037037037036	2.456284456925405
1.43474883E8	0.0	0.0
1.43475962E8	0.2632066728452271	0.542878744161078
1.434770405E8	0.0	0.0
1.434781185E8	197.31632653061226	382.57976116741526
1.434791965E8	0.2634508348794063	0.5549574186810778
1.434802745E8	0.0	0.0
1.43481352E8	5.818012999071495	6.253467004963942
1.43482429E8	0.0	0.0
1.434835055E8	0.0	0.0
1.434845815E8	0.0	0.0
1.434856575E8	0.0	0.0
1.434867335E8	0.0	0.0
1.43487809E8	0.0	0.0
1.43488884E8	6.796279069767442	6.358148041027977
1.43489959E8	9.767441860465116	14.440221604947757
1.43491034E8	0.0	0.0
1.434921085E8	0.0	0.0
1.434931825E8	4.490689013035381	6.573251479238489
1.434942565E8	20.095903165735567	40.28618525664336
1.434953305E8	0.5288640595903166	1.0284590994204064
1.43496404E8	0.2646784715750233	0.6533304169692281
1.434974765E8	167.6707089552239	52.77354111475794
1.434985485E8	1.2611940298507462	2.4037439702736365
1.4349962E8	0.0	0.0
1.43500691E8	6.529411764705882	3.2859375558453676
1.435017615E8	0.0	0.0
1.435028315E8	0.525233644859813	1.4481699698869062
1.435039015E8	0.0	0.0
1.43504971E8	0.0	0.0
1.4350604E8	0.0	0.0
1.435071085E8	0.26591760299625467	0.637469247257075
1.43508176E8	0.0	0.0
1.43509243E8	0.0	0.0
1.4351031E8	0.2661668228678538	0.6259014118210532
1.435113765E8	0.26641651031894936	0.6365950701207667
1.435124415E8	2.2462406015037595	2.4402637599335675
1.435135055E8	0.0	0.0
1.435145695E8	7.302631578947368	5.897304086506122
1.43515633E8	0.0	0.0
1.43516696E8	0.0	0.0
1.43517759E8	0.70931326434619	1.1735562375571582
1.43518822E8	5.584195672624647	4.34463153121767
1.43519885E8	0.0	0.0
1.43520948E8	0.0	0.0
1.43522011E8	0.0	0.0
1.43523074E8	0.0	0.0
1.435241365E8	47.046139359698685	22.227212245768825
1.435251985E8	0.0	0.0
1.435262605E8	0.8022598870056498	1.2166453832980935
1.435273225E8	0.512241054613936	0.8754874886310651
1.435283845E8	0.0	0.0
1.43529446E8	1.8737040527803959	4.737302588527422
1.435305065E8	160.47735849056605	260.9775780146929
1.435315665E8	231.32924528301888	169.65482715607737
1.435326265E8	0.0	0.0
1.43533686E8	4.813975448536355	3.510136407821049
1.43534745E8	0.0	0.0
1.43535804E8	0.0	0.0
1.435368625E8	0.0	0.0
1.435379205E8	5083.2287334593575	4732.257479827944
1.435389785E8	0.5368620037807184	1.0362065467663466
1.435400365E8	14.170132325141777	20.210938661722313
1.43541094E8	0.0	0.0
1.435421505E8	0.0	0.0
1.435432065E8	1.9659090909090908	2.725788737672867
1.435442625E8	1.0710227272727273	1.529074289175703
1.435453185E8	0.2178030303030303	0.6440285143320343
1.43546374E8	0.0	0.0
1.43547429E8	0.0	0.0
1.43548484E8	0.0	0.0
1.435495385E8	2.4250474383301706	3.4255430738853136
1.435505925E8	0.0	0.0
1.43551646E8	0.0	0.0
1.43552699E8	4.009496676163343	2.45104005290217
1.43553752E8	9.438746438746438	11.691670397986623
1.43554805E8	14.566951566951566	22.35010213683744
1.43555858E8	4.148148148148148	2.55834110543842
1.435569105E8	0.0	0.0
1.435579625E8	169.4971482889734	247.4589319539755
1.435590145E8	0.8098859315589354	1.4952395944686991
1.43560066E8	0.2702188392007612	0.7087867711553282
1.43561117E8	0.0	0.0
1.43562168E8	0.5233111322549953	0.979329660638091
1.43563219E8	0.0	0.0
1.4356427E8	1.0808753568030447	2.366311288721002
1.435653205E8	0.0	0.0
1.435663705E8	0.8114285714285714	1.5061777546396802
1.4356742E8	3.3393708293612963	5.4144706017342825
1.43568469E8	0.0	0.0
1.43569518E8	0.0	0.0
1.43570567E8	0.0	0.0
1.43571616E8	1.5510009532888465	2.897025199194243
1.435726645E8	0.0	0.0
1.435737125E8	14.517175572519085	12.797863311643527
1.435747605E8	0.0	0.0
1.435758085E8	0.0	0.0
1.435768565E8	7.017175572519084	5.090966404455809
1.43577904E8	1409.9675262655205	2069.9794645752245
1.43578951E8	0.0	0.0
1.43579998E8	0.0	0.0
1.43581045E8	2.3954154727793697	3.105284032214426
1.435820915E8	0.0	0.0
1.43583137E8	0.0	0.0
1.43584182E8	1.3588516746411483	1.7501879598308412
1.43585227E8	6.156937799043062	6.962373241095694
1.43586272E8	0.0	0.0
1.435873165E8	0.0	0.0
1.435883605E8	65.53352490421456	109.75046583481026
1.435894045E8	4.078544061302682	6.747640427660336
1.43590448E8	2.6347075743048896	2.689063821811533
1.43591491E8	0.5445829338446788	1.008116628721353
1.435925335E8	0.0	0.0
1.435935755E8	0.0	0.0
1.435946175E8	75.2552783109405	76.07581580554918
1.435956595E8	2.145873320537428	2.3621292323995786
1.435967015E8	0.0	0.0
1.43597743E8	3.785782901056676	3.8936387442223146
1.43598784E8	0.0	0.0
1.43599825E8	0.27185398655139287	0.7047253707813155
1.436008655E8	0.0	0.0
1.436019055E8	0.0	0.0
1.436029455E8	0.0	0.0
1.436039855E8	0.2673076923076923	0.5170180773509687
1.43605025E8	0.8200192492781521	1.6280742002562236
1.43606064E8	6.111645813282002	4.528808438323466
1.43607103E8	0.983638113570741	1.5427810095743884
1.436081415E8	0.0	0.0
1.436091795E8	1.6435452793834298	2.0728541844844934
1.436102175E8	0.0	0.0
1.43611255E8	0.0	0.0
1.43612292E8	0.0	0.0
1.43613329E8	0.0	0.0
1.43614366E8	104.16779170684667	48.41918576996941
1.436154025E8	0.0	0.0
1.436164385E8	16.215250965250966	25.488679446428367
1.43617474E8	0.0	0.0
1.43618509E8	1.055072463768116	0.984419689768477
1.43619544E8	0.2743961352657005	0.5238283452293323
1.43620579E8	0.0	0.0
1.43621614E8	1.6463768115942028	3.0876096471758427
1.43622648E8	1.3581800580832526	1.4563676652478512
1.43623681E8	0.19167473378509198	0.6191522168014776
1.43624714E8	0.2700871248789932	0.5289306825939968
1.43625747E8	4.936108422071636	5.304658311935761
1.436267795E8	0.0	0.0
1.436278115E8	3.35077519379845	4.088293933515753
1.436288435E8	0.0	0.0
1.43629875E8	0.0	0.0
1.43630906E8	0.0	0.0
1.43631937E8	0.8263821532492726	1.9444267392539882
1.436329675E8	9.178640776699028	6.695600642299767
1.436339975E8	0.0	0.0
1.436350275E8	0.0	0.0
1.43636057E8	1.379980563654033	1.4992709598597302
1.43637086E8	0.0	0.0
1.43638115E8	6629.48202137998	6053.640370526291
1.43639144E8	91.24198250728863	132.8620473090805
1.43640173E8	0.0	0.0
1.43641202E8	0.0	0.0
1.43642231E8	0.0	0.0
1.436432595E8	0.23832684824902725	0.48818730857021186
1.436442875E8	0.0	0.0
1.43645315E8	0.0	0.0
1.43646342E8	0.0	0.0
1.43647369E8	0.0	0.0
1.436483955E8	0.0	0.0
1.436494215E8	0.0	0.0
1.43650447E8	0.20780487804878048	0.45585620325797965
1.43651472E8	0.27414634146341466	0.739808808524697
1.43652497E8	1.3853658536585365	1.8706983175065806
1.43653522E8	1.5619512195121952	1.6033501511887767
1.43654546E8	0.0	0.0
1.43655569E8	0.0	0.0
1.436565915E8	0.0	0.0
1.436576135E8	1.9481409001956946	3.264288176526839
1.436586355E8	16.0880626223092	17.282390390583256
1.436596575E8	0.0	0.0
1.43660679E8	3.894221351616063	3.5979371606448423
1.436617E8	2.226248775710088	2.814889750860678
1.43662721E8	0.0	0.0
1.436637415E8	324.321568627451	236.2602959681977
1.436647615E8	0.0	0.0
1.436657815E8	0.0	0.0
1.43666801E8	0.0	0.0
1.4366782E8	0.0	0.0
1.43668839E8	1.114818449460255	1.834411019381283
1.43669858E8	0.0	0.0
1.43670877E8	3.5299313052011776	4.8134991730048275
1.436718955E8	12.526522593320236	20.272601929649667
1.436729135E8	0.0	0.0
1.436739315E8	0.27897838899803534	0.5710776357132082
1.436749495E8	0.0	0.0
1.436759665E8	0.0	0.0
1.436769825E8	0.0	0.0
1.436779985E8	0.7411417322834646	1.6310834040189794
1.43679014E8	0.0	0.0
1.43680029E8	0.0	0.0
1.436810435E8	0.0	0.0
1.436820575E8	62.1370808678501	82.55144830562939
1.436830715E8	0.0	0.0
1.436840855E8	0.0	0.0
1.436850995E8	0.0	0.0
1.43686113E8	5.297137216189536	5.332850011005517
1.43687126E8	0.0	0.0
1.43688139E8	0.56071076011846	0.9915735796549311
1.436891515E8	0.0	0.0
1.436901635E8	0.0	0.0
1.436911755E8	1.9644268774703557	2.8655649444032645
1.436921875E8	23.35375494071146	24.402787697942014
1.436931995E8	7.865612648221344	6.8314692659790115
1.43694211E8	0.0	0.0
1.43695222E8	47.53412462908012	48.529942219111554
1.43696233E8	0.0	0.0
1.43697244E8	0.8427299703264095	1.8985131357478988
1.436982545E8	12.497029702970297	10.346185981144725
1.436992645E8	0.0	0.0
1.437002745E8	1.120792079207921	1.871093289766681
1.437012845E8	0.0	0.0
1.437022935E8	0.0	0.0
1.437033015E8	0.0	0.0
1.437043095E8	0.0	0.0
1.43705317E8	0.0	0.0
1.43706324E8	0.0	0.0
1.437073305E8	0.8986083499005965	3.0076112857421022
1.437083365E8	0.0	0.0
1.437093425E8	0.0	0.0
1.43710348E8	0.0	0.0
1.43711353E8	0.0	0.0
1.43712358E8	45.47064676616915	66.42395869381178
1.43713363E8	1208.3174129353233	1545.363860291976
1.43714368E8	1.756218905472637	2.3229334688056635
1.437153725E8	0.0	0.0
1.437163765E8	0.0	0.0
1.437173805E8	0.0	0.0
1.437183845E8	0.0	0.0
1.43719388E8	0.0	0.0
1.4372039E8	1.7022977022977024	2.349357469496824
1.43721391E8	0.0	0.0
1.43722392E8	0.7922077922077922	1.6082330634623785
1.43723393E8	0.0	0.0
1.43724394E8	1.5104895104895104	2.168017458485909
1.437251765E8	17.884751773049647	32.077228395861816
1.437257305E8	0.0	0.0
