#Position (bp)	mapping quality
179658.5	143.89147382719227
538974.5	138.23158989725644
898290.5	82.9137693516116
1257606.5	110.96428388700058
1616922.5	122.93006814836606
1976238.5	137.32238259484484
2335554.5	114.39957252342793
2694870.5	136.6050320726905
3054186.5	118.08429186895098
3413502.5	162.21231023402942
3772818.5	88.95888555394124
4132134.5	137.7850395864352
4491450.5	170.39118651376774
4850766.5	132.9720036771071
5210082.5	126.16581378772655
5569398.5	102.98182214228764
5928714.5	73.10218842126875
6288030.5	55.132924432437214
6647346.5	126.22415556576745
7006662.5	143.63311930112172
7365978.5	67.79698827787225
7725294.5	135.18473115870682
8084610.5	105.32700646812332
8443926.5	73.63643900878249
8803242.5	104.87320130989112
9162558.5	107.2433634263696
9521874.5	106.7250668630167
9881190.5	185.41144691414596
1.02405065E7	160.97375811731004
1.05998225E7	127.30932709288606
1.09591385E7	138.44963043959942
1.13184545E7	152.48914476662088
1.16777705E7	139.05117266858903
1.20370865E7	113.64362871637523
1.23964025E7	21.49190599057019
1.27557185E7	110.27939357928128
1.31150345E7	146.15038481526886
1.34743505E7	158.82039431332154
1.38336665E7	165.1717813655642
1.41929825E7	79.2611066632637
1.45522985E7	74.44915012532985
1.49116145E7	79.30826189831382
1.52709305E7	151.53444379065826
1.56302465E7	104.90106666916546
1.59895625E7	158.05039777422797
1.63488785E7	77.6899071903435
1.67081945E7	92.27754201891169
1.70675105E7	82.77351571821944
1.74268265E7	109.66242460872301
1.77861425E7	23.422557472682584
1.81454585E7	137.7964149339116
1.85047745E7	80.2096988121397
1.88640905E7	133.83763948606304
1.92234065E7	120.5053696649546
1.95827225E7	102.85611293321999
1.99420385E7	129.6958143049513
2.03013545E7	64.43558271122063
2.06606705E7	100.0402555297074
2.10199865E7	72.09954678357428
2.13793025E7	53.39797697693663
2.17386185E7	137.83760222297323
2.20979345E7	170.23112623708633
2.24572505E7	129.73990455003914
2.28165665E7	41.0149205927648
2.31758825E7	73.27030590136995
2.34346265E7	39.2792533927016
2.36142845E7	75.783465899759
2.38945145E7	29.97175544108663
2.42538305E7	10.105516206663996
2.46131465E7	13.207232135792406
2.49724625E7	49.40694686809889
2.53317785E7	3.61789305691414
2.56910945E7	12.703157448272025
2.60504105E7	6.158190950463827
2.64097265E7	5.443135871544227
2.67690425E7	13.536447113598594
2.71283585E7	61.302861485533164
2.74876745E7	20.816742984530098
2.78469905E7	11.249961182971346
2.82063065E7	96.69289973992471
2.85656225E7	73.86262047147041
2.89249385E7	65.29161344150764
2.92842545E7	120.73670169159077
2.96435705E7	124.92481377084911
3.00028865E7	86.71296520304293
3.03622025E7	73.89985760711515
3.07215185E7	103.1481848852202
3.10808345E7	122.87525448428993
3.14401505E7	144.33442885464774
3.17994665E7	166.33865680139613
3.21587825E7	120.6946107265624
3.25180985E7	172.44368355783138
3.28774145E7	121.44567593230207
3.32367305E7	157.35261315841825
3.35960465E7	85.1084152868067
3.39553625E7	53.91344465619299
3.43146785E7	134.50109610665675
3.46739945E7	100.22436536196265
3.50333105E7	61.67023131394747
3.53926265E7	162.11795576382877
3.57519425E7	62.58715876330606
3.61112585E7	127.07294693100813
3.64705745E7	140.23189934131418
3.68298905E7	137.3101595457381
3.71892065E7	173.31355111943174
3.75485225E7	60.40187126881529
3.79078385E7	113.71568845156746
3.82671545E7	180.194692192657
3.86264705E7	104.85759344802715
3.89857865E7	152.34885273987427
3.93451025E7	97.44598325476245
3.97044185E7	106.63854052427044
4.00637345E7	148.00590916705494
4.04230505E7	143.9626064006123
4.07823665E7	69.67567687826225
4.11416825E7	161.10355888337182
4.15009985E7	143.8235875724078
4.18603145E7	119.08050645510748
4.22196305E7	90.51698660114862
4.25789465E7	82.93131180759549
4.29382625E7	87.28449719304479
4.32975785E7	89.12166465766994
4.36568945E7	172.51722164001268
4.40162105E7	85.91510907314024
4.43755265E7	134.949141756127
4.47348425E7	141.66117643986172
4.50941585E7	59.710918531418194
4.54534745E7	119.02636320277195
4.58127905E7	107.23555059337558
4.61721065E7	101.40771297482851
4.65314225E7	124.26616931224228
4.68907385E7	121.69772567697943
4.72500545E7	140.90490702108465
4.76093705E7	108.19977652075148
4.79686865E7	123.39022062306437
4.83280025E7	145.94635868450257
4.86541545E7	56.57384942945938
4.88338125E7	93.41762174138962
4.90466345E7	151.94145923865145
4.94059505E7	88.93247186418192
4.97652665E7	115.50513640380315
5.01245825E7	146.54786461968098
5.04838985E7	139.02723369532092
5.08432145E7	117.78554171974406
5.12025305E7	86.05366622503603
5.15618465E7	146.81172381328827
5.19211625E7	137.0574643065266
5.22804785E7	60.15275029576029
5.26397945E7	86.85081864611871
5.29991105E7	95.97957907843221
5.33584265E7	94.88551957984897
5.37177425E7	185.09369064387352
5.40770585E7	58.32476191968796
5.44363745E7	100.74784020601022
5.47956905E7	150.77533291030448
5.51550065E7	141.65684395425254
5.55143225E7	122.45960003236841
5.58736385E7	120.12795580676847
5.62329545E7	132.70260556250506
5.65922705E7	96.65114871121555
5.69515865E7	130.95776865275923
5.73109025E7	145.5831496303096
5.76702185E7	150.54142818946184
5.80295345E7	104.00166101470157
5.83888505E7	109.84275703117473
5.87481665E7	124.58492347945001
5.91074825E7	123.82345624144456
5.94667985E7	191.85084898497
5.98261145E7	140.5777055118978
6.01854305E7	75.60920462731931
6.05447465E7	129.46088690432106
6.09040625E7	121.76721092487051
6.12633785E7	107.83787976996304
6.16226945E7	85.39600711538104
6.19820105E7	96.18646416762965
6.23413265E7	114.83674721852913
6.27006425E7	144.7878621066787
6.30599585E7	62.426984377352696
6.34192745E7	102.47431880718675
6.37785905E7	108.53627520601947
6.41379065E7	137.8275216634228
6.44972225E7	140.4216167551034
6.48565385E7	114.46684113853766
6.52158545E7	128.83196021521948
6.55751705E7	87.42457856999158
6.59344865E7	75.75691162636166
6.62938025E7	111.00881108748014
6.66531185E7	129.48134223781963
6.70124345E7	126.53303197039389
6.73717505E7	159.47396156923733
6.77310665E7	135.45180027449626
6.80903825E7	112.64870967917071
6.84496985E7	147.304940798441
6.88090145E7	100.06506855322384
6.91683305E7	128.617065448359
6.95276465E7	134.6694526751346
6.98869625E7	125.52947540761681
7.02462785E7	147.39068141558514
7.06055945E7	103.5764128646172
7.09649105E7	170.18084484463472
7.13242265E7	94.22965437911057
7.16835425E7	112.41952971193888
7.20428585E7	92.58361718167433
7.24021745E7	7.599896219107509
7.27614905E7	18.816470986567417
7.31208065E7	16.3111943054254
7.34801225E7	15.946189377907814
7.38394385E7	102.07958887703803
7.41987545E7	14.755527391970329
7.45580705E7	3.6420420232487816
7.49173865E7	6.876244755998245
7.52767025E7	12.293435403676424
7.56360185E7	2.5539647026000556
7.59953345E7	41.69837245271876
7.63546505E7	1.8687091560812805
7.67139665E7	26.617372996874682
7.690225E7	132.86143890369243
7.7081908E7	8.86053266192859
7.74325985E7	10.240156752235867
7.77919145E7	63.36302295722046
7.81512305E7	7.577643954834757
7.85105465E7	9.536346474104061
7.88698625E7	14.729870529787553
7.92291785E7	27.303981812823285
7.95884945E7	57.279829768576384
7.99478105E7	19.06596712218636
8.03071265E7	5.643042088452292
8.06664425E7	22.89113298815744
8.10257585E7	104.52095753247579
8.13850745E7	166.4094903272456
8.17443905E7	109.28035209350058
8.21037065E7	73.85269088298689
8.24630225E7	131.3936846915231
8.28223385E7	108.33619174246192
8.31816545E7	92.48630912605884
8.35409705E7	156.52039226207214
8.39002865E7	152.94250511381364
8.42596025E7	166.3922918710546
8.46189185E7	146.27273512048274
8.49782345E7	120.53128559699275
8.53375505E7	165.58039075106157
8.56968665E7	118.35355948693683
8.60561825E7	108.41303881845793
8.64154985E7	134.58735116465834
8.67748145E7	125.2154802560872
8.71341305E7	106.42863039085447
8.74934465E7	149.44418453314466
8.78527625E7	148.86667390305612
8.82120785E7	148.85385138385746
8.85713945E7	39.379629868867156
8.89307105E7	57.16614811945701
8.92900265E7	92.78449413287666
8.96493425E7	124.69536065603796
9.00086585E7	83.16065308825222
9.03679745E7	116.92516793746097
9.07272905E7	119.8785021805185
9.10866065E7	106.18883168864382
9.14459225E7	131.08648372203038
9.18052385E7	110.98529179841084
9.21645545E7	107.2228092344053
9.25238705E7	184.1499357246754
9.28831865E7	172.0952701892841
9.32425025E7	95.73996833337772
9.36018185E7	100.2162284675642
9.39611345E7	112.23172128430895
9.43204505E7	136.18795952581425
9.46797665E7	140.9632559490979
9.50390825E7	62.221959639371995
9.53983985E7	76.74744604604129
9.57577145E7	137.02008976500522
9.61170305E7	114.21889481747328
9.64763465E7	96.35459883647601
9.68356625E7	135.88392876132482
9.71949785E7	90.81628540602003
9.75542945E7	103.71337684120206
9.79136105E7	90.78649537156709
9.82729265E7	87.00679079074801
9.86322425E7	78.30713543077695
9.89915585E7	82.6323321292125
9.93508745E7	134.6847242167638
9.97101905E7	97.64483881417044
1.000695065E8	115.7465522534884
1.004288225E8	168.53033510021353
1.007881385E8	148.342074160304
1.011474545E8	133.3596326436141
1.015067705E8	126.88353693598592
1.018660865E8	172.468438635725
1.022254025E8	110.08153127148464
1.025847185E8	108.1021816491194
1.029440345E8	139.1960277388007
1.033033505E8	67.55453436298161
1.036626665E8	80.27474313145689
1.040219825E8	130.6951531716487
1.043812985E8	117.6274790616549
1.047406145E8	153.48989303317506
1.050999305E8	183.83878884218728
1.054592465E8	110.6842739944263
1.058185625E8	96.78317158811727
1.061778785E8	160.65867407301027
1.065371945E8	128.60484365299175
1.068965105E8	108.61114890964569
1.072558265E8	98.0460357615112
1.076151425E8	89.91258714312451
1.079744585E8	98.59514500584507
1.083337745E8	118.25166620422675
1.086930905E8	86.08913375718215
1.089314775E8	109.80404456048802
1.091111355E8	155.18013177656235
1.094117225E8	79.28357521291697
1.097710385E8	104.8171101026272
1.101303545E8	102.57486746829376
1.10324175E8	3.0417863447126585
1.10503833E8	64.17455374682233
1.108489865E8	150.44507259929225
1.112083025E8	119.67070695572349
1.115676185E8	105.51834246532152
1.119269345E8	158.9877346704489
1.122862505E8	126.4418524771835
1.126455665E8	130.0671522638124
1.130048825E8	65.60270559104626
1.133641985E8	70.75883131608325
1.137235145E8	88.61995923799579
1.140828305E8	69.99380004359452
1.144421465E8	55.8939675337378
1.148014625E8	96.43703609893731
1.151607785E8	63.11719877099232
1.155200945E8	117.56316869584835
1.158794105E8	130.84813304794702
1.162387265E8	125.10853087763716
1.165980425E8	111.28969325052024
1.169573585E8	102.45592531745724
1.173166745E8	120.20766832370833
1.176759905E8	132.36332407932554
1.180353065E8	117.90905960677581
1.183946225E8	132.10526272681295
1.187539385E8	103.41426489876712
1.191132545E8	51.970262205034125
1.194725705E8	88.29442928369826
1.198318865E8	153.00854549177723
1.201912025E8	133.03189539678567
1.205505185E8	61.60683101350448
1.209098345E8	91.22863506088089
1.212691505E8	87.11166487928843
1.216284665E8	135.03901958987316
1.219877825E8	116.50814771636068
1.223470985E8	168.35301640211455
1.227064145E8	87.14948928271853
1.230657305E8	71.95300313862532
1.234250465E8	127.72486357704724
1.237843625E8	94.56552684230502
1.241436785E8	84.3419501549672
1.245029945E8	87.54143434691608
1.248623105E8	59.02744442413922
1.252216265E8	52.160240423857026
1.255809425E8	156.19146608102588
1.259402585E8	164.15071216306004
1.262995745E8	135.03600319466258
1.266588905E8	103.46921101766378
1.270182065E8	134.9341393623583
1.273775225E8	70.41071462159414
1.277368385E8	92.45158551146459
1.280961545E8	105.51643067949331
1.284554705E8	81.65161591479247
1.288147865E8	167.0795915409024
1.291741025E8	70.1755776061513
1.295334185E8	113.57797049245701
1.298927345E8	142.1293977288277
1.302520505E8	110.71851328615112
1.306113665E8	126.41781261553137
1.309706825E8	119.23909204747251
1.313299985E8	92.3109267974504
1.316893145E8	66.91729759034094
1.320486305E8	83.3538567522059
1.324079465E8	22.8618003823228
1.327672625E8	133.98866403753584
1.331265785E8	95.66240670943871
1.334858945E8	74.07178791150797
1.337730805E8	1.962720407223599
1.339527385E8	25.53016665494691
1.342045265E8	17.46574980108195
1.345638425E8	46.098748647724136
1.349231585E8	2.7688826052142184
1.352824745E8	9.584029591593701
1.356417905E8	11.435799810402244
1.360011065E8	4.989345473841294
1.363604225E8	17.39080532389755
1.367197385E8	12.653482179354798
1.370790545E8	39.46740199281188
1.374033365E8	17.65486872287858
1.375577225E8	254.25326110430822
1.375927565E8	50.90026185315661
1.376371405E8	17.05543385558126
1.37699935E8	29.14180128888035
1.37786751E8	96.65336621236744
1.37868371E8	6.948421767731623
1.37942101E8	43.0543999594503
1.37980213E8	34.636856368563684
1.38019627E8	76.55729059653449
1.38089538E8	34.89325239226198
1.38156123E8	34.55164047066907
1.382206275E8	82.80420963412911
1.38280805E8	1.877925665288271
1.38323179E8	4.767610269914417
1.383484915E8	72.63455809334657
1.38384028E8	141.05063201701395
1.384312265E8	43.29029941442934
1.384772795E8	37.38908538927193
1.38522045E8	125.04075537585003
1.385663025E8	0.6781304216201111
1.38610046E8	34.23767026773133
1.38651258E8	16.84519499906699
1.386833775E8	47.86031198056514
1.387019305E8	0.0
1.38726341E8	0.0
1.387630385E8	120.03975010297954
1.3879854E8	131.70141516602425
1.3883298E8	11.70722813327339
1.388668195E8	1.3907035175879396
1.389001375E8	72.78466026184081
1.389325255E8	15.534880084224065
1.38963047E8	2.124920655071728
1.38991991E8	160.65337685968103
1.390198715E8	37.46763648251063
1.39044446E8	0.769620432526258
1.390581695E8	54.45762711864407
1.39074104E8	81.65118752215527
1.391000815E8	245.20594843265218
1.39125904E8	30.45680129728099
1.391516555E8	39.61101442970053
1.391772845E8	11.631759485067764
1.39202833E8	62.07202693180928
1.39227853E8	255.0
1.392522945E8	119.16065575628122
1.392761035E8	0.0
1.392991635E8	0.0
1.393219065E8	211.22847478474785
1.39344169E8	145.09029484273333
1.393656665E8	0.0
1.39386585E8	171.23854133587383
1.394057875E8	140.0422310756972
1.394157655E8	31.43801652892562
1.39426072E8	220.79183219450184
1.394433E8	0.0
1.394591395E8	1.096106048053024
1.39474609E8	0.0
1.394898515E8	1.6674500587544065
1.39504877E8	13.337287678619575
1.39519712E8	197.00726099233563
1.39534307E8	0.0
1.39548658E8	28.91139048773099
1.395628065E8	155.92817884017052
1.395768695E8	188.54874651810584
1.395908865E8	0.0
1.396048595E8	10.204745762711864
1.39618797E8	255.0
1.396327175E8	174.41661824520628
1.39646447E8	0.0
1.39659998E8	14.883903851414008
1.39673523E8	0.0
1.39687001E8	1.2176912463590372
1.39700456E8	255.0
1.397138915E8	0.0
1.397272965E8	0.0
1.39740652E8	255.0
1.397539385E8	0.0
1.397671835E8	32.101063829787236
1.397738625E8	0.0
1.39780441E8	0.24064397683942945
1.397935115E8	2.3333333333333335
1.39806605E8	0.0
1.398195725E8	243.7683466700183
1.398324245E8	0.0
1.39845262E8	138.58996920369555
1.398580325E8	2.4840848806366047
1.3987073E8	0.0
1.398833975E8	0.0
1.398960405E8	149.91998174305755
1.399086725E8	255.0
1.399212565E8	115.94358154408405
1.39933781E8	166.82796398677846
1.39946267E8	255.0
1.399587085E8	15.524821325091752
1.399711325E8	0.0
1.39983544E8	255.0
1.399959275E8	140.36183635227982
1.400082885E8	176.1506996770721
1.40020559E8	0.992619926199262
1.400327265E8	1.9
1.400448715E8	0.0
1.4005699E8	0.0
1.400690545E8	0.0
1.40081085E8	255.0
1.400930995E8	184.58567398503618
1.40105101E8	138.385460693153
1.40117094E8	207.45318084345962
1.401281635E8	0.0
1.40134155E8	0.0
1.401410485E8	1.1960487888678921
1.40153003E8	127.5
1.40164882E8	0.0
1.40176667E8	255.0
1.4018842E8	212.16503337984975
1.40200076E8	0.997920997920998
1.402116215E8	0.0
1.402231315E8	84.93764434180139
1.402345955E8	251.45833333333334
1.402459205E8	63.75
1.402571045E8	0.0
1.402682415E8	0.0
1.4027885E8	40.554525622556085
1.40288828E8	255.0
1.402984445E8	0.0
1.40307799E8	0.0
1.403166425E8	2.1137440758293837
1.40324819E8	0.0
1.403326835E8	3.0
1.403402015E8	0.0
1.4034742E8	255.0
1.40354483E8	255.0
1.403614525E8	8.62635708708028
1.403683705E8	235.87909245564697
1.403752505E8	2.6391377217823497
1.403821105E8	0.0
1.40388953E8	243.26215914527188
1.403957145E8	0.0
1.404023365E8	2.8914027149321266
1.404088075E8	0.0
1.404151525E8	2.5754857997010463
1.40421418E8	1.0
1.40427633E8	75.69765306340359
1.404337675E8	221.30986249407303
1.404398365E8	0.0
1.40445888E8	251.55071301758204
1.404519085E8	0.0
1.404579005E8	255.0
1.404638765E8	234.74867472434266
1.404698365E8	246.9902912621359
1.4047577E8	255.0
1.40481673E8	163.13831542683337
1.404875345E8	1.0
1.404915035E8	0.0
1.404943895E8	0.0
1.404990715E8	0.0
1.405047025E8	93.56314778378179
1.40510262E8	0.0
1.405157995E8	216.53917344822085
1.40521292E8	215.5845446639334
1.40526756E8	166.97224210737986
1.40532181E8	0.0
1.40537566E8	235.14975908389303
1.405429375E8	255.0
1.405482795E8	247.55781938325993
1.40553603E8	0.0
1.405589225E8	1.875
1.40564221E8	0.0
1.405694775E8	255.0
1.40574688E8	255.0
1.405798735E8	248.35071707953063
1.405850135E8	255.0
1.40590093E8	0.0
1.405951535E8	0.0
1.40600212E8	0.0
1.406052535E8	0.0
1.406102665E8	47.85462555066079
1.406152645E8	3.0
1.406202595E8	3.0
1.406252495E8	3.0
1.40630226E8	2.752827140549273
1.40635179E8	0.0
1.40640115E8	0.0
1.4064504E8	0.0
1.4064995E8	236.17343106140103
1.406548455E8	0.0
1.40659729E8	47.548396340340176
1.40664601E8	1.0
1.406694435E8	3.0
1.40674261E8	0.0
1.40679061E8	175.87515151515152
1.40683806E8	0.0
1.40688509E8	0.0
1.406931635E8	3.0
1.40697758E8	0.0
1.40702335E8	1.0
1.40706898E8	255.0
1.40711432E8	0.0
1.40715925E8	254.56178037463482
1.40720393E8	0.0
1.407248515E8	1.0
1.407292955E8	2.0
1.407337135E8	0.0
1.40738111E8	0.0
1.40742499E8	0.0
1.407468785E8	0.0
1.40751256E8	0.0
1.407556295E8	3.0
1.40759995E8	56.79759519038076
1.407643435E8	255.0
1.407686665E8	118.18965770530336
1.407729765E8	19.92797256097561
1.40777284E8	0.0
1.40781584E8	229.5121160122721
1.40785876E8	24.473841142570784
1.40790157E8	0.0
1.407944295E8	255.0
1.407986935E8	115.1930501930502
1.40802937E8	0.0
1.40807165E8	129.0
1.408113885E8	0.0
1.408156105E8	151.22552783109404
1.408198225E8	0.449771826588207
1.40824022E8	184.47859181731684
1.408282145E8	2.017792421746293
1.408324E8	0.0
1.408365825E8	255.0
1.40840755E8	0.0
1.408449115E8	255.0
1.40849054E8	0.0
1.40851497E8	0.0
1.408535395E8	0.0
1.40857247E8	0.0
1.408613235E8	1.0
1.40865389E8	149.47627540822288
1.408694335E8	0.0
1.40873455E8	0.0
1.408774675E8	0.0
1.408814765E8	0.0
1.40885475E8	254.74371859296483
1.408894625E8	0.0
1.408934395E8	0.375
1.408974065E8	255.0
1.409013685E8	174.77383554733478
1.409053235E8	222.3294784241397
1.40909269E8	3.0
1.409132055E8	3.0
1.409171345E8	0.0
1.409210595E8	251.7167381974249
1.40924982E8	0.0
1.40928899E8	0.0
1.40932812E8	0.0
1.409367215E8	39.0
1.4094061E8	0.0
1.409444775E8	2.0725508714690477
1.409483385E8	213.87948984468738
1.409521765E8	0.0
1.40955989E8	0.0
1.409597955E8	0.0
1.409636015E8	255.0
1.40967392E8	0.0
1.40971157E8	3.0
1.40974907E8	2.4516129032258065
1.40978648E8	0.0
1.409823815E8	1.6359447004608294
1.40986105E8	0.0
1.409898215E8	21.50665004156276
1.40993536E8	0.0
1.409972465E8	255.0
1.41000941E8	0.0
1.410046115E8	0.388050930460333
1.410082665E8	255.0
1.41011916E8	0.0
1.410155645E8	0.0
1.410192115E8	0.0
1.410228535E8	0.16686251468860164
1.410264835E8	192.0554740240681
1.410301055E8	0.0
1.41033718E8	212.66666666666666
1.41037321E8	0.0
1.410409235E8	255.0
1.41044521E8	0.0
1.410481085E8	0.0
1.410516865E8	0.0
1.41055252E8	255.0
1.410588075E8	208.11263437998934
1.41062361E8	0.4977856510186005
1.41065914E8	0.0
1.41069467E8	230.52574060072857
1.41073012E8	206.23331925675674
1.41076544E8	0.0
1.41080071E8	0.0
1.41083596E8	0.0
1.41087117E8	255.0
1.41090628E8	0.0
1.410941305E8	224.1727064606866
1.41097631E8	74.2222362762459
1.411011295E8	0.0
1.411046235E8	85.56912170145726
1.411081075E8	0.0
1.41111585E8	1.0
1.4111506E8	0.0
1.411185295E8	185.47749065496507
1.41121994E8	0.0
1.411254545E8	48.07509634695761
1.411289005E8	0.0
1.411323185E8	0.0
1.411357175E8	0.0
1.4113911E8	255.0
1.411424975E8	0.0
1.41145878E8	131.50650154798763
1.411492525E8	221.51148352484063
1.41152626E8	164.8452021726011
1.41155995E8	0.0
1.411593515E8	87.0
1.41162699E8	210.52325581395348
1.41166043E8	1.75
1.4116937E8	0.0
1.411726805E8	126.12421580928482
1.411759855E8	0.0
1.41179286E8	0.0
1.411825805E8	0.0
1.411858675E8	2.8931728418280986
1.41189148E8	0.0
1.41192424E8	36.348673397511156
1.411956955E8	255.0
1.411989605E8	24.373258003766477
1.41202221E8	0.0
1.4120548E8	224.1045707991833
1.412087365E8	3.0
1.41210776E8	0.0
1.41212402E8	3.0
1.412152325E8	0.0
1.41218463E8	3.0
1.41221688E8	126.64716312056737
1.412249085E8	210.02350255999013
1.41228124E8	199.6185132778308
1.41231335E8	0.0
1.412345425E8	0.0
1.41237746E8	0.0
1.41240947E8	123.44117647058823
1.41244146E8	0.0
1.412473425E8	115.35512195121952
1.41250538E8	226.08798541092665
1.412537305E8	234.33672901847135
1.412569125E8	0.0
1.41260086E8	0.0
1.41263258E8	0.0
1.412664245E8	0.0
1.41269585E8	0.0
1.41272743E8	0.0
1.412758995E8	0.0
1.412790545E8	198.36322869955157
1.412822035E8	0.0
1.4128534E8	207.9630421876487
1.41288466E8	0.0
1.41291589E8	0.0
1.412947105E8	0.0
1.412978215E8	7.277903732124171
1.413009225E8	0.0
1.413040225E8	255.0
1.41307117E8	0.0
1.41310204E8	255.0
1.413132865E8	56.64252978918424
1.413163665E8	218.64587525150907
1.41319445E8	79.13005892866623
1.413225215E8	235.90447662808506
1.41325596E8	0.0
1.41328669E8	2.0030905077262693
1.41331738E8	0.0
1.413348E8	0.0
1.413378585E8	183.56913033029826
1.413409105E8	255.0
1.413439555E8	3.0
1.41346999E8	0.0
1.41350033E8	0.0
1.413530575E8	0.0
1.41356076E8	0.0
1.413590875E8	0.0
1.41362097E8	0.0
1.413651025E8	0.0
1.41368103E8	2.979020979020979
1.41371102E8	1.895472564156061
1.413740995E8	18.861635220125788
1.41377093E8	255.0
1.413800805E8	164.48049332997735
1.413830635E8	255.0
1.413860455E8	1.0
1.41389022E8	19.145454545454545
1.413919895E8	0.0
1.4139495E8	0.0
1.413979065E8	0.0
1.41400857E8	0.0
1.41403801E8	0.0
1.41406741E8	127.5
1.41409678E8	0.0
1.414126105E8	0.0
1.41415538E8	231.2107649322579
1.414184645E8	0.0
1.414213895E8	255.0
1.414243125E8	214.61669016718943
1.414272345E8	4.029988272742503
1.41430155E8	0.0
1.414330725E8	4.90986135375237
1.414359875E8	71.73636915604129
1.414389E8	14.166666666666666
1.414418105E8	0.0
1.41444718E8	200.55641034689629
1.414476225E8	0.1442440441347014
1.41450526E8	0.0
1.41453427E8	179.0347011416259
1.41456323E8	1.0
1.41459214E8	255.0
1.414621005E8	154.3042549946622
1.414649835E8	176.8202605562396
1.414678655E8	0.5089605734767025
1.414707475E8	255.0
1.41473629E8	24.287846481876333
1.41476508E8	0.0
1.414793845E8	167.84637822070977
1.41482258E8	1.0
1.414851235E8	0.0
1.414879835E8	3.0
1.414908425E8	0.0
1.41493699E8	243.97529477821448
1.41496551E8	222.50318787268785
1.414993995E8	255.0
1.415022465E8	0.0
1.415050915E8	255.0
1.41507934E8	0.0
1.415107725E8	0.0
1.415136075E8	0.0
1.41516441E8	0.0
1.415192725E8	0.0
1.41522102E8	1.0
1.415249305E8	212.67711413364873
1.41527757E8	1.5714285714285714
1.41530581E8	0.0
1.415334035E8	0.0
1.415362255E8	0.0
1.415390465E8	255.0
1.41541866E8	255.0
1.41544683E8	216.38330078125
1.415474975E8	0.0
1.4155031E8	0.0
1.415531175E8	0.0
1.41555919E8	187.28813559322035
1.415587165E8	0.0
1.41561512E8	0.0
1.41564307E8	63.865486725663715
1.415671015E8	0.0
1.415695015E8	235.8723631794241
1.41570898E8	255.0
1.41572688E8	0.0
1.4157548E8	0.0
1.415782705E8	176.3414765582899
1.415810595E8	255.0
1.41583847E8	31.58654367878459
1.415866325E8	0.0
1.41589416E8	213.98732240359558
1.41592198E8	0.0
1.41594971E8	255.0
1.415977345E8	1.0
1.41600491E8	0.0
1.416032415E8	0.0
1.41605989E8	255.0
1.416087335E8	0.0
1.416114735E8	0.0
1.41614208E8	0.0
1.416169385E8	147.05777392469412
1.41619657E8	224.24669723934764
1.416223655E8	0.9905660377358491
1.41625071E8	103.0
1.416277715E8	0.0
1.41630469E8	255.0
1.416331645E8	217.37314080724903
1.41635856E8	0.0
1.416385445E8	2.00103591160221
1.416412325E8	0.0
1.416439195E8	252.0427705075008
1.41646598E8	214.7776247848537
1.416492685E8	0.0
1.41651938E8	33.31452296220979
1.416546065E8	1.0
1.41657273E8	36.883307334882176
1.416599375E8	3.0
1.41662593E8	244.74027803294751
1.416652385E8	0.0
1.416678815E8	215.73811362961152
1.41670523E8	0.0
1.41673163E8	0.0
1.41675801E8	0.0
1.416784375E8	196.62770409666962
1.41681073E8	0.0
1.41683705E8	255.0
1.416863335E8	255.0
1.416889605E8	0.0
1.416915825E8	1.0
1.416942E8	0.0
1.416968145E8	0.0
1.41699426E8	3.0
1.41702034E8	0.0
1.41704638E8	0.0
1.41707241E8	149.33042809536016
1.41709838E8	3.0
1.417124275E8	74.14285714285714
1.417150135E8	0.0
1.41717597E8	0.0
1.41720177E8	0.0
1.41722754E8	0.0
1.417253305E8	59.95225843339051
1.41727906E8	189.29227272727272
1.41730481E8	0.0
1.41733056E8	2.0
1.417356305E8	255.0
1.417382025E8	0.0
1.4174077E8	0.0
1.41743333E8	0.0
1.41745892E8	0.0
1.417484485E8	0.0
1.41751004E8	254.93098470837657
1.41753556E8	0.0
1.41756104E8	127.77097452280825
1.41758648E8	3.0
1.41761189E8	171.0
1.417637275E8	0.0
1.4176626E8	0.0
1.41768789E8	0.0
1.417713145E8	0.0
1.41773836E8	113.79339950731779
1.41776357E8	0.0
1.417788775E8	0.0
1.417813975E8	1.186110265001523
1.41783916E8	0.08698315467075038
1.417864325E8	0.0
1.41788946E8	20.766001519022304
1.41791457E8	0.3177431193994055
1.417939675E8	0.0
1.417964765E8	2.6036801132342533
1.41798983E8	0.0
1.418014855E8	1.0
1.41803981E8	94.69128440366973
1.4180647E8	254.10526315789474
1.41808953E8	255.0
1.41811431E8	193.51165400436815
1.418139075E8	255.0
1.41816383E8	0.0
1.41818857E8	0.0
1.418213285E8	0.0
1.418237955E8	1.0
1.41826259E8	144.06296785557024
1.418287215E8	170.0
1.41831178E8	212.95064629847238
1.41833627E8	255.0
1.418360715E8	0.0
1.41838512E8	0.0
1.418409505E8	224.57261181667587
1.418433885E8	0.0
1.418458265E8	112.44379030446919
1.41848263E8	0.0
1.418506975E8	0.0
1.418531305E8	0.0
1.41855562E8	0.0
1.41857992E8	2.1
1.418604205E8	255.0
1.41862847E8	0.0
1.41865272E8	0.0
1.41867695E8	0.0
1.41870116E8	254.85026423957723
1.418725365E8	0.0
1.41874956E8	0.0
1.41877374E8	0.0
1.41879789E8	255.0
1.418822015E8	0.0
1.418846075E8	0.0
1.418870045E8	0.0
1.418893965E8	69.33813863573599
1.418917865E8	0.0
1.41894176E8	0.0
1.41896563E8	255.0
1.41898948E8	3.0
1.41901333E8	197.73400520892312
1.419037175E8	176.60421964189086
1.41906101E8	64.84154044691978
1.41908484E8	197.65713359520996
1.419108665E8	0.0
1.41913248E8	0.0
1.41915629E8	88.76393928770011
1.41918009E8	5.74364377572523
1.41920388E8	0.0
1.419227665E8	255.0
1.41925143E8	0.4416796267496112
1.419275165E8	0.0
1.419292615E8	26.555368116640558
1.41930446E8	0.0
1.419322555E8	0.0
1.419346225E8	0.0
1.41936987E8	0.0
1.41939347E8	0.0
1.41941703E8	172.54815695600476
1.419440575E8	255.0
1.41946411E8	0.0
1.419487635E8	0.0
1.419511115E8	0.0
1.419534545E8	255.0
1.419557965E8	225.00291191458385
1.41958135E8	0.0
1.419604675E8	228.42592592592592
1.419627965E8	0.0
1.419651245E8	224.27640531856076
1.419674515E8	230.42053566597528
1.41969777E8	0.0
1.419721005E8	0.0
1.419744205E8	0.0
1.41976738E8	1.5
1.419790505E8	0.0
1.41981358E8	0.0
1.419836635E8	237.41401805228824
1.41985967E8	120.40566637756577
1.41988266E8	2.0
1.4199056E8	0.0
1.41992852E8	37.285714285714285
1.41995142E8	0.0
1.4199743E8	0.0
1.419997165E8	0.0
1.420020015E8	255.0
1.42004285E8	0.0
1.420065675E8	0.0
1.42008845E8	0.0
1.420111165E8	240.77264653641208
1.42013386E8	0.0
1.420156535E8	0.0
1.42017916E8	0.0
1.42020175E8	0.0
1.42022431E8	0.0
1.420246815E8	0.0
1.42026929E8	0.5035460992907801
1.42029171E8	0.0
1.420314065E8	0.0
1.420336395E8	87.0951821386604
1.420358715E8	178.0691882423778
1.420381015E8	0.0
1.42040329E8	255.0
1.42042554E8	0.0
1.42044776E8	0.0
1.420469965E8	0.0
1.42049215E8	255.0
1.420514315E8	0.0
1.420536445E8	0.0
1.42055854E8	0.0
1.42058062E8	0.0
1.420602685E8	179.6124066135946
1.42062474E8	0.0
1.42064677E8	0.0
1.420668775E8	0.0
1.420690765E8	2.46242774566474
1.420712745E8	0.0
1.420734715E8	0.0
1.420756655E8	0.0
1.420778565E8	224.20301134676214
1.42080046E8	0.0
1.42082235E8	255.0
1.42084423E8	2.027124773960217
1.42086609E8	255.0
1.4208879E8	0.0
1.420909665E8	0.0
1.42093141E8	0.0
1.420953105E8	0.0
1.42097474E8	0.0
1.42099635E8	0.0
1.42101794E8	205.51636363636365
1.42103946E8	0.0
1.42106089E8	0.0
1.421082245E8	0.0
1.42110355E8	0.0
1.421124825E8	0.0
1.421146075E8	255.0
1.421167315E8	147.4707532916037
1.42118853E8	190.51157736980142
1.42120971E8	124.4006791171477
1.421230865E8	0.0
1.421252E8	0.0
1.42127313E8	0.0
1.42129426E8	0.0
1.421315385E8	0.0
1.42133649E8	0.0
1.421357575E8	0.0
1.42137864E8	0.0
1.42139969E8	179.18379446640316
1.42142073E8	0.0
1.421441755E8	0.0
1.421462745E8	0.0
1.421483705E8	255.0
1.421504655E8	0.0
1.421525595E8	0.0
1.421546525E8	3.0
1.421567435E8	94.87309201918883
1.42158833E8	0.0
1.421609215E8	0.0
1.42163009E8	0.625826355222565
1.42165096E8	0.0
1.421671825E8	0.0
1.421692675E8	0.0
1.4217135E8	176.5004854368932
1.4217343E8	0.0
1.42175509E8	0.0
1.421775875E8	0.0
1.421796645E8	255.0
1.421817365E8	0.0
1.421838025E8	3.841129564731576
1.42185866E8	0.0
1.42187929E8	204.23910734691134
1.421899915E8	255.0
1.421920525E8	0.0
1.421941125E8	0.0
1.421961725E8	255.0
1.42198232E8	255.0
1.422002865E8	1.0
1.422023345E8	0.0
1.422043795E8	0.0
1.42206423E8	255.0
1.42208462E8	0.0
1.42210496E8	0.0
1.42212529E8	0.0
1.422145605E8	255.0
1.42216589E8	10.951638676998222
1.42218613E8	0.0
1.422206335E8	134.1081081081081
1.42222652E8	255.0
1.422246675E8	177.5
1.422266795E8	255.0
1.42228689E8	0.0
1.422306975E8	255.0
1.422327045E8	0.0
1.422347105E8	0.0
1.42236716E8	100.99004975124379
1.42238721E8	255.0
1.422407225E8	0.0
1.422427205E8	2.2725409836065573
1.422447185E8	0.0
1.42246715E8	0.0
1.42248709E8	0.0
1.422507005E8	0.0
1.422526905E8	177.40387129782275
1.422546795E8	0.0
1.422566665E8	0.0
1.422586525E8	0.0
1.422606355E8	0.0
1.422626145E8	0.0
1.422645915E8	1.970909090909091
1.422665675E8	3.0
1.42268543E8	1.5026455026455026
1.422705175E8	66.0
1.422724895E8	0.0
1.422744575E8	1.0
1.422764235E8	255.0
1.422783895E8	0.0
1.422803545E8	0.0
1.42282318E8	1.0875121028756596
1.422842805E8	0.0
1.422862425E8	255.0
1.4228818E8	85.0
1.42289161E8	0.0
1.42290166E8	255.0
1.42292127E8	255.0
1.42294088E8	0.0
1.422960465E8	0.0
1.422980025E8	34.21922211507554
1.42299954E8	255.0
1.42301901E8	255.0
1.42303848E8	255.0
1.423057945E8	0.0
1.4230774E8	0.0
1.423096845E8	0.0
1.42311628E8	0.0
1.42313569E8	0.0
1.423155065E8	114.41162654139754
1.423174425E8	255.0
1.42319378E8	0.0
1.42321312E8	0.0
1.42323245E8	0.0
1.42325177E8	0.0
1.42327107E8	135.64154979795578
1.423290355E8	0.0
1.423309635E8	102.14386459802539
1.42332891E8	0.0
1.423348175E8	246.15837057050817
1.423367435E8	0.0
1.423386685E8	255.0
1.423405905E8	0.0
1.42342509E8	0.0
1.423444255E8	0.0
1.423463415E8	0.0
1.42348253E8	255.0
1.423501595E8	0.0
1.42352065E8	0.0
1.423539695E8	0.0
1.42355873E8	3.0
1.42357776E8	0.0
1.42359679E8	0.0
1.423615815E8	0.0
1.42363483E8	255.0
1.423653835E8	0.0
1.423672835E8	0.0
1.42369183E8	0.0
1.4237108E8	0.0
1.42372975E8	0.0
1.42374869E8	0.0
1.42376761E8	0.0
1.423786515E8	3.0
1.423805415E8	251.1422314911366
1.423824305E8	1.5935334872979214
1.423843155E8	0.0
1.423861925E8	189.4874022589053
1.423880645E8	0.0
1.42389936E8	0.0
1.423918065E8	135.61797752808988
1.423936765E8	0.0
1.42395546E8	0.0
1.42397415E8	0.0
1.42399284E8	0.0
1.424011525E8	255.0
1.42403019E8	0.0
1.42404883E8	208.76444376114782
1.42406746E8	0.0
1.424086055E8	0.0
1.424104605E8	254.01462876069556
1.42412313E8	0.0
1.42414163E8	0.0
1.42416009E8	0.0
1.42417852E8	0.0
1.42419695E8	0.0
1.42421538E8	3.0
1.424233805E8	0.0
1.42425222E8	0.0
1.42427063E8	0.0
1.424288995E8	0.0
1.424307315E8	0.0
1.424325625E8	0.0
1.42434392E8	3.0
1.42436221E8	1.0
1.424380485E8	74.58367346938776
1.42439871E8	0.0
1.424416895E8	0.0
1.424435075E8	0.0
1.42445323E8	0.0
1.42447136E8	4.928286321990811
1.424489455E8	0.0
1.4245075E8	0.0
1.424525525E8	0.0
1.42454354E8	254.10526315789474
1.424561545E8	0.0
1.424579545E8	255.0
1.424597535E8	0.0
1.42461551E8	0.0
1.42463346E8	0.0
1.424651385E8	0.0
1.42466928E8	0.0
1.424687145E8	0.0
1.424705E8	0.0
1.42472285E8	255.0
1.424740655E8	0.0
1.42475841E8	0.0
1.42477616E8	2.865764241398759
1.42479391E8	255.0
1.424811635E8	0.0
1.42482933E8	255.0
1.424847005E8	201.66334278146925
1.42486464E8	0.0
1.424882225E8	232.537367540435
1.424899775E8	244.6311535635562
1.4249173E8	174.73413654618474
1.42493479E8	3.0
1.42495226E8	0.0
1.42496973E8	0.0
1.42498718E8	0.0
1.4250046E8	0.0
1.425021995E8	0.0
1.42503937E8	0.0
1.425056725E8	0.0
1.42507406E8	129.0
1.425091385E8	0.0
1.425108685E8	255.0
1.425125945E8	0.0
1.425143185E8	3.0
1.4251604E8	255.0
1.42517759E8	253.4906360722119
1.425194765E8	0.0
1.425211925E8	0.0
1.42522908E8	0.0
1.425246225E8	0.0
1.42526336E8	0.0
1.425280485E8	255.0
1.425297595E8	232.07623318385652
1.425314695E8	0.08828250401284109
1.42533179E8	0.0
1.425348875E8	0.0
1.425365935E8	0.0
1.42538297E8	0.0
1.4254E8	255.0
1.425416995E8	0.0
1.425433925E8	221.23692493946731
1.425450825E8	255.0
1.42546771E8	0.0
1.42548457E8	3.0
1.42550141E8	0.0
1.42551824E8	116.2283747245007
1.42553507E8	207.57410056111783
1.425551885E8	0.0
1.42556868E8	0.0
1.425585465E8	0.0
1.42560223E8	0.0
1.42561894E8	21.25
1.42563556E8	0.0
1.425652095E8	90.56125
1.42566857E8	0.0
1.42568501E8	0.0
1.42570144E8	0.0
1.42571786E8	0.0
1.42573425E8	0.0
1.42575062E8	3.0
1.42576699E8	153.6430054234121
1.425783355E8	0.0
1.425799685E8	3.0
1.42581598E8	0.0
1.42583225E8	219.0
1.4258485E8	0.0
1.42586474E8	0.0
1.425880965E8	0.0
1.42589717E8	69.07629280248514
1.425913335E8	5.4614444658820505
1.42592946E8	215.18196994991652
1.425945565E8	141.29470950989938
1.425961665E8	255.0
1.425977755E8	255.0
1.42599378E8	0.0
1.42600974E8	0.0
1.426025685E8	163.98305084745763
1.426041585E8	0.0
1.426057445E8	0.0
1.426073305E8	255.0
1.42608914E8	1.0
1.42610493E8	0.0
1.4261207E8	0.0
1.42613646E8	0.0
1.4261522E8	0.0
1.42616792E8	0.0
1.42618361E8	0.0
1.426199275E8	179.90967437470505
1.426214905E8	0.0
1.426230505E8	254.10526315789474
1.426246095E8	0.0
1.426261665E8	0.0
1.426277225E8	255.0
1.42629278E8	0.0
1.42630832E8	2.054662379421222
1.426323845E8	1.98932384341637
1.426339355E8	0.0
1.426354855E8	89.66256157635468
1.42637035E8	0.0
1.426385825E8	0.0
1.426401275E8	0.0
1.42641671E8	43.47244826784469
1.42643213E8	0.0
1.426447535E8	0.0
1.426462925E8	0.0
1.42647757E8	255.0
1.42648524E8	0.0
1.42649362E8	244.305373525557
1.42650895E8	0.0
1.426524275E8	255.0
1.42653958E8	0.0
1.42655486E8	232.88971269694161
1.42657012E8	0.6403607666290868
1.42658537E8	0.0
1.42660062E8	214.4557655631778
1.42661585E8	255.0
1.426631055E8	0.0
1.42664625E8	0.0
1.426661435E8	0.0
1.426676605E8	170.59953161592506
1.426691735E8	0.0
1.42670683E8	0.9033078880407125
1.426721915E8	0.0
1.426736975E8	2.970069636053081
1.426752015E8	0.0
1.426767045E8	0.0
1.426782025E8	0.0
1.426796955E8	0.0
1.426811875E8	212.3634383046148
1.426826785E8	0.4303030303030303
1.42684168E8	0.0
1.426856565E8	0.0
1.42687144E8	0.0
1.42688631E8	111.64999037906485
1.42690117E8	86.8635294117647
1.426916015E8	0.0
1.426930845E8	0.0
1.426945645E8	0.0
1.426960415E8	0.0
1.42697517E8	0.0
1.42698991E8	0.0
1.42700463E8	0.0
1.427019325E8	0.0
1.427034E8	0.0
1.427048665E8	0.0
1.427063315E8	0.0
1.427077945E8	0.0
1.42709256E8	0.0
1.42710717E8	1.0
1.42712177E8	0.0
1.427136355E8	241.39550495421713
1.427150925E8	0.0
1.42716547E8	0.0
1.427179995E8	3.0
1.427194515E8	0.0
1.42720903E8	191.13756613756613
1.427223515E8	0.0
1.427237975E8	0.0
1.42725243E8	0.0
1.42726687E8	218.8626057529611
1.42728129E8	0.0
1.427295695E8	231.55981985481202
1.427310075E8	0.0
1.427324415E8	0.0
1.427338735E8	130.88059701492537
1.427353055E8	0.0
1.427367365E8	0.0
1.42738166E8	68.51711026615969
1.42739595E8	171.7150022291574
1.42741022E8	0.0
1.427424465E8	0.0
1.427438705E8	0.0
1.427452945E8	0.0
1.42746718E8	0.0
1.427481405E8	253.36837294332724
1.42749562E8	0.0
1.42750982E8	0.0
1.427523995E8	208.497528830313
1.427538155E8	0.0
1.427552315E8	127.75
1.42756647E8	65.49955869373345
1.427580605E8	0.0
1.427594725E8	0.0
1.42760884E8	0.0
1.427622945E8	0.0
1.427637035E8	0.0
1.427651115E8	255.0
1.42766519E8	1.0
1.427679255E8	0.0
1.427693305E8	0.0
1.427707335E8	0.0
1.42772132E8	255.0
1.427735265E8	0.0
1.4277492E8	202.73468966229476
1.42776312E8	0.0
1.42777703E8	0.0
1.42779094E8	0.0
1.427804825E8	255.0
1.427818685E8	0.0
1.42783254E8	0.0
1.427846385E8	152.35624123422159
1.42786022E8	255.0
1.427874045E8	2.8207016024252924
1.42788786E8	0.0
1.42790167E8	0.0
1.427915475E8	255.0
1.427929275E8	191.5
1.42794307E8	71.55251498566588
1.427956855E8	0.0
1.42797063E8	0.0
1.4279844E8	132.9398829937462
1.42799817E8	255.0
1.42801194E8	255.0
1.428025705E8	0.0
1.42803946E8	0.0
1.428053205E8	0.0
1.428066945E8	0.0
1.42808068E8	0.0
1.4280944E8	3.0
1.4281081E8	0.0
1.428121785E8	0.0
1.428135455E8	0.0
1.42814909E8	0.0
1.428162695E8	200.33685152165083
1.428176275E8	98.47053149416418
1.428189835E8	255.0
1.42820339E8	0.0
1.42821694E8	0.0
1.428230475E8	0.0
1.42824399E8	0.0
1.42825748E8	255.0
1.42827095E8	206.3846153846154
1.428284415E8	0.0
1.428297865E8	0.0
1.4283113E8	37.77970065481759
1.42832472E8	232.39477099556225
1.428338125E8	254.58369961069948
1.428351525E8	0.0
1.428364925E8	0.0
1.42837832E8	255.0
1.42839171E8	0.0
1.42840509E8	0.0
1.42841846E8	255.0
1.428431825E8	0.0
1.428445175E8	236.77578475336324
1.42845851E8	0.0
1.42847184E8	23.594456872980363
1.42848517E8	0.0
1.428498495E8	255.0
1.428511805E8	199.17099480623253
1.428525105E8	0.0
1.428538395E8	0.0
1.42855167E8	0.0
1.428564935E8	0.0
1.428578195E8	0.0
1.42859144E8	0.0
1.42860467E8	0.0
1.428617895E8	255.0
1.428631085E8	0.0
1.42864424E8	0.0
1.42865739E8	0.0
1.42867054E8	0.0
1.42868369E8	1.0797309248283
1.428696825E8	0.0
1.42870994E8	0.0
1.42872305E8	0.0
1.428736155E8	0.0
1.428749255E8	171.14793941528708
1.42876235E8	128.688936019795
1.428775435E8	0.0
1.428788505E8	0.0
1.428801555E8	255.0
1.428814595E8	0.0
1.428827635E8	0.0
1.428840675E8	255.0
1.42885371E8	0.0
1.42886674E8	0.0
1.428879765E8	0.0
1.42889278E8	0.0
1.42890579E8	0.0
1.42891879E8	234.56021994289944
1.42893177E8	0.0
1.42894474E8	0.0
1.42895771E8	255.0
1.428970675E8	0.0
1.42898363E8	0.0
1.428996575E8	0.0
1.429009515E8	0.0
1.429022455E8	255.0
1.42903539E8	192.0
1.42904831E8	0.0
1.429061215E8	0.0
1.42907411E8	127.72486772486772
1.42908699E8	228.4844975025902
1.429099855E8	0.0
1.42911271E8	0.0
1.429125555E8	3.0
1.429138395E8	206.1797706231864
1.42915123E8	0.0
1.42916406E8	151.25264677574592
1.429176885E8	254.59733814572525
1.4291897E8	0.0
1.429202505E8	0.0
1.429215305E8	255.0
1.4292281E8	255.0
1.429240885E8	0.12311399832355406
1.429253665E8	210.8802177858439
1.429266445E8	0.0
1.42927922E8	232.30843066635964
1.42929199E8	0.5369747899159664
1.42930476E8	171.0
1.429317525E8	0.0
1.42933028E8	2.401281656409946
1.42934303E8	0.0
1.429355775E8	0.0
1.429368515E8	0.0
1.429381245E8	255.0
1.42939396E8	0.0
1.42940667E8	0.0
1.42941938E8	0.0
1.42943209E8	255.0
1.4294448E8	255.0
1.429457505E8	226.72532768374734
1.429470205E8	1.0
1.429482905E8	227.9007536083791
1.4294956E8	2.3278688524590163
1.429508285E8	0.0
1.429520965E8	1.0
1.429533635E8	224.27586206896552
1.42954629E8	0.0
1.429558935E8	65.65591397849462
1.42957157E8	0.0
1.4295842E8	0.0
1.42959683E8	109.20068965517241
1.429609455E8	0.0
1.429622075E8	0.0
1.429634695E8	0.0
1.42964731E8	0.0
1.42965992E8	166.46359915021503
1.429672525E8	193.76877669165796
1.429685125E8	0.0
1.429697725E8	236.75529560543788
1.429710325E8	3.0
1.42972292E8	43.156649107515065
1.429735505E8	0.0
1.429748085E8	0.0
1.429760665E8	2.062812707215625
1.42977324E8	0.0
1.42978579E8	0.0
1.42979832E8	225.54511781047432
1.429810845E8	0.0
1.42982336E8	255.0
1.42983587E8	0.0
1.42984838E8	0.0
1.42986089E8	0.0
1.429873395E8	25.54292623941959
1.42988589E8	0.0
1.429898375E8	0.0
1.42991085E8	255.0
1.429923315E8	0.0
1.429935775E8	255.0
1.429948225E8	0.0
1.42996066E8	226.95208797130925
1.429973085E8	158.62472674277387
1.4299855E8	0.0
1.42999791E8	255.0
1.43001032E8	0.0
1.430022725E8	1.0
1.430035125E8	0.0
1.430047525E8	236.98896710300733
1.43005992E8	3.0
1.4300719E8	0.0
1.43007809E8	0.0
1.430084685E8	0.0
1.430097065E8	9.806659681749721
1.430109445E8	3.0
1.43012182E8	0.0
1.430134185E8	0.0
1.43014654E8	0.0
1.43015889E8	255.0
1.430171235E8	0.0
1.430183575E8	189.15530057758554
1.430195915E8	0.0
1.43020825E8	0.0
1.43022058E8	1.0
1.430232905E8	84.60140679953106
1.43024522E8	0.0
1.43025753E8	0.0
1.43026984E8	0.0
1.43028215E8	228.41232227488152
1.430294455E8	190.57522123893804
1.43030675E8	254.77533039647577
1.43031904E8	0.0
1.430331325E8	0.0
1.4303436E8	255.0
1.43035587E8	225.6377787093767
1.43036814E8	0.0
1.43038041E8	255.0
1.430392675E8	255.0
1.430404935E8	254.10526315789474
1.430417195E8	0.0
1.43042945E8	247.03306727480046
1.4304417E8	0.0
1.43045395E8	0.0
1.4304662E8	3.0
1.43047845E8	0.0
1.4304907E8	255.0
1.430502945E8	196.97361729179912
1.430515185E8	164.17997293640053
1.430527425E8	255.0
1.430539665E8	28.80681378242354
1.4305519E8	0.0
1.43056413E8	0.0
1.43057636E8	255.0
1.430588585E8	195.51373639700532
1.430600805E8	255.0
1.43061302E8	0.0
1.430625225E8	0.0
1.430637425E8	0.0
1.43064962E8	255.0
1.43066181E8	0.0
1.430674E8	0.0
1.430686185E8	224.7578125
1.430698365E8	0.0
1.430710525E8	212.5
1.43072266E8	0.0
1.430734785E8	0.0
1.430746905E8	255.0
1.43075902E8	254.10211267605635
1.43077113E8	0.0
1.430783235E8	255.0
1.43079533E8	0.0
1.43080742E8	255.0
1.43081951E8	0.0
1.430831595E8	0.0
1.430843675E8	0.0
1.430855755E8	2.4735866543095457
1.430867835E8	0.0
1.43087991E8	3.0
1.430891975E8	0.5590551181102362
1.43090403E8	93.94736842105263
1.43091608E8	0.0
1.43092813E8	255.0
1.43094017E8	0.0
1.4309522E8	0.0
1.43096423E8	0.0
1.430976255E8	213.0
1.430988275E8	3.0
1.43100029E8	0.0
1.431012295E8	0.551867537992756
1.431024295E8	0.0
1.431036295E8	3.0
1.43104829E8	255.0
1.43106028E8	101.31923076923077
1.431072265E8	0.0
1.431084245E8	0.14845791949817042
1.43109622E8	3.0
1.43110819E8	0.0
1.43112015E8	0.0
1.4311321E8	0.0
1.43114405E8	238.60408821947283
1.431156E8	1.0
1.43116795E8	15.015561835938897
1.431179895E8	0.0
1.43119183E8	129.4452296819788
1.43120376E8	0.0
1.43121569E8	255.0
1.43122762E8	255.0
1.431239545E8	0.0
1.431251465E8	248.99118454245558
1.431263385E8	1.0
1.4312753E8	0.0
1.43128721E8	0.0
1.431299115E8	0.0
1.431311015E8	0.0
1.431322915E8	3.0
1.43133481E8	0.0
1.4313467E8	0.0
1.43135859E8	0.0
1.43137048E8	0.0
1.43138237E8	0.0
1.43139426E8	250.56842867487327
1.431406145E8	0.0
1.431418015E8	0.0
1.431429875E8	0.0
1.431441735E8	226.2457167455876
1.431453595E8	0.0
1.431465455E8	0.0
1.43147731E8	0.0
1.43148916E8	0.0
1.43150101E8	255.0
1.43151286E8	0.0
1.431524705E8	0.0
1.431536545E8	0.0
1.431548385E8	0.0
1.431560225E8	0.0
1.431572055E8	1.0
1.431583875E8	240.59077462111821
1.43159569E8	0.0
1.4316075E8	250.93418589697794
1.43161931E8	0.0
1.43163111E8	81.0981256890849
1.4316429E8	0.0
1.43165469E8	170.0
1.431666475E8	255.0
1.431678255E8	0.0
1.431690035E8	0.0
1.431701815E8	255.0
1.431713595E8	0.0
1.431725375E8	0.0
1.43173715E8	0.0
1.431748915E8	10.761597906746726
1.43176067E8	0.0
1.43177242E8	255.0
1.431784165E8	0.0
1.431795905E8	0.0
1.43180764E8	0.0
1.43181937E8	0.0
1.4318311E8	171.0
1.43184282E8	0.0
1.43185453E8	59.829948551313294
1.43186624E8	170.33333333333334
1.43187795E8	0.0
1.431889655E8	1.0
1.43190135E8	0.0
1.43191304E8	101.26780626780626
1.431924725E8	2.159695817490494
1.4319364E8	255.0
1.43194807E8	0.0
1.43195974E8	0.0
1.431971405E8	0.0
1.431983065E8	249.5145637945759
1.431994725E8	183.4939817590036
1.432006385E8	0.0
1.43201804E8	0.0
1.43202969E8	255.0
1.432041335E8	0.0
1.43205297E8	0.0
1.4320646E8	229.6673324789219
1.43207623E8	0.0
1.43208786E8	1.0
1.43209949E8	255.0
1.43211112E8	224.17235300217774
1.432122745E8	171.76309399282727
1.432134365E8	67.68888888888888
1.432145985E8	139.4659090909091
1.4321576E8	0.0
1.43216921E8	0.0
1.43218082E8	0.0
1.432192425E8	0.0
1.432204025E8	51.645551601423485
1.432215625E8	3.0
1.43222722E8	0.0
1.43223881E8	0.0
1.4322504E8	255.0
1.43226199E8	254.52247191011236
1.43227358E8	0.0
1.432285165E8	0.0
1.432296745E8	21.07650937778632
1.432308325E8	142.3548387096774
1.4323199E8	255.0
1.43233147E8	182.14285714285714
1.432343035E8	0.0
1.432354595E8	255.0
1.43236615E8	0.0
1.4323777E8	91.29925187032418
1.43238925E8	0.0
1.4324008E8	2.267188049209139
1.432412345E8	0.0
1.432423885E8	255.0
1.432435425E8	0.0
1.432446965E8	255.0
1.4324585E8	0.0
1.43247003E8	1.0
1.43248156E8	0.0
1.432493085E8	254.69964664310953
1.432504605E8	0.0
1.432516125E8	0.0
1.432527645E8	0.0
1.43253916E8	128.0
1.432550665E8	3.0
1.432562165E8	255.0
1.432573655E8	0.0
1.432585135E8	0.0
1.432596615E8	0.0
1.432608095E8	80.93292238722331
1.432619575E8	0.0
1.432631055E8	0.0
1.43264253E8	79.91409691629956
1.432654E8	238.17348138215056
1.43266547E8	255.0
1.432676935E8	190.65734265734267
1.432688395E8	0.0
1.432699855E8	3.0
1.43271131E8	191.94449339207048
1.432722755E8	35.76424870466321
1.432734195E8	218.03554376657826
1.432745635E8	238.5387342721684
1.432757075E8	0.0
1.432768515E8	0.0
1.43277995E8	0.0
1.43279138E8	254.65211459754434
1.432802805E8	0.0
1.432814225E8	255.0
1.432825645E8	0.24614386893079615
1.43283706E8	241.21482306292606
1.43284847E8	227.0869055784179
1.432859875E8	168.22847948511665
1.432871275E8	0.0
1.432882675E8	255.0
1.432894075E8	255.0
1.43290547E8	255.0
1.43291686E8	255.0
1.43292825E8	0.0
1.43293964E8	255.0
1.43295103E8	0.0
1.432962415E8	0.0
1.43297379E8	3.0
1.432985155E8	2.961439127828479
1.432996515E8	0.0
1.433007875E8	137.6352800736055
1.433019235E8	0.0
1.43303059E8	0.0
1.43304194E8	0.0
1.43305329E8	255.0
1.433064635E8	0.0
1.433075975E8	165.86843894149067
1.433087315E8	2.007055160289362
1.433098655E8	0.0
1.43310999E8	255.0
1.43312132E8	0.0
1.43313265E8	0.0
1.433143975E8	227.56245805297453
1.433155295E8	1.6346153846153846
1.433166615E8	0.0
1.433177935E8	0.0
1.43318925E8	0.0
1.43320056E8	227.29341451951
1.43321187E8	0.0
1.433223175E8	0.0
1.433234475E8	0.0
1.433245775E8	19.75032577534532
1.43325707E8	255.0
1.43326836E8	255.0
1.43327965E8	68.39899518526272
1.43329094E8	0.0
1.43330222E8	220.47770270270271
1.43331349E8	0.0
1.433324755E8	237.40379556135184
1.433336015E8	0.0
1.433347275E8	0.0
1.433358535E8	0.0
1.433369795E8	51.0625528317836
1.43338105E8	0.11760232300884955
1.4333923E8	0.0
1.433403545E8	191.25
1.433414785E8	0.0
1.43342602E8	0.0
1.43343725E8	36.71072905684859
1.43344848E8	204.78764478764478
1.43345971E8	194.70024979184012
1.43347094E8	0.0
1.433482165E8	221.44647924101315
1.43349338E8	0.0
1.433504585E8	0.0
1.43351578E8	0.6
1.43352697E8	79.95774134790528
1.433538155E8	255.0
1.433549335E8	0.0
1.433560515E8	0.0
1.433571695E8	255.0
1.43358287E8	0.0
1.43359404E8	0.0
1.43360521E8	255.0
1.43361638E8	255.0
1.43362755E8	211.70168909247064
1.43363872E8	237.88746438746438
1.433649885E8	0.0
1.433661045E8	255.0
1.433668735E8	228.30241639103272
1.433674315E8	252.53786028334147
1.433683365E8	127.21257750221434
1.433694525E8	215.4795193883124
1.433705685E8	0.0
1.43371684E8	3.0
1.43372799E8	0.0
1.43373914E8	255.0
1.433750285E8	0.0
1.433761425E8	0.0
1.433772565E8	0.0
1.433783705E8	255.0
1.433794845E8	0.0
1.433805985E8	0.0
1.433817115E8	0.0
1.433828235E8	0.0
1.433839355E8	0.0
1.433850475E8	240.30802122099928
1.43386159E8	182.96224241648534
1.433872695E8	0.0
1.433883795E8	0.11056268509378085
1.433894895E8	27.6
1.433905995E8	0.0
1.43391709E8	255.0
1.43392818E8	0.0
1.43393927E8	229.24902861179794
1.43395036E8	255.0
1.433961445E8	2.6666666666666665
1.433972525E8	0.0
1.4339836E8	0.0
1.43399467E8	230.18030182684672
1.43400574E8	1.0
1.434016805E8	232.9597788355609
1.434027865E8	1.0
1.43403892E8	0.0
1.43404997E8	0.0
1.43406102E8	0.0
1.43407207E8	0.0
1.43408312E8	255.0
1.43409417E8	0.0
1.43410521E8	0.0
1.43411624E8	0.0
1.43412727E8	0.0
1.434138295E8	0.0
1.434149315E8	0.0
1.434160335E8	127.72486772486772
1.43417135E8	2.8635305076851423
1.43418236E8	0.0
1.43419337E8	1.6666666666666667
1.434204375E8	100.14757262396972
1.434215375E8	0.0
1.43422637E8	0.0
1.43423736E8	180.540247098465
1.434248345E8	0.0
1.434259325E8	255.0
1.434270305E8	0.0
1.43428128E8	0.0
1.43429225E8	0.0
1.43430322E8	0.0
1.434314185E8	0.0
1.434325145E8	0.0
1.434336095E8	1.0
1.43434703E8	0.0
1.434357955E8	0.0
1.43436887E8	0.0
1.43437978E8	255.0
1.434390685E8	0.0
1.434401585E8	0.0
1.434412485E8	165.9482808436868
1.434423385E8	186.11958961205514
1.434434285E8	0.0
1.43444518E8	0.0
1.43445607E8	0.0
1.434466955E8	0.0
1.434477835E8	191.5
1.434488715E8	255.0
1.434499595E8	254.87179487179486
1.43451047E8	0.0
1.43452134E8	206.11270132355287
1.43453221E8	240.45651513617494
1.434543075E8	171.1988729441059
1.434553935E8	255.0
1.434564795E8	0.7
1.434575655E8	0.0
1.434586505E8	0.0
1.434597345E8	255.0
1.434608185E8	0.0
1.434619025E8	0.0
1.434629865E8	2.0464646464646465
1.4346407E8	0.0
1.43465153E8	0.0
1.43466236E8	237.49639607679467
1.434673185E8	0.0
1.434684005E8	255.0
1.43469482E8	0.0
1.43470563E8	246.83852206637016
1.434716435E8	118.70932175075176
1.434727235E8	255.0
1.434738035E8	127.5
1.43474883E8	0.0
1.43475962E8	1.0
1.434770405E8	0.0
1.434781185E8	1.294668252572788
1.434791965E8	255.0
1.434802745E8	0.0
1.43481352E8	11.648260453239706
1.43482429E8	0.0
1.434835055E8	0.0
1.434845815E8	0.0
1.434856575E8	0.0
1.434867335E8	0.0
1.43487809E8	0.0
1.43488884E8	173.02025732274842
1.43489959E8	37.08
1.43491034E8	0.0
1.434921085E8	0.0
1.434931825E8	0.1741654571843251
1.434942565E8	40.26502339804476
1.434953305E8	3.0
1.43496404E8	255.0
1.434974765E8	244.37003944520788
1.434985485E8	255.0
1.4349962E8	0.0
1.43500691E8	175.27541827541828
1.435017615E8	0.0
1.435028315E8	127.95373665480427
1.435039015E8	0.0
1.43504971E8	0.0
1.4350604E8	0.0
1.435071085E8	3.0
1.43508176E8	0.0
1.43509243E8	0.0
1.4351031E8	255.0
1.435113765E8	255.0
1.435124415E8	255.0
1.435135055E8	0.0
1.435145695E8	238.88108108108108
1.43515633E8	0.0
1.43516696E8	0.0
1.43517759E8	174.48806366047745
1.43518822E8	194.78723045822102
1.43519885E8	0.0
1.43520948E8	0.0
1.43522011E8	0.0
1.43523074E8	0.0
1.435241365E8	221.22750835618356
1.435251985E8	0.0
1.435262605E8	2.3333333333333335
1.435273225E8	120.9375
1.435283845E8	0.0
1.43529446E8	1.0
1.435305065E8	0.4908468837078057
1.435315665E8	232.91725833880486
1.435326265E8	0.0
1.43533686E8	184.80776775205962
1.43534745E8	0.0
1.43535804E8	0.0
1.435368625E8	0.0
1.435379205E8	229.72889925281552
1.435389785E8	0.0
1.435400365E8	158.6021878335112
1.43541094E8	0.0
1.435421505E8	0.0
1.435432065E8	133.8728323699422
1.435442625E8	191.6684350132626
1.435453185E8	3.0
1.43546374E8	0.0
1.43547429E8	0.0
1.43548484E8	0.0
1.435495385E8	87.0
1.435505925E8	0.0
1.43551646E8	0.0
1.43552699E8	254.7584083372809
1.43553752E8	59.977160680148906
1.43554805E8	23.606493252493642
1.43555858E8	255.0
1.435569105E8	0.0
1.435579625E8	248.76128786221827
1.435590145E8	3.0
1.43560066E8	255.0
1.43561117E8	0.0
1.43562168E8	255.0
1.43563219E8	0.0
1.4356427E8	0.25
1.435653205E8	0.0
1.435663705E8	1.0
1.4356742E8	0.7296602911789895
1.43568469E8	0.0
1.43569518E8	0.0
1.43570567E8	0.0
1.43571616E8	255.0
1.435726645E8	0.0
1.435737125E8	207.2165768371237
1.435747605E8	0.0
1.435758085E8	0.0
1.435768565E8	127.04922491161273
1.43577904E8	1.0801958494441268
1.43578951E8	0.0
1.43579998E8	0.0
1.43581045E8	1.0
1.435820915E8	0.0
1.43583137E8	0.0
1.43584182E8	1.4
1.43585227E8	99.29157600248679
1.43586272E8	0.0
1.435873165E8	0.0
1.435883605E8	0.0
1.435894045E8	0.0
1.43590448E8	255.0
1.43591491E8	255.0
1.435925335E8	0.0
1.435935755E8	0.0
1.435946175E8	243.82154152213835
1.435956595E8	208.01431127012523
1.435967015E8	0.0
1.43597743E8	164.0565846231921
1.43598784E8	0.0
1.43599825E8	0.0
1.436008655E8	0.0
1.436019055E8	0.0
1.436029455E8	0.0
1.436039855E8	255.0
1.43605025E8	171.0
1.43606064E8	130.12944881889763
1.43607103E8	254.7504892367906
1.436081415E8	0.0
1.436091795E8	212.2508792497069
1.436102175E8	0.0
1.43611255E8	0.0
1.43612292E8	0.0
1.43613329E8	0.0
1.43614366E8	177.71406750476754
1.436154025E8	0.0
1.436164385E8	0.0
1.43617474E8	0.0
1.43618509E8	255.0
1.43619544E8	255.0
1.43620579E8	0.0
1.43621614E8	0.0
1.43622648E8	0.0
1.43623681E8	255.0
1.43624714E8	255.0
1.43625747E8	211.5214747989802
1.436267795E8	0.0
1.436278115E8	228.37912087912088
1.436288435E8	0.0
1.43629875E8	0.0
1.43630906E8	0.0
1.43631937E8	255.0
1.436329675E8	161.22551301036597
1.436339975E8	0.0
1.436350275E8	0.0
1.43636057E8	204.6
1.43637086E8	0.0
1.43638115E8	130.21086828765166
1.43639144E8	221.2423632413088
1.43640173E8	0.0
1.43641202E8	0.0
1.43642231E8	0.0
1.436432595E8	255.0
1.436442875E8	0.0
1.43645315E8	0.0
1.43646342E8	0.0
1.43647369E8	0.0
1.436483955E8	0.0
1.436494215E8	0.0
1.43650447E8	0.0
1.43651472E8	1.0
1.43652497E8	51.0
1.43653522E8	0.7095565271705184
1.43654546E8	0.0
1.43655569E8	0.0
1.436565915E8	0.0
1.436576135E8	254.61577096936213
1.436586355E8	238.7775209828488
1.436596575E8	0.0
1.43660679E8	145.71428571428572
1.436617E8	254.43906731192257
1.43662721E8	0.0
1.436637415E8	213.82205992599938
1.436647615E8	0.0
1.436657815E8	0.0
1.43666801E8	0.0
1.4366782E8	0.0
1.43668839E8	255.0
1.43669858E8	0.0
1.43670877E8	137.96441479010286
1.436718955E8	255.0
1.436729135E8	0.0
1.436739315E8	0.0
1.436749495E8	0.0
1.436759665E8	0.0
1.436769825E8	0.0
1.436779985E8	1.698539176626826
1.43679014E8	0.0
1.43680029E8	0.0
1.436810435E8	0.0
1.436820575E8	191.09838589363088
1.436830715E8	0.0
1.436840855E8	0.0
1.436850995E8	0.0
1.43686113E8	54.98434588147596
1.43687126E8	0.0
1.43688139E8	0.5
1.436891515E8	0.0
1.436901635E8	0.0
1.436911755E8	182.28571428571428
1.436921875E8	209.16120842853516
1.436931995E8	206.65515075376885
1.43694211E8	0.0
1.43695222E8	2.4764342343467134
1.43696233E8	0.0
1.43697244E8	255.0
1.436982545E8	215.26461733481224
1.436992645E8	0.0
1.437002745E8	255.0
1.437012845E8	0.0
1.437022935E8	0.0
1.437033015E8	0.0
1.437043095E8	0.0
1.43705317E8	0.0
1.43706324E8	0.0
1.437073305E8	54.008849557522126
1.437083365E8	0.0
1.437093425E8	0.0
1.43710348E8	0.0
1.43711353E8	0.0
1.43712358E8	0.04177425707908442
1.43713363E8	0.929004520080141
1.43714368E8	83.34957507082153
1.437153725E8	0.0
1.437163765E8	0.0
1.437173805E8	0.0
1.437183845E8	0.0
1.43719388E8	0.0
1.4372039E8	170.33333333333334
1.43721391E8	0.0
1.43722392E8	2.4325346784363178
1.43723393E8	0.0
1.43724394E8	207.1031746031746
1.437251765E8	167.80212154257956
1.437257305E8	0.0
