#Position (bp)	Coverage	Std
179658.5	306.90903271771924	383.6003618006793
538974.5	310.7585774081867	2404.680910589756
898290.5	237.93917331819347	500.8877919971406
1257606.5	157.69512907858265	293.87684096401495
1616922.5	112.21538423003707	252.48324279884645
1976238.5	102.85852286010086	252.06844750276161
2335554.5	184.41206904229148	304.1315615065379
2694870.5	225.20273241380846	1322.0242360046448
3054186.5	252.90641941911855	310.23108198106564
3413502.5	97.94107693506551	195.45105337937554
3772818.5	70.04808302441305	91.67512803531038
4132134.5	120.07602221999576	1464.4416874566123
4491450.5	226.33543733092876	2338.8115081365368
4850766.5	216.42517728127888	379.2838245818587
5210082.5	320.1184194413831	1601.2822345446173
5569398.5	166.20545703503322	379.5905554747519
5928714.5	821.1567478208597	1631.7572424243644
6288030.5	235.21003239488363	260.4875037090102
6647346.5	226.6630152845963	409.09039429392493
7006662.5	330.15193868349866	1187.1746410851667
7365978.5	191.28858998764318	218.54337557382647
7725294.5	279.03279007892775	1640.276474896198
8084610.5	542.2641992007036	1657.5185106049435
8443926.5	857.2286010085829	1887.2392454825733
8803242.5	55.06577497244765	84.50499058090242
9162558.5	73.17391098642977	277.11536079793996
9521874.5	223.98348528871523	517.5206344389563
9881190.5	488.253723741776	2895.789954381845
1.02405065E7	729.7390848167073	3438.3482298206413
1.05998225E7	314.31599205156465	806.4031467400116
1.09591385E7	462.0754683899409	2247.201860941248
1.13184545E7	29.687792917654654	78.57530791549925
1.16777705E7	108.30991661935455	367.67919650837837
1.20370865E7	229.48306782887485	615.9027732742103
1.23964025E7	845.1675655968562	582.5678050074775
1.27557185E7	114.60479076912802	295.97642470437694
1.31150345E7	181.777363101003	294.5645716005617
1.34743505E7	247.9146600763673	1384.0534954442533
1.38336665E7	97.25381836600653	199.95274421823854
1.41929825E7	80.55233276558795	164.97423633943365
1.45522985E7	29.44802346680916	86.39476937974419
1.49116145E7	223.2582796201672	440.4422868900184
1.52709305E7	71.5260745416291	166.00325336342587
1.56302465E7	96.14879938549912	181.51638456302524
1.59895625E7	12.278442930456757	37.72448352025877
1.63488785E7	382.59537009206383	394.0874530224885
1.67081945E7	270.8858859611039	449.2098269385391
1.70675105E7	45.746838437475645	101.82420486073775
1.74268265E7	163.71901056451702	291.88255749588217
1.77861425E7	17.987264691803315	10.244489236610173
1.81454585E7	39.0129885671665	76.14014646218448
1.85047745E7	325.77029133130725	1830.1190803258237
1.88640905E7	294.9557826537087	1416.3771993674638
1.92234065E7	187.4794080976077	311.8792578836697
1.95827225E7	302.9367270035289	434.28740065933187
1.99420385E7	126.04243896737134	357.1773644145343
2.03013545E7	125.61846397043271	310.9538953380107
2.06606705E7	240.15135980585333	460.9628397861311
2.10199865E7	340.02578788587203	442.0710063089394
2.13793025E7	249.74188736376894	375.95145666056186
2.17386185E7	567.3633820926427	2537.125229010042
2.20979345E7	175.8053885716194	2273.5424219313422
2.24572505E7	279.34945284930257	2557.4424689960397
2.28165665E7	95.53929410324061	106.61757457706737
2.31758825E7	67.11996960892363	192.5811339721724
2.34346265E7	62.30583794856233	473.4973940451139
2.36142845E7	3.616617945352583	2.3422158785499887
2.38945145E7	22.620362021173563	33.76512340806186
2.42538305E7	54.88706876398491	74.98828080114582
2.46131465E7	274.32911977201127	144.2379097092384
2.49724625E7	107.86645738013337	220.95551360870988
2.53317785E7	85.28275946520611	580.9679283266107
2.56910945E7	47.68752296029122	18.101267268380028
2.60504105E7	159.20443843302274	31.701828068459125
2.64097265E7	191.90481637333156	145.02870402953246
2.67690425E7	15.125262999699428	23.38298298043873
2.71283585E7	44.3477746607443	75.95620230606275
2.74876745E7	259.4099316479088	138.56380544792015
2.78469905E7	659.256195104031	307.6104466593868
2.82063065E7	435.0541974195416	1674.662290632356
2.85656225E7	163.1348924066838	220.24556243932693
2.89249385E7	278.4143984682007	352.2412146421671
2.92842545E7	167.17807166950539	318.4772751309738
2.96435705E7	273.0376994066504	968.5645848278785
3.00028865E7	250.03707043382425	689.5745782035366
3.03622025E7	436.88321143505993	556.3045364333664
3.07215185E7	64.45036959111201	109.92711576583022
3.10808345E7	332.8200441950818	384.34970619038126
3.14401505E7	291.3942824700264	570.3305703671015
3.17994665E7	118.38401574101904	224.69136736141752
3.21587825E7	122.25107982945374	243.58556817569865
3.25180985E7	270.0184962539937	518.3996225547504
3.28774145E7	141.03511115564015	295.34636681573465
3.32367305E7	351.9150691870109	2043.8067098119718
3.35960465E7	455.2999755090227	796.5134540675751
3.39553625E7	441.6191291231117	290.85864959425624
3.43146785E7	153.63975998842244	325.44123908962484
3.46739945E7	98.23787974930146	153.28411574930314
3.50333105E7	337.9850354562558	380.62904168876156
3.53926265E7	768.5192254171816	5606.830114145593
3.57519425E7	1134.9656124414164	2346.786506380745
3.61112585E7	283.5484559552038	604.6405752365341
3.64705745E7	206.91249485132863	1147.9311989614714
3.68298905E7	206.3174281134155	296.1925927057429
3.71892065E7	143.80308697636622	474.9684797372606
3.75485225E7	671.8794431642343	941.8286372271591
3.79078385E7	596.5723374411382	3577.388213781326
3.82671545E7	126.67287568602568	357.6893606898834
3.86264705E7	124.24734495541529	236.01544812645895
3.89857865E7	93.35977245655634	203.6099401038459
3.93451025E7	197.8223764040566	293.9395000719467
3.97044185E7	457.5094345923922	576.3534224617812
4.00637345E7	326.3278033819813	2871.5398994178195
4.04230505E7	261.9785063843525	1336.616040571717
4.07823665E7	549.0647146244531	1861.201703862022
4.11416825E7	465.3778707321689	1862.8456472605844
4.15009985E7	614.57996860702	2652.7975335864644
4.18603145E7	229.86071313272996	398.446208619305
4.22196305E7	343.6477724342918	573.2288147887641
4.25789465E7	166.3203058032484	218.9674605847467
4.29382625E7	844.4853081966849	2282.865873954241
4.32975785E7	50.533441316278704	123.68511217750662
4.36568945E7	151.70066459606585	1886.0188240453183
4.40162105E7	196.57879137027018	246.6792433166159
4.43755265E7	72.42767090805864	251.65525421701477
4.47348425E7	333.89677331374054	953.1744914816497
4.50941585E7	691.9042681094079	1014.3978179938895
4.54534745E7	74.92385810818332	132.12550286437366
4.58127905E7	201.38383205868928	290.0641799013717
4.61721065E7	538.2814486413074	2387.8775904356075
4.65314225E7	352.4951825134422	2131.232037576065
4.68907385E7	339.73951340881007	1164.1023019535492
4.72500545E7	316.14210054659407	809.1005305108113
4.76093705E7	850.9939357000524	2973.938638107762
4.79686865E7	262.1424122499416	594.4175858167773
4.83280025E7	495.2474534949738	3694.2592115310163
4.86541545E7	118.93627725367593	129.5448019180541
4.88338125E7	3.451619225666385	2.5477853811831834
4.90466345E7	269.8242995023879	450.05162464666023
4.94059505E7	151.60642164557103	155.3139940548438
4.97652665E7	166.6846369212615	345.83280940574787
5.01245825E7	200.82469469770342	326.2332764298028
5.04838985E7	429.73142860323503	1809.8774773927614
5.08432145E7	108.64122666399493	207.81486362732952
5.12025305E7	201.57889712676308	230.03774200067826
5.15618465E7	309.3059730153959	2158.4199914745795
5.19211625E7	553.3789561277539	1866.1756780231744
5.22804785E7	296.51719377929174	257.7895736651994
5.26397945E7	195.35815271237573	468.3980258256403
5.29991105E7	341.7791748767102	407.4420208557476
5.33584265E7	128.98597613242939	252.89656410356898
5.37177425E7	26.113857996860702	85.72353793299281
5.40770585E7	254.97895167484887	499.82504176602043
5.44363745E7	332.48121709024923	606.5630066173435
5.47956905E7	68.51007191441516	178.61480666370912
5.51550065E7	110.98767936857807	334.06201015685923
5.55143225E7	92.92569493148092	285.2665982020739
5.58736385E7	233.6241692549177	1402.5952676443683
5.62329545E7	252.67320687083236	442.5610036370602
5.65922705E7	113.29358559039953	149.55447966835428
5.69515865E7	311.2568185107259	464.7214327179083
5.73109025E7	370.41585401151076	1915.1006437604442
5.76702185E7	133.44111589798393	398.9432954137914
5.80295345E7	417.307904462924	1093.3228021670416
5.83888505E7	655.2701382626991	2557.348138557041
5.87481665E7	158.73173474045132	278.8692946131803
5.91074825E7	44.91110888465863	112.59053154153919
5.94667985E7	700.706620356455	16597.862771231663
5.98261145E7	229.4461142838059	499.62162279435455
6.01854305E7	137.8428375023656	156.21416119727414
6.05447465E7	294.80624018969377	1654.9561706414304
6.09040625E7	243.85613498981397	446.5657279523394
6.12633785E7	167.95432432733304	283.047685857038
6.16226945E7	135.3540783043338	212.78952632327935
6.19820105E7	429.1454791882354	2229.983937852185
6.23413265E7	76.23682496743814	132.66262625468912
6.27006425E7	195.14495040577097	456.54678609291744
6.30599585E7	70.2466575382115	98.19447390281546
6.34192745E7	152.19180053212213	364.14993967740156
6.37785905E7	272.18687450600584	735.4041925557316
6.41379065E7	46.58651994344811	137.38412809303344
6.44972225E7	180.27683988466976	323.7280411589019
6.48565385E7	229.36204065502233	279.38540183313336
6.52158545E7	208.4183058923065	438.24358679434647
6.55751705E7	342.9910413118258	438.50983895632663
6.59344865E7	182.99763717730355	190.06813967510715
6.62938025E7	241.210953589598	461.30265261937717
6.66531185E7	81.07049783477495	198.50963431168748
6.70124345E7	29.55516870943682	77.11745296157522
6.73717505E7	122.34125950416903	396.19074539083937
6.77310665E7	269.5440002671743	1907.5526741226672
6.80903825E7	61.9009646105378	164.01864286654634
6.84496985E7	148.01320286321788	274.5534379312433
6.88090145E7	311.25061784056373	437.30829715552875
6.91683305E7	343.061614289372	461.33056953278464
6.95276465E7	113.25184517249441	178.23515700625555
6.98869625E7	101.50348161506864	183.07349419415854
7.02462785E7	234.17574224359618	423.66160185661016
7.06055945E7	256.7147469080141	407.9986788943549
7.09649105E7	274.624272228345	2309.0861697731657
7.13242265E7	13.335710071357802	22.599027435567205
7.16835425E7	202.1384241169333	587.3072734169705
7.20428585E7	479.04544467822194	3284.5962973206374
7.24021745E7	952.5830355453139	237.33360944298735
7.27614905E7	193.6638335058834	450.8559444685348
7.31208065E7	17.924041790513087	31.13556297890892
7.34801225E7	39.00750871099534	85.8985151461782
7.38394385E7	75.42914036669673	431.44437887432446
7.41987545E7	47.79634360841154	23.57907903383429
7.45580705E7	194.87209587104388	30.668761290633324
7.49173865E7	112.1150101860201	27.910664955317788
7.52767025E7	14.577054737334269	11.014570956613317
7.56360185E7	13.144702712932348	2.857976621459989
7.59953345E7	745.9582734974229	2184.673215224015
7.63546505E7	321.9515440447962	60.873878755690384
7.67139665E7	183.0451663716617	220.70811461287687
7.690225E7	1.2708828473711669	1.3281181216511797
7.7081908E7	1.3485390203616272	28.116607684304718
7.74325985E7	21.839815093121373	5.742749717695964
7.77919145E7	38.692799652673415	95.80947704268752
7.81512305E7	2.571945028888221	1.827733095071068
7.85105465E7	4.130303131505416	16.97706024750415
7.88698625E7	5.931700787050953	11.901421060705397
7.92291785E7	10.724649055427534	66.17824659921818
7.95884945E7	24.054361620412116	86.30317286155702
7.99478105E7	46.87210700330628	55.53214708221665
8.03071265E7	401.99947678366675	101.6268900459722
8.06664425E7	358.5669466430663	362.12017828680916
8.10257585E7	64.78133453561767	139.43186512682973
8.13850745E7	279.2467772100324	706.1018433176805
8.17443905E7	190.14400416346615	363.08237863677846
8.21037065E7	308.7809616048269	352.59877613901546
8.24630225E7	646.828568725022	2227.5052434993245
8.28223385E7	255.42286177069766	607.8963440723568
8.31816545E7	140.41676129089714	209.17439109447903
8.35409705E7	44.89300225984927	206.7518916329597
8.39002865E7	347.0494077636398	2140.2997979729116
8.42596025E7	59.07264914448563	101.82310841545323
8.46189185E7	55.13549076578833	207.4155128423638
8.49782345E7	186.35542252501975	247.59415935906603
8.53375505E7	127.69889734940833	475.14061114007353
8.56968665E7	306.0897176858253	474.56294129121505
8.60561825E7	284.0157660666377	455.22306144717106
8.64154985E7	407.6448001202284	1308.2723443049927
8.67748145E7	466.5323781852186	3070.9604462469115
8.71341305E7	265.1355269456412	450.3521461033513
8.74934465E7	31.26469458638079	104.23422582901367
8.78527625E7	128.2265805029556	341.4828312767994
8.82120785E7	575.9990927206136	3141.6234063321353
8.85713945E7	1083.4831429716462	922.2998894639784
8.89307105E7	304.75599194024204	464.50500377820936
8.92900265E7	339.36905676340604	721.5234795189043
8.96493425E7	127.12087967137562	341.2311422001814
9.00086585E7	331.77259849269166	426.14910052841157
9.03679745E7	131.5705367976934	430.02572430326376
9.07272905E7	457.1132930345434	729.9114969632449
9.10866065E7	227.62124703603513	651.1850186798986
9.14459225E7	120.41693940709571	731.119600689454
9.18052385E7	312.75637322022953	1215.262072030993
9.21645545E7	732.9171731846063	2020.918546518043
9.25238705E7	60.83250397978381	343.6679510922321
9.28831865E7	419.7808029700876	3504.1066089787696
9.32425025E7	256.12976321677854	334.78397859511006
9.36018185E7	165.53349141145955	327.09970180701964
9.39611345E7	166.15880172327422	289.96521576938824
9.43204505E7	76.88933417938527	168.18490596674152
9.46797665E7	86.46474969107972	154.03694277078205
9.50390825E7	782.1367069654566	1388.722403211768
9.53983985E7	179.1769445279364	194.86516926231525
9.57577145E7	113.97639125449466	184.3033514204824
9.61170305E7	164.24199312026184	410.14752837852257
9.64763465E7	113.91973082189493	231.15809816721534
9.68356625E7	166.5667462623429	201.74043833082766
9.71949785E7	40.2112819913391	72.43506691476165
9.75542945E7	310.3544289705997	1343.7408785699079
9.79136105E7	462.2760745416291	1393.6769751957254
9.82729265E7	210.04600129134244	275.782059621037
9.86322425E7	114.20191140945575	152.2256676164151
9.89915585E7	174.5466330472342	238.94210459436275
9.93508745E7	307.35570639771123	536.6325098115751
9.97101905E7	139.0806532411582	170.22614706245525
1.000695065E8	152.79256142225785	177.12673387231774
1.004288225E8	227.23579245009964	2145.2922146556703
1.007881385E8	412.86482093755916	707.4477703136695
1.011474545E8	344.17209086152576	380.8895629044834
1.015067705E8	188.46539257923388	222.62508405255008
1.018660865E8	235.79703659174655	525.6352258410801
1.022254025E8	413.2637038150263	2004.5102683063192
1.025847185E8	253.3485706175066	2525.075043294864
1.029440345E8	110.64311079940776	429.30219463305497
1.033033505E8	130.61254438989636	166.58777285620494
1.036626665E8	241.0711212414699	597.2014089708757
1.040219825E8	172.6389250687417	243.02373442204285
1.043812985E8	136.86105266673346	454.7974248442595
1.047406145E8	296.5434881831035	1705.743695282805
1.050999305E8	45.28068608133231	144.5978833865165
1.054592465E8	86.0778868739494	216.16460387091595
1.058185625E8	156.8617762637901	156.7450311659736
1.061778785E8	267.01327800598915	1364.4594020675215
1.065371945E8	182.99261931002238	407.6580380627523
1.068965105E8	708.0210538912823	3145.7356544908657
1.072558265E8	437.5311174565007	2184.0704629451398
1.076151425E8	146.49089937548007	323.4505431181305
1.079744585E8	330.81808213383204	1071.1083080222454
1.083337745E8	306.85589564617214	1566.4154965987202
1.086930905E8	385.069888343408	1022.2597779057521
1.089314775E8	353.56856067700795	728.9781366081633
1.091111355E8	467.9951913932969	3037.334799331724
1.094117225E8	324.31792906522395	319.6828074897257
1.097710385E8	263.18613699362123	343.4673884215608
1.101303545E8	368.5430874216567	749.5166390534582
1.10324175E8	92.79579876434245	124.77578478835494
1.10503833E8	115.01058034810615	96.76495812633107
1.108489865E8	203.49870865756048	1505.3956479119613
1.112083025E8	150.60715080875886	405.3102670561484
1.115676185E8	121.45858241770475	138.066007453876
1.119269345E8	209.97777722116464	2035.4489878779827
1.122862505E8	200.39699317592314	239.91444191730622
1.126455665E8	135.27738536552783	202.71971652102286
1.130048825E8	263.3067411415022	217.64552006470225
1.133641985E8	31.87436685257545	62.39361996068165
1.137235145E8	107.03069999666032	241.3655974376289
1.140828305E8	180.8059563170023	261.01474324683204
1.144421465E8	379.0743050685191	692.7103001716746
1.148014625E8	82.616949982745	125.84517809653502
1.151607785E8	374.59894911442854	566.1668398172336
1.155200945E8	134.46476917253892	291.0509293211114
1.158794105E8	208.5962829375814	1562.68260262772
1.162387265E8	328.51773091095305	1729.037088525151
1.165980425E8	245.6821015484977	428.5669200557858
1.169573585E8	558.2512495964555	2240.2449886518357
1.173166745E8	104.58373687784568	133.34678196920004
1.176759905E8	45.117665230604814	102.29688085629496
1.180353065E8	29.6927829542798	87.81005674416328
1.183946225E8	457.5955955203776	2027.5703473020424
1.187539385E8	225.48822763250175	254.051487893994
1.191132545E8	280.3131811553062	317.04273120640045
1.194725705E8	385.33882432176694	827.4799098481391
1.198318865E8	196.30187912589474	1827.7505322074496
1.201912025E8	60.138596667000634	224.340441587932
1.205505185E8	180.31311436173172	180.24758046720046
1.209098345E8	135.91667223279788	226.28463468083834
1.212691505E8	285.6133431297242	556.5614848021779
1.216284665E8	228.80267508265706	541.2507521592713
1.219877825E8	236.5524997495241	331.7842991759644
1.223470985E8	98.05580324839417	238.56444719694957
1.227064145E8	33.7526383461911	63.5962150853172
1.230657305E8	196.08147702857653	157.60682109002389
1.234250465E8	99.58550412450322	270.6181893873743
1.237843625E8	315.06826581616184	1439.7881946942919
1.241436785E8	327.45995446904675	626.0906045174836
1.245029945E8	83.26638669026707	179.17745042103542
1.248623105E8	62.62202072827261	98.60918280880063
1.252216265E8	135.0691508310234	84.0895158269457
1.255809425E8	145.90575426643957	1504.207794107261
1.259402585E8	259.33063097663336	464.7137703816952
1.262995745E8	273.2996137104944	429.6681303094649
1.266588905E8	370.346964788654	810.2502469255473
1.270182065E8	236.442354362177	1170.3372094789859
1.273775225E8	390.0739154393347	1196.5682444733802
1.277368385E8	82.51818455064623	208.68119847119831
1.280961545E8	201.6146623028198	218.8549983185066
1.284554705E8	63.44021975085997	120.30285203655306
1.288147865E8	178.1246507252669	792.7462981784001
1.291741025E8	161.59856783444098	252.19848340433896
1.295334185E8	108.53910485477964	194.52336099477537
1.298927345E8	443.2285536964677	1817.1287859138477
1.302520505E8	119.6089152723508	287.3747855244038
1.306113665E8	103.1236182079284	205.8422822541292
1.309706825E8	23.331023388883324	43.694322462668055
1.313299985E8	88.10237785125071	181.31044426161313
1.316893145E8	191.0443258858498	237.29829680207106
1.320486305E8	38.773152322746554	126.62862351811343
1.324079465E8	4.227315232274655	6.519389172491708
1.327672625E8	57.306805152011044	138.20634596038298
1.331265785E8	24.997729018468423	27.782515426061543
1.334858945E8	23.381530463436086	70.8722709467096
1.337730805E8	3.6395496986831337	4.403250510520993
1.339527385E8	4.0918688479134895	35.82918832698841
1.342045265E8	24.14081755335137	57.82891894210102
1.345638425E8	52.777936412517114	347.87336622040215
1.349231585E8	608.964293268321	129.01644423755158
1.352824745E8	79.402804216901	63.37167830905764
1.356417905E8	52.1221264847655	114.33147940714441
1.360011065E8	48.92436740918857	28.679833335884442
1.363604225E8	65.2317430896481	64.24377229650698
1.367197385E8	88.54305402486948	114.62638789685334
1.370790545E8	116.38937870843492	790.1025075198826
1.374033365E8	29.38840372275694	109.93519864654272
1.375577225E8	56099.71030526531	196051.67070028366
1.375927565E8	11.77312836340614	42.49913551436295
1.376371405E8	6.9490372540812055	22.147903171669153
1.37699935E8	2.5127339323527726	5.633297024732036
1.37786751E8	3.194906511180405	25.784484206841974
1.37868371E8	5.361282527639562	12.635580952967445
1.37942101E8	2.477549051598167	11.8094444826602
1.37980213E8	8.069025623147986	18.712348752004086
1.38019627E8	1.196481098904106	3.005510893339173
1.38089538E8	1.4086106906834905	9.71374699125992
1.38156123E8	26.751004680985567	164.39349544886574
1.382206275E8	0.49344733898034204	3.1731754871433013
1.38280805E8	1.3867439646967206	10.524433966035541
1.38323179E8	0.011163446204057412	0.10548155451506375
1.383484915E8	0.01973628602823092	0.14138549131693803
1.38384028E8	2.414924806479509	5.749106379898298
1.384312265E8	0.19195079385348826	0.5335745740530112
1.384772795E8	1.722584219858156	2.9623673923698064
1.38522045E8	5.471684942919547	9.542995690399168
1.385663025E8	20.42182115000907	118.03336930599797
1.38610046E8	0.3481778576861904	1.1342578238287442
1.38651258E8	5.1914397684485545	2.7864032244505186
1.386833775E8	1.7230732597825225	6.842997385888123
1.387019305E8	0.6471279811891165	1.5177817379643508
1.38726341E8	0.00796467369219516	0.12382791039914183
1.387630385E8	1.928046707965572	5.194345350198257
1.3879854E8	501.6158859824455	796.9482636775793
1.3883298E8	0.3569952559736896	1.1172429925063523
1.388668195E8	0.06296518607442977	0.3844985509130843
1.389001375E8	3.733101212630568	5.391754531579028
1.389325255E8	34.088970120788304	243.99400968905968
1.38963047E8	0.18882466281310212	0.9199806878834419
1.38991991E8	0.7628334216569511	1.977501077246359
1.390198715E8	0.16892482517482518	1.7837651700316894
1.39044446E8	3.3170147052044436	15.538967245782617
1.390581695E8	0.05213764337851929	0.29887984596132117
1.39074104E8	0.11265556193758376	0.6081645030739278
1.391000815E8	1.7420665634674923	3.6753193243884144
1.39125904E8	1.5951947297035458	2.5212754850851846
1.391516555E8	0.7825122577632501	2.0989696503941504
1.391772845E8	23.773982785602502	179.17567768583547
1.39202833E8	1.0530994243646474	1.5430413546486974
1.39227853E8	0.09794719013998286	0.45145517845032446
1.392522945E8	7.541837571780148	10.22833250779783
1.392761035E8	0.0	0.0
1.392991635E8	0.013110742068001049	0.11450214874840144
1.393219065E8	0.1608122456202442	0.7188034946970379
1.39344169E8	12.606587290725788	68.09444491454141
1.393656665E8	0.0	0.0
1.39386585E8	8.453739825651398	24.13250478939758
1.394057875E8	0.08457091032762726	0.40515888743499884
1.394157655E8	0.0	0.0
1.39426072E8	0.1584239575933111	0.7067782493419188
1.394433E8	0.018567803428854366	0.1517368651705294
1.394591395E8	0.07730962504831851	0.5058605132938667
1.39474609E8	0.0	0.0
1.394898515E8	0.07751526413591718	0.6910632075162052
1.39504877E8	2.0192885269972636	6.879780196995164
1.39519712E8	0.10213113637911078	0.6280911845587219
1.39534307E8	0.0	0.0
1.39548658E8	0.33368547080780336	1.200364993673375
1.395628065E8	0.3933182011632856	0.9649849295787407
1.395768695E8	0.0427715996578272	0.26350059477075094
1.395908865E8	0.021419391689276025	0.14635365280469095
1.396048595E8	0.021520803443328552	0.17065995622866925
1.39618797E8	0.10139935414424112	0.4121408310099545
1.396327175E8	0.0	0.0
1.39646447E8	0.022135320593226593	0.14877943605628632
1.39659998E8	6.257583585504466	35.64997831101598
1.39673523E8	0.0	0.0
1.39687001E8	0.32166480862133034	0.8998121113592505
1.39700456E8	0.08769973987365291	0.3155807820923395
1.397138915E8	0.0	0.0
1.397272965E8	0.022771390174705093	0.15311215770015793
1.39740652E8	0.05812119846812345	0.36001218138302155
1.397539385E8	0.0	0.0
1.397671835E8	0.0	0.0
1.397738625E8	0.0	0.0
1.39780441E8	1.8945753088314279	3.1280015125872955
1.397935115E8	0.068660360085444	0.35672192815276005
1.39806605E8	0.0	0.0
1.398195725E8	3.586341008089608	7.594934323627267
1.398324245E8	0.0	0.0
1.39845262E8	0.10072503313323458	0.46838124772180195
1.398580325E8	0.1565990246971842	0.7004571643623162
1.3987073E8	0.0	0.0
1.398833975E8	0.02370791844476055	0.16960426796804418
1.398960405E8	3.2465167827739077	3.9204506759066096
1.399086725E8	0.023749208359721344	0.1541077816326007
1.399212565E8	0.49664964901084874	2.766665000781183
1.39933781E8	123.92903380484296	224.7086642229713
1.39946267E8	0.07199614736335179	0.487503357153789
1.399587085E8	0.4828557630392788	1.6323111817135845
1.399711325E8	0.0	0.0
1.39983544E8	0.21679167674812486	0.8020459361434157
1.399959275E8	3.9533473479948253	10.89797817036771
1.400082885E8	0.20106847984458476	0.7762460151212254
1.40020559E8	0.0	0.0
1.400327265E8	0.0	0.0
1.400448715E8	0.0	0.0
1.4005699E8	0.0	0.0
1.400690545E8	0.0	0.0
1.40081085E8	0.12521825891743577	0.5867073313344197
1.400930995E8	0.23621063156140643	1.0258693542607322
1.40105101E8	0.08165986167819349	0.27491277752600507
1.40117094E8	0.12148518982060909	0.5267955567532203
1.401281635E8	0.0	0.0
1.40134155E8	0.0	0.0
1.401410485E8	4.589730724201371	21.685858701852887
1.40153003E8	0.19881181491088612	0.9719520671575381
1.40164882E8	0.0	0.0
1.40176667E8	0.07583099549434669	0.4300021055327062
1.4018842E8	169.07493826109172	437.0108414185276
1.40200076E8	0.9073385772322586	3.346048586682166
1.402116215E8	0.0	0.0
1.402231315E8	0.0	0.0
1.402345955E8	0.0	0.0
1.402459205E8	0.07932263814616755	0.3207055501716075
1.402571045E8	0.0	0.0
1.402682415E8	0.0	0.0
1.4027885E8	16.98959468833614	38.90326563285154
1.40288828E8	0.030410542321338063	0.17438618730088132
1.402984445E8	0.0	0.0
1.40307799E8	0.0	0.0
1.403166425E8	0.035945363048166784	0.22055851375961977
1.40324819E8	0.0	0.0
1.403326835E8	0.31054131054131057	0.9426716759454952
1.403402015E8	0.0	0.0
1.4034742E8	0.0	0.0
1.40354483E8	0.12780237041268028	0.4514086983403317
1.403614525E8	4.121539792387543	5.860326407764019
1.403683705E8	9.547536231884058	8.210138659705706
1.403752505E8	1.7135568513119535	3.8374592238173215
1.403821105E8	0.12667638483965016	0.5925927613108495
1.40388953E8	0.3956043956043956	1.0095514544559576
1.403957145E8	0.0	0.0
1.404023365E8	0.22899480598838987	0.8560455199183739
1.404088075E8	0.0	0.0
1.404151525E8	0.35891325071496666	1.3024505757928868
1.40421418E8	0.7696007696007696	2.139963842244049
1.40427633E8	10.176166639754562	9.88731112905976
1.404337675E8	0.7289335088874259	2.361920866106339
1.404398365E8	0.0	0.0
1.40445888E8	1.407217348121172	3.9439459282785014
1.404519085E8	0.0	0.0
1.404579005E8	0.2491644385026738	0.7793928461027531
1.404638765E8	1.2448056300268096	5.023603803472437
1.404698365E8	0.0949260752688172	0.35331570761475045
1.4047577E8	0.1014370245139476	0.3969452246994102
1.40481673E8	33.50925140044135	142.48797594802184
1.404875345E8	0.0	0.0
1.404915035E8	0.0	0.0
1.404943895E8	0.0	0.0
1.404990715E8	0.0	0.0
1.405047025E8	429.5540977713875	558.48161430387
1.40510262E8	0.0	0.0
1.405157995E8	0.6807971014492754	1.3845681584910317
1.40521292E8	1.2695333943275389	1.9013165371829637
1.40526756E8	52.69357495881384	102.63780020239247
1.40532181E8	0.0	0.0
1.40537566E8	39.71930150473714	37.80699590357854
1.405429375E8	0.16791044776119404	0.4097687735311148
1.405482795E8	0.0	0.0
1.40553603E8	0.0	0.0
1.405589225E8	0.5077125658389767	1.5508074549173532
1.40564221E8	0.0	0.0
1.405694775E8	0.22897553516819572	0.7864486817663233
1.40574688E8	0.11408749277317402	0.47767665375895024
1.405798735E8	0.651099961404863	1.6095047674035845
1.405850135E8	0.05668889760690467	0.33172753002744443
1.40590093E8	0.05927682276229994	0.28323364937505674
1.405951535E8	0.0	0.0
1.40600212E8	0.0	0.0
1.406052535E8	0.0	0.0
1.406102665E8	1.4396	5.327813810560576
1.406152645E8	0.0	0.0
1.406202595E8	0.6607929515418502	1.319123991794127
1.406252495E8	0.06016847172081829	0.2603647661879809
1.40630226E8	0.0	0.0
1.40635179E8	0.060741040696497266	0.24645697534559102
1.40640115E8	0.0	0.0
1.4064504E8	0.0	0.0
1.4064995E8	50.05139710381399	47.576746505795114
1.406548455E8	0.0	0.0
1.40659729E8	1.3886042221766755	2.3430001106154315
1.40664601E8	0.12332990750256938	0.5633550940333091
1.406694435E8	0.0	0.0
1.40674261E8	0.0	0.0
1.40679061E8	0.6008359456635318	1.4572271517463684
1.40683806E8	0.0	0.0
1.40688509E8	0.0	0.0
1.406931635E8	0.19401041666666666	0.8740073734751262
1.40697758E8	0.0	0.0
1.40702335E8	0.1312048983162038	0.43163752803597766
1.40706898E8	0.13178124313639358	0.42334677353854405
1.40711432E8	0.0	0.0
1.40715925E8	1.948781033325878	2.9517858303845417
1.40720393E8	0.4687569988801792	1.2097032110821957
1.407248515E8	0.0	0.0
1.407292955E8	0.2993688007213706	0.831633372783212
1.407337135E8	0.0	0.0
1.40738111E8	0.0	0.0
1.40742499E8	0.0	0.0
1.407468785E8	0.0	0.0
1.40751256E8	0.0	0.0
1.407556295E8	0.0	0.0
1.40759995E8	0.1258885576702591	0.35480777566206056
1.407643435E8	0.055581180811808115	0.29486690974903346
1.407686665E8	1.9487238979118329	3.467348525958133
1.407729765E8	2.3700696055684456	8.454642185093242
1.40777284E8	0.0	0.0
1.40781584E8	104.86146682188591	192.8634741832667
1.40785876E8	25.37328048496153	58.76433366168458
1.40790157E8	0.0	0.0
1.407944295E8	0.0	0.0
1.407986935E8	0.07048872180451128	0.3237178294173906
1.40802937E8	0.0	0.0
1.40807165E8	0.26461538461538464	0.918965201419574
1.408113885E8	0.0	0.0
1.408156105E8	1.5582662245381336	2.5739190378958745
1.408198225E8	3.532127558305569	8.962346534373095
1.40824022E8	0.39432928282106267	0.9571470991725213
1.408282145E8	2.1654727793696273	5.406604790269601
1.408324E8	0.0	0.0
1.408365825E8	0.0628885700621712	0.270942524801066
1.40840755E8	0.0	0.0
1.408449115E8	0.18674698795180722	0.5113176929586244
1.40849054E8	0.0	0.0
1.40851497E8	0.3994673768308921	0.69619471693496
1.408535395E8	0.0	0.0
1.40857247E8	0.0	0.0
1.408613235E8	0.07367387033398821	0.3006214911529539
1.40865389E8	6.476964769647696	14.736579991630238
1.408694335E8	0.0	0.0
1.40873455E8	0.0	0.0
1.408774675E8	0.0	0.0
1.408814765E8	0.22466300549176235	0.4895309379306002
1.40885475E8	0.15033826108744675	0.5483397871529053
1.408894625E8	0.0	0.0
1.408934395E8	0.3778337531486146	1.0829570489051261
1.408974065E8	0.0	0.0
1.409013685E8	1.3015151515151515	2.922224142565717
1.409053235E8	43.20962025316456	71.19001494485094
1.40909269E8	0.0	0.0
1.409132055E8	0.0	0.0
1.409171345E8	0.0	0.0
1.409210595E8	0.8916921508664628	1.5
1.40924982E8	0.0	0.0
1.40928899E8	0.0	0.0
1.40932812E8	0.0	0.0
1.409367215E8	0.07731694828469023	0.27713699773684664
1.4094061E8	0.0	0.0
1.409444775E8	3.5952380952380953	7.283468476177971
1.409483385E8	49.39372731985485	47.26372849346737
1.409521765E8	0.0785751702462022	0.3179623442853679
1.40955989E8	5.279747832939322	14.625910490742623
1.409597955E8	0.0	0.0
1.409636015E8	0.23646873357856016	0.6831044094878118
1.40967392E8	0.0	0.0
1.40971157E8	0.07989347536617843	0.2826543390188419
1.40974907E8	0.1602136181575434	0.5660629261090032
1.40978648E8	0.0	0.0
1.409823815E8	0.40187667560321716	1.4722636726197578
1.40986105E8	0.8060263653483992	2.398322434059526
1.409898215E8	0.5651237890204521	1.887868470724497
1.40993536E8	0.0	0.0
1.409972465E8	0.0	0.0
1.41000941E8	0.0	0.0
1.410046115E8	1.2969945355191257	2.578971286419231
1.410082665E8	0.08246575342465753	0.28954380745986635
1.41011916E8	0.0	0.0
1.410155645E8	0.0	0.0
1.410192115E8	0.08228195282501372	0.3017593320175564
1.410228535E8	1.0720175920835624	3.5875142346375886
1.410264835E8	0.5543898398674766	1.0275068333865187
1.410301055E8	0.0	0.0
1.41033718E8	0.8201498751040799	1.51612665110924
1.41037321E8	0.0	0.0
1.410409235E8	0.1665741254858412	0.5771899609068771
1.41044521E8	0.0	0.0
1.410481085E8	0.08375209380234507	0.28939954008661634
1.410516865E8	0.0	0.0
1.41055252E8	0.16783806578577454	0.45084495688384524
1.410588075E8	10.948508722566123	13.406977496156333
1.41062361E8	0.2533070644525753	0.8201652164463606
1.41065914E8	0.0	0.0
1.41069467E8	5.526315789473684	7.185374644464377
1.41073012E8	5.007350862312695	8.037602468094233
1.41076544E8	0.0	0.0
1.41080071E8	0.08505812305075135	0.3956095883739201
1.41083596E8	0.0	0.0
1.41087117E8	0.0	0.0
1.41090628E8	0.0	0.0
1.410941305E8	153.31039406053682	81.57762155206855
1.41097631E8	4.394398399542727	5.926818640219679
1.411011295E8	0.0	0.0
1.411046235E8	0.5157593123209169	1.2367347710737366
1.411081075E8	0.0	0.0
1.41111585E8	0.0	0.0
1.4111506E8	0.0	0.0
1.411185295E8	2.7319676860934794	4.405676189755512
1.41121994E8	0.0	0.0
1.411254545E8	14.147773279352228	12.525866816416446
1.411289005E8	0.0	0.0
1.411323185E8	0.0	0.0
1.411357175E8	0.0	0.0
1.4113911E8	0.17704337562702863	0.6482151994681097
1.411424975E8	0.0	0.0
1.41145878E8	0.42607407407407405	1.0098771469103813
1.411492525E8	191.94131594546533	223.02011998516633
1.41152626E8	0.5686332641565373	1.937658689694037
1.41155995E8	0.0	0.0
1.411593515E8	0.0	0.0
1.41162699E8	0.5365999402449955	1.5338039400267525
1.41166043E8	0.17898832684824903	0.5983115022264723
1.4116937E8	0.0	0.0
1.411726805E8	0.0	0.0
1.411759855E8	0.0	0.0
1.41179286E8	0.0	0.0
1.411825805E8	0.0	0.0
1.411858675E8	0.9074299634591961	2.997664539577306
1.41189148E8	0.0	0.0
1.41192424E8	0.0916030534351145	0.30265996338319096
1.411956955E8	0.1835985312117503	0.4306210823030705
1.411989605E8	0.6517473942366646	1.6988112120033243
1.41202221E8	0.26020251610923595	0.9992325990735303
1.4120548E8	623.6870205584535	881.3692539963885
1.412087365E8	0.0	0.0
1.41210776E8	0.0	0.0
1.41212402E8	0.0	0.0
1.412152325E8	0.0	0.0
1.41218463E8	0.27889680818097307	0.7974238036656659
1.41221688E8	0.18740304064536145	0.5339832114598785
1.412249085E8	6.228713486637663	14.659412815303913
1.41228124E8	5.883286647992531	7.7632851504643225
1.41231335E8	0.0	0.0
1.412345425E8	0.18714909544603867	0.5443522766765053
1.41237746E8	0.0	0.0
1.41240947E8	0.49265854420493593	1.4113389168691164
1.41244146E8	0.0	0.0
1.412473425E8	1.0578848560700875	2.218437362291984
1.41250538E8	387.18748043818465	181.03526576095408
1.412537305E8	122.36739811912226	224.88237120268664
1.412569125E8	0.0	0.0
1.41260086E8	0.0	0.0
1.41263258E8	0.07410911384421318	0.27682481336438924
1.412664245E8	0.09487666034155598	0.3547812040114267
1.41269585E8	0.0914846470402026	0.42515103548694927
1.41272743E8	0.0817231548938866	0.40034828043167525
1.412758995E8	0.0	0.0
1.412790545E8	1.2257450856055803	1.6433799095005102
1.412822035E8	0.0	0.0
1.4128534E8	56.52285075103867	114.92517331641874
1.41288466E8	0.0	0.0
1.41291589E8	0.0	0.0
1.412947105E8	0.0	0.0
1.412978215E8	4.2469374597034175	5.016703241371993
1.413009225E8	0.0	0.0
1.413040225E8	0.6780645161290323	1.6142510497481188
1.41307117E8	0.0	0.0
1.41310204E8	0.9705024311183145	1.5396436052276237
1.413132865E8	0.0	0.0
1.413163665E8	0.2922077922077922	0.8308187168448603
1.41319445E8	0.9743256418589535	2.0757510162451958
1.413225215E8	0.0	0.0
1.41325596E8	0.0	0.0
1.41328669E8	0.48812235600390497	1.0981746829323866
1.41331738E8	0.0	0.0
1.413348E8	0.0	0.0
1.413378585E8	28.928057553956833	47.792191048118475
1.413409105E8	0.8837820091923835	2.7488432474314433
1.413439555E8	0.0	0.0
1.41346999E8	0.09858692080184028	0.37151270385085944
1.41350033E8	0.0	0.0
1.413530575E8	0.0	0.0
1.41356076E8	0.1384002655160969	0.3688861608519692
1.413590875E8	0.0	0.0
1.41362097E8	0.0	0.0
1.413651025E8	0.0	0.0
1.41368103E8	0.0	0.0
1.41371102E8	0.972324108036012	2.73992135951967
1.413740995E8	1.3447930574098799	1.4181024949728884
1.41377093E8	0.49849548645937813	1.2785031786429266
1.413800805E8	2.9148793565683646	4.192422629781308
1.413830635E8	0.4024144869215292	1.4428528265236817
1.413860455E8	0.6036217303822937	1.1306355234059255
1.41389022E8	0.5042073375967687	1.9634835335879837
1.413919895E8	0.0	0.0
1.4139495E8	0.0	0.0
1.413979065E8	0.0	0.0
1.41400857E8	0.0	0.0
1.41403801E8	0.0	0.0
1.41406741E8	0.10214504596527069	0.3452089516406198
1.41409678E8	0.0	0.0
1.414126105E8	0.0	0.0
1.41415538E8	30.15715749914588	49.176366257499815
1.414184645E8	0.0	0.0
1.414213895E8	0.7106703146374829	1.3327917276640358
1.414243125E8	85.4034907597536	57.97527146379291
1.414272345E8	4.2118412046543465	9.617371773812685
1.41430155E8	0.20554984583761562	0.6411705636375015
1.414330725E8	0.102880658436214	0.34045882057130067
1.414359875E8	1.4341111873713108	2.223987897637953
1.414389E8	1.2366884232222604	4.346745269152783
1.414418105E8	0.20618556701030927	0.6421612990679355
1.41444718E8	8.28605851979346	18.13472245025207
1.414476225E8	4.545454545454546	9.070317588542574
1.41450526E8	0.0	0.0
1.41453427E8	322.0627802690583	329.50354850712273
1.41456323E8	0.0	0.0
1.41459214E8	0.41467635860159224	1.097843948884566
1.414621005E8	2.0124826629681	3.52925164848522
1.414649835E8	439.469812630118	601.4021570264429
1.414678655E8	0.1040943789035392	0.3862666735495995
1.414707475E8	0.1040943789035392	0.3226366050272957
1.41473629E8	1.0402637972926068	2.371296597419439
1.41476508E8	0.0	0.0
1.414793845E8	1.562239221140473	2.1590930718491075
1.41482258E8	0.0	0.0
1.414851235E8	0.0	0.0
1.414879835E8	0.31433566433566434	0.6943830586699478
1.414908425E8	0.0	0.0
1.41493699E8	1.0567425569176883	1.5874949149773077
1.41496551E8	326.1035451035451	547.2217064395344
1.414993995E8	0.14782303370786518	1.0485074999865713
1.415022465E8	0.0	0.0
1.415050915E8	0.10548523206751055	0.35578403348241006
1.41507934E8	0.0	0.0
1.415107725E8	0.3004231311706629	0.9129996748115105
1.415136075E8	0.0	0.0
1.41516441E8	0.0	0.0
1.415192725E8	0.0	0.0
1.41522102E8	0.4241781548250265	1.3025792180516722
1.415249305E8	0.655940594059406	1.4559782627346707
1.41527757E8	0.3185840707964602	1.0735764396080123
1.41530581E8	0.0	0.0
1.415334035E8	0.0	0.0
1.415362255E8	0.0	0.0
1.415390465E8	0.10460992907801418	0.36853168498363803
1.41541866E8	0.31926214969847466	1.1905981457491135
1.41544683E8	17.328241563055062	22.755383100170473
1.415474975E8	0.0	0.0
1.4155031E8	0.29989327641408753	0.7737695502984401
1.415531175E8	0.0	0.0
1.41555919E8	2.276170060735977	3.1460234232723843
1.415587165E8	0.5364806866952789	1.543364587168903
1.41561512E8	0.0	0.0
1.41564307E8	0.8554561717352415	1.8226364359952676
1.415671015E8	0.0	0.0
1.415695015E8	23.730807577268195	31.28623522344339
1.41570898E8	10.047013977128335	6.771548971726706
1.41572688E8	0.0	0.0
1.4157548E8	0.0	0.0
1.415782705E8	1.6587813620071685	1.7915572609757242
1.415810595E8	0.21556671449067433	0.5144957554275266
1.41583847E8	1.3975601004664513	3.666585118315527
1.415866325E8	0.0	0.0
1.41589416E8	126.64462809917356	128.48608940534817
1.41592198E8	0.0	0.0
1.41594971E8	0.0	0.0
1.415977345E8	0.9866039102099927	2.6525847108209573
1.41600491E8	0.0	0.0
1.416032415E8	0.0	0.0
1.41605989E8	0.0	0.0
1.416087335E8	0.10932944606413994	0.4085457391666858
1.416114735E8	0.0	0.0
1.41614208E8	0.0	0.0
1.416169385E8	116.86693548387096	97.5629393063765
1.41619657E8	306.61683277962345	100.59607324350094
1.416223655E8	0.4446085672082718	1.0747539308217668
1.41625071E8	0.22160562338142803	0.7979348112496845
1.416277715E8	0.0	0.0
1.41630469E8	0.378568780126066	0.333518672982535
1.416331645E8	210.92353377876762	336.44661562726094
1.41635856E8	0.0	0.0
1.416385445E8	1.734375	2.9631918521049143
1.416412325E8	0.0	0.0
1.416439195E8	3.17982129560685	5.271200501614447
1.41646598E8	4.211905653313366	2.753439698988169
1.416492685E8	0.0	0.0
1.41651938E8	2.6927688272761334	3.558271541869736
1.416546065E8	0.0	0.0
1.41657273E8	230.39549718574108	214.98144428849605
1.416599375E8	0.0	0.0
1.41662593E8	17.93955421231583	9.7657682979664
1.416652385E8	0.11346444780635401	0.35221366091471673
1.416678815E8	70.71006813020439	91.66030166234836
1.41670523E8	0.0	0.0
1.41673163E8	0.0	0.0
1.41675801E8	0.0	0.0
1.416784375E8	9.183232169954476	20.683970393990705
1.41681073E8	0.0	0.0
1.41683705E8	0.4469379992392545	0.5732731192266416
1.416863335E8	1.4646118721461188	2.4030675474791248
1.416889605E8	0.0	0.0
1.416915825E8	0.0	0.0
1.416942E8	0.11425296140619029	0.4768223694721556
1.416968145E8	0.0	0.0
1.41699426E8	0.0	0.0
1.41702034E8	0.0	0.0
1.41704638E8	0.08451786400307337	0.2907195624705592
1.41707241E8	0.8067614291202458	1.39836906263827
1.41709838E8	0.0	0.0
1.417124275E8	0.11591962905718702	0.405716493701212
1.417150135E8	0.0	0.0
1.41717597E8	0.0	0.0
1.41720177E8	0.0	0.0
1.41722754E8	0.0	0.0
1.417253305E8	0.0	0.0
1.41727906E8	1.2046601941747572	2.2259720250512314
1.41730481E8	0.11611650485436893	0.4446008354834945
1.41733056E8	0.15184466019417475	0.47663871645032935
1.417356305E8	1.3966588966588966	1.9262832633253113
1.417382025E8	0.0	0.0
1.4174077E8	0.5563352826510721	1.6586943831008214
1.41743333E8	0.0	0.0
1.41745892E8	0.0	0.0
1.417484485E8	0.24804381846635368	0.33274596136449475
1.41751004E8	6.509197651663405	12.940916466092634
1.41753556E8	0.0	0.0
1.41756104E8	360.5339615233608	465.4122122237494
1.41758648E8	0.8134592680047226	1.771811285161126
1.41761189E8	0.47186147186147187	1.171449688332526
1.417637275E8	0.0	0.0
1.4176626E8	0.0	0.0
1.41768789E8	0.0	0.0
1.417713145E8	0.0	0.0
1.41773836E8	8.125743752479176	16.123875875997605
1.41776357E8	0.0	0.0
1.417788775E8	0.0	0.0
1.417813975E8	0.6682539682539682	1.798588511839391
1.41783916E8	16.083035359555026	32.156210153101206
1.417864325E8	0.0	0.0
1.41788946E8	2.6260454002389486	5.243037901415838
1.41791457E8	0.0	0.0
1.417939675E8	0.0	0.0
1.417964765E8	0.24003189792663476	0.7298598322970227
1.41798983E8	0.0	0.0
1.418014855E8	0.0	0.0
1.41803981E8	18.8627057406664	10.955330637170702
1.4180647E8	0.0	0.0
1.41808953E8	0.12020976200080678	0.34671279468863964
1.41811431E8	105.99031085991118	155.6339620951948
1.418139075E8	2.397415185783522	3.5089891488185962
1.41816383E8	0.0	0.0
1.41818857E8	0.0	0.0
1.418213285E8	0.0	0.0
1.418237955E8	0.3652597402597403	1.136038914643515
1.41826259E8	3.047097036134795	5.655490399653821
1.418287215E8	0.0	0.0
1.41831178E8	0.8135454916360669	2.0975787950171476
1.41833627E8	0.4903964037597058	1.0492568448385455
1.418360715E8	0.0	0.0
1.41838512E8	0.0	0.0
1.418409505E8	5.451599671862182	8.732347716197939
1.418433885E8	0.0	0.0
1.418458265E8	28.468826907301068	43.73865726629674
1.41848263E8	0.0	0.0
1.418506975E8	0.0	0.0
1.418531305E8	0.4934210526315789	1.3542088387495366
1.41855562E8	0.0	0.0
1.41857992E8	1.8526142445450804	3.7438023438904184
1.418604205E8	0.607495881383855	1.1143440975345313
1.41862847E8	0.0	0.0
1.41865272E8	0.0	0.0
1.41867695E8	0.0	0.0
1.41870116E8	2.47666253614209	3.2175042729397876
1.418725365E8	0.0	0.0
1.41874956E8	0.0	0.0
1.41877374E8	0.0	0.0
1.41879789E8	0.0	0.0
1.418822015E8	0.0	0.0
1.418846075E8	0.0	0.0
1.418870045E8	0.0	0.0
1.418893965E8	8.99958158995816	12.186641290422171
1.418917865E8	0.0	0.0
1.41894176E8	0.12641272498953537	0.3543664129476244
1.41896563E8	0.0	0.0
1.41898948E8	0.12578616352201258	0.4922885417981453
1.41901333E8	13.651572327044025	8.115027342104444
1.419037175E8	444.7713926174497	519.7598906800442
1.41906101E8	8.356273604699958	14.613139713526081
1.41908484E8	106.32480067142258	112.77620730135139
1.419108665E8	0.0	0.0
1.41913248E8	0.0	0.0
1.41915629E8	537.3439731205376	407.0866555772825
1.41918009E8	18.48549810844893	43.62952577241338
1.41920388E8	0.25220680958385877	0.9616435419673353
1.419227665E8	0.1261564339781329	0.35636705357162357
1.41925143E8	0.12631578947368421	0.36244781838580786
1.419275165E8	0.0	0.0
1.419292615E8	5.000894454382826	7.556406846940796
1.41930446E8	0.11990407673860912	0.34627168053222185
1.419322555E8	0.12331081081081081	0.3511563908158455
1.419346225E8	0.0	0.0
1.41936987E8	0.0	0.0
1.41939347E8	0.0	0.0
1.41941703E8	0.12738853503184713	0.40275062748623003
1.419440575E8	0.0	0.0
1.41946411E8	0.0	0.0
1.419487635E8	0.0	0.0
1.419511115E8	0.0	0.0
1.419534545E8	0.12809564474807855	0.3832531878247026
1.419557965E8	5.654141759180188	6.4749731690999015
1.41958135E8	0.0	0.0
1.419604675E8	1.8725321888412017	5.091269983306567
1.419627965E8	0.0	0.0
1.419651245E8	66.37757731958763	29.94097859644395
1.419674515E8	439.9105760963027	390.21122991949886
1.41969777E8	0.0	0.0
1.419721005E8	0.0	0.0
1.419744205E8	0.0	0.0
1.41976738E8	0.0	0.0
1.419790505E8	5.846187175043328	10.732387530945047
1.41981358E8	0.0	0.0
1.419836635E8	38.34288194444444	33.97603066460563
1.41985967E8	6.9114198871037775	17.380770564343063
1.41988266E8	1.959912854030501	4.005279739944137
1.4199056E8	0.0	0.0
1.41992852E8	1.1348756001745963	2.3863975066612886
1.41995142E8	0.0	0.0
1.4199743E8	0.0	0.0
1.419997165E8	0.0	0.0
1.420020015E8	1.313922942206655	1.7355861241654926
1.42004285E8	0.13096802452912834	0.42118660984814615
1.420065675E8	0.0	0.0
1.42008845E8	0.0	0.0
1.420111165E8	5.601321585903084	3.6684150150258303
1.42013386E8	0.0	0.0
1.420156535E8	0.0	0.0
1.42017916E8	0.0	0.0
1.42020175E8	0.0	0.0
1.42022431E8	0.0	0.0
1.420246815E8	0.0	0.0
1.42026929E8	0.0	0.0
1.42029171E8	0.0	0.0
1.420314065E8	0.3504923903312444	0.6862246044111172
1.420336395E8	0.5331541218637993	1.1212352379324162
1.420358715E8	38.91532258064516	36.21607917322088
1.420381015E8	0.06328545780969479	0.25156601083949076
1.42040329E8	0.1347103726986978	0.42697545329784986
1.42042554E8	0.0	0.0
1.42044776E8	0.0	0.0
1.420469965E8	0.0	0.0
1.42049215E8	0.0	0.0
1.420514315E8	0.0	0.0
1.420536445E8	0.0	0.0
1.42055854E8	0.0	0.0
1.42058062E8	0.0	0.0
1.420602685E8	43.62964641885766	24.203101409951177
1.42062474E8	0.0	0.0
1.42064677E8	0.13630168105406634	0.39877139804204953
1.420668775E8	0.0	0.0
1.420690765E8	0.0	0.0
1.420712745E8	0.0	0.0
1.420734715E8	0.0	0.0
1.420756655E8	0.0	0.0
1.420778565E8	57.04200913242009	66.22592092783404
1.42080046E8	0.0	0.0
1.42082235E8	0.0	0.0
1.42084423E8	0.0	0.0
1.42086609E8	0.0	0.0
1.4208879E8	0.13780431786862654	0.4830617402819309
1.420909665E8	0.0	0.0
1.42093141E8	0.0	0.0
1.420953105E8	0.0	0.0
1.42097474E8	0.0	0.0
1.42099635E8	0.0	0.0
1.42101794E8	1.0690774223458508	1.6635111528289983
1.42103946E8	0.0	0.0
1.42106089E8	0.0	0.0
1.421082245E8	0.14071294559099437	0.3751172424602665
1.42110355E8	0.0	0.0
1.421124825E8	0.0	0.0
1.421146075E8	0.0	0.0
1.421167315E8	3.3469868173258	3.5083972443418463
1.42118853E8	8.56441717791411	12.593960214480095
1.42120971E8	0.0	0.0
1.421230865E8	0.27057710501419113	0.78055846877656
1.421252E8	0.0	0.0
1.42127313E8	0.0	0.0
1.42129426E8	0.0	0.0
1.421315385E8	0.0	0.0
1.42133649E8	0.0	0.0
1.421357575E8	0.0	0.0
1.42137864E8	0.0	0.0
1.42139969E8	0.2850356294536817	0.9039370209075525
1.42142073E8	0.0	0.0
1.421441755E8	0.7440532825880114	1.3068654256361367
1.421462745E8	0.0	0.0
1.421483705E8	0.28530534351145037	0.7553877726194016
1.421504655E8	0.0	0.0
1.421525595E8	0.0	0.0
1.421546525E8	0.5717017208413002	1.0208158548730666
1.421567435E8	3.843062200956938	6.570049485295712
1.42158833E8	0.0	0.0
1.421609215E8	0.0	0.0
1.42163009E8	1.7187350263536176	4.803967374944425
1.42165096E8	0.14326784858648778	0.41474962283362293
1.421671825E8	0.0	0.0
1.421692675E8	0.0	0.0
1.4217135E8	6.980297933685728	16.0357751173321
1.4217343E8	0.0	0.0
1.42175509E8	0.0	0.0
1.421775875E8	0.0	0.0
1.421796645E8	1.144990366088632	2.304703241798236
1.421817365E8	0.0	0.0
1.421838025E8	37.093507751937985	81.77636893078511
1.42185866E8	0.14396509936984975	0.37942733081559865
1.42187929E8	46.39214735821619	60.99444123333652
1.421899915E8	0.4049466537342386	0.7820116316568166
1.421920525E8	0.0	0.0
1.421941125E8	0.0	0.0
1.421961725E8	0.7276699029126213	1.3768191849190528
1.42198232E8	1.1369596891694997	2.141202904580002
1.422002865E8	0.42341463414634145	1.0106747323615775
1.422023345E8	0.0	0.0
1.422043795E8	0.0	0.0
1.42206423E8	0.44052863436123346	1.445027932903806
1.42208462E8	0.0	0.0
1.42210496E8	0.0	0.0
1.42212529E8	0.0	0.0
1.422145605E8	0.0	0.0
1.42216589E8	9.317217562900838	14.964734074156217
1.42218613E8	0.0	0.0
1.422206335E8	0.0	0.0
1.42222652E8	0.1487357461576599	0.3856627362834785
1.422246675E8	0.0	0.0
1.422266795E8	0.0	0.0
1.42228689E8	0.0	0.0
1.422306975E8	0.29880478087649404	0.7730521080451098
1.422327045E8	0.0	0.0
1.422347105E8	0.0	0.0
1.42236716E8	1.344638403990025	2.7133180357437405
1.42238721E8	0.4488778054862843	0.9245879314012097
1.422407225E8	0.0	0.0
1.422427205E8	1.7807807807807807	2.9862883179488744
1.422447185E8	0.45045045045045046	1.3087065036564587
1.42246715E8	0.0	0.0
1.42248709E8	0.0	0.0
1.422507005E8	0.0	0.0
1.422526905E8	14.313065326633167	8.966688772210643
1.422546795E8	0.0	0.0
1.422566665E8	0.15055387713997986	0.38801272806440235
1.422586525E8	0.0	0.0
1.422606355E8	0.0	0.0
1.422626145E8	0.15166835187057634	0.4059716029059499
1.422645915E8	0.2823886639676113	0.9253514487175803
1.422665675E8	0.15182186234817813	0.45216528094884345
1.42268543E8	0.41620253164556964	1.1165044910259039
1.422705175E8	0.60790273556231	1.1590793957243417
1.422724895E8	0.0	0.0
1.422744575E8	0.3051881993896236	0.7812658950570204
1.422764235E8	0.1525940996948118	0.533706210784843
1.422783895E8	0.0	0.0
1.422803545E8	0.0	0.0
1.42282318E8	0.0	0.0
1.422842805E8	0.381243628950051	0.8732051636929903
1.422862425E8	3.36289500509684	6.733457473043429
1.4228818E8	0.25927861996863566	0.7201091861219876
1.42289161E8	0.0	0.0
1.42290166E8	0.0	0.0
1.42292127E8	0.6527281998980112	1.5645225308756479
1.42294088E8	0.0	0.0
1.422960465E8	0.0	0.0
1.422980025E8	12.869120654396728	22.265685172397436
1.42299954E8	0.0	0.0
1.42301901E8	0.7416538263995891	1.4774455669108038
1.42303848E8	0.0	0.0
1.423057945E8	0.4624871531346352	1.4362077506337558
1.4230774E8	0.0	0.0
1.423096845E8	0.0	0.0
1.42311628E8	0.15440041173443128	0.4351986194764819
1.42313569E8	0.0	0.0
1.423155065E8	0.1534090909090909	0.47835375408748154
1.423174425E8	0.0	0.0
1.42319378E8	0.0	0.0
1.42321312E8	0.22038282462493533	0.8338418865555051
1.42323245E8	0.0	0.0
1.42325177E8	0.0	0.0
1.42327107E8	2.2918610679108347	4.743443812427727
1.423290355E8	0.0	0.0
1.423309635E8	0.46680497925311204	1.040666878432873
1.42332891E8	0.0	0.0
1.423348175E8	5.444444444444445	5.322223631353642
1.423367435E8	0.13966770508826584	0.37372142711954026
1.423386685E8	0.0	0.0
1.423405905E8	0.0	0.0
1.42342509E8	0.0	0.0
1.423444255E8	0.0	0.0
1.423463415E8	0.0	0.0
1.42348253E8	0.15941269008914524	0.4284090885381729
1.423501595E8	0.0	0.0
1.42352065E8	0.0	0.0
1.423539695E8	0.0	0.0
1.42355873E8	0.0	0.0
1.42357776E8	0.0	0.0
1.42359679E8	0.0	0.0
1.423615815E8	0.0	0.0
1.42363483E8	0.47343503419253025	0.9035554296880045
1.423653835E8	0.0	0.0
1.423672835E8	0.0	0.0
1.42369183E8	0.0	0.0
1.4237108E8	0.0	0.0
1.42372975E8	0.0	0.0
1.42374869E8	0.15847860538827258	0.39809371432901647
1.42376761E8	0.0	0.0
1.423786515E8	0.0	0.0
1.423805415E8	45.574603174603176	29.399303522686512
1.423824305E8	1.7706567796610169	4.015792447705788
1.423843155E8	0.0	0.0
1.423861925E8	0.1597222222222222	0.48094014056160755
1.423880645E8	0.0	0.0
1.42389936E8	0.0	0.0
1.423918065E8	0.28609625668449196	0.40053440237591453
1.423936765E8	0.0	0.0
1.42395546E8	0.0	0.0
1.42397415E8	0.0	0.0
1.42399284E8	0.0	0.0
1.424011525E8	0.16006423982869378	0.4000802917274154
1.42403019E8	0.0	0.0
1.42404883E8	995.925925925926	1024.2388360322582
1.42406746E8	0.0	0.0
1.424086055E8	0.0	0.0
1.424104605E8	0.8090614886731392	1.4399148962026764
1.42412313E8	0.0	0.0
1.42414163E8	0.0	0.0
1.42416009E8	0.0	0.0
1.42417852E8	1.6554530656538253	1.3622298275594995
1.42419695E8	0.0	0.0
1.42421538E8	0.16223548562126966	0.4027846640840111
1.424233805E8	0.0	0.0
1.42425222E8	0.0	0.0
1.42427063E8	0.0	0.0
1.424288995E8	0.0	0.0
1.424307315E8	0.0	0.0
1.424325625E8	0.0	0.0
1.42434392E8	0.0	0.0
1.42436221E8	0.0	0.0
1.424380485E8	0.0	0.0
1.42439871E8	0.32985156679494226	0.812221111268283
1.424416895E8	0.0	0.0
1.424435075E8	0.0	0.0
1.42445323E8	0.0	0.0
1.42447136E8	0.0	0.0
1.424489455E8	0.0	0.0
1.4245075E8	0.0	0.0
1.424525525E8	0.0	0.0
1.42454354E8	0.5008328706274292	0.9726978116350309
1.424561545E8	0.16666666666666666	0.408248290463863
1.424579545E8	0.4938888888888889	1.1012619024454526
1.424597535E8	0.0	0.0
1.42461551E8	0.0	0.0
1.42463346E8	0.0	0.0
1.424651385E8	0.0	0.0
1.42466928E8	0.3100167879127029	0.4425595796424432
1.424687145E8	0.0	0.0
1.424705E8	0.3507002801120448	0.4099600308453939
1.42472285E8	1.3434173669467786	2.0469284223896436
1.424740655E8	0.0	0.0
1.42475841E8	0.0	0.0
1.42477616E8	1.9797183098591549	2.5681691840193235
1.42479391E8	0.12845070422535212	0.358400201207187
1.424811635E8	0.1694915254237288	0.5019735064024231
1.42482933E8	0.5087620124364047	1.2987797029477888
1.424847005E8	64.54530011325028	80.07856066195055
1.42486464E8	0.0	0.0
1.424882225E8	1.1190205011389522	1.6983510695239294
1.424899775E8	10.437286202964652	5.371437192619227
1.4249173E8	0.17133066818960593	0.43148502418898826
1.42493479E8	0.0	0.0
1.42495226E8	0.0	0.0
1.42496973E8	0.0	0.0
1.42498718E8	0.0	0.0
1.4250046E8	0.0	0.0
1.425021995E8	1.1628308400460299	0.8038314464153913
1.42503937E8	0.0	0.0
1.425056725E8	0.0	0.0
1.42507406E8	0.6924408540103866	1.2305028785430419
1.425091385E8	0.17321016166281755	0.4161852492133972
1.425108685E8	0.3472222222222222	0.8613350963174252
1.425125945E8	0.3480278422273782	0.8750207156977667
1.425143185E8	0.9918793503480279	1.3309627030602154
1.4251604E8	0.34904013961605584	0.9731712313316525
1.42517759E8	12.198952879581151	14.299871651913467
1.425194765E8	0.0	0.0
1.425211925E8	0.0	0.0
1.42522908E8	0.0	0.0
1.425246225E8	0.0	0.0
1.42526336E8	0.0	0.0
1.425280485E8	0.9439252336448598	1.6628851180667443
1.425297595E8	2.0801169590643274	2.2126695263297993
1.425314695E8	0.4245614035087719	0.9163875173044126
1.42533179E8	0.0	0.0
1.425348875E8	0.0	0.0
1.425365935E8	0.0	0.0
1.42538297E8	0.0	0.0
1.4254E8	0.5284791544333529	1.022357240722183
1.425416995E8	0.0	0.0
1.425433925E8	3.9822485207100593	5.35790076351886
1.425450825E8	1.023076923076923	0.8513824469684098
1.42546771E8	0.0	0.0
1.42548457E8	0.17804154302670624	0.42194969253064546
1.42550141E8	0.0	0.0
1.42551824E8	30.90909090909091	34.99340401305191
1.42553507E8	1.3856209150326797	2.4989599738057637
1.425551885E8	0.0	0.0
1.42556868E8	1.2483621203097082	2.2280629351795485
1.425585465E8	0.0	0.0
1.42560223E8	0.43462686567164177	0.8686926186354077
1.42561894E8	0.8998200359928015	1.5586898656180979
1.42563556E8	0.0	0.0
1.425652095E8	1.5563636363636364	1.6834308402602687
1.42566857E8	0.0	0.0
1.42568501E8	0.0	0.0
1.42570144E8	0.0	0.0
1.42571786E8	0.0	0.0
1.42573425E8	0.0	0.0
1.42575062E8	0.1832620647525962	0.5101295246784748
1.42576699E8	242.56994502138056	301.3046017606606
1.425783355E8	0.0	0.0
1.425799685E8	0.0	0.0
1.42581598E8	0.0	0.0
1.42583225E8	0.18461538461538463	0.4492729168847749
1.4258485E8	0.0	0.0
1.42586474E8	0.0	0.0
1.425880965E8	0.0	0.0
1.42589717E8	62.30574428659666	93.56337096013108
1.425913335E8	0.37174721189591076	0.7688160162968108
1.42592946E8	4.499068901303538	3.0175361669634286
1.425945565E8	3.698136645962733	7.140906565965622
1.425961665E8	1.4906832298136645	1.9214383846063108
1.425977755E8	0.0	0.0
1.42599378E8	0.0	0.0
1.42600974E8	0.0	0.0
1.426025685E8	1.273525721455458	2.553198107700295
1.426041585E8	0.0	0.0
1.426057445E8	0.18915510718789408	0.6068129382210252
1.426073305E8	0.0	0.0
1.42608914E8	0.0	0.0
1.42610493E8	0.0	0.0
1.4261207E8	0.0	0.0
1.42613646E8	0.0	0.0
1.4261522E8	0.0	0.0
1.42616792E8	0.0	0.0
1.42618361E8	0.0	0.0
1.426199275E8	1.789272030651341	2.0057388927143847
1.426214905E8	0.0	0.0
1.426230505E8	0.0	0.0
1.426246095E8	0.0	0.0
1.426261665E8	0.0	0.0
1.426277225E8	0.1928020565552699	0.4863166211853458
1.42629278E8	0.0	0.0
1.42630832E8	0.0	0.0
1.426323845E8	1.1597938144329898	1.974711253850161
1.426339355E8	0.0	0.0
1.426354855E8	0.5090322580645161	1.0226467873185263
1.42637035E8	0.0	0.0
1.426385825E8	0.0	0.0
1.426401275E8	0.3860103626943005	0.8786470994595048
1.42641671E8	5.920285158781594	7.215639743095458
1.42643213E8	0.0	0.0
1.426447535E8	0.0	0.0
1.426462925E8	0.0	0.0
1.42647757E8	0.0	0.0
1.42648524E8	0.0	0.0
1.42649362E8	1.1598173515981736	2.0481802656313857
1.42650895E8	0.0	0.0
1.426524275E8	0.17297650130548303	0.5707171065123213
1.42653958E8	0.1962066710268149	0.5290760978645598
1.42655486E8	2.9495743287491814	6.782426539056271
1.42657012E8	0.0	0.0
1.42658537E8	0.0	0.0
1.42660062E8	37.03934426229508	42.67849306725582
1.42661585E8	0.0	0.0
1.426631055E8	0.0	0.0
1.42664625E8	0.0	0.0
1.426661435E8	0.0	0.0
1.426676605E8	0.16424802110817943	0.4587179564704117
1.426691735E8	0.0	0.0
1.42670683E8	0.1988071570576541	0.4951721859156066
1.426721915E8	0.0	0.0
1.426736975E8	19.44148936170213	34.4265908793547
1.426752015E8	0.0	0.0
1.426767045E8	0.0	0.0
1.426782025E8	0.0	0.0
1.426796955E8	0.0	0.0
1.426811875E8	5.622654155495979	3.76843102445288
1.426826785E8	0.0	0.0
1.42684168E8	0.6044325050369376	1.0391917094546745
1.426856565E8	0.0	0.0
1.42687144E8	0.20242098184263618	0.44916420926688755
1.42688631E8	3.4566240753194353	9.979771066075164
1.42690117E8	3.0094276094276093	3.201851316324956
1.426916015E8	0.0	0.0
1.426930845E8	0.0	0.0
1.426945645E8	0.0	0.0
1.426960415E8	0.0	0.0
1.42697517E8	1.1701694915254237	1.472228795778239
1.42698991E8	0.0	0.0
1.42700463E8	0.0	0.0
1.427019325E8	0.0	0.0
1.427034E8	0.0	0.0
1.427048665E8	0.0	0.0
1.427063315E8	0.0	0.0
1.427077945E8	0.4103967168262654	1.0971920385042198
1.42709256E8	0.0	0.0
1.42710717E8	0.0	0.0
1.42712177E8	0.0	0.0
1.427136355E8	29.15363511659808	30.89703685056877
1.427150925E8	0.0	0.0
1.42716547E8	0.0	0.0
1.427179995E8	0.0	0.0
1.427194515E8	0.0	0.0
1.42720903E8	0.0	0.0
1.427223515E8	0.0	0.0
1.427237975E8	0.0	0.0
1.42725243E8	0.0	0.0
1.42726687E8	5.528066528066528	8.068487163061308
1.42728129E8	0.0	0.0
1.427295695E8	1644.0916666666667	1772.3493624282996
1.427310075E8	0.0	0.0
1.427324415E8	0.0	0.0
1.427338735E8	0.6159217877094972	2.184250379574281
1.427353055E8	0.0	0.0
1.427367365E8	0.6160839160839161	1.1499467911071461
1.42738166E8	0.41217634709587125	0.6826860053827208
1.42739595E8	15.212736179146257	15.067749960539496
1.42741022E8	0.0	0.0
1.427424465E8	0.0	0.0
1.427438705E8	0.0	0.0
1.427452945E8	0.0	0.0
1.42746718E8	0.0	0.0
1.427481405E8	1.159634317862166	1.514347696253301
1.42749562E8	0.0	0.0
1.42750982E8	0.0	0.0
1.427523995E8	0.18149717514124294	0.5840391210486282
1.427538155E8	0.4244350282485876	0.9357917581862246
1.427552315E8	0.3954802259887006	1.0609930323471806
1.42756647E8	0.0	0.0
1.427580605E8	0.0	0.0
1.427594725E8	0.0	0.0
1.42760884E8	0.0	0.0
1.427622945E8	0.0	0.0
1.427637035E8	0.0	0.0
1.427651115E8	0.2819602272727273	0.48704815890311
1.42766519E8	0.0	0.0
1.427679255E8	0.0	0.0
1.427693305E8	0.0	0.0
1.427707335E8	0.0	0.0
1.42772132E8	0.2057347670250896	0.6408999049555578
1.427735265E8	0.0	0.0
1.4277492E8	4.559942569992821	4.829393729069983
1.42776312E8	0.16391085549964055	0.5001796945251185
1.42777703E8	0.0	0.0
1.42779094E8	0.0	0.0
1.427804825E8	0.0	0.0
1.427818685E8	0.0	0.0
1.42783254E8	0.0	0.0
1.427846385E8	0.7673410404624278	1.3858283556104172
1.42786022E8	13.332610267534346	10.0775733056634
1.427874045E8	0.4956584659913169	0.8295379077391619
1.42788786E8	0.0	0.0
1.42790167E8	0.0	0.0
1.427915475E8	0.21739130434782608	0.4662524041201569
1.427929275E8	2.6072463768115943	4.142218127343459
1.42794307E8	3.613488034807832	6.182620850426664
1.427956855E8	0.4361393323657475	0.724844210277432
1.42797063E8	0.35003631082062453	0.7231015260621872
1.4279844E8	5.554103122730574	7.61677428736485
1.42799817E8	0.0	0.0
1.42801194E8	0.2178649237472767	0.5639882877073105
1.428025705E8	0.0	0.0
1.42803946E8	0.0	0.0
1.428053205E8	0.0	0.0
1.428066945E8	0.0	0.0
1.42808068E8	0.0	0.0
1.4280944E8	0.0	0.0
1.4281081E8	0.21840759678597516	0.4673409855619076
1.428121785E8	0.0	0.0
1.428135455E8	0.6325036603221084	1.0007317966584943
1.42814909E8	0.0	0.0
1.428162695E8	8172.9286764705885	6107.596741907958
1.428176275E8	5.493362831858407	5.492620417983314
1.428189835E8	3.004424778761062	3.5261350397544433
1.42820339E8	0.0	0.0
1.42821694E8	0.0	0.0
1.428230475E8	0.0	0.0
1.42824399E8	0.0	0.0
1.42825748E8	0.0	0.0
1.42827095E8	5.789903489235337	4.696426479548309
1.428284415E8	0.0	0.0
1.428297865E8	0.0	0.0
1.4283113E8	1.5011169024571853	4.259193551554726
1.42832472E8	48.50111856823266	85.91981590471822
1.428338125E8	4.905970149253731	3.983079885356849
1.428351525E8	0.0	0.0
1.428364925E8	0.0	0.0
1.42837832E8	1.9663928304705003	2.9068177180046484
1.42839171E8	0.0	0.0
1.42840509E8	0.0	0.0
1.42841846E8	0.0	0.0
1.428431825E8	0.0	0.0
1.428445175E8	1.52023988005997	2.6335398675324924
1.42845851E8	0.0	0.0
1.42847184E8	71.53338334583646	60.05419532883734
1.42848517E8	0.0	0.0
1.428498495E8	0.28153153153153154	0.48707005372660434
1.428511805E8	0.6556390977443609	1.0303660200813816
1.428525105E8	0.0	0.0
1.428538395E8	0.0	0.0
1.42855167E8	0.0	0.0
1.428564935E8	0.0	0.0
1.428578195E8	0.0	0.0
1.42859144E8	0.0	0.0
1.42860467E8	0.22675736961451248	0.4761904761904762
1.428617895E8	0.22692889561270801	0.593713919199929
1.428631085E8	0.0	0.0
1.42864424E8	0.0	0.0
1.42865739E8	0.0	0.0
1.42867054E8	1.1406844106463878	1.836884451099746
1.42868369E8	0.0	0.0
1.428696825E8	0.0	0.0
1.42870994E8	0.0	0.0
1.42872305E8	0.2288329519450801	0.5660089510980477
1.428736155E8	0.0	0.0
1.428749255E8	8.293893129770993	11.137619354489368
1.42876235E8	1.3750954927425516	2.0410231260496583
1.428775435E8	0.0	0.0
1.428788505E8	0.0	0.0
1.428801555E8	18.0260736196319	17.321482105503797
1.428814595E8	0.0	0.0
1.428827635E8	0.23006134969325154	0.6029070678930024
1.428840675E8	0.23006134969325154	0.6192217557725874
1.42885371E8	0.0	0.0
1.42886674E8	0.0	0.0
1.428879765E8	0.0	0.0
1.42889278E8	0.0	0.0
1.42890579E8	1.1091468101460416	1.8167382991657466
1.42891879E8	8.308698999230177	8.84582685846008
1.42893177E8	0.4626060138781804	0.9618794247494645
1.42894474E8	0.6939090208172706	1.116222288515404
1.42895771E8	0.0	0.0
1.428970675E8	0.0	0.0
1.42898363E8	0.0	0.0
1.428996575E8	0.0	0.0
1.429009515E8	0.0	0.0
1.429022455E8	0.46367851622874806	1.1285257305772702
1.42903539E8	0.0	0.0
1.42904831E8	0.0	0.0
1.429061215E8	0.0	0.0
1.42907411E8	0.23273855702094648	0.621567377405516
1.42908699E8	111.72571872571872	62.22171300712935
1.429099855E8	0.0	0.0
1.42911271E8	0.0	0.0
1.429125555E8	0.0	0.0
1.429138395E8	15.113707165109034	7.287380805413923
1.42915123E8	0.0	0.0
1.42916406E8	30.90646921278254	24.29474441913869
1.429176885E8	3.4625585023400935	5.4722388303063525
1.4291897E8	0.0	0.0
1.429202505E8	0.0	0.0
1.429215305E8	0.0	0.0
1.4292281E8	0.0	0.0
1.429240885E8	0.704225352112676	1.1913879808080035
1.429253665E8	0.0	0.0
1.429266445E8	0.0	0.0
1.42927922E8	1466.9475332811276	851.0478266754217
1.42929199E8	279.3398590446359	464.30119855081614
1.42930476E8	0.701644479248238	1.7569639935268242
1.429317525E8	0.0	0.0
1.42933028E8	0.0	0.0
1.42934303E8	0.0	0.0
1.429355775E8	0.0	0.0
1.429368515E8	0.47095761381475665	0.9929105053254081
1.429381245E8	0.0	0.0
1.42939396E8	0.23603461841070023	0.48583394118844786
1.42940667E8	0.0	0.0
1.42941938E8	0.0	0.0
1.42943209E8	0.7010228166797797	1.3236931860022416
1.4294448E8	2.087332808811959	2.0522291232969727
1.429457505E8	79.57244094488189	64.39853766618701
1.429470205E8	1.415748031496063	3.32279173014045
1.429482905E8	3.235433070866142	4.33180873644415
1.4294956E8	0.2364066193853428	0.5600292686261032
1.429508285E8	0.0	0.0
1.429520965E8	0.7011041009463722	1.118033988749895
1.429533635E8	11.603475513428121	14.28169544012719
1.42954629E8	0.0	0.0
1.429558935E8	4.2405063291139244	5.6231888786130035
1.42957157E8	0.0	0.0
1.4295842E8	0.0	0.0
1.42959683E8	3.168646080760095	3.5556875140464084
1.429609455E8	0.0	0.0
1.429622075E8	0.7131537242472267	1.1217486914558377
1.429634695E8	0.0	0.0
1.42964731E8	0.0	0.0
1.42965992E8	35.51625693893735	20.09170095497333
1.429672525E8	137.97936507936507	112.24986654639078
1.429685125E8	0.0	0.0
1.429697725E8	3.2642857142857142	6.317524128257138
1.429710325E8	0.7142857142857143	1.0358647947564745
1.42972292E8	97.77283558379666	191.90801509821225
1.429735505E8	0.0	0.0
1.429748085E8	4.277424483306836	9.502279870352124
1.429760665E8	19.069952305246424	35.05696023686715
1.42977324E8	0.0	0.0
1.42978579E8	0.0	0.0
1.42979832E8	12.59537110933759	11.97390085460781
1.429810845E8	0.0	0.0
1.42982336E8	0.47961630695443647	0.8046626711787301
1.42983587E8	0.0	0.0
1.42984838E8	0.23980815347721823	0.5890012411110657
1.42986089E8	0.0	0.0
1.429873395E8	6.8104	10.195332265306511
1.42988589E8	0.0	0.0
1.429898375E8	0.0	0.0
1.42991085E8	1.9799518845228548	2.891516224853081
1.429923315E8	0.0	0.0
1.429935775E8	0.48154093097913325	0.9813673430261812
1.429948225E8	0.0	0.0
1.42996066E8	134.71761866452132	139.73950307925344
1.429973085E8	6.025764895330113	10.674891152944566
1.4299855E8	0.0	0.0
1.42999791E8	0.48348106365834004	1.1827391417883026
1.43001032E8	0.9669621273166801	2.395940698174732
1.430022725E8	0.4838709677419355	1.166743469054207
1.430035125E8	0.0	0.0
1.430047525E8	109.02661290322581	104.9053490441003
1.43005992E8	0.9620661824051655	2.4199867261290584
1.4300719E8	0.0	0.0
1.43007809E8	0.0	0.0
1.430084685E8	0.0	0.0
1.430097065E8	0.0	0.0
1.430109445E8	0.0	0.0
1.43012182E8	0.0	0.0
1.430134185E8	0.0	0.0
1.43014654E8	0.0	0.0
1.43015889E8	2.421862348178138	3.1784955573505473
1.430171235E8	0.0	0.0
1.430183575E8	30.69448946515397	23.485641670342908
1.430195915E8	0.0	0.0
1.43020825E8	0.0	0.0
1.43022058E8	0.0	0.0
1.430232905E8	0.487012987012987	0.9380139283987898
1.43024522E8	0.7311129163281884	1.146463498774
1.43025753E8	0.2437043054427295	0.5937667009921899
1.43026984E8	0.2437043054427295	0.4936641626072623
1.43028215E8	0.0	0.0
1.430294455E8	1.8626016260162601	2.109791343283767
1.43030675E8	0.4890154597233523	0.9664847429422329
1.43031904E8	0.4882017900732303	1.0642500425040604
1.430331325E8	0.0	0.0
1.4303436E8	0.3602281988590057	1.1404970391599087
1.43035587E8	717.0171149144254	767.3426844872001
1.43036814E8	0.0	0.0
1.43038041E8	0.0	0.0
1.430392675E8	0.24469820554649266	0.5388647361956165
1.430404935E8	0.0	0.0
1.430417195E8	0.734094616639478	1.4165187204838627
1.43042945E8	2.899591836734694	3.9268827539494104
1.4304417E8	0.0	0.0
1.43045395E8	0.0	0.0
1.4304662E8	0.9795918367346939	1.8805123053604953
1.43047845E8	0.0	0.0
1.4304907E8	0.0	0.0
1.430502945E8	31.620098039215687	44.513180099992624
1.430515185E8	2.204248366013072	3.2002859349376074
1.430527425E8	0.0	0.0
1.430539665E8	3.200980392156863	3.3272002401281013
1.4305519E8	0.0	0.0
1.43056413E8	0.0	0.0
1.43057636E8	0.24529844644317253	0.6264802585150437
1.430588585E8	48.76923076923077	41.251999901924115
1.430600805E8	0.6350245499181669	0.8427994812706724
1.43061302E8	0.0	0.0
1.430625225E8	0.0	0.0
1.430637425E8	0.0	0.0
1.43064962E8	0.0	0.0
1.43066181E8	0.0	0.0
1.430674E8	0.0	0.0
1.430686185E8	3.6789819376026274	3.6399985564514723
1.430698365E8	0.0	0.0
1.430710525E8	1.729818780889621	3.0641144502263074
1.43072266E8	0.0	0.0
1.430734785E8	0.0	0.0
1.430746905E8	0.7425742574257426	1.0616320955352787
1.43075902E8	0.0	0.0
1.43077113E8	0.0	0.0
1.430783235E8	0.0	0.0
1.43079533E8	0.0	0.0
1.43080742E8	0.9925558312655087	1.446595501255084
1.43081951E8	0.0	0.0
1.430831595E8	0.0	0.0
1.430843675E8	0.0	0.0
1.430855755E8	0.25	0.49834162063882154
1.430867835E8	0.0	0.0
1.43087991E8	0.24855012427506215	0.5912927995617632
1.430891975E8	0.45356550580431176	1.13331870052011
1.43090403E8	6.721991701244813	9.2799699527343
1.43091608E8	0.0	0.0
1.43092813E8	1.9568464730290456	2.7524413908307848
1.43094017E8	0.0	0.0
1.4309522E8	0.0	0.0
1.43096423E8	0.0	0.0
1.430976255E8	0.20133111480865223	0.4486993590464023
1.430988275E8	0.24958402662229617	0.5239679658953644
1.43100029E8	0.0	0.0
1.431012295E8	0.0	0.0
1.431024295E8	1.0	1.7406895185529212
1.431036295E8	0.0	0.0
1.43104829E8	0.0	0.0
1.43106028E8	0.9291075896580484	2.444035820641168
1.431072265E8	0.0	0.0
1.431084245E8	1.001669449081803	1.5117790159240583
1.43109622E8	0.0	0.0
1.43110819E8	0.0	0.0
1.43112015E8	0.0	0.0
1.4311321E8	0.0	0.0
1.43114405E8	5.571548117154812	7.885742656116399
1.431156E8	0.0	0.0
1.43116795E8	201.27196652719664	208.98876468769888
1.431179895E8	0.0	0.0
1.43119183E8	0.0	0.0
1.43120376E8	0.18943839061190276	0.4352452074542611
1.43121569E8	0.7544006705783739	1.6156194849658052
1.43122762E8	1.8968985750209555	0.6189247903100603
1.431239545E8	0.0	0.0
1.431251465E8	26.18204697986577	22.5048466070171
1.431263385E8	0.2516778523489933	0.5116101703865483
1.4312753E8	0.2518891687657431	0.5018856132284956
1.43128721E8	0.0	0.0
1.431299115E8	0.0	0.0
1.431311015E8	0.17983193277310924	0.424065953329325
1.431322915E8	0.0	0.0
1.43133481E8	1.8847771236333053	2.7350019180998926
1.4313467E8	0.0	0.0
1.43135859E8	0.0	0.0
1.43137048E8	0.0	0.0
1.43138237E8	0.0	0.0
1.43139426E8	0.8620689655172413	1.464178382143061
1.431406145E8	0.0	0.0
1.431418015E8	0.7588532883642496	1.4919683796476604
1.431429875E8	0.0	0.0
1.431441735E8	10.92158516020236	10.197088166855805
1.431453595E8	0.0	0.0
1.431465455E8	0.25295109612141653	0.6227827449329116
1.43147731E8	0.0	0.0
1.43148916E8	0.0	0.0
1.43150101E8	3.1637130801687765	3.453244056647015
1.43151286E8	0.0	0.0
1.431524705E8	0.0	0.0
1.431536545E8	0.0	0.0
1.431548385E8	0.0	0.0
1.431560225E8	0.0	0.0
1.431572055E8	0.25380710659898476	0.5426013671700638
1.431583875E8	86.97631133671743	53.64376133612974
1.43159569E8	0.0	0.0
1.4316075E8	18.832345469940726	21.9972671691914
1.43161931E8	0.0	0.0
1.43163111E8	0.2544529262086514	0.5824693711073586
1.4316429E8	0.2544529262086514	0.6393911438041923
1.43165469E8	0.0	0.0
1.431666475E8	0.0	0.0
1.431678255E8	0.0	0.0
1.431690035E8	0.0	0.0
1.431701815E8	1.2495755517826825	1.42438143724832
1.431713595E8	0.0	0.0
1.431725375E8	0.0	0.0
1.43173715E8	0.0	0.0
1.431748915E8	10674.34693877551	13720.604554004934
1.43176067E8	0.0	0.0
1.43177242E8	0.0	0.0
1.431784165E8	0.0	0.0
1.431795905E8	0.0	0.0
1.43180764E8	0.0	0.0
1.43181937E8	0.0	0.0
1.4318311E8	0.0	0.0
1.43184282E8	0.0	0.0
1.43185453E8	4.491887275832622	6.868410591091827
1.43186624E8	0.0	0.0
1.43187795E8	0.0	0.0
1.431889655E8	0.0	0.0
1.43190135E8	0.0	0.0
1.43191304E8	0.2566295979469632	0.6669517497101293
1.431924725E8	0.5111301369863014	0.8565820898853354
1.4319364E8	0.0	0.0
1.43194807E8	0.0	0.0
1.43195974E8	0.25621251071122536	0.5876477735354885
1.431971405E8	0.0	0.0
1.431983065E8	275.37821612349916	176.6086709125841
1.431994725E8	456.80960548885076	511.40639920301896
1.432006385E8	0.0	0.0
1.43201804E8	0.0	0.0
1.43202969E8	0.5150214592274678	1.086791553071851
1.432041335E8	0.0	0.0
1.43205297E8	0.0	0.0
1.4320646E8	225.6629406706793	166.72396234995165
1.43207623E8	0.5159071367153912	1.071799059721366
1.43208786E8	1.2863284608770422	2.204700676528867
1.43209949E8	0.0	0.0
1.43211112E8	31.794496990541703	48.246447438704934
1.432122745E8	41.506024096385545	32.83799486961405
1.432134365E8	0.0	0.0
1.432145985E8	78.0172117039587	121.93486029395095
1.4321576E8	0.0	0.0
1.43216921E8	0.0	0.0
1.43218082E8	0.0	0.0
1.432192425E8	0.0	0.0
1.432204025E8	2.092241379310345	2.502929318301616
1.432215625E8	0.0	0.0
1.43222722E8	0.0	0.0
1.43223881E8	0.0	0.0
1.4322504E8	3.257981018119068	4.79385211693771
1.43226199E8	0.0	0.0
1.43227358E8	20.696289905090595	15.290147509799928
1.432285165E8	0.0	0.0
1.432296745E8	160.8721934369603	183.96866285299
1.432308325E8	0.25906735751295334	0.5621940733997497
1.4323199E8	3.0821089023336214	2.227936090224804
1.43233147E8	2.327571305099395	4.1906798676120545
1.432343035E8	0.0	0.0
1.432354595E8	0.49740484429065746	0.8054743492723031
1.43236615E8	0.0	0.0
1.4323777E8	1.2978354978354978	2.606684713348585
1.43238925E8	0.7792207792207793	1.5289415743128767
1.4324008E8	54.43463203463203	93.03042373471025
1.432412345E8	0.0	0.0
1.432423885E8	0.45753899480069327	0.9565970884345125
1.432435425E8	0.25996533795493937	0.7101638935010581
1.432446965E8	11.4948006932409	6.306512273335093
1.4324585E8	0.0	0.0
1.43247003E8	0.26019080659150046	0.5100890183012181
1.43248156E8	0.5169124024284475	1.437932407908588
1.432493085E8	1.5616319444444444	2.3729889146156773
1.432504605E8	0.2604166666666667	0.6052432935972479
1.432516125E8	0.0	0.0
1.432527645E8	0.0	0.0
1.43253916E8	1.0225890529973936	1.537823165022875
1.432550665E8	0.2608695652173913	0.6324555320336759
1.432562165E8	0.2608695652173913	0.6406518419615257
1.432573655E8	0.0	0.0
1.432585135E8	0.0	0.0
1.432596615E8	0.7116724738675958	1.360211092451416
1.432608095E8	17.229965156794425	15.620945466975742
1.432619575E8	0.0	0.0
1.432631055E8	0.0	0.0
1.43264253E8	0.5231037489102005	1.0228428509895355
1.432654E8	264.8936355710549	188.1666584939748
1.43266547E8	0.0	0.0
1.432676935E8	0.0	0.0
1.432688395E8	0.0	0.0
1.432699855E8	0.0	0.0
1.43271131E8	0.0	0.0
1.432722755E8	7.333916083916084	4.466268291040346
1.432734195E8	1.5	2.031224784674046
1.432745635E8	177.08916083916083	80.71436406510037
1.432757075E8	8.391608391608392	12.628846433374754
1.432768515E8	0.7867132867132867	1.7142961205145362
1.43277995E8	0.0	0.0
1.43279138E8	1.0507436570428696	0.9414160700630081
1.432802805E8	0.0	0.0
1.432814225E8	0.2626970227670753	0.5440330679142934
1.432825645E8	301.09632224168126	495.5452939477534
1.43283706E8	31.625766871165645	37.85500961363474
1.43284847E8	43.94390885188431	35.97554919980889
1.432859875E8	3.6763157894736844	2.862951488948106
1.432871275E8	0.0	0.0
1.432882675E8	0.6491228070175439	1.4850128477204285
1.432894075E8	0.0	0.0
1.43290547E8	4.985074626865671	5.3265614016204355
1.43291686E8	0.52414398595259	1.1922341633518934
1.43292825E8	0.0	0.0
1.43293964E8	0.0	0.0
1.43295103E8	0.0	0.0
1.432962415E8	0.7908611599297012	1.455249270526294
1.43297379E8	0.0	0.0
1.432985155E8	15.310739436619718	22.935783746284713
1.432996515E8	0.0	0.0
1.433007875E8	387.0237676056338	302.70789038511776
1.433019235E8	0.528169014084507	1.0312033173386035
1.43303059E8	0.0	0.0
1.43304194E8	0.0	0.0
1.43305329E8	2.6387665198237884	2.617629152277806
1.433064635E8	0.0	0.0
1.433075975E8	40.160493827160494	28.654913303609728
1.433087315E8	0.0	0.0
1.433098655E8	0.0	0.0
1.43310999E8	0.0	0.0
1.43312132E8	0.0	0.0
1.43313265E8	0.0	0.0
1.433143975E8	9859.61925795053	10964.570019396444
1.433155295E8	1.197879858657244	2.2895522422440298
1.433166615E8	0.0	0.0
1.433177935E8	0.0	0.0
1.43318925E8	0.0	0.0
1.43320056E8	1486.0627763041557	2374.696576643614
1.43321187E8	0.0	0.0
1.433223175E8	0.26548672566371684	0.6023552593005889
1.433234475E8	0.25398230088495577	0.5509444826920854
1.433245775E8	4.778761061946903	7.802087308642567
1.43325707E8	0.0	0.0
1.43326836E8	0.0	0.0
1.43327965E8	6.961027457927369	7.932342334761829
1.43329094E8	0.5314437555358724	1.3095006113766225
1.43330222E8	2.3957409050576755	2.368455818380455
1.43331349E8	0.0	0.0
1.433324755E8	56.717584369449376	64.27760895081111
1.433336015E8	0.2664298401420959	0.5870115784636996
1.433347275E8	0.0	0.0
1.433358535E8	0.0	0.0
1.433369795E8	13.544404973357016	24.998099394894325
1.43338105E8	0.0	0.0
1.4333923E8	0.0	0.0
1.433403545E8	0.0	0.0
1.433414785E8	0.0	0.0
1.43342602E8	0.0	0.0
1.43343725E8	0.0	0.0
1.43344848E8	0.20391807658058772	0.5885521120529252
1.43345971E8	1.068566340160285	1.7284482615045582
1.43347094E8	1.0712377560106856	1.7299931284253505
1.433482165E8	274.4438502673797	170.46045170991408
1.43349338E8	0.0	0.0
1.433504585E8	0.0	0.0
1.43351578E8	0.2680965147453083	0.6895103234530624
1.43352697E8	1.9454870420017873	2.6924579400081883
1.433538155E8	4.983899821109123	7.165997528080149
1.433549335E8	0.0	0.0
1.433560515E8	0.0	0.0
1.433571695E8	0.8050089445438283	1.3361627700701908
1.43358287E8	0.0	0.0
1.43359404E8	0.0	0.0
1.43360521E8	0.0	0.0
1.43361638E8	0.5371530886302597	1.0603963718971678
1.43362755E8	13.045658012533572	8.436290282654692
1.43363872E8	3.740376007162041	4.638305342987848
1.433649885E8	0.0	0.0
1.433661045E8	8.925627240143369	14.52716525912574
1.433668735E8	87.04976303317535	42.0979167792944
1.433674315E8	4.311239193083574	4.0908275833873615
1.433683365E8	0.26881720430107525	0.6105406265195007
1.433694525E8	2.845878136200717	3.102201784858376
1.433705685E8	0.0	0.0
1.43371684E8	0.0	0.0
1.43372799E8	0.26905829596412556	0.623889147334232
1.43373914E8	1.5219730941704035	2.2609970418641385
1.433750285E8	0.3590664272890485	0.8292238589539787
1.433761425E8	0.0	0.0
1.433772565E8	0.0	0.0
1.433783705E8	0.0	0.0
1.433794845E8	0.0	0.0
1.433805985E8	0.0	0.0
1.433817115E8	0.2697841726618705	0.5194075207983327
1.433828235E8	0.0	0.0
1.433839355E8	0.0	0.0
1.433850475E8	354.25629496402877	550.0536018680884
1.43386159E8	0.540954095409541	0.8570142632096239
1.433872695E8	0.0	0.0
1.433883795E8	0.0	0.0
1.433894895E8	0.5405405405405406	0.7884298457197201
1.433905995E8	0.0	0.0
1.43391709E8	0.0	0.0
1.43392818E8	0.0	0.0
1.43393927E8	3.4625788999098286	4.194440048672961
1.43395036E8	0.27051397655545534	0.6226850726727645
1.433961445E8	6.763537906137184	5.70246004295657
1.433972525E8	0.0	0.0
1.4339836E8	0.0	0.0
1.43399467E8	0.8021680216802168	1.2815133330419266
1.43400574E8	0.27100271002710025	0.5205792062953535
1.434016805E8	52.28661844484629	33.43676388383762
1.434027865E8	2.9837251356238697	5.16491152206322
1.43403892E8	0.0	0.0
1.43404997E8	0.27149321266968324	0.5201809639866857
1.43406102E8	0.0	0.0
1.43407207E8	0.0	0.0
1.43408312E8	0.23710407239819004	0.6886277258405881
1.43409417E8	0.5429864253393665	1.244717344206437
1.43410521E8	0.0	0.0
1.43411624E8	0.0	0.0
1.43412727E8	0.0	0.0
1.434138295E8	0.0	0.0
1.434149315E8	0.0	0.0
1.434160335E8	0.9192377495462795	1.406492593513377
1.43417135E8	5.594913714804723	4.847820375985497
1.43418236E8	0.0	0.0
1.43419337E8	0.5267938237965486	1.4365161206686692
1.434204375E8	3.5454545454545454	5.338539126015656
1.434215375E8	0.0	0.0
1.43422637E8	0.272975432211101	0.5833604136008081
1.43423736E8	0.5040946314831665	0.9199042558084037
1.434248345E8	4.097449908925319	5.7324214549965635
1.434259325E8	0.5327868852459017	1.0691058177489385
1.434270305E8	0.0	0.0
1.43428128E8	0.0	0.0
1.43429225E8	0.0	0.0
1.43430322E8	0.0	0.0
1.434314185E8	0.0	0.0
1.434325145E8	0.0	0.0
1.434336095E8	2.376599634369287	4.655990224708134
1.43434703E8	0.0	0.0
1.434357955E8	0.0	0.0
1.43436887E8	0.0	0.0
1.43437978E8	1.923923006416132	3.5114060577340633
1.434390685E8	0.27522935779816515	0.5350126466823861
1.434401585E8	0.0	0.0
1.434412485E8	1.2	1.20129899111547
1.434423385E8	7.36697247706422	8.09655040374399
1.434434285E8	0.0	0.0
1.43444518E8	0.0	0.0
1.43445607E8	1.0486685032139578	2.6311337886496964
1.434466955E8	0.0	0.0
1.434477835E8	2.608455882352941	3.477606935810889
1.434488715E8	0.5514705882352942	0.8880331869792202
1.434499595E8	4.6875	8.240413324870657
1.43451047E8	0.0	0.0
1.43452134E8	15.401103955841766	14.093948148940488
1.43453221E8	9.03311867525299	5.625543007624666
1.434543075E8	10.370165745856353	5.078300349359588
1.434553935E8	2.0939226519337018	2.2907854491892756
1.434564795E8	4.418968692449355	3.9456482310474144
1.434575655E8	0.0	0.0
1.434586505E8	0.0	0.0
1.434597345E8	0.0	0.0
1.434608185E8	0.0	0.0
1.434619025E8	0.0	0.0
1.434629865E8	0.8062730627306273	1.9391100024176078
1.4346407E8	0.0	0.0
1.43465153E8	0.0	0.0
1.43466236E8	589.6001846722069	360.8973273473033
1.434673185E8	0.0	0.0
1.434684005E8	0.2301293900184843	0.5132261772915537
1.43469482E8	0.0	0.0
1.43470563E8	8.53654024051804	7.060332047548941
1.434716435E8	0.0	0.0
1.434727235E8	0.0	0.0
1.434738035E8	4.1648148148148145	5.468766534366539
1.43474883E8	0.0	0.0
1.43475962E8	0.0	0.0
1.434770405E8	0.0	0.0
1.434781185E8	0.0	0.0
1.434791965E8	0.0	0.0
1.434802745E8	0.0	0.0
1.43481352E8	0.5561745589600743	0.9878556914973815
1.43482429E8	0.0	0.0
1.434835055E8	0.0	0.0
1.434845815E8	0.0	0.0
1.434856575E8	0.2788104089219331	0.5280250078565721
1.434867335E8	0.0	0.0
1.43487809E8	0.0	0.0
1.43488884E8	4.773953488372093	3.9522734111241684
1.43489959E8	31.51906976744186	44.91803387774069
1.43491034E8	0.0	0.0
1.434921085E8	0.0	0.0
1.434931825E8	6.143389199255121	7.3745245719939305
1.434942565E8	0.5586592178770949	1.093403277046938
1.434953305E8	0.5586592178770949	1.0083450681866366
1.43496404E8	0.0	0.0
1.434974765E8	196.72014925373134	59.18667502064971
1.434985485E8	0.2798507462686567	0.7342881617441561
1.4349962E8	0.0	0.0
1.43500691E8	9.944911297852475	11.461786467196458
1.435017615E8	0.0	0.0
1.435028315E8	0.2457943925233645	0.6257705530357984
1.435039015E8	0.0	0.0
1.43504971E8	0.0	0.0
1.4350604E8	0.0	0.0
1.435071085E8	0.2808988764044944	0.5387598465779017
1.43508176E8	0.0	0.0
1.43509243E8	0.0	0.0
1.4351031E8	0.0	0.0
1.435113765E8	0.0	0.0
1.435124415E8	0.8167293233082706	1.4065501976988295
1.435135055E8	0.0	0.0
1.435145695E8	8.699248120300751	5.97488477883053
1.43515633E8	0.28222013170272814	0.5312439474504421
1.43516696E8	0.0	0.0
1.43517759E8	0.5192850423330198	0.7698456186637221
1.43518822E8	11.366886171213547	10.011799247730547
1.43519885E8	0.0	0.0
1.43520948E8	0.0	0.0
1.43522011E8	0.5305738476011289	0.971852204520727
1.43523074E8	0.0	0.0
1.435241365E8	45.567796610169495	20.06829206773729
1.435251985E8	0.0	0.0
1.435262605E8	0.5649717514124294	1.0629880069054678
1.435273225E8	0.5649717514124294	1.0700511278419629
1.435283845E8	0.0	0.0
1.43529446E8	1.413760603204524	3.4179489636057157
1.435305065E8	0.0	0.0
1.435315665E8	242.96698113207546	158.49355680017345
1.435326265E8	0.0	0.0
1.43533686E8	7.998111425873465	6.425647970544277
1.43534745E8	0.0	0.0
1.43535804E8	0.0	0.0
1.435368625E8	0.0	0.0
1.435379205E8	5500.9669187145555	4525.052144265034
1.435389785E8	0.2835538752362949	0.5324977701702561
1.435400365E8	5.043478260869565	8.143792793201527
1.43541094E8	0.0	0.0
1.435421505E8	0.5454545454545454	0.9633432944855655
1.435432065E8	1.660037878787879	3.183021958434906
1.435442625E8	1.134469696969697	1.9981051630042503
1.435453185E8	0.8522727272727273	1.5250434668420358
1.43546374E8	0.0	0.0
1.43547429E8	0.0	0.0
1.43548484E8	0.0	0.0
1.435495385E8	5.692599620493358	4.992214051752982
1.435505925E8	0.0	0.0
1.43551646E8	0.0	0.0
1.43552699E8	2.5650522317188984	2.856159103465963
1.43553752E8	15.351377018043685	20.54259235502587
1.43554805E8	32.46058879392213	45.614710394438234
1.43555858E8	6.154795821462488	3.277451816328819
1.435569105E8	0.0	0.0
1.435579625E8	185.90779467680608	256.590078980421
1.435590145E8	1.1368821292775666	1.6920750192359775
1.43560066E8	0.285442435775452	0.6470308383717087
1.43561117E8	0.0	0.0
1.43562168E8	0.9295908658420552	1.836566937544048
1.43563219E8	0.0	0.0
1.4356427E8	0.8477640342530923	1.4282723623344966
1.435653205E8	0.0	0.0
1.435663705E8	7.983809523809524	12.34376650089313
1.4356742E8	0.15824594852240229	0.5625761255552928
1.43568469E8	0.0	0.0
1.43569518E8	0.0	0.0
1.43570567E8	0.0	0.0
1.43571616E8	0.8388941849380362	1.4534400861024228
1.435726645E8	0.0	0.0
1.435737125E8	22.481870229007633	18.622274891575533
1.435747605E8	0.2862595419847328	0.6345642250593637
1.435758085E8	0.0	0.0
1.435768565E8	6.748091603053435	4.556787572084005
1.43577904E8	3.1270296084049667	5.607761710701647
1.43578951E8	0.0	0.0
1.43579998E8	0.282712511938873	0.5912446199104614
1.43581045E8	0.5730659025787965	0.9535536510469791
1.435820915E8	0.0	0.0
1.43583137E8	0.0	0.0
1.43584182E8	0.5722488038277512	0.918705142445595
1.43585227E8	0.0	0.0
1.43586272E8	0.0	0.0
1.435873165E8	0.0	0.0
1.435883605E8	5.459770114942529	8.947912276034945
1.435894045E8	2.0095785440613025	3.0818962168099917
1.43590448E8	0.28763183125599234	0.5363131839289357
1.43591491E8	0.0	0.0
1.435925335E8	0.0	0.0
1.435935755E8	0.0	0.0
1.435946175E8	73.70345489443378	59.29860349282786
1.435956595E8	1.4174664107485604	1.3784744968912752
1.435967015E8	0.0	0.0
1.43597743E8	4.824207492795389	3.7478139641778454
1.43598784E8	0.8645533141210374	1.6104843812850569
1.43599825E8	0.2881844380403458	0.5368281270950189
1.436008655E8	0.0	0.0
1.436019055E8	0.0	0.0
1.436029455E8	0.0	0.0
1.436039855E8	0.5067307692307692	0.9582636541000763
1.43605025E8	1.73051010587103	2.6159354699725745
1.43606064E8	0.8633301251203079	1.3540656350356879
1.43607103E8	0.28873917228103946	0.5373445563891379
1.436081415E8	0.0	0.0
1.436091795E8	2.3121387283236996	3.0012842466341656
1.436102175E8	0.0	0.0
1.43611255E8	0.0	0.0
1.43612292E8	0.0	0.0
1.43613329E8	0.0	0.0
1.43614366E8	109.64416586306653	46.90647047087124
1.436154025E8	0.0	0.0
1.436164385E8	11.573359073359073	18.77894162748925
1.43617474E8	0.0	0.0
1.43618509E8	0.578743961352657	1.134015140182992
1.43619544E8	0.2898550724637681	0.5714630769430153
1.43620579E8	0.0	0.0
1.43621614E8	0.0	0.0
1.43622648E8	0.0	0.0
1.43623681E8	0.0	0.0
1.43624714E8	0.0	0.0
1.43625747E8	4.351403678606002	4.482622140942785
1.436267795E8	0.0	0.0
1.436278115E8	2.7916666666666665	3.210327327608136
1.436288435E8	0.4573643410852713	0.553354814190314
1.43629875E8	0.0	0.0
1.43630906E8	0.0	0.0
1.43631937E8	2.0310378273520855	3.70335523022066
1.436329675E8	3.9815533980582525	5.042826299544596
1.436339975E8	0.0	0.0
1.436350275E8	0.0	0.0
1.43636057E8	2.3323615160349855	2.220148043987293
1.43637086E8	0.44703595724003886	0.945553760756139
1.43638115E8	6486.53547133139	5690.657760175026
1.43639144E8	93.71331389698737	126.35564598045084
1.43640173E8	0.0	0.0
1.43641202E8	0.0	0.0
1.43642231E8	0.0	0.0
1.436432595E8	0.2898832684824903	0.5375039589031655
1.436442875E8	0.0	0.0
1.43645315E8	0.0	0.0
1.43646342E8	0.0	0.0
1.43647369E8	0.0	0.0
1.436483955E8	0.0	0.0
1.436494215E8	0.0	0.0
1.43650447E8	0.0	0.0
1.43651472E8	0.0	0.0
1.43652497E8	0.0	0.0
1.43653522E8	0.408780487804878	0.5674074545793306
1.43654546E8	0.0	0.0
1.43655569E8	0.0	0.0
1.436565915E8	0.0	0.0
1.436576135E8	2.2935420743639923	2.7212291455557924
1.436586355E8	8.829745596868884	10.9328586042386
1.436596575E8	0.0	0.0
1.43660679E8	5.76101860920666	4.408166226550568
1.436617E8	1.634671890303624	2.4572744749518223
1.43662721E8	0.29285014691478944	0.5411563054375228
1.436637415E8	333.7264705882353	232.79434456778608
1.436647615E8	0.0	0.0
1.436657815E8	0.0	0.0
1.43666801E8	0.0	0.0
1.4366782E8	0.0	0.0
1.43668839E8	0.8753680078508341	1.6132425487505333
1.43669858E8	0.0	0.0
1.43670877E8	2.1746810598626105	3.033020757691066
1.436718955E8	29.023575638506877	45.16129138638152
1.436729135E8	0.0	0.0
1.436739315E8	0.0	0.0
1.436749495E8	0.0	0.0
1.436759665E8	0.0	0.0
1.436769825E8	0.5905511811023622	1.279763757726617
1.436779985E8	0.25393700787401574	0.6714070312223451
1.43679014E8	0.0	0.0
1.43680029E8	0.0	0.0
1.436810435E8	0.0	0.0
1.436820575E8	61.61538461538461	81.56432221735874
1.436830715E8	0.0	0.0
1.436840855E8	0.2938856015779093	0.6851481649173019
1.436850995E8	0.0	0.0
1.43686113E8	0.29615004935834155	0.6188866863194386
1.43687126E8	0.0	0.0
1.43688139E8	0.29615004935834155	0.7219585077209639
1.436891515E8	0.0	0.0
1.436901635E8	0.0	0.0
1.436911755E8	2.964426877470356	5.389566849946248
1.436921875E8	54.56818181818182	54.27495509890489
1.436931995E8	7.194664031620554	6.180422999965134
1.43694211E8	0.0	0.0
1.43695222E8	11.869436201780415	17.689569537592526
1.43696233E8	0.0	0.0
1.43697244E8	0.5954500494559841	1.1003101801681208
1.436982545E8	6.908910891089109	6.405288656436744
1.436992645E8	0.594059405940594	1.0881904317910465
1.437002745E8	0.5891089108910891	1.0525781643560768
1.437012845E8	0.5683168316831683	0.8301258403947495
1.437022935E8	0.0	0.0
1.437033015E8	0.0	0.0
1.437043095E8	0.0	0.0
1.43705317E8	0.0	0.0
1.43706324E8	0.0	0.0
1.437073305E8	1.6312127236580516	3.8823400948816995
1.437083365E8	1.1928429423459244	1.7170643957536973
1.437093425E8	0.0	0.0
1.43710348E8	0.0	0.0
1.43711353E8	0.0	0.0
1.43712358E8	1.0885572139303483	1.4117488536813645
1.43713363E8	0.0	0.0
1.43714368E8	1.492537313432836	2.8405381033209025
1.437153725E8	0.0	0.0
1.437163765E8	0.0	0.0
1.437173805E8	0.0	0.0
1.437183845E8	0.0	0.0
1.43719388E8	0.0	0.0
1.4372039E8	1.962037962037962	2.7726003475641217
1.43721391E8	0.2997002997002997	0.5474489014513589
1.43722392E8	1.7922077922077921	3.4630921144270754
1.43723393E8	0.0	0.0
1.43724394E8	5.403596403596404	7.630319667076749
1.437251765E8	10.9822695035461	19.242894976905074
1.437257305E8	0.0	0.0
