#Position (bp)	Coverage	Std
179658.5	365.8838431909517	470.3072184094924
538974.5	381.2988539335849	2880.304253682889
898290.5	279.93383261530244	574.2102081322375
1257606.5	185.97982834051365	315.21686135660605
1616922.5	128.37866390586558	298.75826724748055
1976238.5	124.60873993921784	278.46799700395997
2335554.5	220.07115463825713	371.8244024708535
2694870.5	258.9528493025638	1471.089521310766
3054186.5	317.66275089336403	385.9811555073578
3413502.5	105.24276959556491	236.13240509364275
3772818.5	92.18844415500563	143.29227238334855
4132134.5	134.61333478052745	1695.5587183738928
4491450.5	221.06981598370237	2520.6551637592033
4850766.5	252.63554921016598	464.33501774027667
5210082.5	348.8907869396297	1788.7120472127776
5569398.5	188.17076612229903	466.7951865838098
5928714.5	919.1384881274421	1768.5662045977551
6288030.5	292.8964838749179	341.72381463200196
6647346.5	273.0520405436997	471.05574139924585
7006662.5	373.78050518206817	1370.6159825628415
7365978.5	233.34726535973905	266.4486607102101
7725294.5	344.3996844003607	2062.2063351215293
8084610.5	629.4380934887397	2079.3790666694936
8443926.5	974.4477813401018	2301.1662076585358
8803242.5	55.784434870698774	91.79512644627698
9162558.5	80.44548531097975	341.6826244519052
9521874.5	249.08565441004575	578.6339751292285
9881190.5	560.8754745126852	3467.3392246362146
1.02405065E7	786.2184261207406	3912.0274713708745
1.05998225E7	251.2073634349709	382.81758316736097
1.09591385E7	524.3936674125282	2526.104049159799
1.13184545E7	34.697007647864275	101.0451346009812
1.16777705E7	118.35138986296185	293.5817406527722
1.20370865E7	268.7353081966848	529.7754490244221
1.23964025E7	809.2425358180543	504.2945832553939
1.27557185E7	139.41875953199968	361.2697098946397
1.31150345E7	211.0655885070523	345.74151018030733
1.34743505E7	290.17584800008905	1474.7313073737655
1.38336665E7	129.43622326865489	240.3791687338096
1.41929825E7	98.14532055349609	193.29874660685212
1.45522985E7	35.21002404568681	90.53670246912581
1.49116145E7	280.53870687639846	564.9531337091621
1.52709305E7	56.07165559006557	211.6681070822916
1.56302465E7	114.38434135969453	219.1974897592317
1.59895625E7	9.350680181233232	60.94571491713992
1.63488785E7	445.80776809270947	449.6419096263481
1.67081945E7	322.1396124859455	529.8488535353828
1.70675105E7	42.86410290663372	129.02328847855506
1.74268265E7	183.84016019325608	365.0844474386597
1.77861425E7	32.12479266161262	18.282508191068665
1.81454585E7	52.46333589375369	104.39932978606831
1.85047745E7	305.7202601609725	2112.0728128815176
1.88640905E7	346.4895301072037	1643.4313735272965
1.92234065E7	213.73427289628071	378.9577930951624
1.95827225E7	390.5318939318038	527.2616944802195
1.99420385E7	131.1736159814759	368.50611333994755
2.03013545E7	162.89071457992407	372.2962631619774
2.06606705E7	271.47157655100244	375.08011892423565
2.10199865E7	419.39521201393757	420.8421264535226
2.13793025E7	320.8722600719144	471.2194151001044
2.17386185E7	654.3819340079484	3066.2861717492083
2.20979345E7	212.04130625967116	2466.0229127180437
2.24572505E7	298.84876821516434	2675.264396545973
2.28165665E7	126.9762075721649	129.54953143778093
2.31758825E7	82.31681862204856	212.7433576622109
2.34346265E7	78.6355676099436	514.6699996736693
2.36142845E7	3.7408722109533468	4.116865206366529
2.38945145E7	21.175040911064357	59.38709443271909
2.42538305E7	78.43228244776186	90.52244736064232
2.46131465E7	297.0197486335148	156.72999452499442
2.49724625E7	133.26311380511862	247.5020297741895
2.53317785E7	91.38011109997885	703.8377452264797
2.56910945E7	52.80717251667056	22.887568502336542
2.60504105E7	165.609151832927	34.04431096766618
2.64097265E7	181.94040899932094	159.03762341828613
2.67690425E7	10.834023533602734	34.96504696297274
2.71283585E7	78.7464404590945	132.40601622306303
2.74876745E7	278.20420187244656	159.57967053353835
2.78469905E7	812.4134216121743	320.1763026856549
2.82063065E7	476.8105789889679	1653.4766855606854
2.85656225E7	177.29661913190617	273.4802727465699
2.89249385E7	245.44502610515536	390.12340433329655
2.92842545E7	204.36331808213384	390.20291125749355
2.96435705E7	351.1209715125405	1166.2154173906051
3.00028865E7	315.67386645738014	825.640677041621
3.03622025E7	524.4923048236093	652.7880289043674
3.07215185E7	85.77313005822174	122.28119780146156
3.10808345E7	385.0854679446504	458.6012816212806
3.14401505E7	355.36094134410934	692.3758899497216
3.17994665E7	142.46572654710616	279.1506004754928
3.21587825E7	144.55142826926718	296.67776448823014
3.25180985E7	326.047537543555	655.8859890945486
3.28774145E7	163.2571218648766	382.9582049865534
3.32367305E7	383.9008699863073	2341.759788056476
3.35960465E7	562.4208941433168	983.4479213302365
3.39553625E7	505.1440765231718	341.4578859615274
3.43146785E7	180.15461042647698	382.00946235685285
3.46739945E7	116.59735163477274	191.45442030689455
3.50333105E7	316.0405659642209	437.2184036828829
3.53926265E7	909.7823420053658	6584.449166319734
3.57519425E7	1314.8235508577409	2548.0407721883353
3.61112585E7	355.13495641719265	723.612742427587
3.64705745E7	237.12274989146044	1313.1553116526925
3.68298905E7	235.7111456211246	336.4826701072485
3.71892065E7	152.66799975509022	414.2484737208467
3.75485225E7	756.0941065802803	1066.171337860417
3.79078385E7	610.1996515601866	3740.452277461145
3.82671545E7	153.0917994188959	440.0626889129881
3.86264705E7	130.47225561900945	175.88669120622117
3.89857865E7	115.73768771777489	250.7298366018374
3.93451025E7	246.83523138407418	336.4085421806532
3.97044185E7	590.8017483218115	697.6489947255625
4.00637345E7	340.73468478998984	3108.6476946029056
4.04230505E7	243.621555956317	850.9688454221873
4.07823665E7	656.5179257255452	2198.5558012952274
4.11416825E7	539.0829381380178	2255.741454474469
4.15009985E7	733.3847115074196	3051.4410902968116
4.18603145E7	288.582047557025	528.2639446124483
4.22196305E7	345.1703959745739	635.5658914647926
4.25789465E7	176.64660354673882	214.9854509481569
4.29382625E7	1023.8778484676441	2764.6624219217856
4.32975785E7	63.26827917487671	448.49362166470655
4.36568945E7	172.03221398434803	2067.479647390879
4.40162105E7	282.20348662458673	316.32500486468996
4.43755265E7	88.00841877344733	293.97720514639894
4.47348425E7	414.91944694920346	1082.831800353147
4.50941585E7	804.6519971278763	1188.1662105502737
4.54534745E7	74.48954958866291	125.84364954296264
4.58127905E7	224.20939507286064	334.69098953777416
4.61721065E7	614.2169149161184	2715.2552515204316
4.65314225E7	377.49771788620603	2258.004979341969
4.68907385E7	396.997703970878	1474.238462624727
4.72500545E7	367.9007642298144	971.5596696135718
4.76093705E7	955.3370598581749	3379.3737253008194
4.79686865E7	305.0842823587038	690.2019917970164
4.83280025E7	555.7963797882644	3999.637567163766
4.86541545E7	240.64496839461003	1150.9075181581043
4.88338125E7	4.433090097696297	3.004981190077538
4.90466345E7	355.38712999142814	616.7273706685252
4.94059505E7	185.41812499304234	207.31987203130717
4.97652665E7	210.9564784201093	443.7396746178994
5.01245825E7	244.68563047568156	413.0971689006122
5.04838985E7	536.5132529583988	2306.302033637716
5.08432145E7	117.34723196295182	262.69613679346423
5.12025305E7	239.96488884435985	282.1263618304312
5.15618465E7	324.70385955537745	2399.8836199040365
5.19211625E7	661.3039859065558	2506.754636185961
5.22804785E7	408.6091295684022	308.77418722221944
5.26397945E7	220.81900054548086	541.5559619286612
5.29991105E7	400.6872697013214	489.9783430481416
5.33584265E7	147.226997962796	298.69132400454794
5.37177425E7	33.70606096026896	109.46858540866747
5.40770585E7	379.43421389528993	690.2608134723446
5.44363745E7	359.443019514856	660.9801759159154
5.47956905E7	74.91473243607298	206.79396803560357
5.51550065E7	101.2976739137695	289.9278769313643
5.55143225E7	113.86044317536653	378.03416596090847
5.58736385E7	282.9522704249185	1691.167817528219
5.62329545E7	274.0897260350221	536.3933958537309
5.65922705E7	131.80328735708957	177.8582088587671
5.69515865E7	364.4825863585256	557.5091839260257
5.73109025E7	422.3583920560175	2193.711208463892
5.76702185E7	168.1677548453172	501.97689180195266
5.80295345E7	493.2109758541228	1342.7144917491514
5.83888505E7	751.9131488717452	2868.185992544026
5.87481665E7	183.41332698794375	347.6790690892513
5.91074825E7	66.7684990370593	109.91226399764304
5.94667985E7	667.5903661401106	15280.459850853495
5.98261145E7	262.0968534660299	586.0606446486977
6.01854305E7	171.1925519598348	181.51008748913205
6.05447465E7	350.9956445023322	2069.081756875484
6.09040625E7	269.6552282670407	560.3143433097521
6.12633785E7	207.88561878680605	334.77734863488314
6.16226945E7	156.86318727805053	246.98438555632478
6.19820105E7	490.78797771321064	2682.67448974322
6.23413265E7	81.23819701878013	165.2278325429806
6.27006425E7	231.77852642242482	563.2796960063895
6.30599585E7	85.41759621057787	114.6704214258822
6.34192745E7	176.0388181990226	458.8734267599227
6.37785905E7	310.8030507965134	755.0397142194893
6.41379065E7	54.447383361720604	171.17326559991128
6.44972225E7	224.27993465361965	401.34506685186284
6.48565385E7	275.9002660610716	339.1283621673937
6.52158545E7	246.55694152222557	497.5733553900816
6.55751705E7	411.29646049716683	544.7940642817196
6.59344865E7	193.58623607075666	252.43213659964562
6.62938025E7	270.9615575148337	528.2984107785435
6.66531185E7	92.7627520065903	241.17165778448867
6.70124345E7	34.069398523862006	96.74578645839279
6.73717505E7	137.9995324449788	436.54455623526434
6.77310665E7	308.1377255674671	2290.6443150306104
6.80903825E7	77.2737757294415	202.12657133433146
6.84496985E7	177.7874517138118	324.02028243746093
6.88090145E7	370.9681867770987	526.2034537666254
6.91683305E7	359.54654398913493	550.1157261570845
6.95276465E7	136.02369223747343	222.7312839424518
6.98869625E7	122.85071914415167	236.55861008889835
7.02462785E7	289.2246100925091	499.73437893837706
7.06055945E7	298.148170412673	569.7538465079011
7.09649105E7	304.7224893965201	2614.033540401391
7.13242265E7	18.1726780883679	22.863747788599717
7.16835425E7	252.47480212403568	678.2628281200405
7.20428585E7	552.2448624608979	3883.648071013834
7.24021745E7	1127.0193089091497	280.9766738866591
7.27614905E7	191.44088490353894	465.15290467135446
7.31208065E7	17.296006857473646	47.5497006427471
7.34801225E7	49.09047467966915	92.64273308101127
7.38394385E7	91.9256671008249	434.07727145916675
7.41987545E7	47.62481770920304	34.82422788343273
7.45580705E7	254.55485978915496	40.021383430683606
7.49173865E7	136.94351211746763	30.010912781019698
7.52767025E7	14.048492135056607	13.117557370538906
7.56360185E7	24.250882231795966	4.689525647993913
7.59953345E7	694.9514995157466	2664.6361508303726
7.63546505E7	264.2653179930757	75.16541938628347
7.67139665E7	242.15427924167028	249.15251257218821
7.690225E7	3.642223639209321	1.8893359067899687
7.7081908E7	3.0475202081475743	36.128086200965576
7.74325985E7	37.66546994845763	9.61116685269694
7.77919145E7	46.209587104387225	131.92885604424038
7.81512305E7	3.0975353171024946	4.045511730083737
7.85105465E7	6.114990704560888	27.360908479168625
7.88698625E7	24.133781963508444	20.05603672717838
7.92291785E7	20.666363312516	78.66209595005523
7.95884945E7	42.38733593828274	140.98296506990653
7.99478105E7	60.32996860702001	69.86667925738179
8.03071265E7	465.9679641318505	118.94505998650891
8.06664425E7	447.40346658651436	445.6367130663917
8.10257585E7	80.53069443052911	156.64528791560582
8.13850745E7	371.4606029233321	952.9310322291236
8.17443905E7	234.14220908615258	468.54629999340176
8.21037065E7	337.0807534315199	390.5831191461826
8.24630225E7	748.7980050985761	2580.3289666970118
8.28223385E7	310.89975954313195	734.5864115327258
8.31816545E7	160.6972803882933	255.64633178647966
8.35409705E7	56.661345445234836	267.9394608156691
8.39002865E7	417.16214418506274	2600.798935028697
8.42596025E7	69.83138797047724	132.80928563738425
8.46189185E7	54.057848801611954	225.053707992937
8.49782345E7	239.43020628082246	303.0123777804772
8.53375505E7	161.54957474757595	596.9959930433778
8.56968665E7	371.6892234133743	594.9829370420679
8.60561825E7	383.5269595564907	523.6865543601461
8.64154985E7	455.0630531342885	1515.408330855004
8.67748145E7	501.4557492569215	3050.556231227347
8.71341305E7	313.52288793151433	558.9663875153417
8.74934465E7	37.226652862661275	133.79899322493463
8.78527625E7	156.4125644279687	423.6714678250509
8.82120785E7	669.112113014728	3798.2864063710726
8.85713945E7	1335.6839216734018	1089.2095071142003
8.89307105E7	349.3317525520712	335.065071432369
8.92900265E7	494.00981308931415	929.3727875507044
8.96493425E7	143.51438566609892	368.68447819092734
9.00086585E7	411.7885009295439	545.767352263747
9.03679745E7	160.16190484142092	531.0423254940409
9.07272905E7	559.7980245800354	875.5891383726819
9.10866065E7	268.35993109129566	664.5630169546599
9.14459225E7	139.49404423961082	863.9214023898737
9.18052385E7	364.4199562502087	1541.349126815371
9.21645545E7	918.2714212559418	2626.963534503785
9.25238705E7	62.2126623918779	351.62519344798744
9.28831865E7	405.2374817709203	2774.149756433314
9.32425025E7	300.4019136359082	423.66813868137234
9.36018185E7	204.28605739794497	402.28374429718
9.39611345E7	196.41800253815583	372.1013308483721
9.43204505E7	93.09275957652874	210.83144357491892
9.46797665E7	105.34031882799542	184.56011673929902
9.50390825E7	987.992040432377	1821.4866522202592
9.53983985E7	230.71958665909673	241.23037423869934
9.57577145E7	120.26076211468457	217.30726030106422
9.61170305E7	202.7166533079518	481.75252961296115
9.64763465E7	139.80585334357502	273.99184696419724
9.68356625E7	204.14376760288994	246.0144241043223
9.71949785E7	50.68323982232909	87.84384155517475
9.75542945E7	375.5682880806866	1678.6414332230693
9.79136105E7	558.1361113894177	1530.7471838893234
9.82729265E7	256.98164011622083	331.76528378177915
9.86322425E7	128.89888566053278	136.92239375796552
9.89915585E7	238.7194252412918	304.339346981818
9.93508745E7	371.9509178550357	653.1306131282429
9.97101905E7	164.52896614679003	194.65934203155655
1.000695065E8	183.44075688252124	226.1025390108352
1.004288225E8	238.25756437230737	2372.1905234905075
1.007881385E8	504.7602444644825	787.9701828082507
1.011474545E8	442.0668548019014	380.8302180799716
1.015067705E8	221.65402041656927	286.1612634210287
1.018660865E8	287.62479822774384	634.2263799352719
1.022254025E8	470.239212837725	2299.6048600880313
1.025847185E8	264.318446715426	2754.152655544507
1.029440345E8	133.06728896013536	495.52529045903344
1.033033505E8	138.12123868683832	178.81107703592568
1.036626665E8	265.9993125827962	755.7303243828729
1.040219825E8	224.143158111523	312.49883076293304
1.043812985E8	148.68925124403032	445.54645725337036
1.047406145E8	363.4986919591669	2159.8750927411616
1.050999305E8	53.138365672555636	182.43740746888503
1.054592465E8	113.08775840764119	302.3959186621558
1.058185625E8	183.90875997729017	170.78133384673743
1.061778785E8	350.813623662737	1856.126919638186
1.065371945E8	222.3903889612486	490.616587137306
1.068965105E8	803.0426143005043	3681.1922907637318
1.072558265E8	459.78533658395395	2542.3918594866054
1.076151425E8	172.63143305614	367.94888494736324
1.079744585E8	390.5337530196262	1290.0089180569514
1.083337745E8	376.9320653686449	1891.3656014389899
1.086930905E8	484.687503478832	1150.9010731918654
1.089314775E8	452.08858485586336	919.174874621455
1.091111355E8	551.9422264303847	3415.7717193519206
1.094117225E8	405.8674091885694	390.60079696073143
1.097710385E8	310.89825668770663	407.30702800802993
1.101303545E8	416.68816863151096	889.7153516846522
1.10324175E8	197.9347572815534	253.32146171530374
1.10503833E8	147.32120812952618	141.72063838187378
1.108489865E8	235.83449943782074	1525.4585834983257
1.112083025E8	176.33632791192153	439.72577296886135
1.115676185E8	152.47692282002473	173.08305498166112
1.119269345E8	262.06252713488965	2614.497309021135
1.122862505E8	253.42001469458637	298.6451588271857
1.126455665E8	156.30637377684266	241.38547564776925
1.130048825E8	310.13203698137573	273.59041165546915
1.133641985E8	46.53696189426577	75.78137497812017
1.137235145E8	113.16397544222913	307.4682824671638
1.140828305E8	190.35496888532657	317.9145173452544
1.144421465E8	448.0888994645382	760.2535248514903
1.148014625E8	125.84357501475024	149.75143352514098
1.151607785E8	505.263369847154	845.4106665031128
1.155200945E8	149.19353994812366	367.47848190332024
1.158794105E8	232.19805129746518	1960.229862902949
1.162387265E8	419.8740495830968	2080.8546924726834
1.165980425E8	278.62897004308184	545.1328759834996
1.169573585E8	610.2797454051587	2690.854967569292
1.173166745E8	144.01169165859577	165.07888570769938
1.176759905E8	61.339517305101914	135.71649667135597
1.180353065E8	34.07082067038484	106.43355171494156
1.183946225E8	537.0365416513598	2420.879651441661
1.187539385E8	281.4050918968262	304.9231719553121
1.191132545E8	330.6962506540204	365.429076659231
1.194725705E8	473.63689621391757	1007.3385198799933
1.198318865E8	209.55856404947178	1841.782545355898
1.201912025E8	78.61193211546383	248.6577541702481
1.205505185E8	200.3178066103374	211.51122855580365
1.209098345E8	158.1306343163121	257.01139708316094
1.212691505E8	325.3468562490955	638.630307123763
1.216284665E8	267.1044428859277	659.2795666739631
1.219877825E8	291.2980384953634	400.394012744398
1.223470985E8	115.97763528481893	264.61054529159134
1.227064145E8	39.06971022720948	73.99107422671958
1.230657305E8	237.3640917743713	183.20395033946966
1.234250465E8	113.90909951129368	320.76391144175153
1.237843625E8	345.3091679747075	1618.3501748860806
1.241436785E8	401.5397616582618	800.0009843088185
1.245029945E8	106.90324394126618	241.91046267515642
1.248623105E8	59.870798962473145	100.78356470964923
1.252216265E8	156.22975319774238	93.72480799763666
1.255809425E8	168.55528281512653	1738.7706656848802
1.259402585E8	309.048013447773	588.2850877494507
1.262995745E8	334.8289444388783	497.84297128785033
1.266588905E8	453.40253704260317	949.3193695566315
1.270182065E8	262.5929766556457	1301.1479421325146
1.273775225E8	457.65045809259817	1413.798639293218
1.277368385E8	101.32680982756125	269.72447227064526
1.280961545E8	238.7551709358893	258.93994367952496
1.284554705E8	67.37174798784356	140.92025725694882
1.288147865E8	169.76292455665765	604.5919667019724
1.291741025E8	167.715993721404	313.87554878630783
1.295334185E8	115.9142899286422	227.1623472608236
1.298927345E8	517.0107621146846	2058.3753278714926
1.302520505E8	128.44831568869742	345.30128588820264
1.306113665E8	126.6288058422113	248.12452401926433
1.309706825E8	28.248831112446982	52.83696800611834
1.313299985E8	113.36829420343096	229.6769901195579
1.316893145E8	260.26629484910217	280.44329725947966
1.320486305E8	63.68300047868728	167.69879709034186
1.324079465E8	10.217385254205212	5.925365485679858
1.327672625E8	76.06186754834185	170.3454969108483
1.331265785E8	19.637836890091172	33.71763840796214
1.334858945E8	37.92464571574881	128.68498795583508
1.337730805E8	107.48562699947921	345.479808828747
1.339527385E8	4.0773880493553305	50.90523663234497
1.342045265E8	27.265571252045554	66.59942207344415
1.345638425E8	84.65445457480324	417.8171620482424
1.349231585E8	795.3514761379955	178.1167509797845
1.352824745E8	82.84154894299168	73.86825197148367
1.356417905E8	73.60032673190173	148.40799109367012
1.360011065E8	71.94373197965022	45.67822085903434
1.363604225E8	77.46135435104476	95.96564577921967
1.367197385E8	129.2907969586659	167.03011180491697
1.370790545E8	147.92054347705084	847.6957177901168
1.374033365E8	35.10033604381016	130.8739983473107
1.375577225E8	51866.86565253022	181293.47678750593
1.375927565E8	23.212428774928775	43.08528130188195
1.376371405E8	16.36021871075764	36.67124901602268
1.37699935E8	4.157488696846563	9.546616222650888
1.37786751E8	5.761032608065657	57.251931597319434
1.37868371E8	1461.2434100268924	1667.6154111555427
1.37942101E8	3.7636727339793152	15.657808950982236
1.37980213E8	16.822032421126025	34.52709727483981
1.38019627E8	0.8775088588198273	3.982076313932891
1.38089538E8	2.28584915556488	14.015133102563576
1.38156123E8	45.58930748506148	222.96642447980983
1.382206275E8	0.5142080869426242	3.313428395987519
1.38280805E8	1.752288656225664	12.442589455629381
1.38323179E8	0.13129102844638948	0.7675791569072591
1.383484915E8	0.005705350350773392	0.07553376960521295
1.38384028E8	4.43137668473561	10.04779029910309
1.384312265E8	0.5224960626569617	1.1041803448835508
1.384772795E8	3.7609929078014184	6.931783553094424
1.38522045E8	8.445475220103127	16.360531681922158
1.385663025E8	27.41930437148558	154.39981802011155
1.38610046E8	2.6907313924809255	1.7373261351573812
1.38651258E8	3.6094106196050304	2.5431145617910307
1.386833775E8	2.0554409080085723	11.508555985090968
1.387019305E8	1.0557608330534094	2.755609297402812
1.38726341E8	0.0	0.0
1.387630385E8	3.842086508415109	6.724854790091
1.3879854E8	767.5361084557226	1093.875525349005
1.3883298E8	1.0239820716551704	2.97905901766846
1.388668195E8	0.017046818727490996	0.1396703372991148
1.389001375E8	18.604244206987634	11.31930103051536
1.389325255E8	42.0269548633185	249.95393281856667
1.38963047E8	0.39012270560795054	1.6793050878871587
1.38991991E8	1.9847023494082319	3.4025666507438075
1.390198715E8	0.32186043123543123	2.8832732891871107
1.39044446E8	5.025031116028212	21.006295798900172
1.390581695E8	0.34549878345498786	0.921492495081476
1.39074104E8	0.20532261152594294	1.3572336180655398
1.391000815E8	2.283204334365325	4.033792053164538
1.39125904E8	4.465219918620423	3.7695996877455804
1.391516555E8	1.5200015565413652	3.1467777628454194
1.391772845E8	32.35359937402191	252.01707991339617
1.39202833E8	2.031836159298273	3.0343286587332896
1.39227853E8	0.02309921234134596	0.1721308369158322
1.392522945E8	11.311443806398687	16.714407288103786
1.392761035E8	0.0	0.0
1.392991635E8	0.0	0.0
1.393219065E8	0.41337816315696335	1.3126024325712107
1.39344169E8	30.032024086492406	172.21967535014946
1.393656665E8	0.0	0.0
1.39386585E8	16.088908153927658	39.165630798476926
1.394057875E8	0.062294524430336694	0.38603029098400177
1.394157655E8	0.4840103716508211	1.6500176788555536
1.39426072E8	0.20197825017760535	0.694296910086136
1.394433E8	0.07031008231726187	0.4239532252398963
1.394591395E8	0.1625434866640897	0.798142412353926
1.39474609E8	0.0	0.0
1.394898515E8	0.24289885850809662	1.352371600600576
1.39504877E8	2.3112193819662283	6.517305576302594
1.39519712E8	0.2705794239803908	1.1722373463888656
1.39534307E8	0.0	0.0
1.39548658E8	0.49841538136488484	1.6750405872940302
1.395628065E8	0.40438360051071076	0.9272364007552312
1.395768695E8	0.34416880524664956	2.0237399139305956
1.395908865E8	0.0	0.0
1.396048595E8	0.3220229555236729	1.7166372987602765
1.39618797E8	0.1585934696806602	0.6501359191060011
1.396327175E8	0.16338271249820221	0.5587837874852271
1.39646447E8	0.020807201357632997	0.15025986491771887
1.39659998E8	7.246807882500554	42.74719068675406
1.39673523E8	0.0	0.0
1.39687001E8	0.672463768115942	1.652267790561803
1.39700456E8	0.10516536603493125	0.5040895557271909
1.397138915E8	0.0	0.0
1.397272965E8	0.014857398835299388	0.12189093007808
1.39740652E8	0.19186002853495532	1.324953013543469
1.397539385E8	0.0	0.0
1.397671835E8	0.23605863684449147	1.3073188845345507
1.397738625E8	0.0	0.0
1.39780441E8	2.0276989181308984	5.126258259921209
1.397935115E8	0.04340860543179738	0.24456247169858278
1.39806605E8	0.0	0.0
1.398195725E8	11.17696017423771	22.37753611523562
1.398324245E8	0.0	0.0
1.39845262E8	0.1720589381772823	0.8336775879977287
1.398580325E8	0.19073462324996068	0.746550980947931
1.3987073E8	0.039665641510921855	0.2703728729342807
1.398833975E8	0.0	0.0
1.398960405E8	6.312381253958201	7.195056708507032
1.399086725E8	0.0	0.0
1.399212565E8	0.8078334396936822	4.714461654501785
1.39933781E8	186.64444977223687	334.01642813904016
1.39946267E8	0.06838430050565857	0.3909235906314378
1.399587085E8	0.66283000643915	3.08926281693428
1.399711325E8	0.0	0.0
1.39983544E8	0.17977256230341157	0.567203220642779
1.399959275E8	6.735122897800776	17.988276870966434
1.400082885E8	0.785170794884248	3.4296628137983154
1.40020559E8	0.04471978337572823	0.21416943865376747
1.400327265E8	0.1977280210734277	0.809577994679865
1.400448715E8	0.04677977268983693	0.35194824494857924
1.4005699E8	0.0	0.0
1.400690545E8	0.047199601130131295	0.2558928228362918
1.40081085E8	0.11806768105096865	0.4617217732854208
1.400930995E8	0.5082486252291285	2.153886439795301
1.40105101E8	0.0	0.0
1.40117094E8	0.4206090947017105	1.6086178013142365
1.401281635E8	0.0	0.0
1.40134155E8	0.0	0.0
1.401410485E8	6.345459106874059	31.027713685638407
1.40153003E8	0.2556271441720358	1.1801569723802787
1.40164882E8	0.02405352756839163	0.21146922790917536
1.40176667E8	0.20215931310039956	1.0265124405138142
1.4018842E8	307.4084986800647	794.5764605100605
1.40200076E8	1.8119111418445846	6.714469753541587
1.402116215E8	0.0	0.0
1.402231315E8	0.09923464950426161	0.6571919051606859
1.402345955E8	0.07454068241469816	0.518932884468384
1.402459205E8	0.20249554367201425	0.9486832980505138
1.402571045E8	0.0	0.0
1.402682415E8	0.0	0.0
1.4027885E8	21.952432860965217	54.48020426561295
1.40288828E8	0.11474911302584896	0.4158540817811088
1.402984445E8	0.0	0.0
1.40307799E8	0.0	0.0
1.403166425E8	0.23747903187155522	0.9445442873976315
1.40324819E8	0.0	0.0
1.403326835E8	0.14063714063714064	0.45176565174015176
1.403402015E8	0.0	0.0
1.4034742E8	0.0	0.0
1.40354483E8	0.2808796230187063	0.7780180005237285
1.403614525E8	6.908592848904267	8.563252677835225
1.403683705E8	14.470289855072464	12.503361866754657
1.403752505E8	3.888483965014577	9.060398243263407
1.403821105E8	0.0	0.0
1.40388953E8	1.3441758241758242	2.365812671592913
1.403957145E8	0.0	0.0
1.404023365E8	0.2603116406966086	0.945020881700497
1.404088075E8	0.04440275171982489	0.2107196044980744
1.404151525E8	0.5862726406101049	1.3726526891926303
1.40421418E8	1.5026455026455026	3.623029504849424
1.40427633E8	17.75940578072017	18.29058818130475
1.404337675E8	0.7649769585253456	1.9852981694428555
1.404398365E8	0.0	0.0
1.40445888E8	5.296308558185731	15.367252786437932
1.404519085E8	0.0	0.0
1.404579005E8	0.4440173796791444	1.221260526147993
1.404638765E8	2.393599195710456	9.492289095830381
1.404698365E8	0.09509408602150538	0.35733481784316895
1.4047577E8	0.6699915469146238	1.1838587565109737
1.40481673E8	47.86216262094721	208.4047137151483
1.404875345E8	0.0	0.0
1.404915035E8	0.0	0.0
1.404943895E8	0.07746863066012002	0.33686076842660756
1.404990715E8	0.09968409968409968	0.4634783865642656
1.405047025E8	630.9572250179726	790.0610650579415
1.40510262E8	0.0	0.0
1.405157995E8	2.744565217391304	3.3410327744576227
1.40521292E8	4.201097895699909	6.672950682739431
1.40526756E8	96.99853560314845	183.60255605660296
1.40532181E8	0.0	0.0
1.40537566E8	62.296117406650566	51.855695826699574
1.405429375E8	0.10597014925373134	0.460369741085861
1.405482795E8	0.14782118707738542	0.503369562651594
1.40553603E8	0.053353372158557205	0.23098348893060994
1.405589225E8	0.42738901429646353	1.7007058243500488
1.40564221E8	0.053777693618632834	0.3250566204156534
1.405694775E8	0.10856269113149847	0.43631063759329114
1.40574688E8	0.054731162073617265	0.23394692148779658
1.405798735E8	1.060015438054805	1.2469182389226994
1.405850135E8	0.15045115731659475	0.7470354644139682
1.40590093E8	0.0	0.0
1.405951535E8	0.0	0.0
1.40600212E8	0.0	0.0
1.406052535E8	0.03263032232391564	0.2554616304806483
1.406102665E8	2.4404	8.135059926023901
1.406152645E8	0.45476381104883906	1.1804722833889323
1.406202595E8	0.2274729675610733	0.6549157943103561
1.406252495E8	0.17087845968712395	0.46497889742453946
1.40630226E8	0.0	0.0
1.40635179E8	0.05750151852601741	0.23979474249035865
1.40640115E8	0.0	0.0
1.4064504E8	0.0	0.0
1.4064995E8	114.7542321027942	88.77231415797762
1.406548455E8	0.05810147299509002	0.24441385845777916
1.40659729E8	9.952449272391883	27.961653535809553
1.40664601E8	0.11634121274409044	0.3975774533963495
1.406694435E8	0.0	0.0
1.40674261E8	0.11796469366562824	0.5172015119332136
1.40679061E8	1.6284221525600835	3.2477304992916602
1.40683806E8	0.0	0.0
1.40688509E8	0.0	0.0
1.406931635E8	0.0	0.0
1.40697758E8	0.0	0.0
1.40702335E8	0.24841460747867922	0.6134650628495301
1.40706898E8	0.062376455084559634	0.24975278794151554
1.40711432E8	0.0	0.0
1.40715925E8	4.197494967568777	4.695896360683874
1.40720393E8	0.8270996640537513	2.033647532006097
1.407248515E8	0.0637915543575921	0.27060213713447095
1.407292955E8	0.2560865644724977	0.7019873887460666
1.407337135E8	0.0	0.0
1.40738111E8	0.0	0.0
1.40742499E8	0.0	0.0
1.407468785E8	0.0	0.0
1.40751256E8	0.0	0.0
1.407556295E8	0.3899313501144165	1.1544362746068517
1.40759995E8	0.06466406787434074	0.335884148140775
1.407643435E8	0.4368081180811808	1.2978836022611775
1.407686665E8	3.8218097447795825	5.994816012649766
1.407729765E8	5.666821345707657	20.47913317481107
1.40777284E8	0.0	0.0
1.40781584E8	172.24959254947615	323.100185214557
1.40785876E8	22.5364886920028	40.99404275198756
1.40790157E8	0.0	0.0
1.407944295E8	0.1989700374531835	0.6154228776638547
1.407986935E8	0.06672932330827068	0.2900285181725816
1.40802937E8	0.0	0.0
1.40807165E8	0.0672189349112426	0.2699989042274499
1.408113885E8	0.0	0.0
1.408156105E8	1.134059687351966	2.1813776237233453
1.408198225E8	5.061637315564017	12.162062095001216
1.40824022E8	0.5148915892304027	1.1150197315150339
1.408282145E8	1.2636103151862463	2.940024494891754
1.408324E8	0.0	0.0
1.408365825E8	0.0	0.0
1.40840755E8	0.0	0.0
1.408449115E8	0.13686746987951806	0.5791560124413697
1.40849054E8	0.0	0.0
1.40851497E8	0.3781624500665779	0.6149491442929065
1.408535395E8	0.08518296340731854	0.30096824354618434
1.40857247E8	0.0	0.0
1.408613235E8	0.27897838899803534	0.9228596540432915
1.40865389E8	21.090416358709042	43.96249997767154
1.408694335E8	0.0	0.0
1.40873455E8	0.0	0.0
1.408774675E8	0.0	0.0
1.408814765E8	0.2126809785322017	0.7685142021340123
1.40885475E8	0.4981207717364069	1.1451859081474474
1.408894625E8	0.35642570281124497	1.334963862453297
1.408934395E8	0.979345088161209	2.7287996641477545
1.408974065E8	0.2865792129162462	1.0192397396203665
1.409013685E8	3.328030303030303	5.565654961593932
1.409053235E8	99.19949367088607	162.3509458557392
1.40909269E8	0.0	0.0
1.409132055E8	0.0	0.0
1.409171345E8	0.2131940906775344	0.4900954817718522
1.409210595E8	1.780835881753313	2.6051779382039113
1.40924982E8	0.0	0.0
1.40928899E8	0.0	0.0
1.40932812E8	0.0	0.0
1.409367215E8	0.07270865335381464	0.2967652884970431
1.4094061E8	0.0	0.0
1.409444775E8	3.568840579710145	6.626164493930189
1.409483385E8	116.04250907205807	98.7329264856509
1.409521765E8	0.07438449449973808	0.2727352094976703
1.40955989E8	5.51799317047544	16.153665167544908
1.409597955E8	0.0	0.0
1.409636015E8	0.2837624802942722	0.7154183647900912
1.40967392E8	0.0	0.0
1.40971157E8	0.3025299600532623	0.6462016439011582
1.40974907E8	0.5308411214953271	1.6357161805249023
1.40978648E8	0.0	0.0
1.409823815E8	1.0273458445040216	2.2433099826560268
1.40986105E8	1.0696798493408664	3.607938218250101
1.409898215E8	1.465016146393972	4.404653083233494
1.40993536E8	0.2281174252625909	0.6173276726560041
1.409972465E8	0.0	0.0
1.41000941E8	0.0	0.0
1.410046115E8	2.4262295081967213	4.525096985948526
1.410082665E8	0.15616438356164383	0.450874340845514
1.41011916E8	0.0	0.0
1.410155645E8	0.0	0.0
1.410192115E8	0.07789358200767965	0.2790942170803251
1.410228535E8	1.2363936228697086	4.029850138471362
1.410264835E8	0.4690778575372722	0.9359675953746401
1.410301055E8	0.0	0.0
1.41033718E8	0.3871773522064946	0.8642208062748401
1.41037321E8	0.0	0.0
1.410409235E8	0.15602443087173792	0.453562614172524
1.41044521E8	0.0	0.0
1.410481085E8	0.0	0.0
1.410516865E8	0.0	0.0
1.41055252E8	0.31037391059881925	0.8360045277535971
1.410588075E8	23.4313449634215	21.544283744671255
1.41062361E8	0.15873909372361386	0.6660096208658273
1.41065914E8	0.0	0.0
1.41069467E8	7.218688432310723	7.651371405140238
1.41073012E8	6.636415040995193	12.548464149134762
1.41076544E8	0.0	0.0
1.41080071E8	0.08023816274454211	0.33886349186437054
1.41083596E8	0.0	0.0
1.41087117E8	0.0	0.0
1.41090628E8	0.0	0.0
1.410941305E8	328.65077098800685	176.07607725074817
1.41097631E8	7.870534438410974	11.387608272932692
1.411011295E8	0.0	0.0
1.411046235E8	1.0578796561604584	1.5922448156639093
1.411081075E8	0.0	0.0
1.41111585E8	0.0	0.0
1.4111506E8	0.0	0.0
1.411185295E8	5.54068090017311	6.584266686693385
1.41121994E8	0.0	0.0
1.411254545E8	22.277327935222672	19.698523048568088
1.411289005E8	0.16540477577169482	0.7211748649177724
1.411323185E8	0.0	0.0
1.411357175E8	0.0	0.0
1.4113911E8	0.9218058424313957	1.9467687401407645
1.411424975E8	0.0	0.0
1.41145878E8	2.0002962962962965	3.243454948045371
1.411492525E8	384.25963248369885	464.4817008716018
1.41152626E8	1.5345389860658167	4.703765262954474
1.41155995E8	0.08439821693907876	0.3632444193272108
1.411593515E8	0.25448028673835127	1.0801234497346435
1.41162699E8	0.22348371676127876	0.6604631198756407
1.41166043E8	0.5100269380425022	1.4524283250849692
1.4116937E8	0.0	0.0
1.411726805E8	0.24939540507859734	0.691763601449372
1.411759855E8	0.0	0.0
1.41179286E8	0.08608669293725371	0.3191379719889214
1.411825805E8	0.08571428571428572	0.3598378560890614
1.411858675E8	0.951278928136419	3.285723742430464
1.41189148E8	0.0	0.0
1.41192424E8	0.0867175572519084	0.37232506522993225
1.411956955E8	0.17380660954712362	0.5183298666613709
1.411989605E8	0.549662783568363	1.488871450940239
1.41202221E8	0.34857318195765574	1.3187811792375796
1.4120548E8	759.4194538201903	1148.8801476831302
1.412087365E8	0.0	0.0
1.41210776E8	0.5163636363636364	0.9585342345414058
1.41212402E8	0.6431808817470128	0.24188519310190276
1.412152325E8	0.0	0.0
1.41218463E8	0.4400371862410908	1.2957464201183262
1.41221688E8	0.0884269314303444	0.29632143284051826
1.412249085E8	14.389993784959602	32.85613781955589
1.41228124E8	13.7416744475568	13.471564039097622
1.41231335E8	0.0	0.0
1.412345425E8	0.0	0.0
1.41237746E8	0.0	0.0
1.41240947E8	1.0474851608872227	1.5955459717064888
1.41244146E8	0.08914607444479199	0.34385439666481526
1.412473425E8	1.1273466833541927	2.7066066669470006
1.41250538E8	795.3799687010954	391.4248799191466
1.412537305E8	192.31347962382446	325.88168131921094
1.412569125E8	0.0	0.0
1.41260086E8	0.0	0.0
1.41263258E8	0.17912330495111953	0.44217860348079036
1.412664245E8	0.17963314358001264	0.7694350918247161
1.41269585E8	0.08958531180753403	0.36288736930121157
1.41272743E8	0.0	0.0
1.412758995E8	0.0	0.0
1.412790545E8	3.308180088776157	3.6015919822482387
1.412822035E8	0.0	0.0
1.4128534E8	91.5790987535954	178.38969966695808
1.41288466E8	0.0	0.0
1.41291589E8	0.0	0.0
1.412947105E8	0.0	0.0
1.412978215E8	4.428755641521599	4.592097885674729
1.413009225E8	0.0	0.0
1.413040225E8	1.238709677419355	2.236644952861605
1.41307117E8	0.07316283586921334	0.35714054478278384
1.41310204E8	3.0518638573743924	3.8797149388174104
1.413132865E8	0.0	0.0
1.413163665E8	0.2766233766233766	0.9996752719511718
1.41319445E8	0.8475788105297367	1.614043020377155
1.413225215E8	26.565019505851755	104.92420944147293
1.41325596E8	0.0	0.0
1.41328669E8	0.6690530426293524	1.856554513930462
1.41331738E8	0.0	0.0
1.413348E8	0.0	0.0
1.413378585E8	60.39764551994768	97.44289300401286
1.413409105E8	1.7094550229809586	4.918108097834261
1.413439555E8	0.0	0.0
1.41346999E8	0.0	0.0
1.41350033E8	0.0	0.0
1.413530575E8	0.0	0.0
1.41356076E8	0.0	0.0
1.413590875E8	0.0	0.0
1.41362097E8	0.0	0.0
1.413651025E8	0.0	0.0
1.41368103E8	0.09536512170723574	0.3077307796504082
1.41371102E8	2.3431143714571525	7.922073786854137
1.413740995E8	0.7570093457943925	1.8284212221351164
1.41377093E8	1.044466733533935	2.174515782882098
1.413800805E8	3.173927613941019	3.3297847509915197
1.413830635E8	0.19047619047619047	0.6172133998483676
1.413860455E8	1.3333333333333333	2.284728996223353
1.41389022E8	1.911477616963985	6.355982930842871
1.413919895E8	0.0	0.0
1.4139495E8	0.0	0.0
1.413979065E8	0.0	0.0
1.41400857E8	0.0	0.0
1.41403801E8	0.0	0.0
1.41406741E8	0.19339462036091248	0.4754797945967832
1.41409678E8	0.0	0.0
1.414126105E8	0.0	0.0
1.41415538E8	54.847625555175945	106.31302286911118
1.414184645E8	0.0	0.0
1.414213895E8	0.582421340629275	1.2091477592476325
1.414243125E8	112.81279945242984	83.55713001730176
1.414272345E8	9.557837097878165	21.930432600814417
1.41430155E8	0.0	0.0
1.414330725E8	8.059327846364884	31.417969703686826
1.414359875E8	6.133836650652024	5.850634538441296
1.414389E8	4.388182755066987	14.450831121294957
1.414418105E8	0.0	0.0
1.41444718E8	10.894664371772805	24.36520048832943
1.414476225E8	26.15461432506887	58.8217207731187
1.41450526E8	0.0	0.0
1.41453427E8	559.7036909279062	559.0505743406192
1.41456323E8	0.0	0.0
1.41459214E8	0.09830391138802354	0.3794660218668743
1.414621005E8	4.7447988904299585	8.229753873663649
1.414649835E8	820.3147120055517	1144.4923669173122
1.414678655E8	0.6950034698126302	1.711191070148672
1.414707475E8	0.1970853573907009	0.46680213492593275
1.41473629E8	0.4543561263450191	1.1156642411867583
1.41476508E8	0.0	0.0
1.414793845E8	3.553546592489569	5.129613497275653
1.41482258E8	0.07558342041100662	0.2749243903530689
1.414851235E8	0.0	0.0
1.414879835E8	0.0993006993006993	0.3151201347116672
1.414908425E8	0.0	0.0
1.41493699E8	2.0430823117338	2.718748553152986
1.41496551E8	505.2292032292032	830.0243842282457
1.414993995E8	0.09164325842696629	0.39171547229584264
1.415022465E8	0.0	0.0
1.415050915E8	0.0	0.0
1.41507934E8	0.0	0.0
1.415107725E8	0.5024682651622003	1.3047596496291656
1.415136075E8	0.0	0.0
1.41516441E8	0.0	0.0
1.415192725E8	0.0	0.0
1.41522102E8	0.0	0.0
1.415249305E8	1.6591230551626592	3.5670482331467674
1.41527757E8	0.8049557522123894	1.8341885910698004
1.41530581E8	0.0	0.0
1.415334035E8	0.0	0.0
1.415362255E8	0.0	0.0
1.415390465E8	0.0	0.0
1.41541866E8	0.0	0.0
1.41544683E8	27.530017761989342	34.12917161666522
1.415474975E8	0.0	0.0
1.4155031E8	0.3030949839914621	1.1260000890942867
1.415531175E8	0.20256776034236804	0.6365025692679772
1.41555919E8	3.711325473383351	5.83478009925967
1.415587165E8	0.0	0.0
1.41561512E8	0.0	0.0
1.41564307E8	0.7112701252236135	2.1646038526710174
1.415671015E8	0.27523264137437364	0.8265892698584326
1.415695015E8	51.7333000997009	69.85339654571624
1.41570898E8	33.560355781448536	16.64102644424827
1.41572688E8	0.0	0.0
1.4157548E8	0.0	0.0
1.415782705E8	5.506093189964158	8.744993447354048
1.415810595E8	0.101506456241033	0.38207693381993807
1.41583847E8	4.07032651596699	11.489406362279507
1.415866325E8	0.0	0.0
1.41589416E8	296.83650736615164	287.89725417508294
1.41592198E8	0.0	0.0
1.41594971E8	0.3081374321880651	1.124123126215856
1.415977345E8	1.1383055756698044	1.5639864399537358
1.41600491E8	0.0	0.0
1.416032415E8	0.20654545454545453	0.6427214864083113
1.41605989E8	0.5143897996357013	0.9694796080282008
1.416087335E8	0.10349854227405247	0.38654483520154714
1.416114735E8	0.0	0.0
1.41614208E8	0.2092938163190633	0.8043060111249015
1.416169385E8	237.56891495601172	231.09319364611352
1.41619657E8	537.2284976005906	170.6564086670097
1.416223655E8	0.0	0.0
1.41625071E8	1.2567517573066962	1.5746324201544797
1.416277715E8	0.2727946627131208	0.6968104821510522
1.41630469E8	0.5261401557285873	1.2406117595787938
1.416331645E8	351.47884187082406	568.0850747819836
1.41635856E8	0.0	0.0
1.416385445E8	1.4765625	2.181752653913166
1.416412325E8	0.0	0.0
1.416439195E8	6.282204020848845	10.23386258507879
1.41646598E8	10.590415574691127	6.650751626099331
1.416492685E8	0.0	0.0
1.41651938E8	2.1697264893218433	3.8855391855034966
1.416546065E8	0.0	0.0
1.41657273E8	330.0772983114447	313.39871086202834
1.416599375E8	0.0	0.0
1.41662593E8	26.338496411031358	13.172965182956016
1.416652385E8	0.0	0.0
1.416678815E8	147.5230885692657	213.0819563835953
1.41670523E8	0.302158273381295	1.0572409492821757
1.41673163E8	0.10761652140962485	0.3280495715736036
1.41675801E8	0.0	0.0
1.416784375E8	6.456752655538695	13.523205481493244
1.41681073E8	0.0	0.0
1.41683705E8	0.10802586534804108	0.32867288502102066
1.416863335E8	1.7279299847793	2.6935714664833514
1.416889605E8	0.0	0.0
1.416915825E8	0.0	0.0
1.416942E8	0.10852120748949179	0.35831730035549025
1.416968145E8	0.0903522205206738	0.300586460973667
1.41699426E8	0.0	0.0
1.41702034E8	0.0	0.0
1.41704638E8	0.0	0.0
1.41707241E8	1.5001920860545523	1.9512892592689726
1.41709838E8	0.0	0.0
1.417124275E8	0.8551004636785162	1.780996195888178
1.417150135E8	0.0	0.0
1.41717597E8	0.32984901277584205	0.5876520075012488
1.41720177E8	0.0	0.0
1.41722754E8	0.0	0.0
1.417253305E8	0.5966614906832298	1.5127563177916772
1.41727906E8	1.4244660194174756	2.320277854134791
1.41730481E8	0.0	0.0
1.41733056E8	0.6609708737864077	1.0933159679732307
1.417356305E8	2.9786324786324787	3.623768981557962
1.417382025E8	0.0	0.0
1.4174077E8	0.20857699805068225	0.6675432833065728
1.41743333E8	0.0	0.0
1.41745892E8	0.0	0.0
1.417484485E8	0.0	0.0
1.41751004E8	9.29549902152642	15.797136157013062
1.41753556E8	0.6684974499803845	1.8624745095030026
1.41756104E8	549.4197094621123	735.4535131761817
1.41758648E8	1.4325068870523416	3.04543839241048
1.41761189E8	0.889413616686344	1.467206798327838
1.417637275E8	0.0	0.0
1.4176626E8	0.0	0.0
1.41768789E8	0.0	0.0
1.417713145E8	0.0	0.0
1.41773836E8	14.16739389131297	30.66947052126496
1.41776357E8	0.0	0.0
1.417788775E8	0.0	0.0
1.417813975E8	1.0757936507936507	2.0233753035578
1.41783916E8	17.598728645212553	36.87750449398136
1.417864325E8	0.0	0.0
1.41788946E8	6.442453205894066	13.483517970832871
1.41791457E8	91.93389088012744	185.81800918328105
1.417939675E8	0.0	0.0
1.417964765E8	1.0195374800637957	1.885794287745559
1.41798983E8	0.0	0.0
1.418014855E8	0.0	0.0
1.41803981E8	30.57808109193095	15.526411369665313
1.4180647E8	0.22838761560112586	0.5112328893461137
1.41808953E8	0.3699072206534893	0.5533279709948489
1.41811431E8	150.00080742834072	205.06677034260935
1.418139075E8	5.439822294022617	6.220374049186529
1.41816383E8	0.0	0.0
1.41818857E8	0.0	0.0
1.418213285E8	0.0	0.0
1.418237955E8	0.7747564935064936	2.093686396591602
1.41826259E8	7.490458790093382	12.905037461387757
1.418287215E8	0.11535337124289195	0.33963711699826327
1.41831178E8	1.2888616891064872	2.0566239720431883
1.41833627E8	0.6926849203105844	1.4021700736382232
1.418360715E8	0.0	0.0
1.41838512E8	0.0	0.0
1.418409505E8	10.43560295324036	10.259312182808115
1.418433885E8	0.0	0.0
1.418458265E8	40.874077112387205	64.16316874293005
1.41848263E8	0.0	0.0
1.418506975E8	0.0	0.0
1.418531305E8	0.23355263157894737	0.8792191511730586
1.41855562E8	0.0	0.0
1.41857992E8	2.808974886784685	7.038007736741199
1.418604205E8	2.3447281713344315	2.205934036930457
1.41862847E8	0.0	0.0
1.41865272E8	0.0	0.0
1.41867695E8	0.11730689797604296	0.41849043244588063
1.41870116E8	3.7455596860801323	4.562793335616242
1.418725365E8	0.0	0.0
1.41874956E8	0.0	0.0
1.41877374E8	0.0	0.0
1.41879789E8	0.0	0.0
1.418822015E8	0.0	0.0
1.418846075E8	0.0	0.0
1.418870045E8	0.0	0.0
1.418893965E8	16.65397489539749	21.41279873792296
1.418917865E8	0.0	0.0
1.41894176E8	0.3566345751360402	1.0343615061515585
1.41896563E8	0.0	0.0
1.41898948E8	0.0	0.0
1.41901333E8	24.877148846960168	16.90844751845292
1.419037175E8	759.5817953020135	965.5815337950702
1.41906101E8	26.819135543432647	41.55702289516608
1.41908484E8	261.0197230381872	296.49991030478026
1.419108665E8	0.35768261964735515	1.0358802338794122
1.41913248E8	0.0	0.0
1.41915629E8	835.2011759764805	613.7993706144156
1.41918009E8	36.21857923497268	95.13061307226856
1.41920388E8	1.419924337957125	2.323826184952966
1.419227665E8	0.0	0.0
1.41925143E8	0.11789473684210526	0.34335803011158084
1.419275165E8	0.11804384485666104	0.3435750934754454
1.419292615E8	16.161001788908766	22.978561993086625
1.41930446E8	0.33972821742605913	0.6017560234435544
1.419322555E8	0.0	0.0
1.419346225E8	0.0	0.0
1.41936987E8	0.12018620397799408	0.3748324495207311
1.41939347E8	0.0	0.0
1.41941703E8	0.0	0.0
1.419440575E8	0.0	0.0
1.41946411E8	0.0	0.0
1.419487635E8	0.0	0.0
1.419511115E8	0.0	0.0
1.419534545E8	0.12126387702818105	0.34822963261069706
1.419557965E8	8.880444064901793	10.971043324638025
1.41958135E8	0.0	0.0
1.419604675E8	2.5167381974248926	4.687212079855686
1.419627965E8	0.0	0.0
1.419651245E8	168.8848797250859	71.51403570212982
1.419674515E8	548.6840068787618	477.40584013969084
1.41969777E8	0.0	0.0
1.419721005E8	0.0	0.0
1.419744205E8	0.0	0.0
1.41976738E8	0.0	0.0
1.419790505E8	7.383015597920277	13.864690261543057
1.41981358E8	0.0	0.0
1.419836635E8	74.16753472222223	55.107506200002675
1.41985967E8	13.627442466348242	31.204214396328805
1.41988266E8	3.045751633986928	5.042520723858719
1.4199056E8	0.0	0.0
1.41992852E8	0.3470100392841554	0.6116146314814297
1.41995142E8	0.0	0.0
1.4199743E8	0.0	0.0
1.419997165E8	0.0	0.0
1.420020015E8	5.462346760070052	4.755492722450005
1.42004285E8	0.12395970214629873	0.39654663466575957
1.420065675E8	0.0	0.0
1.42008845E8	0.0	0.0
1.420111165E8	10.779295154185021	5.1735092768724655
1.42013386E8	0.0	0.0
1.420156535E8	0.0	0.0
1.42017916E8	0.0	0.0
1.42020175E8	0.2505533421868083	0.6205853382239966
1.42022431E8	0.0	0.0
1.420246815E8	0.0	0.0
1.42026929E8	0.0	0.0
1.42029171E8	0.0	0.0
1.420314065E8	0.03849597135183527	0.19620390248880187
1.420336395E8	0.25448028673835127	0.7184212081070996
1.420358715E8	69.94668458781362	69.80110953611782
1.420381015E8	0.0	0.0
1.42040329E8	0.37898518185900315	0.8272416172493892
1.42042554E8	0.0	0.0
1.42044776E8	0.0	0.0
1.420469965E8	0.0	0.0
1.42049215E8	0.0	0.0
1.420514315E8	0.0	0.0
1.420536445E8	0.0	0.0
1.42055854E8	0.0	0.0
1.42058062E8	0.2573629361123697	0.6949882077930923
1.420602685E8	82.12466001813236	56.40305107389353
1.42062474E8	0.0	0.0
1.42064677E8	0.0	0.0
1.420668775E8	0.0	0.0
1.420690765E8	0.0	0.0
1.420712745E8	0.0	0.0
1.420734715E8	0.0	0.0
1.420756655E8	0.0	0.0
1.420778565E8	75.29269406392694	121.820003455956
1.42080046E8	0.0	0.0
1.42082235E8	0.0	0.0
1.42084423E8	0.10196616369455876	0.3291923858265033
1.42086609E8	0.0	0.0
1.4208879E8	0.38952687184198437	1.322571790671153
1.420909665E8	0.12224264705882353	0.3858718165706449
1.42093141E8	0.0	0.0
1.420953105E8	0.0	0.0
1.42097474E8	0.0	0.0
1.42099635E8	0.0	0.0
1.42101794E8	0.7872044506258693	1.6017491597892253
1.42103946E8	0.0	0.0
1.42106089E8	0.0	0.0
1.421082245E8	0.0	0.0
1.42110355E8	0.0	0.0
1.421124825E8	0.0	0.0
1.421146075E8	1.0720338983050848	1.9535568025504044
1.421167315E8	3.2410546139359697	5.995407847197494
1.42118853E8	23.487966021708353	33.23770694275776
1.42120971E8	0.8049126121870571	1.2022652214591747
1.421230865E8	0.0	0.0
1.421252E8	0.13440605773781353	0.4594282337214041
1.42127313E8	0.0	0.0
1.42129426E8	0.0	0.0
1.421315385E8	0.0	0.0
1.42133649E8	0.0	0.0
1.421357575E8	0.1347248576850095	0.3670488491808815
1.42137864E8	0.13444180522565322	0.37308497564211995
1.42139969E8	1.5933491686460808	3.651115080378359
1.42142073E8	0.0	0.0
1.421441755E8	0.0	0.0
1.421462745E8	0.0	0.0
1.421483705E8	0.27099236641221375	0.6224183321148822
1.421504655E8	0.0	0.0
1.421525595E8	0.0	0.0
1.421546525E8	2.8508604206500956	3.9383392759372646
1.421567435E8	11.369377990430621	18.412160533256067
1.42158833E8	0.0	0.0
1.421609215E8	0.0	0.0
1.42163009E8	2.022041207474844	5.65770122343737
1.42165096E8	0.0	0.0
1.421671825E8	0.050335570469798654	0.2243559013482789
1.421692675E8	0.0	0.0
1.4217135E8	8.343104276790005	19.92238664589232
1.4217343E8	0.0	0.0
1.42175509E8	0.0	0.0
1.421775875E8	0.0	0.0
1.421796645E8	0.9465317919075145	1.7853233813816196
1.421817365E8	0.0	0.0
1.421838025E8	64.8953488372093	139.68848578897084
1.42185866E8	0.27435773145904024	0.8319830715306779
1.42187929E8	91.40475036354823	126.03427274341766
1.421899915E8	0.08147429679922405	0.4036689158189519
1.421920525E8	0.0	0.0
1.421941125E8	0.0	0.0
1.421961725E8	1.6174757281553398	2.5313567489177147
1.42198232E8	0.7455075279261778	1.2923731141387211
1.422002865E8	1.0292682926829269	1.2946418659133536
1.422023345E8	0.0	0.0
1.422043795E8	0.0	0.0
1.42206423E8	0.5550660792951542	1.0405390372339864
1.42208462E8	0.13955773955773956	0.37357427582441965
1.42210496E8	0.5381210034431874	1.1992783532682503
1.42212529E8	0.0	0.0
1.422145605E8	0.0	0.0
1.42216589E8	26.572767636901826	42.50112741184344
1.42218613E8	0.12073231073725878	0.3474655533103372
1.422206335E8	0.0	0.0
1.42222652E8	0.0	0.0
1.422246675E8	0.0	0.0
1.422266795E8	0.14129353233830846	0.4124915195871829
1.42228689E8	0.0	0.0
1.422306975E8	0.9900398406374502	1.7294611463035834
1.422327045E8	0.0	0.0
1.422347105E8	0.0	0.0
1.42236716E8	0.7067331670822943	1.5620180054585027
1.42238721E8	1.4174563591022444	1.6850523719633617
1.422407225E8	0.0	0.0
1.422427205E8	0.8143143143143143	1.409427715949451
1.422447185E8	0.14214214214214213	0.39516598557587945
1.42246715E8	0.0	0.0
1.42248709E8	0.0	0.0
1.422507005E8	0.0	0.0
1.422526905E8	54.21306532663316	27.69970883144322
1.422546795E8	0.28621730382293764	0.5410698099463807
1.422566665E8	0.0	0.0
1.422586525E8	0.25176233635448136	0.5204769677107931
1.422606355E8	0.0	0.0
1.422626145E8	0.1435793731041456	0.4096905044096553
1.422645915E8	0.41346153846153844	1.000758821406777
1.422665675E8	0.1437246963562753	0.4476660119995655
1.42268543E8	1.0065822784810126	1.9046910776464048
1.422705175E8	0.6869300911854104	1.5085034217577744
1.422724895E8	0.35939086294416245	1.1989843417562425
1.422744575E8	0.5778229908443541	1.6480822111070947
1.422764235E8	0.14445574771108852	0.44653065247664775
1.422783895E8	0.0	0.0
1.422803545E8	0.0	0.0
1.42282318E8	827.3311258278146	1129.2752994672092
1.422842805E8	0.0	0.0
1.422862425E8	3.9021406727828745	8.888509803333466
1.4228818E8	1.1803450078410873	2.122367376964196
1.42289161E8	0.0	0.0
1.42290166E8	0.1438041815400306	0.4459575354295802
1.42292127E8	0.0	0.0
1.42294088E8	0.0	0.0
1.422960465E8	0.0	0.0
1.422980025E8	19.88957055214724	35.05092701573778
1.42299954E8	0.0	0.0
1.42301901E8	1.2948125321006676	1.9224834136094626
1.42303848E8	0.7267591165896251	1.4041906609963544
1.423057945E8	0.0	0.0
1.4230774E8	0.0	0.0
1.423096845E8	0.0	0.0
1.42311628E8	0.0	0.0
1.42313569E8	0.0	0.0
1.423155065E8	0.29338842975206614	0.9770084209183945
1.423174425E8	0.0	0.0
1.42319378E8	0.0	0.0
1.42321312E8	0.5856182100362132	1.3254639301424387
1.42323245E8	0.2938437661665804	0.5745057931502223
1.42325177E8	0.1470740548938374	0.4954479479051018
1.42327107E8	4.661482633488855	7.637456469057249
1.423290355E8	0.0	0.0
1.423309635E8	2.3900414937759336	4.278613708867574
1.42332891E8	0.0	0.0
1.423348175E8	12.393042575285566	12.027206092716508
1.423367435E8	0.0	0.0
1.423386685E8	0.5623700623700624	1.192927878405448
1.423405905E8	0.0	0.0
1.42342509E8	0.14814814814814814	0.3849001794597505
1.423444255E8	0.0	0.0
1.423463415E8	0.0	0.0
1.42348253E8	0.44992134242265336	1.0774905297199033
1.423501595E8	0.0	0.0
1.42352065E8	0.44724409448818897	1.181440021725345
1.423539695E8	0.0	0.0
1.42355873E8	0.0	0.0
1.42357776E8	0.48554913294797686	0.5839866971325166
1.42359679E8	0.5980031529164477	1.5031933078821889
1.423615815E8	0.14931650893796003	0.48640832634414116
1.42363483E8	0.5975802209363493	1.1699373007744018
1.423653835E8	0.0	0.0
1.423672835E8	0.0	0.0
1.42369183E8	0.0	0.0
1.4237108E8	0.0	0.0
1.42372975E8	0.0	0.0
1.42374869E8	0.0	0.0
1.42376761E8	0.0	0.0
1.423786515E8	0.0	0.0
1.423805415E8	53.83174603174603	34.41791861361058
1.423824305E8	0.659427966101695	1.6016080372815147
1.423843155E8	0.9054197662061636	2.495266507119338
1.423861925E8	0.0	0.0
1.423880645E8	0.0	0.0
1.42389936E8	0.0	0.0
1.423918065E8	0.6941176470588235	1.6535490917812152
1.423936765E8	0.0	0.0
1.42395546E8	0.0	0.0
1.42397415E8	0.0	0.0
1.42399284E8	0.15195291599785982	0.52645375680342
1.424011525E8	0.15203426124197003	0.41389154358371116
1.42403019E8	0.0	0.0
1.42404883E8	1579.6666666666667	1775.3076010562854
1.42406746E8	0.0	0.0
1.424086055E8	0.0	0.0
1.424104605E8	1.3791801510248112	2.2588672209535905
1.42412313E8	0.0	0.0
1.42414163E8	0.0	0.0
1.42416009E8	0.0	0.0
1.42417852E8	0.0	0.0
1.42419695E8	0.0	0.0
1.42421538E8	0.24199674443841562	0.5301542072368145
1.424233805E8	0.0	0.0
1.42425222E8	0.0	0.0
1.42427063E8	0.0	0.0
1.424288995E8	0.0	0.0
1.424307315E8	0.0	0.0
1.424325625E8	0.0	0.0
1.42434392E8	0.0	0.0
1.42436221E8	0.0	0.0
1.424380485E8	0.48576122672508215	1.706408255582673
1.42439871E8	0.12754260582737767	0.459461644480541
1.424416895E8	0.0	0.0
1.424435075E8	0.0	0.0
1.42445323E8	0.1588527302813017	0.44187835539972614
1.42447136E8	113.2426916712631	281.6856938430316
1.424489455E8	0.0	0.0
1.4245075E8	0.0	0.0
1.424525525E8	0.0	0.0
1.42454354E8	1.4114380899500278	1.368114733264686
1.424561545E8	0.0	0.0
1.424579545E8	0.6288888888888889	1.6027753706895078
1.424597535E8	0.0	0.0
1.42461551E8	0.0	0.0
1.42463346E8	0.0	0.0
1.424651385E8	0.0	0.0
1.42466928E8	0.11751538891997762	0.3428051763319475
1.424687145E8	0.0	0.0
1.424705E8	0.0	0.0
1.42472285E8	0.0	0.0
1.424740655E8	0.0	0.0
1.42475841E8	0.0	0.0
1.42477616E8	5.086760563380282	4.276236333868674
1.42479391E8	0.0	0.0
1.424811635E8	0.0	0.0
1.42482933E8	1.8773318258903335	3.0390337936744856
1.424847005E8	114.7876557191393	126.43774962411868
1.42486464E8	0.0	0.0
1.424882225E8	3.473234624145786	5.805258397086869
1.424899775E8	20.855188141391107	11.819022025614522
1.4249173E8	0.48372358652198744	0.7338592510438642
1.42493479E8	0.0	0.0
1.42495226E8	0.0	0.0
1.42496973E8	0.0	0.0
1.42498718E8	0.0	0.0
1.4250046E8	0.0	0.0
1.425021995E8	0.32681242807825084	0.7416586394017868
1.42503937E8	0.0	0.0
1.425056725E8	0.0	0.0
1.42507406E8	0.8182342758222735	1.7766193250658244
1.425091385E8	0.49191685912240185	1.1367267947948703
1.425108685E8	0.49074074074074076	1.2936812246883354
1.425125945E8	0.0	0.0
1.425143185E8	2.1415313225058004	2.0773890448395766
1.4251604E8	3.2600349040139616	3.8166988651026807
1.42517759E8	27.24607329842932	31.790151445253578
1.425194765E8	0.6625874125874126	1.350127335788674
1.425211925E8	0.0	0.0
1.42522908E8	0.0	0.0
1.425246225E8	0.0	0.0
1.42526336E8	0.0	0.0
1.425280485E8	2.1728971962616823	2.961099031885883
1.425297595E8	2.818713450292398	4.37349807135169
1.425314695E8	2.3228070175438598	4.472005188878556
1.42533179E8	0.0	0.0
1.425348875E8	0.0	0.0
1.425365935E8	0.0	0.0
1.42538297E8	0.16676453317674692	0.5024893989001623
1.4254E8	0.4997064004697592	1.059586996730629
1.425416995E8	0.0	0.0
1.425433925E8	14.29171597633136	17.55358659553266
1.425450825E8	2.6834319526627217	2.74853376726983
1.42546771E8	0.0	0.0
1.42548457E8	0.8759643916913946	1.4465758197805905
1.42550141E8	0.1687462863933452	0.5695793863561548
1.42551824E8	62.34284016636958	76.94198028620298
1.42553507E8	7.090314913844326	10.134391069666751
1.425551885E8	0.0	0.0
1.42556868E8	0.16914830256104824	0.46304788226982335
1.425585465E8	0.0	0.0
1.42560223E8	0.3391044776119403	0.8823306991636226
1.42561894E8	3.5770845830833835	6.118505763456018
1.42563556E8	0.0	0.0
1.425652095E8	0.35393939393939394	0.8
1.42566857E8	0.0	0.0
1.42568501E8	0.0	0.0
1.42570144E8	0.0	0.0
1.42571786E8	0.5185862279098111	0.9480728713600538
1.42573425E8	0.0	0.0
1.42575062E8	0.0	0.0
1.42576699E8	351.91631032376296	441.75829265159337
1.425783355E8	0.0	0.0
1.425799685E8	0.17423312883435582	0.46338313130752623
1.42581598E8	0.0	0.0
1.42583225E8	0.3495384615384615	0.7475086827383551
1.4258485E8	0.0	0.0
1.42586474E8	0.0	0.0
1.425880965E8	0.0	0.0
1.42589717E8	98.9987646695491	149.66273180774047
1.425913335E8	2.452292441140025	5.0874630268500525
1.42592946E8	9.85909373060211	7.810329152150287
1.425945565E8	5.401242236024845	10.294544174054177
1.425961665E8	4.586335403726708	4.150432140936862
1.425977755E8	2.2842039800995027	2.4148431960878005
1.42599378E8	0.5335003130870382	1.265109062200218
1.42600974E8	0.0	0.0
1.426025685E8	1.4592220828105396	1.4097705304612838
1.426041585E8	0.0	0.0
1.426057445E8	0.0	0.0
1.426073305E8	0.0	0.0
1.42608914E8	0.0	0.0
1.42610493E8	0.0	0.0
1.4261207E8	0.0	0.0
1.42613646E8	0.0	0.0
1.4261522E8	0.0	0.0
1.42616792E8	0.0	0.0
1.42618361E8	0.0	0.0
1.426199275E8	14.240102171136654	15.119278838376935
1.426214905E8	0.0	0.0
1.426230505E8	0.0	0.0
1.426246095E8	0.0	0.0
1.426261665E8	0.0	0.0
1.426277225E8	0.0	0.0
1.42629278E8	0.0	0.0
1.42630832E8	0.3657437218287186	1.037605842978503
1.426323845E8	1.4639175257731958	3.1356776343884785
1.426339355E8	0.0	0.0
1.426354855E8	0.1832258064516129	0.5412053453232438
1.42637035E8	0.0	0.0
1.426385825E8	0.0	0.0
1.426401275E8	0.0	0.0
1.42641671E8	6.222294232015554	7.042367848423433
1.42643213E8	0.0	0.0
1.426447535E8	0.0	0.0
1.426462925E8	0.0	0.0
1.42647757E8	0.0	0.0
1.42648524E8	0.0	0.0
1.42649362E8	1.1428571428571428	1.7229883474362715
1.42650895E8	0.0	0.0
1.426524275E8	0.9027415143603134	1.7944285693054003
1.42653958E8	0.0	0.0
1.42655486E8	3.278323510150622	7.399180471089073
1.42657012E8	0.18622950819672132	0.4375790326741737
1.42658537E8	0.0	0.0
1.42660062E8	54.459016393442624	63.40339754044834
1.42661585E8	0.0	0.0
1.426631055E8	0.0	0.0
1.42664625E8	0.0	0.0
1.426661435E8	0.0	0.0
1.426676605E8	0.18733509234828497	0.4328222410508556
1.426691735E8	0.0	0.0
1.42670683E8	0.0	0.0
1.426721915E8	0.0	0.0
1.426736975E8	36.78922872340426	65.54623692884218
1.426752015E8	0.3517287234042553	0.7056949193163687
1.426767045E8	0.0	0.0
1.426782025E8	0.0	0.0
1.426796955E8	0.0	0.0
1.426811875E8	11.583109919571045	6.9412509785666945
1.426826785E8	0.0	0.0
1.42684168E8	0.0	0.0
1.426856565E8	0.0	0.0
1.42687144E8	0.0	0.0
1.42688631E8	3.808338937457969	9.997444192558522
1.42690117E8	2.21010101010101	2.5796405669289384
1.426916015E8	0.0	0.0
1.426930845E8	0.0	0.0
1.426945645E8	0.0	0.0
1.426960415E8	0.0	0.0
1.42697517E8	1.0427118644067797	1.4836967116642774
1.42698991E8	0.0	0.0
1.42700463E8	0.0	0.0
1.427019325E8	0.5803814713896458	1.2186113506685392
1.427034E8	0.0	0.0
1.427048665E8	0.3874488403819918	0.8802827277437537
1.427063315E8	0.0	0.0
1.427077945E8	0.19425444596443228	0.4989729533831812
1.42709256E8	0.0	0.0
1.42710717E8	0.0	0.0
1.42712177E8	0.0	0.0
1.427136355E8	55.41906721536351	59.72615261255735
1.427150925E8	0.0	0.0
1.42716547E8	0.0	0.0
1.427179995E8	0.0	0.0
1.427194515E8	0.0	0.0
1.42720903E8	0.19503790489317713	0.4416309600709365
1.427223515E8	0.0	0.0
1.427237975E8	0.0	0.0
1.42725243E8	0.0	0.0
1.42726687E8	11.846846846846846	13.013533123331433
1.42728129E8	0.0	0.0
1.427295695E8	2237.139583333333	2518.976656468522
1.427310075E8	0.0	0.0
1.427324415E8	0.0	0.0
1.427338735E8	0.19832402234636873	0.5920799432660062
1.427353055E8	0.0	0.0
1.427367365E8	0.0	0.0
1.42738166E8	0.7942617214835549	1.574152665091952
1.42739595E8	36.618614415675296	32.87675524879688
1.42741022E8	0.0	0.0
1.427424465E8	0.0	0.0
1.427438705E8	0.0	0.0
1.427452945E8	0.0	0.0
1.42746718E8	0.0	0.0
1.427481405E8	1.5928270042194093	2.677588393720825
1.42749562E8	0.0	0.0
1.42750982E8	0.0	0.0
1.427523995E8	1.9004237288135593	4.300998438807142
1.427538155E8	0.0	0.0
1.427552315E8	1.4039548022598871	2.7256886342855537
1.42756647E8	0.7879858657243817	1.3625480184101764
1.427580605E8	0.0	0.0
1.427594725E8	0.0	0.0
1.42760884E8	0.0	0.0
1.427622945E8	0.0	0.0
1.427637035E8	0.0	0.0
1.427651115E8	0.6051136363636364	1.116762772888267
1.42766519E8	0.783226723525231	2.404686256348469
1.427679255E8	0.0	0.0
1.427693305E8	0.0	0.0
1.427707335E8	0.0	0.0
1.42772132E8	0.0	0.0
1.427735265E8	0.0	0.0
1.4277492E8	9.828427853553482	7.980458905098475
1.42776312E8	0.0	0.0
1.42777703E8	0.0	0.0
1.42779094E8	0.0	0.0
1.427804825E8	1.2294372294372293	2.473525038952733
1.427818685E8	0.0	0.0
1.42783254E8	0.0	0.0
1.427846385E8	0.6119942196531792	0.8967668322619246
1.42786022E8	22.365148228488792	13.886431211813704
1.427874045E8	4.127351664254704	4.358068850991862
1.42788786E8	0.0	0.0
1.42790167E8	0.0	0.0
1.427915475E8	0.6710144927536232	0.7755316082290385
1.427929275E8	3.2927536231884056	6.293774241494411
1.42794307E8	8.448150833937635	14.413705104911143
1.427956855E8	0.8258345428156749	1.450188917176216
1.42797063E8	0.0	0.0
1.4279844E8	8.097312999273784	8.314270134665213
1.42799817E8	0.0	0.0
1.42801194E8	0.4785766158315178	1.3463417714597368
1.428025705E8	0.0	0.0
1.42803946E8	0.0	0.0
1.428053205E8	0.2066957787481805	0.5620196477215333
1.428066945E8	0.0	0.0
1.42808068E8	0.0	0.0
1.4280944E8	0.0	0.0
1.4281081E8	0.0	0.0
1.428121785E8	0.0	0.0
1.428135455E8	0.20131771595900438	0.5577879339044279
1.42814909E8	0.0	0.0
1.428162695E8	9241.715441176471	7382.038044798533
1.428176275E8	14.727138643067846	15.71459123175404
1.428189835E8	7.713864306784661	10.016284675570324
1.42820339E8	0.0	0.0
1.42821694E8	0.0	0.0
1.428230475E8	0.0	0.0
1.42824399E8	0.0	0.0
1.42825748E8	0.4216778025241277	0.749164345144398
1.42827095E8	12.438752783964365	7.5501294255783735
1.428284415E8	0.0	0.0
1.428297865E8	0.0	0.0
1.4283113E8	2.7833209233060314	8.080339339541654
1.42832472E8	66.89112602535421	117.36408675169932
1.428338125E8	5.7119402985074625	5.787660574478529
1.428351525E8	0.0	0.0
1.428364925E8	0.0	0.0
1.42837832E8	1.4219566840926063	1.8571059258201201
1.42839171E8	0.0	0.0
1.42840509E8	0.0	0.0
1.42841846E8	0.0	0.0
1.428431825E8	0.0	0.0
1.428445175E8	0.4077961019490255	0.8605984459417885
1.42845851E8	0.0	0.0
1.42847184E8	95.60990247561891	80.77216900530439
1.42848517E8	0.0	0.0
1.428498495E8	1.2792792792792793	1.4279492424589324
1.428511805E8	3.8293233082706766	4.423110870692265
1.428525105E8	0.21353383458646616	0.5115213928452512
1.428538395E8	0.42771084337349397	1.1017510706537783
1.42855167E8	0.0	0.0
1.428564935E8	0.0	0.0
1.428578195E8	0.0	0.0
1.42859144E8	0.0	0.0
1.42860467E8	0.17989417989417988	0.511396942653556
1.428617895E8	2.118003025718608	2.981790423572036
1.428631085E8	0.0	0.0
1.42864424E8	0.0	0.0
1.42865739E8	0.0	0.0
1.42867054E8	1.079847908745247	1.5286864064541055
1.42868369E8	246.26768060836503	445.79027618624133
1.428696825E8	0.0	0.0
1.42870994E8	0.0	0.0
1.42872305E8	0.21662852784134248	0.5537473752591585
1.428736155E8	0.0	0.0
1.428749255E8	14.38473282442748	18.088037462274375
1.42876235E8	1.7333842627960274	2.062062278481456
1.428775435E8	0.0	0.0
1.428788505E8	0.0	0.0
1.428801555E8	29.83052147239264	36.502321549835806
1.428814595E8	0.21779141104294478	0.51062334094616
1.428827635E8	0.6526073619631901	1.244312213005877
1.428840675E8	1.0889570552147239	1.4394741712064696
1.42885371E8	0.0	0.0
1.42886674E8	0.0	0.0
1.428879765E8	0.0	0.0
1.42889278E8	0.0	0.0
1.42890579E8	1.8946963873943121	2.268658225921548
1.42891879E8	14.474980754426483	20.06642165175649
1.42893177E8	0.6484194294525829	1.3284735386695732
1.42894474E8	0.2189668465690054	0.546947793646301
1.42895771E8	0.39784117193523516	0.7604324541652109
1.428970675E8	0.0	0.0
1.42898363E8	0.0	0.0
1.428996575E8	0.0	0.0
1.429009515E8	0.0	0.0
1.429022455E8	1.0958268933539412	1.8640004510748969
1.42903539E8	0.8785769528228925	2.1190404809578625
1.42904831E8	0.0	0.0
1.429061215E8	0.0	0.0
1.42907411E8	0.44065166795965865	0.9387775753176667
1.42908699E8	177.16161616161617	102.28271832403783
1.429099855E8	0.0	0.0
1.42911271E8	0.0	0.0
1.429125555E8	0.0	0.0
1.429138395E8	20.36292834890966	11.64252062932943
1.42915123E8	0.0	0.0
1.42916406E8	48.244738893219015	47.32801246444607
1.429176885E8	6.749609984399376	10.311149925809037
1.4291897E8	0.0	0.0
1.429202505E8	0.0	0.0
1.429215305E8	0.0	0.0
1.4292281E8	0.0	0.0
1.429240885E8	1.0852895148669797	1.1678397857832281
1.429253665E8	0.6658841940532081	1.1310803344611269
1.429266445E8	0.0	0.0
1.42927922E8	1815.3578700078308	1046.444241471568
1.42929199E8	343.195771339076	593.811447547823
1.42930476E8	0.4447924823805795	1.2081684916228996
1.429317525E8	0.0	0.0
1.42933028E8	522.2572549019608	716.296344084639
1.42934303E8	0.0	0.0
1.429355775E8	0.0	0.0
1.429368515E8	0.0	0.0
1.429381245E8	0.6698113207547169	1.4225276467121395
1.42939396E8	0.0	0.0
1.42940667E8	0.0	0.0
1.42941938E8	0.0	0.0
1.42943209E8	0.5885129819040126	1.1021758039231933
1.4294448E8	3.90558615263572	3.834601667047733
1.429457505E8	151.2692913385827	148.83052243894335
1.429470205E8	2.4598425196850395	5.866762108505447
1.429482905E8	4.659842519685039	6.738887031639338
1.4294956E8	0.8754925137903862	1.8605861791021765
1.429508285E8	0.0	0.0
1.429520965E8	1.5347003154574133	2.949897073539939
1.429533635E8	13.19431279620853	13.633257820468595
1.42954629E8	0.0	0.0
1.429558935E8	5.087025316455696	6.086858119929517
1.42957157E8	0.0	0.0
1.4295842E8	0.0	0.0
1.42959683E8	5.192399049881235	6.890731838720699
1.429609455E8	0.0	0.0
1.429622075E8	1.1711568938193344	1.6922495086027016
1.429634695E8	0.0	0.0
1.42964731E8	0.0	0.0
1.42965992E8	41.30293417922284	23.45850268317225
1.429672525E8	210.47619047619048	180.08281824919177
1.429685125E8	0.2253968253968254	0.6666666666666666
1.429697725E8	3.492063492063492	6.808200004523024
1.429710325E8	5.183333333333334	5.029989428497206
1.42972292E8	198.05321683876093	412.4708062454429
1.429735505E8	0.0	0.0
1.429748085E8	12.394276629570747	26.988544940930343
1.429760665E8	36.92766295707472	70.1652829513109
1.42977324E8	0.0	0.0
1.42978579E8	0.0	0.0
1.42979832E8	18.932162809257782	14.714359323845976
1.429810845E8	0.0	0.0
1.42982336E8	0.4540367705835332	0.7773779947764086
1.42983587E8	0.2270183852917666	0.6245701959397959
1.42984838E8	0.0	0.0
1.42986089E8	0.2270183852917666	0.6384934305936679
1.429873395E8	5.1496	7.012845356914696
1.42988589E8	0.0	0.0
1.429898375E8	0.0	0.0
1.42991085E8	6.006415396952686	6.902865994748812
1.429923315E8	0.0	0.0
1.429935775E8	0.3683788121990369	0.8007821216913785
1.429948225E8	0.0	0.0
1.42996066E8	320.00241351568786	349.8999868598243
1.429973085E8	8.853462157809984	16.27976031190891
1.4299855E8	0.0	0.0
1.42999791E8	1.3199033037872683	1.892987185239526
1.43001032E8	0.6865431103948428	1.7595142542642002
1.430022725E8	2.0612903225806454	4.600666150924023
1.430035125E8	0.0	0.0
1.430047525E8	163.4225806451613	152.474963571496
1.43005992E8	5.501210653753026	11.579078570105985
1.4300719E8	0.2445980985306828	0.49456859840742295
1.43007809E8	0.0	0.0
1.430084685E8	0.0	0.0
1.430097065E8	107.88045234248789	160.59637190428893
1.430109445E8	0.6906300484652665	1.4368786850016095
1.43012182E8	0.0	0.0
1.430134185E8	0.0	0.0
1.43014654E8	0.0	0.0
1.43015889E8	1.7190283400809716	2.791543041152561
1.430171235E8	0.0	0.0
1.430183575E8	48.05105348460292	43.160925362183036
1.430195915E8	0.0	0.0
1.43020825E8	0.0	0.0
1.43022058E8	0.18004866180048662	0.49161666206188476
1.430232905E8	1.3831168831168832	3.0288118625463185
1.43024522E8	6.690495532087733	6.338924662858617
1.43025753E8	1.1535337124289196	2.1418047007411714
1.43026984E8	0.18115353371242893	0.4256213501604788
1.43028215E8	0.0	0.0
1.430294455E8	8.230894308943089	5.904869149676117
1.43030675E8	1.8413344182262001	2.3257849930746803
1.43031904E8	0.6916192026037429	1.1516429697171526
1.430331325E8	0.0	0.0
1.4303436E8	0.16788916055419723	0.48447789052326007
1.43035587E8	1279.8304808475957	1366.7629751185277
1.43036814E8	0.0	0.0
1.43038041E8	0.0	0.0
1.430392675E8	2.8107667210440455	2.6274991986966834
1.430404935E8	0.0	0.0
1.430417195E8	0.6941272430668842	1.1916649079564323
1.43042945E8	5.176326530612245	6.010806594656606
1.4304417E8	0.0	0.0
1.43045395E8	0.0	0.0
1.4304662E8	0.9273469387755102	1.790678813256274
1.43047845E8	0.0	0.0
1.4304907E8	0.4636734693877551	1.0125740083811057
1.430502945E8	62.22222222222222	85.14343434325812
1.430515185E8	4.841503267973856	5.205891584497556
1.430527425E8	0.0	0.0
1.430539665E8	4.163398692810458	5.537454170718748
1.4305519E8	0.23221586263287	0.4818878112516128
1.43056413E8	0.0	0.0
1.43057636E8	0.0	0.0
1.430588585E8	122.92798690671032	95.45842103921218
1.430600805E8	0.6972176759410802	1.5142530689393183
1.43061302E8	0.0	0.0
1.430625225E8	0.23278688524590163	0.4942289905316838
1.430637425E8	0.23278688524590163	0.5008190013679069
1.43064962E8	0.0	0.0
1.43066181E8	0.0	0.0
1.430674E8	0.0	0.0
1.430686185E8	12.714285714285714	15.277187130942199
1.430698365E8	0.0	0.0
1.430710525E8	2.3369028006589785	3.473718696375485
1.43072266E8	0.0	0.0
1.430734785E8	0.0	0.0
1.430746905E8	1.1732673267326732	1.7109625183720207
1.43075902E8	0.0	0.0
1.43077113E8	0.0	0.0
1.430783235E8	0.0	0.0
1.43079533E8	0.0	0.0
1.43080742E8	1.520264681555004	1.9948237399618298
1.43081951E8	0.0	0.0
1.430831595E8	0.0	0.0
1.430843675E8	0.23509933774834438	0.6076226608786451
1.430855755E8	0.9403973509933775	1.8215050904957655
1.430867835E8	0.0	0.0
1.43087991E8	0.8831814415907208	1.4620297769763564
1.430891975E8	1.0737976782752903	1.3746701699990587
1.43090403E8	5.65643153526971	8.018909187932943
1.43091608E8	0.0	0.0
1.43092813E8	5.136929460580913	5.045601181852074
1.43094017E8	0.0	0.0
1.4309522E8	0.0	0.0
1.43096423E8	0.0	0.0
1.430976255E8	3.5016638935108153	4.210457624888499
1.430988275E8	0.23627287853577372	0.48607908670891586
1.43100029E8	0.23646960865945046	0.5241860587105923
1.431012295E8	28.163333333333334	46.632302823972424
1.431024295E8	1.6566666666666667	3.0550504633038935
1.431036295E8	0.47	0.9848857801796105
1.43104829E8	0.7105921601334445	1.0828868222910353
1.43106028E8	0.5804837364470392	1.0428676701678092
1.431072265E8	0.0	0.0
1.431084245E8	2.6035058430717863	4.095785528869584
1.43109622E8	0.0	0.0
1.43110819E8	0.0	0.0
1.43112015E8	0.0	0.0
1.4311321E8	0.0	0.0
1.43114405E8	7.916317991631799	10.313861169202017
1.431156E8	0.0	0.0
1.43116795E8	104.0142259414226	119.33839232554287
1.431179895E8	1.3040201005025125	2.603148460911851
1.43119183E8	2.3788767812238056	3.9246891911686173
1.43120376E8	0.46102263202011734	0.7056234424831184
1.43121569E8	0.23805532271584243	0.48790913366716393
1.43122762E8	0.9396479463537301	1.7325346882341544
1.431239545E8	0.0	0.0
1.431251465E8	56.79362416107382	50.86463810346018
1.431263385E8	1.191275167785235	1.6804242033949952
1.4312753E8	0.0	0.0
1.43128721E8	0.0	0.0
1.431299115E8	1.4319327731092437	2.75528521911171
1.431311015E8	0.419327731092437	0.7537023463481829
1.431322915E8	0.0	0.0
1.43133481E8	0.47771236333052985	1.0997361867301179
1.4313467E8	0.0	0.0
1.43135859E8	0.0	0.0
1.43137048E8	0.0	0.0
1.43138237E8	0.0	0.0
1.43139426E8	1.7998317914213624	2.2521833159878724
1.431406145E8	0.0	0.0
1.431418015E8	0.0	0.0
1.431429875E8	0.0	0.0
1.431441735E8	17.827993254637438	17.604398308310316
1.431453595E8	0.0	0.0
1.431465455E8	0.0	0.0
1.43147731E8	0.0	0.0
1.43148916E8	0.1780590717299578	0.4219704631013382
1.43150101E8	2.120675105485232	1.8783689845698828
1.43151286E8	0.0	0.0
1.431524705E8	0.7195945945945946	1.4692800222502802
1.431536545E8	0.0	0.0
1.431548385E8	0.0	0.0
1.431560225E8	0.0	0.0
1.431572055E8	0.7208121827411168	1.562028270584405
1.431583875E8	144.44670050761422	88.63720519914916
1.43159569E8	0.0	0.0
1.4316075E8	54.005927180355634	72.53583306715946
1.43161931E8	0.0	0.0
1.43163111E8	0.4724342663273961	1.1558018266966963
1.4316429E8	0.48091603053435117	0.8981179076721636
1.43165469E8	0.0	0.0
1.431666475E8	0.0	0.0
1.431678255E8	0.0	0.0
1.431690035E8	0.0	0.0
1.431701815E8	0.24108658743633277	0.4910056898207319
1.431713595E8	0.48217317487266553	0.9742002945605701
1.431725375E8	0.0	0.0
1.43173715E8	0.0	0.0
1.431748915E8	14943.02380952381	19496.448986001928
1.43176067E8	0.0	0.0
1.43177242E8	0.7251063829787234	1.4627284327875445
1.431784165E8	0.0	0.0
1.431795905E8	0.0	0.0
1.43180764E8	0.0	0.0
1.43181937E8	0.2421142369991475	0.5271810539061632
1.4318311E8	1.9335038363171355	3.7257885643521775
1.43184282E8	0.0	0.0
1.43185453E8	8.444918872758326	13.83500430611783
1.43186624E8	1.6976942783945346	2.4367314418203607
1.43187795E8	0.0	0.0
1.431889655E8	0.48547008547008547	1.0701865002414976
1.43190135E8	0.48588537211291705	0.9052645190462119
1.43191304E8	0.48588537211291705	1.170641727018469
1.431924725E8	0.24315068493150685	0.6179395723438443
1.4319364E8	0.0	0.0
1.43194807E8	0.0	0.0
1.43195974E8	0.46358183376178236	1.0870429532343793
1.431971405E8	0.0	0.0
1.431983065E8	569.360205831904	399.1580482877234
1.431994725E8	665.6861063464837	707.682971267228
1.432006385E8	0.0	0.0
1.43201804E8	0.0	0.0
1.43202969E8	0.0	0.0
1.432041335E8	0.0	0.0
1.43205297E8	0.0	0.0
1.4320646E8	543.3619948409287	440.63956000348946
1.43207623E8	0.24419604471195186	0.6080571091430177
1.43208786E8	1.7093723129836629	3.112811570388241
1.43209949E8	0.0	0.0
1.43211112E8	49.41014617368874	83.31624531019226
1.432122745E8	95.7710843373494	77.73536798302372
1.432134365E8	2.025817555938038	2.2085734993187995
1.432145985E8	169.9199655765921	253.16912839670982
1.4321576E8	0.0	0.0
1.43216921E8	0.0	0.0
1.43218082E8	0.0	0.0
1.432192425E8	0.0	0.0
1.432204025E8	1.9939655172413793	3.0396801102112363
1.432215625E8	0.0	0.0
1.43222722E8	0.0	0.0
1.43223881E8	0.0	0.0
1.4322504E8	4.595340811044004	6.777175825198874
1.43226199E8	0.4883520276100086	0.9195414695577414
1.43227358E8	21.318377911993096	16.491036077918505
1.432285165E8	0.0	0.0
1.432296745E8	256.1364421416235	290.9780437324603
1.432308325E8	0.8704663212435233	1.7390168544423432
1.4323199E8	2.5272255834053587	3.6018337786066956
1.43233147E8	5.154710458081245	7.421790431329135
1.432343035E8	0.0	0.0
1.432354595E8	0.9878892733564014	2.055459436430135
1.43236615E8	0.0	0.0
1.4323777E8	3.1844155844155844	3.1198290551460244
1.43238925E8	0.7731601731601732	1.3576781810466143
1.4324008E8	87.41125541125541	144.67989146965448
1.432412345E8	0.24610051993067592	0.625844317051327
1.432423885E8	0.9844020797227037	1.9240338906782115
1.432435425E8	0.7209705372616985	1.6337005446747916
1.432446965E8	15.396013864818025	7.671155092331699
1.4324585E8	0.0	0.0
1.43247003E8	0.49262792714657416	0.816142429281949
1.43248156E8	0.24631396357328708	0.4963002756127454
1.432493085E8	1.7118055555555556	1.7154324041865752
1.432504605E8	0.0	0.0
1.432516125E8	0.0	0.0
1.432527645E8	0.4366319444444444	1.054504227903647
1.43253916E8	2.6568201563857516	3.3490795187538587
1.432550665E8	0.7408695652173913	1.735060455029938
1.432562165E8	0.24695652173913044	0.6940742974889522
1.432573655E8	0.0	0.0
1.432585135E8	0.7395470383275261	1.7493154460007276
1.432596615E8	0.0	0.0
1.432608095E8	29.029616724738677	30.148702308243386
1.432619575E8	0.0	0.0
1.432631055E8	0.0	0.0
1.43264253E8	2.968613775065388	4.286594338172474
1.432654E8	413.2066259808195	248.58559788711864
1.43266547E8	0.990409764603313	1.9398091745909893
1.432676935E8	1.493891797556719	1.8863892025204367
1.432688395E8	0.0	0.0
1.432699855E8	0.24781849912739964	0.49781371930411844
1.43271131E8	0.7441048034934498	1.1237802703686646
1.432722755E8	30.037587412587413	20.73861217548163
1.432734195E8	4.314685314685315	5.550782720588946
1.432745635E8	332.958041958042	175.99448199391847
1.432757075E8	18.361013986013987	22.63272817438023
1.432768515E8	1.986013986013986	4.173677086165198
1.43277995E8	0.0	0.0
1.43279138E8	0.2440944881889764	0.6391978787972998
1.432802805E8	0.0	0.0
1.432814225E8	0.9553415061295972	1.3917444860806534
1.432825645E8	523.6628721541156	886.335403973153
1.43283706E8	71.27081507449606	89.55905713640658
1.43284847E8	116.94040315512709	105.86526750617621
1.432859875E8	20.21578947368421	12.05349916436149
1.432871275E8	0.0	0.0
1.432882675E8	1.469298245614035	1.9123330107122163
1.432894075E8	0.24912280701754386	0.49912203619710466
1.43290547E8	12.863915715539948	10.454634638561604
1.43291686E8	0.0	0.0
1.43292825E8	0.0	0.0
1.43293964E8	0.7480245829675154	1.354600654213942
1.43295103E8	0.0	0.0
1.432962415E8	0.24956063268892795	0.49956043947547324
1.43297379E8	0.9991204925241864	1.399208219372996
1.432985155E8	1562.769366197183	2273.970515211069
1.432996515E8	0.0	0.0
1.433007875E8	728.1927816901408	580.4788159871634
1.433019235E8	2.5933098591549295	3.0309437009469278
1.43303059E8	0.0	0.0
1.43304194E8	0.0	0.0
1.43305329E8	11.442290748898678	8.018316037079392
1.433064635E8	0.25044091710758376	0.5443310539518174
1.433075975E8	72.25749559082892	56.117892093797906
1.433087315E8	1097.8650793650793	1766.940474938335
1.433098655E8	0.0	0.0
1.43310999E8	0.2506619593998235	0.6131826311138756
1.43312132E8	0.0	0.0
1.43313265E8	0.0	0.0
1.433143975E8	11156.150176678446	12401.244008113188
1.433155295E8	0.7526501766784452	1.765391677178634
1.433166615E8	0.0	0.0
1.433177935E8	0.0	0.0
1.43318925E8	0.0	0.0
1.43320056E8	1809.8284703801946	2937.7589025623665
1.43321187E8	0.0	0.0
1.433223175E8	0.1752212389380531	0.5152540399295447
1.433234475E8	1.4991150442477876	2.288099261415137
1.433245775E8	1.5079646017699115	2.671382261272375
1.43325707E8	0.0	0.0
1.43326836E8	0.0	0.0
1.43327965E8	12.821966341895482	18.363493456849916
1.43329094E8	1.503985828166519	3.0451285349732635
1.43330222E8	3.1135758651286602	2.4774045439086523
1.43331349E8	0.0	0.0
1.433324755E8	152.4316163410302	188.83183238962505
1.433336015E8	0.0	0.0
1.433347275E8	0.0	0.0
1.433358535E8	0.0	0.0
1.433369795E8	14.1145648312611	26.784283984480133
1.43338105E8	9.592888888888888	15.702427271674345
1.4333923E8	0.0	0.0
1.433403545E8	0.0	0.0
1.433414785E8	0.21263345195729538	0.5174877721319121
1.43342602E8	0.0	0.0
1.43343725E8	53.4879786286732	101.29979839097237
1.43344848E8	0.0	0.0
1.43345971E8	1.7702582368655386	2.9803452321136166
1.43347094E8	0.2439893143365984	0.5168574126778789
1.433482165E8	436.61942959001783	280.16656460321707
1.43349338E8	0.0	0.0
1.433504585E8	0.22053571428571428	0.4864228025670084
1.43351578E8	1.776586237712243	2.8606291764358347
1.43352697E8	3.841823056300268	5.909807664460872
1.433538155E8	4.545617173524151	5.854451084049446
1.433549335E8	0.0	0.0
1.433560515E8	0.5080500894454383	0.8480220066675668
1.433571695E8	1.2701252236135958	1.4839631702029479
1.43358287E8	0.0	0.0
1.43359404E8	0.0	0.0
1.43360521E8	2.181736794986571	3.4935674358493802
1.43361638E8	0.4494180841539839	1.1557338276583897
1.43362755E8	24.486123545210386	17.294826152301066
1.43363872E8	9.307967770814683	6.556141407275577
1.433649885E8	0.0	0.0
1.433661045E8	14.39516129032258	25.656383221335
1.433668735E8	147.10189573459715	73.78693548549928
1.433674315E8	6.139769452449568	5.485243499937109
1.433683365E8	0.5089605734767025	1.0230322487971009
1.433694525E8	5.568100358422939	4.739258747599935
1.433705685E8	0.0	0.0
1.43371684E8	0.2547085201793722	0.5046865563687745
1.43372799E8	0.0	0.0
1.43373914E8	0.0	0.0
1.433750285E8	0.5098743267504489	1.0098260511102384
1.433761425E8	0.0	0.0
1.433772565E8	0.0	0.0
1.433783705E8	0.0	0.0
1.433794845E8	0.0	0.0
1.433805985E8	0.0	0.0
1.433817115E8	0.0	0.0
1.433828235E8	0.0	0.0
1.433839355E8	0.0	0.0
1.433850475E8	314.77517985611513	507.31601459944545
1.43386159E8	11.650765076507652	9.824151433846056
1.433872695E8	0.0	0.0
1.433883795E8	0.0	0.0
1.433894895E8	2.5585585585585586	2.6819382529791382
1.433905995E8	0.0	0.0
1.43391709E8	0.0	0.0
1.43392818E8	0.0	0.0
1.43393927E8	3.5599639314697926	4.828529582187471
1.43395036E8	0.20108205590622183	0.5244259173909882
1.433961445E8	8.971119133574007	6.4392467662737936
1.433972525E8	0.0	0.0
1.4339836E8	0.0	0.0
1.43399467E8	2.5013550135501355	2.202691955733223
1.43400574E8	0.7696476964769647	1.4711928190246764
1.434016805E8	131.99367088607596	97.48715777621125
1.434027865E8	1.027124773960217	1.6671488151302616
1.43403892E8	0.0	0.0
1.43404997E8	0.0	0.0
1.43406102E8	0.0	0.0
1.43407207E8	0.0	0.0
1.43408312E8	0.0	0.0
1.43409417E8	0.0	0.0
1.43410521E8	0.771532184950136	1.7252327158514187
1.43411624E8	0.0	0.0
1.43412727E8	0.23753399818676338	0.5665182106925051
1.434138295E8	0.0	0.0
1.434149315E8	0.0	0.0
1.434160335E8	0.515426497277677	1.0153093097944852
1.43417135E8	7.628519527702089	6.340619165965662
1.43418236E8	0.0	0.0
1.43419337E8	1.0817438692098094	1.809752568632802
1.434204375E8	322.4054545454545	468.192638092096
1.434215375E8	0.0	0.0
1.43422637E8	0.0	0.0
1.43423736E8	1.8089171974522293	2.6440311682970563
1.434248345E8	10.54007285974499	14.244386616877353
1.434259325E8	0.2586520947176685	0.5820634108133325
1.434270305E8	0.0	0.0
1.43428128E8	0.0	0.0
1.43429225E8	0.0	0.0
1.43430322E8	0.0	0.0
1.434314185E8	0.0	0.0
1.434325145E8	0.0	0.0
1.434336095E8	1.7285191956124315	2.856884945267065
1.43434703E8	0.0	0.0
1.434357955E8	0.2600732600732601	0.6006711752746762
1.43436887E8	0.0	0.0
1.43437978E8	3.536205316223648	4.0058390013193605
1.434390685E8	0.26055045871559634	0.5468844199712948
1.434401585E8	0.0	0.0
1.434412485E8	8.712844036697248	6.730118528885211
1.434423385E8	3.596330275229358	4.770513406871174
1.434434285E8	0.0	0.0
1.43444518E8	0.0	0.0
1.43445607E8	1.3039485766758494	3.1583550483709475
1.434466955E8	0.0	0.0
1.434477835E8	0.96875	1.6906968629393446
1.434488715E8	1.3051470588235294	1.84809122514842
1.434499595E8	10.441176470588236	18.106608315912794
1.43451047E8	0.0	0.0
1.43452134E8	37.70745170193192	34.004667140034
1.43453221E8	21.300827966881325	13.13765489274843
1.434543075E8	14.82596685082873	11.561669063268726
1.434553935E8	5.942909760589319	7.179044089093559
1.434564795E8	7.84438305709024	5.161213185575784
1.434575655E8	0.2265193370165746	0.5693199717229128
1.434586505E8	0.0	0.0
1.434597345E8	0.4797047970479705	0.9794945605239168
1.434608185E8	0.0	0.0
1.434619025E8	0.6974169741697417	1.6973497901031183
1.434629865E8	0.6642066420664207	1.0191885926823723
1.4346407E8	0.0	0.0
1.43465153E8	0.24930747922437674	0.6046908048987398
1.43466236E8	762.0249307479224	482.1266974090635
1.434673185E8	0.0	0.0
1.434684005E8	0.24953789279112754	0.6756936601493231
1.43469482E8	0.0	0.0
1.43470563E8	12.675300647548566	9.195532438976153
1.434716435E8	0.8925925925925926	1.5945509062405605
1.434727235E8	0.7861111111111111	1.9054016782703733
1.434738035E8	12.324074074074074	9.702615149573889
1.43474883E8	0.0	0.0
1.43475962E8	0.0	0.0
1.434770405E8	0.0	0.0
1.434781185E8	125.02968460111317	247.60271944999968
1.434791965E8	0.5269016697588126	1.0964608269717109
1.434802745E8	0.7903525046382189	1.3456450750118045
1.43481352E8	0.26369545032497677	0.7236552219274323
1.43482429E8	0.0	0.0
1.434835055E8	0.0	0.0
1.434845815E8	0.0	0.0
1.434856575E8	0.5278810408921933	1.027502837847364
1.434867335E8	0.5204460966542751	1.1471639508420426
1.43487809E8	0.0	0.0
1.43488884E8	6.636279069767442	7.198707894395856
1.43489959E8	38.50790697674419	55.1885647069989
1.43491034E8	0.49023255813953487	1.2180808389563307
1.434921085E8	0.0	0.0
1.434931825E8	12.683426443202979	16.381053687889317
1.434942565E8	15.544692737430168	33.12960554399842
1.434953305E8	1.5875232774674115	1.691252552261408
1.43496404E8	0.0	0.0
1.434974765E8	392.0690298507463	128.80998095656196
1.434985485E8	0.0	0.0
1.4349962E8	0.0	0.0
1.43500691E8	11.122315592903828	9.347727995301122
1.435017615E8	0.6392523364485981	1.9469602475673398
1.435028315E8	0.0	0.0
1.435039015E8	0.0	0.0
1.43504971E8	0.0	0.0
1.4350604E8	0.0	0.0
1.435071085E8	1.8604868913857677	3.7015281792015604
1.43508176E8	0.0	0.0
1.43509243E8	0.0	0.0
1.4351031E8	1.2296157450796625	2.381394612387094
1.435113765E8	0.0	0.0
1.435124415E8	2.893796992481203	3.223941220382469
1.435135055E8	0.0	0.0
1.435145695E8	15.723684210526315	9.05668240806762
1.43515633E8	0.2671683913452493	0.5978953365683013
1.43516696E8	0.0	0.0
1.43517759E8	2.909689557855127	3.198659173465694
1.43518822E8	14.679209783631233	10.149679427160732
1.43519885E8	0.0	0.0
1.43520948E8	0.0	0.0
1.43522011E8	0.2671683913452493	0.5963198520470683
1.43523074E8	0.0	0.0
1.435241365E8	125.84369114877589	52.168936431912364
1.435251985E8	0.0	0.0
1.435262605E8	1.2787193973634652	2.462142744167236
1.435273225E8	0.0	0.0
1.435283845E8	0.2674199623352166	0.6609928046196459
1.43529446E8	5.085768143261075	11.808757273761394
1.435305065E8	99.03962264150944	163.88584959694722
1.435315665E8	499.2830188679245	300.4363603224043
1.435326265E8	0.2679245283018868	0.5176142659373743
1.43533686E8	13.935788479697829	9.211654563228956
1.43534745E8	0.0	0.0
1.43535804E8	0.0	0.0
1.435368625E8	0.0	0.0
1.435379205E8	6687.7202268431	6346.367408639704
1.435389785E8	0.2684310018903592	0.5993064674821835
1.435400365E8	9.30718336483932	14.615487551584122
1.43541094E8	0.0	0.0
1.435421505E8	1.5785984848484849	2.491462695614037
1.435432065E8	1.0928030303030303	2.230555712794188
1.435442625E8	0.8049242424242424	1.638203931509176
1.435453185E8	0.8068181818181818	1.4860462083439174
1.43546374E8	0.0	0.0
1.43547429E8	0.0	0.0
1.43548484E8	0.26919431279620853	0.5188393901740774
1.435495385E8	15.89753320683112	15.68444763239072
1.435505925E8	0.0	0.0
1.43551646E8	0.0	0.0
1.43552699E8	11.424501424501425	6.384558175466523
1.43553752E8	22.774928774928775	28.006511249433984
1.43554805E8	37.484330484330485	53.476375130107975
1.43555858E8	12.832858499525166	6.498082118984895
1.435569105E8	0.0	0.0
1.435579625E8	232.74239543726236	334.54242485881855
1.435590145E8	3.7718631178707223	7.0314340385715965
1.43560066E8	0.0	0.0
1.43561117E8	0.0	0.0
1.43562168E8	1.532825880114177	2.524475810159393
1.43563219E8	0.0	0.0
1.4356427E8	2.1665080875356804	3.952862119319145
1.435653205E8	0.0	0.0
1.435663705E8	1.559047619047619	2.789606560413988
1.4356742E8	0.0	0.0
1.43568469E8	0.0	0.0
1.43569518E8	1.6244041944709247	2.66370585550508
1.43570567E8	0.0	0.0
1.43571616E8	0.8112488083889419	1.4471957696889282
1.435726645E8	0.0	0.0
1.435737125E8	27.357824427480917	22.82437929224661
1.435747605E8	0.0	0.0
1.435758085E8	0.0	0.0
1.435768565E8	21.90553435114504	15.661069055765818
1.43577904E8	997.8748806112703	1476.9071360902124
1.43578951E8	0.0	0.0
1.43579998E8	0.0	0.0
1.43581045E8	2.4412607449856734	2.987397918394388
1.435820915E8	0.0	0.0
1.43583137E8	0.27177033492822966	0.6763255635731831
1.43584182E8	1.0851674641148326	1.1880586069670624
1.43585227E8	1.0870813397129186	1.7540111242302443
1.43586272E8	0.0	0.0
1.435873165E8	0.0	0.0
1.435883605E8	50.7816091954023	82.34768826416506
1.435894045E8	18.477011494252874	29.44060193246045
1.43590448E8	1.6241610738255035	2.625379486791277
1.43591491E8	1.311601150527325	2.005505366168245
1.435925335E8	0.0	0.0
1.435935755E8	0.0	0.0
1.435946175E8	210.04318618042225	215.85592692816937
1.435956595E8	3.7927063339731286	3.0549981073153836
1.435967015E8	0.2706333973128599	0.6408966847009373
1.43597743E8	7.097982708933718	8.539224071457268
1.43598784E8	0.0	0.0
1.43599825E8	0.0	0.0
1.436008655E8	0.0	0.0
1.436019055E8	0.0	0.0
1.436029455E8	0.0	0.0
1.436039855E8	0.4625	0.8765096866374215
1.43605025E8	2.7333974975938404	4.2969649292803025
1.43606064E8	7.383060635226179	5.058369597374051
1.43607103E8	1.3310875842155918	2.34305231033585
1.436081415E8	0.0	0.0
1.436091795E8	2.7369942196531793	3.539346684323315
1.436102175E8	0.0	0.0
1.43611255E8	0.0	0.0
1.43612292E8	0.0	0.0
1.43613329E8	0.2738669238187078	0.5233229632059994
1.43614366E8	227.92478302796528	94.89548125482254
1.436154025E8	0.0	0.0
1.436164385E8	18.63996138996139	29.963893973997138
1.43617474E8	0.0	0.0
1.43618509E8	0.2743961352657005	0.678161766573811
1.43619544E8	0.221256038647343	0.6316912350390187
1.43620579E8	0.0	0.0
1.43621614E8	0.0	0.0
1.43622648E8	0.0	0.0
1.43623681E8	0.0	0.0
1.43624714E8	0.8247821878025169	1.392831877476883
1.43625747E8	8.314617618586642	5.146169357037025
1.436267795E8	0.0	0.0
1.436278115E8	5.9312015503875966	9.556492577697997
1.436288435E8	0.0	0.0
1.43629875E8	0.550921435499515	1.0496870347865739
1.43630906E8	0.0	0.0
1.43631937E8	1.6517943743937924	2.470779769083697
1.436329675E8	7.79126213592233	6.38946341396886
1.436339975E8	0.0	0.0
1.436350275E8	0.0	0.0
1.43636057E8	2.759961127308066	3.8279317162783606
1.43637086E8	0.46938775510204084	0.7330859199209835
1.43638115E8	8314.538386783284	7808.864877398596
1.43639144E8	131.4645286686103	162.37542732037159
1.43640173E8	0.0	0.0
1.43641202E8	0.0	0.0
1.43642231E8	0.0	0.0
1.436432595E8	0.0	0.0
1.436442875E8	0.0	0.0
1.43645315E8	0.0	0.0
1.43646342E8	0.5530671859785784	1.0845466702908402
1.43647369E8	0.0	0.0
1.436483955E8	0.5526315789473685	1.1652037611800892
1.436494215E8	0.0	0.0
1.43650447E8	0.24780487804878049	0.6522007771066641
1.43651472E8	0.2048780487804878	0.6024340870736754
1.43652497E8	0.0	0.0
1.43653522E8	2.202926829268293	2.3413567048854804
1.43654546E8	0.0	0.0
1.43655569E8	0.0	0.0
1.436565915E8	0.0	0.0
1.436576135E8	4.640900195694717	3.9944922942528507
1.436586355E8	7.105675146771037	9.631975450359128
1.436596575E8	0.0	0.0
1.43660679E8	9.383937316356514	6.802085294134275
1.436617E8	2.4280117531831538	2.6832450714785825
1.43662721E8	0.0	0.0
1.436637415E8	537.6294117647059	399.9256916272439
1.436647615E8	0.0	0.0
1.436657815E8	0.0	0.0
1.43666801E8	0.0	0.0
1.4366782E8	0.0	0.0
1.43668839E8	3.889106967615309	3.25404556841705
1.43669858E8	0.0	0.0
1.43670877E8	4.890088321884201	7.030216571639948
1.436718955E8	56.30157170923379	87.37027431000715
1.436729135E8	0.0	0.0
1.436739315E8	0.0	0.0
1.436749495E8	0.0	0.0
1.436759665E8	0.0	0.0
1.436769825E8	1.391732283464567	1.9657500421840148
1.436779985E8	0.5344488188976378	1.0708190992446327
1.43679014E8	0.0	0.0
1.43680029E8	0.0	0.0
1.436810435E8	0.0	0.0
1.436820575E8	72.83629191321499	92.44745295672242
1.436830715E8	0.0	0.0
1.436840855E8	0.21104536489151873	0.649685100477945
1.436850995E8	0.0	0.0
1.43686113E8	1.96248766041461	3.073145794464934
1.43687126E8	0.0	0.0
1.43688139E8	0.28035538005923	0.65152263000883
1.436891515E8	0.0	0.0
1.436901635E8	0.0	0.0
1.436911755E8	4.475296442687747	4.821313025363272
1.436921875E8	67.61462450592886	64.85387192417514
1.436931995E8	12.755928853754941	13.221471637187912
1.43694211E8	0.0	0.0
1.43695222E8	38.48466864490604	40.41481253458609
1.43696233E8	0.0	0.0
1.43697244E8	0.8338278931750742	1.6119607341701687
1.436982545E8	23.346534653465348	15.282650488072873
1.436992645E8	0.27920792079207923	0.5284012876517991
1.437002745E8	1.2891089108910891	2.227194656873072
1.437012845E8	1.4039603960396039	2.0585489458296196
1.437022935E8	0.0	0.0
1.437033015E8	0.8452380952380952	1.5923926292577109
1.437043095E8	0.0	0.0
1.43705317E8	0.0	0.0
1.43706324E8	0.282025819265144	0.531061031582194
1.437073305E8	0.5795228628230616	1.6042314820845938
1.437083365E8	0.8469184890656064	1.356084880375598
1.437093425E8	0.8469184890656064	1.858300384246705
1.43710348E8	0.2109452736318408	0.5499886927829105
1.43711353E8	0.0	0.0
1.43712358E8	53.44278606965174	74.36372223120358
1.43713363E8	695.0378109452736	882.9494894924765
1.43714368E8	3.67363184079602	6.110345195482838
1.437153725E8	0.0	0.0
1.437163765E8	0.0	0.0
1.437173805E8	0.0	0.0
1.437183845E8	0.0	0.0
1.43719388E8	0.0	0.0
1.4372039E8	4.515484515484515	5.343355551659327
1.43721391E8	1.4185814185814185	2.2807450979445734
1.43722392E8	3.6253746253746253	6.993932006753062
1.43723393E8	0.0	0.0
1.43724394E8	3.3846153846153846	4.746206224604397
1.437251765E8	5.25709219858156	9.61612490330842
1.437257305E8	0.0	0.0
