#Position (bp)	mapping quality
179658.5	145.86916243802415
538974.5	141.13702350450848
898290.5	84.09775170091716
1257606.5	110.5329713818348
1616922.5	123.10185408554727
1976238.5	149.75695743284805
2335554.5	116.03436528625002
2694870.5	138.2554966364881
3054186.5	125.08500896901401
3413502.5	155.38178466445862
3772818.5	97.68905148752219
4132134.5	139.50798806460165
4491450.5	174.6190573971659
4850766.5	135.22867024481528
5210082.5	121.75287129576272
5569398.5	111.2590577161263
5928714.5	76.69428863669151
6288030.5	48.83397181970197
6647346.5	124.07755394405659
7006662.5	146.91614459251934
7365978.5	60.87680449659937
7725294.5	141.5987847495332
8084610.5	111.09852631224854
8443926.5	79.98319072244769
8803242.5	74.66834956077157
9162558.5	131.4668467947975
9521874.5	102.22779303896546
9881190.5	182.61805359074035
1.02405065E7	162.33515656908088
1.05998225E7	133.86752503037658
1.09591385E7	145.70077519449785
1.13184545E7	159.41845363710667
1.16777705E7	128.78165546508654
1.20370865E7	107.34697619210161
1.23964025E7	26.05997528504899
1.27557185E7	113.3790776081576
1.31150345E7	147.90825356735166
1.34743505E7	126.70340378934122
1.38336665E7	152.63923857283226
1.41929825E7	83.66726919672388
1.45522985E7	60.2247934537536
1.49116145E7	64.50631481230053
1.52709305E7	164.57538849967213
1.56302465E7	92.53075883664
1.59895625E7	46.88571778076931
1.63488785E7	78.2891838133732
1.67081945E7	98.59282116807047
1.70675105E7	120.99588832651442
1.74268265E7	119.53299659439598
1.77861425E7	12.530358438638574
1.81454585E7	108.13934861308596
1.85047745E7	111.0032660119149
1.88640905E7	130.85142087462836
1.92234065E7	117.59369381374633
1.95827225E7	102.21838967544038
1.99420385E7	138.58505603923757
2.03013545E7	70.20129166208207
2.06606705E7	98.95227374175579
2.10199865E7	66.7062044358219
2.13793025E7	55.902380847411706
2.17386185E7	144.33021525263362
2.20979345E7	159.85548658630756
2.24572505E7	123.29573283369005
2.28165665E7	36.03417361644708
2.31758825E7	71.35278062056783
2.34346265E7	42.505284594842635
2.36142845E7	54.59115906088611
2.38945145E7	20.76627419931653
2.42538305E7	14.599551756026742
2.46131465E7	14.684628636489347
2.49724625E7	50.78160412395325
2.53317785E7	2.880469305059192
2.56910945E7	10.470428515970571
2.60504105E7	6.575340262223562
2.64097265E7	8.439548597992172
2.67690425E7	20.488721082151375
2.71283585E7	66.72866407236708
2.74876745E7	22.221065345623465
2.78469905E7	10.334958678684492
2.82063065E7	69.13888418472258
2.85656225E7	72.61998847132725
2.89249385E7	67.19799753549982
2.92842545E7	125.2298657202182
2.96435705E7	108.32007162490245
3.00028865E7	92.94935930897593
3.03622025E7	73.30507257574834
3.07215185E7	106.04986018988271
3.10808345E7	132.95361348560718
3.14401505E7	146.2798177090594
3.17994665E7	137.13986278432313
3.21587825E7	117.36705546347538
3.25180985E7	177.41998606331285
3.28774145E7	134.51086783604532
3.32367305E7	174.5589307078768
3.35960465E7	89.57730681563577
3.39553625E7	46.15088621500507
3.43146785E7	139.30086492653746
3.46739945E7	98.11719944010895
3.50333105E7	74.40351730992552
3.53926265E7	162.3082990846675
3.57519425E7	61.580401812991255
3.61112585E7	130.95375886582846
3.64705745E7	151.51462624151137
3.68298905E7	135.4981303689698
3.71892065E7	131.10361614592955
3.75485225E7	72.44485151855675
3.79078385E7	120.61943386903744
3.82671545E7	170.1655256849903
3.86264705E7	104.81116519227746
3.89857865E7	166.382470179015
3.93451025E7	102.23605555044924
3.97044185E7	104.88333151242807
4.00637345E7	133.03672489343913
4.04230505E7	157.7977798173696
4.07823665E7	75.34121893546133
4.11416825E7	171.76276216774684
4.15009985E7	146.25186576201665
4.18603145E7	119.50102001456291
4.22196305E7	98.01317816374257
4.25789465E7	89.14816265849461
4.29382625E7	89.45189480921702
4.32975785E7	116.155690912518
4.36568945E7	183.89313594329641
4.40162105E7	77.8314672231309
4.43755265E7	154.52349613964063
4.47348425E7	137.6793504923119
4.50941585E7	51.035161436444554
4.54534745E7	94.6968499160872
4.58127905E7	115.51361680676763
4.61721065E7	108.66849135197056
4.65314225E7	133.20194172159046
4.68907385E7	126.53990181694365
4.72500545E7	145.43035267223027
4.76093705E7	117.70187129445206
4.79686865E7	120.79417774574193
4.83280025E7	153.20240401050077
4.86541545E7	116.82317329816965
4.88338125E7	74.93387929451295
4.90466345E7	158.45340686583185
4.94059505E7	90.89281290130708
4.97652665E7	121.86004608599272
5.01245825E7	131.37930560812578
5.04838985E7	143.8334116082539
5.08432145E7	125.20313943371355
5.12025305E7	81.78936045119352
5.15618465E7	145.9782368142456
5.19211625E7	146.01731196091555
5.22804785E7	55.29117151489338
5.26397945E7	97.76806322611219
5.29991105E7	104.44055793187887
5.33584265E7	85.73216625933989
5.37177425E7	174.5174711651525
5.40770585E7	57.29397731722937
5.44363745E7	113.95533998471959
5.47956905E7	148.73000370531875
5.51550065E7	139.9000442470886
5.55143225E7	132.2954185262427
5.58736385E7	128.84953625814083
5.62329545E7	148.00500322770543
5.65922705E7	83.28058391398642
5.69515865E7	139.827358131798
5.73109025E7	129.20259762827823
5.76702185E7	158.44550387076686
5.80295345E7	97.41493076953917
5.83888505E7	111.45424199570333
5.87481665E7	129.69741020573113
5.91074825E7	55.361435480569995
5.94667985E7	175.5420874960761
5.98261145E7	142.99483597623856
6.01854305E7	73.78239350901039
6.05447465E7	132.91317287362884
6.09040625E7	123.02299944191147
6.12633785E7	119.57667737589604
6.16226945E7	104.72045821961973
6.19820105E7	101.02434728297104
6.23413265E7	143.26379419191053
6.27006425E7	152.72257511740298
6.30599585E7	62.516815490362625
6.34192745E7	104.80653490133773
6.37785905E7	109.77429288195246
6.41379065E7	128.1524116256256
6.44972225E7	142.2742116075287
6.48565385E7	128.28541952429092
6.52158545E7	124.48677145869416
6.55751705E7	95.8809867001814
6.59344865E7	86.76651278880816
6.62938025E7	119.30835503516646
6.66531185E7	135.7057214152975
6.70124345E7	114.78858179596264
6.73717505E7	151.30683035181295
6.77310665E7	139.80289902849844
6.80903825E7	125.83977298036456
6.84496985E7	151.49921951258915
6.88090145E7	115.19343687100184
6.91683305E7	126.2409093119352
6.95276465E7	124.88443477261168
6.98869625E7	118.87796001420772
7.02462785E7	148.6844922150557
7.06055945E7	103.94511876701493
7.09649105E7	165.41481030163519
7.13242265E7	55.59432972307907
7.16835425E7	114.25260774470968
7.20428585E7	94.15495004634244
7.24021745E7	7.357659091268838
7.27614905E7	19.983569754467847
7.31208065E7	29.122853246125498
7.34801225E7	15.574306821256746
7.38394385E7	80.56598206323073
7.41987545E7	18.227707997477147
7.45580705E7	3.964742604856377
7.49173865E7	6.47422491913841
7.52767025E7	17.669506688790946
7.56360185E7	4.745378156082412
7.59953345E7	47.65191129676429
7.63546505E7	1.8716717899662467
7.67139665E7	29.53356472384231
7.690225E7	41.96216895849249
7.7081908E7	8.201118518873807
7.74325985E7	7.8060394097565755
7.77919145E7	84.99762302030783
7.81512305E7	29.80205643516497
7.85105465E7	13.76172826133458
7.88698625E7	28.215255474907092
7.92291785E7	32.30655509103115
7.95884945E7	66.92916025845071
7.99478105E7	17.06416175870278
8.03071265E7	6.174187806354241
8.06664425E7	24.573944304433816
8.10257585E7	102.82247453489285
8.13850745E7	166.06265360086942
8.17443905E7	117.859263041102
8.21037065E7	70.62157771956701
8.24630225E7	129.2911197291392
8.28223385E7	117.23488862689202
8.31816545E7	104.3753145073222
8.35409705E7	173.90685827155002
8.39002865E7	151.76043102683767
8.42596025E7	117.61555149973886
8.46189185E7	150.11864130952412
8.49782345E7	122.24986943094441
8.53375505E7	183.06627982498495
8.56968665E7	122.74607864084223
8.60561825E7	93.28668081496626
8.64154985E7	141.7956186440684
8.67748145E7	143.09063050095926
8.71341305E7	116.1060272450665
8.74934465E7	164.6275939113041
8.78527625E7	149.25640234714578
8.82120785E7	147.62439943687843
8.85713945E7	42.126025720061314
8.89307105E7	53.62700735357243
8.92900265E7	96.7859593861896
8.96493425E7	132.0835823442563
9.00086585E7	85.46280568542788
9.03679745E7	122.18342792417592
9.07272905E7	116.91803480949235
9.10866065E7	97.66192948734987
9.14459225E7	136.51553695248927
9.18052385E7	102.11328877632702
9.21645545E7	121.05835876504466
9.25238705E7	177.40259380813416
9.28831865E7	166.60231106588415
9.32425025E7	107.2803972335763
9.36018185E7	93.38276894255729
9.39611345E7	119.35459083184936
9.43204505E7	135.07868233747143
9.46797665E7	139.28648453485192
9.50390825E7	65.15119300054037
9.53983985E7	71.6605628897778
9.57577145E7	137.14246058282106
9.61170305E7	108.11623547589402
9.64763465E7	70.83286629024526
9.68356625E7	93.27732720533974
9.71949785E7	92.84046893085441
9.75542945E7	117.84010026996015
9.79136105E7	90.6382615995678
9.82729265E7	77.1330252681965
9.86322425E7	78.3491534311933
9.89915585E7	73.20010146462327
9.93508745E7	132.06105949306385
9.97101905E7	100.73358267691896
1.000695065E8	109.46994737730753
1.004288225E8	169.77651435867327
1.007881385E8	146.35493091212257
1.011474545E8	119.97847993864886
1.015067705E8	127.31235012336674
1.018660865E8	182.1240488948273
1.022254025E8	112.59284820188206
1.025847185E8	139.90628944408243
1.029440345E8	142.1054730360478
1.033033505E8	55.98486132278937
1.036626665E8	86.0898382803481
1.040219825E8	133.73494473549533
1.043812985E8	114.9020980946377
1.047406145E8	162.16029362511992
1.050999305E8	151.0820363407061
1.054592465E8	109.40533140510733
1.058185625E8	91.6639441894053
1.061778785E8	165.2183916317451
1.065371945E8	131.99443247692594
1.068965105E8	102.08094767261767
1.072558265E8	94.41292398584409
1.076151425E8	69.62618625513943
1.079744585E8	100.6387933183066
1.083337745E8	118.46920744871949
1.086930905E8	84.29239431492374
1.089314775E8	115.28101057785253
1.091111355E8	142.42061070444686
1.094117225E8	79.35953678746343
1.097710385E8	109.49259535687524
1.101303545E8	101.0711762755375
1.10324175E8	3.250255506909656
1.10503833E8	55.94200255633517
1.108489865E8	142.63630820097484
1.112083025E8	111.90271002434578
1.115676185E8	100.34293860788935
1.119269345E8	155.38648745154413
1.122862505E8	128.35448751895854
1.126455665E8	145.75430526520475
1.130048825E8	71.18617218982014
1.133641985E8	60.28917329362392
1.137235145E8	70.75089078457191
1.140828305E8	67.06319774209575
1.144421465E8	65.12263097006661
1.148014625E8	82.04802759367423
1.151607785E8	57.907449001169724
1.155200945E8	116.8377685667334
1.158794105E8	130.00137142042112
1.162387265E8	127.15959647203985
1.165980425E8	117.7625760984672
1.169573585E8	105.15368456938921
1.173166745E8	111.74246515725315
1.176759905E8	106.54423702613444
1.180353065E8	148.4117850309638
1.183946225E8	136.41342630095397
1.187539385E8	96.61047962290876
1.191132545E8	56.755640434081016
1.194725705E8	94.47332076801104
1.198318865E8	155.7059579141447
1.201912025E8	117.11087232854307
1.205505185E8	60.17713522911284
1.209098345E8	90.98166572029675
1.212691505E8	88.56264124451035
1.216284665E8	129.59677847020419
1.219877825E8	117.15412839559458
1.223470985E8	167.60374680065712
1.227064145E8	52.31615026300771
1.230657305E8	66.7522172804196
1.234250465E8	140.13900397470158
1.237843625E8	99.65611781167163
1.241436785E8	85.24706234928013
1.245029945E8	92.76189630721571
1.248623105E8	61.27782280062193
1.252216265E8	38.793024315121265
1.255809425E8	155.82530812961562
1.259402585E8	174.87612666027746
1.262995745E8	139.27782985230988
1.266588905E8	106.92350500340712
1.270182065E8	140.78977209389785
1.273775225E8	70.83459986154803
1.277368385E8	108.4230948268342
1.280961545E8	112.52518805160405
1.284554705E8	89.78980253717953
1.288147865E8	144.42082894285903
1.291741025E8	80.34411548106435
1.295334185E8	133.64805165366826
1.298927345E8	139.92342750875181
1.302520505E8	116.89460053276525
1.306113665E8	116.82453303705628
1.309706825E8	111.64596196923881
1.313299985E8	82.6368453971399
1.316893145E8	69.98357096427502
1.320486305E8	82.21412482588633
1.324079465E8	12.440011494659887
1.327672625E8	139.78456714220576
1.331265785E8	69.32069790080736
1.334858945E8	108.58109646397295
1.337730805E8	2.377084976445819
1.339527385E8	20.786111621138243
1.342045265E8	10.489453560881564
1.345638425E8	40.8773218882427
1.349231585E8	2.904386433920024
1.352824745E8	8.152007838127245
1.356417905E8	13.420260173884108
1.360011065E8	5.195509230099463
1.363604225E8	21.623753857995858
1.367197385E8	17.686962026122984
1.370790545E8	43.251235695778334
1.374033365E8	16.058215537105294
1.375577225E8	254.37375125905584
1.375927565E8	62.281684450615344
1.376371405E8	101.72790887706623
1.37699935E8	36.26503018839873
1.37786751E8	76.99656329038788
1.37868371E8	7.114588159998771
1.37942101E8	37.004640205058614
1.37980213E8	48.12270485348365
1.38019627E8	79.96392154417039
1.38089538E8	34.41322433245704
1.38156123E8	32.40292937256596
1.382206275E8	68.13234288555977
1.38280805E8	2.4864600616259778
1.38323179E8	173.490395480226
1.383484915E8	255.0
1.38384028E8	105.99872439265859
1.384312265E8	60.70403258655804
1.384772795E8	87.46264496511408
1.38522045E8	113.00647608992406
1.385663025E8	0.7619724121620671
1.38610046E8	24.12255422677586
1.38651258E8	13.121548451193982
1.386833775E8	43.19852103566119
1.387019305E8	0.0
1.38726341E8	0.0
1.387630385E8	75.42734024413735
1.3879854E8	117.92679877509585
1.3883298E8	12.772787994201746
1.388668195E8	0.0
1.389001375E8	66.13043323938118
1.389325255E8	9.185894682067634
1.38963047E8	1.54639979204575
1.38991991E8	96.01037791266889
1.390198715E8	12.887518388593413
1.39044446E8	0.6065976809041538
1.390581695E8	109.42857142857143
1.39074104E8	150.03095859753824
1.391000815E8	244.10673243160784
1.39125904E8	25.146183553916252
1.391516555E8	59.637182867822126
1.391772845E8	13.468486912273658
1.39202833E8	46.70349027694798
1.39227853E8	255.0
1.392522945E8	148.0525105793533
1.392761035E8	0.0
1.392991635E8	0.0
1.393219065E8	176.40186215753425
1.39344169E8	155.80041073500908
1.393656665E8	0.0
1.39386585E8	145.12756021481556
1.394057875E8	57.82802547770701
1.394157655E8	2.9839285714285713
1.39426072E8	215.2832792207792
1.394433E8	127.75
1.394591395E8	1.3103448275862069
1.39474609E8	0.0
1.394898515E8	0.8450819672131148
1.39504877E8	15.232002079182188
1.39519712E8	182.51987921489683
1.39534307E8	0.0
1.39548658E8	44.53398332626819
1.395628065E8	215.4300999824592
1.395768695E8	32.411764705882355
1.395908865E8	0.0
1.396048595E8	32.265537981733125
1.39618797E8	255.0
1.396327175E8	159.75
1.39646447E8	1.0
1.39659998E8	25.580300854491938
1.39673523E8	0.0
1.39687001E8	1.127210433244916
1.39700456E8	255.0
1.397138915E8	0.0
1.397272965E8	0.0
1.39740652E8	226.75538160469668
1.397539385E8	0.0
1.397671835E8	46.36363636363637
1.397738625E8	0.0
1.39780441E8	11.022931093200135
1.397935115E8	1.9964850615114236
1.39806605E8	0.0
1.398195725E8	242.44054255311747
1.398324245E8	0.0
1.39845262E8	255.0
1.398580325E8	55.58103092783505
1.3987073E8	1.3061630218687872
1.398833975E8	0.0
1.398960405E8	147.39614738267827
1.399086725E8	0.0
1.399212565E8	121.86106448109015
1.39933781E8	159.47659412489585
1.39946267E8	255.0
1.399587085E8	44.52264723740134
1.399711325E8	0.0
1.39983544E8	190.38896366083446
1.399959275E8	145.96123649459784
1.400082885E8	207.40587628865978
1.40020559E8	3.0
1.400327265E8	2.12323064113239
1.400448715E8	1.0
1.4005699E8	0.0
1.400690545E8	3.0
1.40081085E8	255.0
1.400930995E8	198.4544262295082
1.40105101E8	0.0
1.40117094E8	229.91549295774647
1.401281635E8	0.0
1.40134155E8	0.0
1.401410485E8	1.1150911319337367
1.40153003E8	43.295908346972176
1.40164882E8	255.0
1.40176667E8	211.35618166526493
1.4018842E8	209.79883032706186
1.40200076E8	0.6362465413605572
1.402116215E8	0.0
1.402231315E8	183.76511831726555
1.402345955E8	3.0
1.402459205E8	1.125
1.402571045E8	0.0
1.402682415E8	0.0
1.4027885E8	29.5839149159
1.40288828E8	255.0
1.402984445E8	0.0
1.40307799E8	0.0
1.403166425E8	2.996972754793138
1.40324819E8	0.0
1.403326835E8	1.0
1.403402015E8	0.0
1.4034742E8	0.0
1.40354483E8	0.8657854600915099
1.403614525E8	26.50436161776368
1.403683705E8	241.93452851920478
1.403752505E8	2.6062980318650424
1.403821105E8	0.0
1.40388953E8	239.24918247220407
1.403957145E8	0.0
1.404023365E8	1.8333333333333333
1.404088075E8	255.0
1.404151525E8	2.7314363143631435
1.40421418E8	1.0
1.40427633E8	73.70398421588595
1.404337675E8	169.5843373493976
1.404398365E8	0.0
1.40445888E8	252.75518049695265
1.404519085E8	0.0
1.404579005E8	255.0
1.404638765E8	247.6322016100805
1.404698365E8	255.0
1.4047577E8	218.5309109260661
1.40481673E8	157.49248109634127
1.404875345E8	0.0
1.404915035E8	0.0
1.404943895E8	1.0
1.404990715E8	255.0
1.405047025E8	98.33473696863769
1.40510262E8	0.0
1.405157995E8	220.64534653465347
1.40521292E8	218.32375103445273
1.40526756E8	164.23264823939476
1.40532181E8	0.0
1.40537566E8	228.59603685811416
1.405429375E8	255.0
1.405482795E8	254.35196950444725
1.40553603E8	1.0
1.405589225E8	2.75
1.40564221E8	1.0
1.405694775E8	127.5
1.40574688E8	255.0
1.405798735E8	234.72910977607864
1.405850135E8	160.91264667535853
1.40590093E8	0.0
1.405951535E8	0.0
1.40600212E8	0.0
1.406052535E8	0.0
1.406102665E8	41.336666120308145
1.406152645E8	96.25
1.406202595E8	3.0
1.406252495E8	1.3333333333333333
1.40630226E8	0.0
1.40635179E8	3.0
1.40640115E8	0.0
1.4064504E8	0.0
1.4064995E8	234.08168989051615
1.406548455E8	255.0
1.40659729E8	65.384982907039
1.40664601E8	0.9982332155477032
1.406694435E8	0.0
1.40674261E8	255.0
1.40679061E8	236.0166837782341
1.40683806E8	0.0
1.40688509E8	0.0
1.406931635E8	0.0
1.40697758E8	0.0
1.40702335E8	1.4973591549295775
1.40706898E8	255.0
1.40711432E8	0.0
1.40715925E8	244.50183833324454
1.40720393E8	0.0
1.407248515E8	3.0
1.407292955E8	2.5
1.407337135E8	0.0
1.40738111E8	0.0
1.40742499E8	0.0
1.407468785E8	0.0
1.40751256E8	0.0
1.407556295E8	3.0
1.40759995E8	3.0
1.407643435E8	255.0
1.407686665E8	128.8655900922778
1.407729765E8	0.27906976744186046
1.40777284E8	0.0
1.40781584E8	229.09312636183247
1.40785876E8	19.048779730806235
1.40790157E8	0.0
1.407944295E8	2.3317647058823527
1.407986935E8	1.0
1.40802937E8	0.0
1.40807165E8	255.0
1.408113885E8	0.0
1.408156105E8	150.22305764411027
1.408198225E8	7.349005594997414
1.40824022E8	152.8903285515965
1.408282145E8	2.7849584278155706
1.408324E8	0.0
1.408365825E8	0.0
1.40840755E8	0.0
1.408449115E8	255.0
1.40849054E8	0.0
1.40851497E8	255.0
1.408535395E8	1.0
1.40857247E8	0.0
1.408613235E8	0.5
1.40865389E8	161.52946055183048
1.408694335E8	0.0
1.40873455E8	0.0
1.408774675E8	0.0
1.408814765E8	0.0
1.40885475E8	218.71428571428572
1.408894625E8	0.0
1.408934395E8	0.0
1.408974065E8	255.0
1.409013685E8	149.4734805372183
1.409053235E8	224.92767674396052
1.40909269E8	0.0
1.409132055E8	0.0
1.409171345E8	87.18399044205496
1.409210595E8	246.24212936462507
1.40924982E8	0.0
1.40928899E8	0.0
1.40932812E8	0.0
1.409367215E8	255.0
1.4094061E8	0.0
1.409444775E8	1.9033357505438724
1.409483385E8	208.30919471422317
1.409521765E8	1.0
1.40955989E8	0.0
1.409597955E8	0.0
1.409636015E8	255.0
1.40967392E8	0.0
1.40971157E8	3.0
1.40974907E8	2.2857142857142856
1.40978648E8	0.0
1.409823815E8	84.90527139874739
1.40986105E8	36.42857142857143
1.409898215E8	44.75312270389419
1.40993536E8	2.011806375442739
1.409972465E8	0.0
1.41000941E8	0.0
1.410046115E8	0.37364864864864866
1.410082665E8	254.10526315789474
1.41011916E8	0.0
1.410155645E8	0.0
1.410192115E8	3.0
1.410228535E8	0.1894175188972877
1.410264835E8	170.75279576221305
1.410301055E8	0.0
1.41033718E8	203.28960573476704
1.41037321E8	0.0
1.410409235E8	127.5
1.41044521E8	0.0
1.410481085E8	0.0
1.410516865E8	0.0
1.41055252E8	233.28804347826087
1.410588075E8	195.5584148904233
1.41062361E8	1.4893617021276595
1.41065914E8	0.0
1.41069467E8	196.98830318153463
1.41073012E8	231.5611979721382
1.41076544E8	0.0
1.41080071E8	255.0
1.41083596E8	0.0
1.41087117E8	0.0
1.41090628E8	0.0
1.410941305E8	233.9481491135468
1.41097631E8	82.79396492247358
1.411011295E8	0.0
1.411046235E8	117.76923076923077
1.411081075E8	0.0
1.41111585E8	0.0
1.4111506E8	0.0
1.411185295E8	206.27681732972297
1.41121994E8	0.0
1.411254545E8	35.50294022197702
1.411289005E8	0.0
1.411323185E8	0.0
1.411357175E8	0.0
1.4113911E8	255.0
1.411424975E8	0.0
1.41145878E8	212.469411938972
1.411492525E8	224.1600734906193
1.41152626E8	255.0
1.41155995E8	255.0
1.411593515E8	3.0
1.41162699E8	193.63636363636363
1.41166043E8	2.3333333333333335
1.4116937E8	0.0
1.411726805E8	175.87515151515152
1.411759855E8	0.0
1.41179286E8	1.0
1.411825805E8	255.0
1.411858675E8	3.0
1.41189148E8	0.0
1.41192424E8	1.0
1.411956955E8	255.0
1.411989605E8	41.961517010596765
1.41202221E8	0.5
1.4120548E8	224.9101867998843
1.412087365E8	0.0
1.41210776E8	170.0
1.41212402E8	0.0
1.412152325E8	0.0
1.41218463E8	0.6
1.41221688E8	253.21052631578948
1.412249085E8	226.0562981838599
1.41228124E8	190.3368590324334
1.41231335E8	0.0
1.412345425E8	0.0
1.41237746E8	0.0
1.41240947E8	215.78347748285117
1.41244146E8	254.10526315789474
1.412473425E8	217.15986677768527
1.41250538E8	226.46696158842204
1.412537305E8	239.23287800743302
1.412569125E8	0.0
1.41260086E8	0.0
1.41263258E8	255.0
1.412664245E8	1.0
1.41269585E8	0.0
1.41272743E8	0.0
1.412758995E8	0.0
1.412790545E8	255.0
1.412822035E8	0.0
1.4128534E8	206.7144592062146
1.41288466E8	0.0
1.41291589E8	0.0
1.412947105E8	0.0
1.412978215E8	23.136773911777553
1.413009225E8	0.0
1.413040225E8	129.1
1.41307117E8	1.0
1.41310204E8	204.54381306425915
1.413132865E8	0.0
1.413163665E8	255.0
1.41319445E8	83.06748466257669
1.413225215E8	229.85593655921875
1.41325596E8	0.0
1.41328669E8	1.894941634241245
1.41331738E8	0.0
1.413348E8	0.0
1.413378585E8	169.034353748863
1.413409105E8	153.52006913769924
1.413439555E8	0.0
1.41346999E8	0.0
1.41350033E8	0.0
1.413530575E8	0.0
1.41356076E8	0.0
1.413590875E8	0.0
1.41362097E8	0.0
1.413651025E8	0.0
1.41368103E8	0.0
1.41371102E8	1.889141881314928
1.413740995E8	32.345238095238095
1.41377093E8	255.0
1.413800805E8	189.83834864322668
1.413830635E8	255.0
1.413860455E8	1.0
1.41389022E8	51.45905969360803
1.413919895E8	0.0
1.4139495E8	0.0
1.413979065E8	0.0
1.41400857E8	0.0
1.41403801E8	0.0
1.41406741E8	127.5
1.41409678E8	0.0
1.414126105E8	0.0
1.41415538E8	241.374999221373
1.414184645E8	0.0
1.414213895E8	255.0
1.414243125E8	210.25883769820925
1.414272345E8	5.1861930678888575
1.41430155E8	0.0
1.414330725E8	8.521424620228926
1.414359875E8	130.26468613628734
1.414389E8	5.73602630342884
1.414418105E8	0.0
1.41444718E8	221.23975481057855
1.414476225E8	0.16061248403618028
1.41450526E8	0.0
1.41453427E8	171.5370887493444
1.41456323E8	0.0
1.41459214E8	255.0
1.414621005E8	165.7266881028939
1.414649835E8	180.44611692927725
1.414678655E8	1.417873190214678
1.414707475E8	255.0
1.41473629E8	34.15737203972498
1.41476508E8	0.0
1.414793845E8	177.74755381604697
1.41482258E8	255.0
1.414851235E8	0.0
1.414879835E8	3.0
1.414908425E8	0.0
1.41493699E8	245.16372364135094
1.41496551E8	225.61075949806795
1.414993995E8	3.0
1.415022465E8	0.0
1.415050915E8	0.0
1.41507934E8	0.0
1.415107725E8	2.391578947368421
1.415136075E8	0.0
1.41516441E8	0.0
1.415192725E8	0.0
1.41522102E8	0.0
1.415249305E8	148.22314578005114
1.41527757E8	33.2207563764292
1.41530581E8	0.0
1.415334035E8	0.0
1.415362255E8	0.0
1.415390465E8	0.0
1.41541866E8	0.0
1.41544683E8	210.80000516149013
1.415474975E8	0.0
1.4155031E8	1.0
1.415531175E8	255.0
1.41555919E8	232.4162495186754
1.415587165E8	0.0
1.41561512E8	0.0
1.41564307E8	0.8571428571428571
1.415671015E8	255.0
1.415695015E8	239.14573556761133
1.41570898E8	255.0
1.41572688E8	0.0
1.4157548E8	0.0
1.415782705E8	170.94512433276918
1.415810595E8	255.0
1.41583847E8	78.3191114245416
1.415866325E8	0.0
1.41589416E8	211.18541549650405
1.41592198E8	0.0
1.41594971E8	171.0
1.415977345E8	195.10050890585242
1.41600491E8	0.0
1.416032415E8	3.0
1.41605989E8	255.0
1.416087335E8	255.0
1.416114735E8	0.0
1.41614208E8	253.21678321678323
1.416169385E8	150.55368869659677
1.41619657E8	223.01854121889411
1.416223655E8	0.0
1.41625071E8	233.76479246393876
1.416277715E8	255.0
1.41630469E8	204.5644820295983
1.416331645E8	219.3260578909349
1.41635856E8	0.0
1.416385445E8	1.9171075837742504
1.416412325E8	0.0
1.416439195E8	251.64513452649047
1.41646598E8	158.5802665535405
1.416492685E8	0.0
1.41651938E8	26.95216715593162
1.416546065E8	0.0
1.41657273E8	37.60460680084033
1.416599375E8	0.0
1.41662593E8	250.28139074557504
1.416652385E8	0.0
1.416678815E8	209.65874803723355
1.41670523E8	255.0
1.41673163E8	1.0
1.41675801E8	0.0
1.416784375E8	162.07426556991774
1.41681073E8	0.0
1.41683705E8	255.0
1.416863335E8	255.0
1.416889605E8	0.0
1.416915825E8	0.0
1.416942E8	0.0
1.416968145E8	255.0
1.41699426E8	0.0
1.41702034E8	0.0
1.41704638E8	0.0
1.41707241E8	167.50576184379003
1.41709838E8	0.0
1.417124275E8	125.35698147311342
1.417150135E8	0.0
1.41717597E8	255.0
1.41720177E8	0.0
1.41722754E8	0.0
1.417253305E8	115.30969420949903
1.41727906E8	158.26117775354416
1.41730481E8	0.0
1.41733056E8	2.666274970622797
1.417356305E8	245.66544932829007
1.417382025E8	0.0
1.4174077E8	3.0
1.41743333E8	0.0
1.41745892E8	0.0
1.417484485E8	0.0
1.41751004E8	254.95705263157896
1.41753556E8	1.3333333333333333
1.41756104E8	129.8847840316942
1.41758648E8	18.74945054945055
1.41761189E8	224.670796460177
1.417637275E8	0.0
1.4176626E8	0.0
1.41768789E8	0.0
1.417713145E8	0.0
1.41773836E8	133.00649568820697
1.41776357E8	0.0
1.417788775E8	0.0
1.417813975E8	77.71117668756916
1.41783916E8	0.01923424236951418
1.417864325E8	0.0
1.41788946E8	0.9124683192186438
1.41791457E8	0.06151287005189607
1.417939675E8	0.0
1.417964765E8	113.74462260461479
1.41798983E8	0.0
1.418014855E8	0.0
1.41803981E8	91.90729946173035
1.4180647E8	129.0
1.41808953E8	78.69683751363141
1.41811431E8	198.1010571871501
1.418139075E8	233.76390229415696
1.41816383E8	0.0
1.41818857E8	0.0
1.418213285E8	0.0
1.418237955E8	28.276060764798324
1.41826259E8	114.29866117404737
1.418287215E8	1.0
1.41831178E8	202.58689458689457
1.41833627E8	171.8920353982301
1.418360715E8	0.0
1.41838512E8	0.0
1.418409505E8	195.86628409716218
1.418433885E8	0.0
1.418458265E8	125.84407582462795
1.41848263E8	0.0
1.418506975E8	0.0
1.418531305E8	3.0
1.41855562E8	0.0
1.41857992E8	1.3731496409204162
1.418604205E8	228.89144563499033
1.41862847E8	0.0
1.41865272E8	0.0
1.41867695E8	3.0
1.41870116E8	254.88751654168505
1.418725365E8	0.0
1.41874956E8	0.0
1.41877374E8	0.0
1.41879789E8	0.0
1.418822015E8	0.0
1.418846075E8	0.0
1.418870045E8	0.0
1.418893965E8	23.446649750018842
1.418917865E8	0.0
1.41894176E8	255.0
1.41896563E8	0.0
1.41898948E8	0.0
1.41901333E8	162.14081777118588
1.419037175E8	197.0296955616804
1.41906101E8	72.85038335158816
1.41908484E8	194.66822719891962
1.419108665E8	255.0
1.41913248E8	0.0
1.41915629E8	105.05386314287237
1.41918009E8	4.225859987929994
1.41920388E8	212.5754884547069
1.419227665E8	0.0
1.41925143E8	255.0
1.419275165E8	0.0
1.419292615E8	34.6162275846801
1.41930446E8	87.19764705882353
1.419322555E8	0.0
1.419346225E8	0.0
1.41936987E8	255.0
1.41939347E8	0.0
1.41941703E8	0.0
1.419440575E8	0.0
1.41946411E8	0.0
1.419487635E8	0.0
1.419511115E8	0.0
1.419534545E8	255.0
1.419557965E8	235.30445235118762
1.41958135E8	0.0
1.419604675E8	242.47612551159617
1.419627965E8	0.0
1.419651245E8	223.86857138496913
1.419674515E8	229.26140793378042
1.41969777E8	0.0
1.419721005E8	0.0
1.419744205E8	0.0
1.41976738E8	0.0
1.419790505E8	0.016666666666666666
1.41981358E8	0.0
1.419836635E8	229.58031273042215
1.41985967E8	130.49725975019118
1.41988266E8	18.802575107296136
1.4199056E8	0.0
1.41992852E8	3.0
1.41995142E8	0.0
1.4199743E8	0.0
1.419997165E8	0.0
1.420020015E8	237.65405578711125
1.42004285E8	253.19787985865725
1.420065675E8	0.0
1.42008845E8	0.0
1.420111165E8	240.99370632228533
1.42013386E8	0.0
1.420156535E8	0.0
1.42017916E8	0.0
1.42020175E8	1.9964664310954063
1.42022431E8	0.0
1.420246815E8	0.0
1.42026929E8	0.0
1.42029171E8	0.0
1.420314065E8	0.0
1.420336395E8	255.0
1.420358715E8	200.9675508099487
1.420381015E8	0.0
1.42040329E8	255.0
1.42042554E8	0.0
1.42044776E8	0.0
1.420469965E8	0.0
1.42049215E8	0.0
1.420514315E8	0.0
1.420536445E8	0.0
1.42055854E8	0.0
1.42058062E8	255.0
1.420602685E8	167.50944156496493
1.42062474E8	0.0
1.42064677E8	0.0
1.420668775E8	0.0
1.420690765E8	0.0
1.420712745E8	0.0
1.420734715E8	0.0
1.420756655E8	0.0
1.420778565E8	218.75024106834212
1.42080046E8	0.0
1.42082235E8	0.0
1.42084423E8	255.0
1.42086609E8	0.0
1.4208879E8	255.0
1.420909665E8	255.0
1.42093141E8	0.0
1.420953105E8	0.0
1.42097474E8	0.0
1.42099635E8	0.0
1.42101794E8	213.74204946996466
1.42103946E8	0.0
1.42106089E8	0.0
1.421082245E8	0.0
1.42110355E8	0.0
1.421124825E8	0.0
1.421146075E8	254.44005270092228
1.421167315E8	195.44843114468333
1.42118853E8	195.6350485222318
1.42120971E8	255.0
1.421230865E8	0.0
1.421252E8	255.0
1.42127313E8	0.0
1.42129426E8	0.0
1.421315385E8	0.0
1.42133649E8	0.0
1.421357575E8	1.0
1.42137864E8	255.0
1.42139969E8	65.27996422182468
1.42142073E8	0.0
1.421441755E8	0.0
1.421462745E8	0.0
1.421483705E8	255.0
1.421504655E8	0.0
1.421525595E8	0.0
1.421546525E8	3.0
1.421567435E8	79.2848245097214
1.42158833E8	0.0
1.421609215E8	0.0
1.42163009E8	0.4023696682464455
1.42165096E8	0.0
1.421671825E8	1.0
1.421692675E8	0.0
1.4217135E8	183.87535998156895
1.4217343E8	0.0
1.42175509E8	0.0
1.421775875E8	0.0
1.421796645E8	255.0
1.421817365E8	0.0
1.421838025E8	13.627232276175118
1.42185866E8	3.0
1.42187929E8	200.673910737771
1.421899915E8	255.0
1.421920525E8	0.0
1.421941125E8	0.0
1.421961725E8	233.8235294117647
1.42198232E8	134.3941368078176
1.422002865E8	221.66729857819905
1.422023345E8	0.0
1.422043795E8	0.0
1.42206423E8	128.02645502645504
1.42208462E8	255.0
1.42210496E8	255.0
1.42212529E8	0.0
1.422145605E8	0.0
1.42216589E8	21.08735124296827
1.42218613E8	255.0
1.422206335E8	0.0
1.42222652E8	0.0
1.422246675E8	0.0
1.422266795E8	0.0
1.42228689E8	0.0
1.422306975E8	255.0
1.422327045E8	0.0
1.422347105E8	0.0
1.42236716E8	0.20042342978122796
1.42238721E8	254.82054890921887
1.422407225E8	0.0
1.422427205E8	1.3325138291333742
1.422447185E8	0.0
1.42246715E8	0.0
1.42248709E8	0.0
1.422507005E8	0.0
1.422526905E8	188.06306773942381
1.422546795E8	254.5518453427065
1.422566665E8	0.0
1.422586525E8	145.272
1.422606355E8	0.0
1.422626145E8	3.0
1.422645915E8	252.5030599755202
1.422665675E8	255.0
1.42268543E8	38.714285714285715
1.422705175E8	214.1150442477876
1.422724895E8	66.0
1.422744575E8	128.0
1.422764235E8	255.0
1.422783895E8	0.0
1.422803545E8	0.0
1.42282318E8	1.0568565888632808
1.422842805E8	0.0
1.422862425E8	254.83346394984326
1.4228818E8	30.491585473870682
1.42289161E8	0.0
1.42290166E8	255.0
1.42292127E8	0.0
1.42294088E8	0.0
1.422960465E8	0.0
1.422980025E8	20.564826238947152
1.42299954E8	0.0
1.42301901E8	140.8817929393098
1.42303848E8	153.84381625441696
1.423057945E8	0.0
1.4230774E8	0.0
1.423096845E8	0.0
1.42311628E8	0.0
1.42313569E8	0.0
1.423155065E8	3.0
1.423174425E8	0.0
1.42319378E8	0.0
1.42321312E8	65.3321554770318
1.42323245E8	0.0
1.42325177E8	0.0
1.42327107E8	105.28024911032028
1.423290355E8	0.0
1.423309635E8	0.0
1.42332891E8	0.0
1.423348175E8	248.98190121077548
1.423367435E8	0.0
1.423386685E8	134.86321626617377
1.423405905E8	0.0
1.42342509E8	255.0
1.423444255E8	0.0
1.423463415E8	0.0
1.42348253E8	1.324009324009324
1.423501595E8	0.0
1.42352065E8	0.33215962441314556
1.423539695E8	0.0
1.42355873E8	0.0
1.42357776E8	79.29545454545455
1.42359679E8	0.5140597539543058
1.423615815E8	255.0
1.42363483E8	255.0
1.423653835E8	0.0
1.423672835E8	0.0
1.42369183E8	0.0
1.4237108E8	0.0
1.42372975E8	0.0
1.42374869E8	0.0
1.42376761E8	0.0
1.423786515E8	0.0
1.423805415E8	252.95727428200743
1.423824305E8	0.45461847389558235
1.423843155E8	255.0
1.423861925E8	0.0
1.423880645E8	0.0
1.42389936E8	0.0
1.423918065E8	254.4106317411402
1.423936765E8	0.0
1.42395546E8	0.0
1.42397415E8	0.0
1.42399284E8	1.0
1.424011525E8	0.0
1.42403019E8	0.0
1.42404883E8	209.71782030018494
1.42406746E8	0.0
1.424086055E8	0.0
1.424104605E8	142.94407508799375
1.42412313E8	0.0
1.42414163E8	0.0
1.42416009E8	0.0
1.42417852E8	0.0
1.42419695E8	0.0
1.42421538E8	110.347533632287
1.424233805E8	0.0
1.42425222E8	0.0
1.42427063E8	0.0
1.424288995E8	0.0
1.424307315E8	0.0
1.424325625E8	0.0
1.42434392E8	0.0
1.42436221E8	0.0
1.424380485E8	2.2965050732807217
1.42439871E8	3.0
1.424416895E8	0.0
1.424435075E8	0.0
1.42445323E8	251.45833333333334
1.42447136E8	2.7511799287902625
1.424489455E8	0.0
1.4245075E8	0.0
1.424525525E8	0.0
1.42454354E8	254.79937057435092
1.424561545E8	0.0
1.424579545E8	127.55123674911661
1.424597535E8	0.0
1.42461551E8	0.0
1.42463346E8	0.0
1.424651385E8	0.0
1.42466928E8	1.0
1.424687145E8	0.0
1.424705E8	0.0
1.42472285E8	0.0
1.424740655E8	0.0
1.42475841E8	0.0
1.42477616E8	2.811274781260383
1.42479391E8	0.0
1.424811635E8	0.0
1.42482933E8	254.84643179765132
1.424847005E8	201.52866339442073
1.42486464E8	0.0
1.424882225E8	238.47761928184948
1.424899775E8	254.99302897758338
1.4249173E8	169.83353010625737
1.42493479E8	0.0
1.42495226E8	0.0
1.42496973E8	0.0
1.42498718E8	0.0
1.4250046E8	0.0
1.425021995E8	0.0
1.42503937E8	0.0
1.425056725E8	0.0
1.42507406E8	255.0
1.425091385E8	170.0
1.425108685E8	255.0
1.425125945E8	0.0
1.425143185E8	2.5384615384615383
1.4251604E8	130.70877944325483
1.42517759E8	250.41583397386626
1.425194765E8	254.77572559366754
1.425211925E8	0.0
1.42522908E8	0.0
1.425246225E8	0.0
1.42526336E8	0.0
1.425280485E8	192.12983870967741
1.425297595E8	195.71203319502075
1.425314695E8	0.0
1.42533179E8	0.0
1.425348875E8	0.0
1.425365935E8	0.0
1.42538297E8	1.0
1.4254E8	254.70035252643947
1.425416995E8	0.0
1.425433925E8	197.52887840019872
1.425450825E8	254.88754134509372
1.42546771E8	0.0
1.42548457E8	2.886178861788618
1.42550141E8	255.0
1.42551824E8	134.75780334149806
1.42553507E8	200.70636051286348
1.425551885E8	0.0
1.42556868E8	3.0
1.425585465E8	0.0
1.42560223E8	255.0
1.42561894E8	0.0
1.42563556E8	0.0
1.425652095E8	255.0
1.42566857E8	0.0
1.42568501E8	0.0
1.42570144E8	0.0
1.42571786E8	3.0
1.42573425E8	0.0
1.42575062E8	0.0
1.42576699E8	160.97329049258184
1.425783355E8	0.0
1.425799685E8	255.0
1.42581598E8	0.0
1.42583225E8	255.0
1.4258485E8	0.0
1.42586474E8	0.0
1.425880965E8	0.0
1.42589717E8	79.70256864592368
1.425913335E8	17.20919656392117
1.42592946E8	241.679909337027
1.425945565E8	74.41191352345906
1.425961665E8	187.15384615384616
1.425977755E8	255.0
1.42599378E8	0.0
1.42600974E8	0.0
1.426025685E8	176.9432502149613
1.426041585E8	0.0
1.426057445E8	0.0
1.426073305E8	0.0
1.42608914E8	0.0
1.42610493E8	0.0
1.4261207E8	0.0
1.42613646E8	0.0
1.4261522E8	0.0
1.42616792E8	0.0
1.42618361E8	0.0
1.426199275E8	162.60233183856502
1.426214905E8	0.0
1.426230505E8	0.0
1.426246095E8	0.0
1.426261665E8	0.0
1.426277225E8	0.0
1.42629278E8	0.0
1.42630832E8	3.0
1.426323845E8	3.0
1.426339355E8	0.0
1.426354855E8	255.0
1.42637035E8	0.0
1.426385825E8	0.0
1.426401275E8	0.0
1.42641671E8	111.40006249349027
1.42643213E8	0.0
1.426447535E8	0.0
1.426462925E8	0.0
1.42647757E8	0.0
1.42648524E8	0.0
1.42649362E8	248.013698630137
1.42650895E8	0.0
1.426524275E8	255.0
1.42653958E8	0.0
1.42655486E8	211.9566520175789
1.42657012E8	0.0
1.42658537E8	0.0
1.42660062E8	206.34164960866948
1.42661585E8	0.0
1.426631055E8	0.0
1.42664625E8	0.0
1.426661435E8	0.0
1.426676605E8	255.0
1.426691735E8	0.0
1.42670683E8	0.0
1.426721915E8	0.0
1.426736975E8	5.176573710939618
1.426752015E8	137.36294896030245
1.426767045E8	0.0
1.426782025E8	0.0
1.426796955E8	0.0
1.426811875E8	225.7165837287351
1.426826785E8	0.0
1.42684168E8	0.0
1.426856565E8	0.0
1.42687144E8	0.0
1.42688631E8	154.17764435811407
1.42690117E8	189.19012797074953
1.426916015E8	0.0
1.426930845E8	0.0
1.426945645E8	0.0
1.426960415E8	0.0
1.42697517E8	1.3224967490247075
1.42698991E8	0.0
1.42700463E8	0.0
1.427019325E8	255.0
1.427034E8	0.0
1.427048665E8	255.0
1.427063315E8	0.0
1.427077945E8	255.0
1.42709256E8	0.0
1.42710717E8	0.0
1.42712177E8	0.0
1.427136355E8	235.55566143983367
1.427150925E8	0.0
1.42716547E8	0.0
1.427179995E8	0.0
1.427194515E8	0.0
1.42720903E8	255.0
1.427223515E8	0.0
1.427237975E8	0.0
1.42725243E8	0.0
1.42726687E8	246.8416496051477
1.42728129E8	0.0
1.427295695E8	231.7210025451027
1.427310075E8	0.0
1.427324415E8	0.0
1.427338735E8	255.0
1.427353055E8	0.0
1.427367365E8	0.0
1.42738166E8	65.83348017621145
1.42739595E8	178.96061382051673
1.42741022E8	0.0
1.427424465E8	0.0
1.427438705E8	0.0
1.427452945E8	0.0
1.42746718E8	0.0
1.427481405E8	192.5841059602649
1.42749562E8	0.0
1.42750982E8	0.0
1.427523995E8	254.14715719063545
1.427538155E8	0.0
1.427552315E8	109.28571428571429
1.42756647E8	3.0
1.427580605E8	0.0
1.427594725E8	0.0
1.42760884E8	0.0
1.427622945E8	0.0
1.427637035E8	0.0
1.427651115E8	255.0
1.42766519E8	1.0
1.427679255E8	0.0
1.427693305E8	0.0
1.427707335E8	0.0
1.42772132E8	0.0
1.427735265E8	0.0
1.4277492E8	192.20655905339274
1.42776312E8	0.0
1.42777703E8	0.0
1.42779094E8	0.0
1.427804825E8	255.0
1.427818685E8	0.0
1.42783254E8	0.0
1.427846385E8	171.3258559622196
1.42786022E8	250.4524263683683
1.427874045E8	1.9957924263674613
1.42788786E8	0.0
1.42790167E8	0.0
1.427915475E8	156.414686825054
1.427929275E8	96.1875
1.42794307E8	67.0662660944206
1.427956855E8	127.27592267135326
1.42797063E8	0.0
1.4279844E8	128.8990134529148
1.42799817E8	0.0
1.42801194E8	251.5174506828528
1.428025705E8	0.0
1.42803946E8	0.0
1.428053205E8	3.0
1.428066945E8	0.0
1.42808068E8	0.0
1.4280944E8	0.0
1.4281081E8	0.0
1.428121785E8	0.0
1.428135455E8	3.0
1.42814909E8	0.0
1.428162695E8	198.97020359967865
1.428176275E8	137.00635953930896
1.428189835E8	255.0
1.42820339E8	0.0
1.42821694E8	0.0
1.428230475E8	0.0
1.42824399E8	0.0
1.42825748E8	128.0
1.42827095E8	212.0652342584303
1.428284415E8	0.0
1.428297865E8	0.0
1.4283113E8	30.17255216693419
1.42832472E8	232.12344343987246
1.428338125E8	254.7334726940162
1.428351525E8	0.0
1.428364925E8	0.0
1.42837832E8	254.86607142857142
1.42839171E8	0.0
1.42840509E8	0.0
1.42841846E8	0.0
1.428431825E8	0.0
1.428445175E8	173.47058823529412
1.42845851E8	0.0
1.42847184E8	19.393281965978282
1.42848517E8	0.0
1.428498495E8	87.0
1.428511805E8	183.779304928333
1.428525105E8	3.0
1.428538395E8	0.0
1.42855167E8	0.0
1.428564935E8	0.0
1.428578195E8	0.0
1.42859144E8	0.0
1.42860467E8	255.0
1.428617895E8	123.12857142857143
1.428631085E8	0.0
1.42864424E8	0.0
1.42865739E8	0.0
1.42867054E8	255.0
1.42868369E8	1.168378406753911
1.428696825E8	0.0
1.42870994E8	0.0
1.42872305E8	255.0
1.428736155E8	0.0
1.428749255E8	179.35756739545744
1.42876235E8	0.75055090348171
1.428775435E8	0.0
1.428788505E8	0.0
1.428801555E8	255.0
1.428814595E8	0.0
1.428827635E8	170.23384253819037
1.428840675E8	103.8
1.42885371E8	0.0
1.42886674E8	0.0
1.428879765E8	0.0
1.42889278E8	0.0
1.42890579E8	196.24137931034483
1.42891879E8	242.44615220975376
1.42893177E8	82.77645659928656
1.42894474E8	0.0
1.42895771E8	255.0
1.428970675E8	0.0
1.42898363E8	0.0
1.428996575E8	0.0
1.429009515E8	0.0
1.429022455E8	203.9280677009873
1.42903539E8	127.5
1.42904831E8	0.0
1.429061215E8	0.0
1.42907411E8	0.0
1.42908699E8	242.10163284460566
1.429099855E8	0.0
1.42911271E8	0.0
1.429125555E8	0.0
1.429138395E8	209.5130421479385
1.42915123E8	0.0
1.42916406E8	179.52403954893535
1.429176885E8	246.01178781925344
1.4291897E8	0.0
1.429202505E8	0.0
1.429215305E8	0.0
1.4292281E8	0.0
1.429240885E8	50.915645277577504
1.429253665E8	85.09988249118683
1.429266445E8	0.0
1.42927922E8	235.44552827782792
1.42929199E8	0.8267858650438894
1.42930476E8	3.0
1.429317525E8	0.0
1.42933028E8	1.6761388722859143
1.42934303E8	0.0
1.429355775E8	0.0
1.429368515E8	0.0
1.429381245E8	255.0
1.42939396E8	0.0
1.42940667E8	0.0
1.42941938E8	0.0
1.42943209E8	82.84491978609626
1.4294448E8	255.0
1.429457505E8	219.34728179395353
1.429470205E8	1.0
1.429482905E8	243.7968908415005
1.4294956E8	3.0
1.429508285E8	0.0
1.429520965E8	0.8540596094552929
1.429533635E8	242.14655172413794
1.42954629E8	0.0
1.429558935E8	12.455365474339036
1.42957157E8	0.0
1.4295842E8	0.0
1.42959683E8	107.96935041171089
1.429609455E8	0.0
1.429622075E8	51.30446549391069
1.429634695E8	0.0
1.42964731E8	0.0
1.42965992E8	169.7178925945126
1.429672525E8	212.3527601809955
1.429685125E8	255.0
1.429697725E8	251.9284090909091
1.429710325E8	3.0
1.42972292E8	42.94546198300374
1.429735505E8	0.0
1.429748085E8	9.174897383273473
1.429760665E8	3.7344311699494135
1.42977324E8	0.0
1.42978579E8	0.0
1.42979832E8	236.85287918387993
1.429810845E8	0.0
1.42982336E8	255.0
1.42983587E8	255.0
1.42984838E8	0.0
1.42986089E8	1.0
1.429873395E8	38.7936927139972
1.42988589E8	0.0
1.429898375E8	0.0
1.42991085E8	251.39118825100132
1.429923315E8	0.0
1.429935775E8	255.0
1.429948225E8	0.0
1.42996066E8	229.44475981928937
1.429973085E8	203.59039650782103
1.4299855E8	0.0
1.42999791E8	255.0
1.43001032E8	0.0
1.430022725E8	1.0
1.430035125E8	0.0
1.430047525E8	240.1610607765342
1.43005992E8	3.0
1.4300719E8	0.0
1.43007809E8	0.0
1.430084685E8	0.0
1.430097065E8	10.62571505585672
1.430109445E8	254.10526315789474
1.43012182E8	0.0
1.430134185E8	0.0
1.43014654E8	0.0
1.43015889E8	255.0
1.430171235E8	0.0
1.430183575E8	172.45642971582765
1.430195915E8	0.0
1.43020825E8	0.0
1.43022058E8	1.0
1.430232905E8	127.5
1.43024522E8	193.9655172413793
1.43025753E8	0.4
1.43026984E8	255.0
1.43028215E8	0.0
1.430294455E8	235.15497826945872
1.43030675E8	255.0
1.43031904E8	3.0
1.430331325E8	0.0
1.4303436E8	255.0
1.43035587E8	218.25188811170997
1.43036814E8	0.0
1.43038041E8	0.0
1.430392675E8	231.172373766686
1.430404935E8	0.0
1.430417195E8	85.43360752056404
1.43042945E8	254.15549597855227
1.4304417E8	0.0
1.43045395E8	0.0
1.4304662E8	3.0
1.43047845E8	0.0
1.4304907E8	1.5
1.430502945E8	198.27930672268909
1.430515185E8	123.68342895713803
1.430527425E8	0.0
1.430539665E8	127.60125588697018
1.4305519E8	255.0
1.43056413E8	0.0
1.43057636E8	0.0
1.430588585E8	195.59696574312
1.430600805E8	255.0
1.43061302E8	0.0
1.430625225E8	3.0
1.430637425E8	0.0
1.43064962E8	0.0
1.43066181E8	0.0
1.430674E8	0.0
1.430686185E8	241.02557148392097
1.430698365E8	0.0
1.430710525E8	78.0130419457173
1.43072266E8	0.0
1.430734785E8	0.0
1.430746905E8	153.1842475386779
1.43075902E8	0.0
1.43077113E8	0.0
1.430783235E8	0.0
1.43079533E8	0.0
1.43080742E8	255.0
1.43081951E8	0.0
1.430831595E8	0.0
1.430843675E8	255.0
1.430855755E8	128.5
1.430867835E8	0.0
1.43087991E8	2.5853658536585367
1.430891975E8	41.002316602316604
1.43090403E8	53.125
1.43091608E8	0.0
1.43092813E8	255.0
1.43094017E8	0.0
1.4309522E8	0.0
1.43096423E8	0.0
1.430976255E8	205.78545972915182
1.430988275E8	1.0
1.43100029E8	255.0
1.431012295E8	0.2773109243697479
1.431024295E8	0.0
1.431036295E8	3.0
1.43104829E8	255.0
1.43106028E8	150.94827586206895
1.431072265E8	0.0
1.431084245E8	0.09105482526450785
1.43109622E8	0.0
1.43110819E8	0.0
1.43112015E8	0.0
1.4311321E8	0.0
1.43114405E8	228.50528541226217
1.431156E8	0.0
1.43116795E8	19.640562523632912
1.431179895E8	138.17276814386642
1.43119183E8	255.0
1.43120376E8	255.0
1.43121569E8	255.0
1.43122762E8	191.15700267618197
1.431239545E8	0.0
1.431251465E8	249.58982540104583
1.431263385E8	153.6
1.4312753E8	0.0
1.43128721E8	0.0
1.431299115E8	255.0
1.431311015E8	133.83567134268537
1.431322915E8	0.0
1.43133481E8	255.0
1.4313467E8	0.0
1.43135859E8	0.0
1.43137048E8	0.0
1.43138237E8	0.0
1.43139426E8	253.57009345794393
1.431406145E8	0.0
1.431418015E8	0.0
1.431429875E8	0.0
1.431441735E8	232.70104994324632
1.431453595E8	0.0
1.431465455E8	0.0
1.43147731E8	0.0
1.43148916E8	3.0
1.43150101E8	254.79705531237565
1.43151286E8	0.0
1.431524705E8	255.0
1.431536545E8	0.0
1.431548385E8	0.0
1.431560225E8	0.0
1.431572055E8	1.0
1.431583875E8	240.2644257801518
1.43159569E8	0.0
1.4316075E8	252.2482871074458
1.43161931E8	0.0
1.43163111E8	1.9802513464991023
1.4316429E8	0.4991181657848324
1.43165469E8	0.0
1.431666475E8	0.0
1.431678255E8	0.0
1.431690035E8	0.0
1.431701815E8	255.0
1.431713595E8	0.0
1.431725375E8	0.0
1.43173715E8	0.0
1.431748915E8	11.618460506108349
1.43176067E8	0.0
1.43177242E8	255.0
1.431784165E8	0.0
1.431795905E8	0.0
1.43180764E8	0.0
1.43181937E8	255.0
1.4318311E8	127.65079365079364
1.43184282E8	0.0
1.43185453E8	116.8985741733239
1.43186624E8	146.14285714285714
1.43187795E8	0.0
1.431889655E8	3.0
1.43190135E8	128.0
1.43191304E8	1.0
1.431924725E8	3.0
1.4319364E8	0.0
1.43194807E8	0.0
1.43195974E8	126.81885397412199
1.431971405E8	0.0
1.431983065E8	251.4904876527775
1.431994725E8	188.34989757662427
1.432006385E8	0.0
1.43201804E8	0.0
1.43202969E8	0.0
1.432041335E8	0.0
1.43205297E8	0.0
1.4320646E8	229.84337031000268
1.43207623E8	3.0
1.43208786E8	0.8571428571428571
1.43209949E8	0.0
1.43211112E8	222.46975497702908
1.432122745E8	199.07209352479197
1.432134365E8	185.2022090059473
1.432145985E8	142.86883062290133
1.4321576E8	0.0
1.43216921E8	0.0
1.43218082E8	0.0
1.432192425E8	0.0
1.432204025E8	31.801124081279724
1.432215625E8	0.0
1.43222722E8	0.0
1.43223881E8	0.0
1.4322504E8	214.54393541119038
1.43226199E8	255.0
1.43227358E8	0.0
1.432285165E8	0.0
1.432296745E8	23.775409128608324
1.432308325E8	198.33333333333334
1.4323199E8	181.04651162790697
1.43233147E8	242.9047619047619
1.432343035E8	0.0
1.432354595E8	127.8231173380035
1.43236615E8	0.0
1.4323777E8	112.3858075040783
1.43238925E8	1.6159014557670772
1.4324008E8	0.02215729001584786
1.432412345E8	3.0
1.432423885E8	255.0
1.432435425E8	81.59615384615384
1.432446965E8	255.0
1.4324585E8	0.0
1.43247003E8	3.0
1.43248156E8	255.0
1.432493085E8	183.90060851926978
1.432504605E8	0.0
1.432516125E8	0.0
1.432527645E8	0.0
1.43253916E8	184.4179202092871
1.432550665E8	1.6666666666666667
1.432562165E8	255.0
1.432573655E8	0.0
1.432585135E8	255.0
1.432596615E8	0.0
1.432608095E8	72.34729640520915
1.432619575E8	0.0
1.432631055E8	0.0
1.43264253E8	127.81321585903083
1.432654E8	238.40482289196282
1.43266547E8	127.75
1.432676935E8	35.175233644859816
1.432688395E8	0.0
1.432699855E8	3.0
1.43271131E8	255.0
1.432722755E8	48.87742630154526
1.432734195E8	241.01134521880064
1.432745635E8	239.70794215865416
1.432757075E8	13.846560342775529
1.432768515E8	0.0
1.43277995E8	0.0
1.43279138E8	255.0
1.432802805E8	0.0
1.432814225E8	251.02658111824016
1.432825645E8	0.6725794827289251
1.43283706E8	233.13833005410723
1.43284847E8	223.94699053429164
1.432859875E8	191.98372819578236
1.432871275E8	0.0
1.432882675E8	84.09134328358209
1.432894075E8	255.0
1.43290547E8	241.2020202020202
1.43291686E8	0.0
1.43292825E8	0.0
1.43293964E8	255.0
1.43295103E8	0.0
1.432962415E8	3.0
1.43297379E8	1.0
1.432985155E8	2.694876826868157
1.432996515E8	0.0
1.433007875E8	136.32808044224862
1.433019235E8	87.34215885947047
1.43303059E8	0.0
1.43304194E8	0.0
1.43305329E8	254.98036498036498
1.433064635E8	3.0
1.433075975E8	174.16287527459116
1.433087315E8	1.9780405934557932
1.433098655E8	0.0
1.43310999E8	3.0
1.43312132E8	0.0
1.43313265E8	0.0
1.433143975E8	228.02740862485174
1.433155295E8	3.0
1.433166615E8	0.0
1.433177935E8	0.0
1.43318925E8	0.0
1.43320056E8	227.16436482982203
1.43321187E8	0.0
1.433223175E8	255.0
1.433234475E8	126.74734356552538
1.433245775E8	1.0
1.43325707E8	0.0
1.43326836E8	0.0
1.43327965E8	80.86819563415308
1.43329094E8	0.0
1.43330222E8	219.45739526930748
1.43331349E8	0.0
1.433324755E8	234.07853156061012
1.433336015E8	0.0
1.433347275E8	0.0
1.433358535E8	0.0
1.433369795E8	18.38771786321022
1.43338105E8	0.07894736842105263
1.4333923E8	0.0
1.433403545E8	0.0
1.433414785E8	3.0
1.43342602E8	0.0
1.43343725E8	19.117868380308657
1.43344848E8	0.0
1.43345971E8	218.57142857142858
1.43347094E8	3.0
1.433482165E8	223.38633807388234
1.43349338E8	0.0
1.433504585E8	255.0
1.43351578E8	37.285714285714285
1.43352697E8	84.89858106536404
1.433538155E8	240.4543486816214
1.433549335E8	0.0
1.433560515E8	255.0
1.433571695E8	255.0
1.43358287E8	0.0
1.43359404E8	0.0
1.43360521E8	225.63274517849814
1.43361638E8	255.0
1.43362755E8	199.07630433987788
1.43363872E8	248.16495142829663
1.433649885E8	0.0
1.433661045E8	242.6235294117647
1.433668735E8	227.57526942345797
1.433674315E8	253.8763201126496
1.433683365E8	3.0
1.433694525E8	174.37946572256195
1.433705685E8	0.0
1.43371684E8	3.0
1.43372799E8	0.0
1.43373914E8	0.0
1.433750285E8	1.0
1.433761425E8	0.0
1.433772565E8	0.0
1.433783705E8	0.0
1.433794845E8	0.0
1.433805985E8	0.0
1.433817115E8	0.0
1.433828235E8	0.0
1.433839355E8	0.0
1.433850475E8	226.18895237551067
1.43386159E8	206.68889060568603
1.433872695E8	0.0
1.433883795E8	0.0
1.433894895E8	27.0
1.433905995E8	0.0
1.43391709E8	0.0
1.43392818E8	0.0
1.43393927E8	201.42983789260384
1.43395036E8	255.0
1.433961445E8	2.170824949698189
1.433972525E8	0.0
1.4339836E8	0.0
1.43399467E8	255.0
1.43400574E8	1.6666666666666667
1.434016805E8	241.1658321060383
1.434027865E8	66.0
1.43403892E8	0.0
1.43404997E8	0.0
1.43406102E8	0.0
1.43407207E8	0.0
1.43408312E8	0.0
1.43409417E8	0.0
1.43410521E8	255.0
1.43411624E8	0.0
1.43412727E8	255.0
1.434138295E8	0.0
1.434149315E8	0.0
1.434160335E8	0.0
1.43417135E8	19.387665198237887
1.43418236E8	0.0
1.43419337E8	1.4584382871536523
1.434204375E8	96.44710218076617
1.434215375E8	0.0
1.43422637E8	0.0
1.43423736E8	255.0
1.434248345E8	61.19476367406895
1.434259325E8	255.0
1.434270305E8	0.0
1.43428128E8	0.0
1.43429225E8	0.0
1.43430322E8	0.0
1.434314185E8	0.0
1.434325145E8	0.0
1.434336095E8	1.5954521417239556
1.43434703E8	0.0
1.434357955E8	255.0
1.43436887E8	0.0
1.43437978E8	255.0
1.434390685E8	255.0
1.434401585E8	0.0
1.434412485E8	204.01990102137518
1.434423385E8	165.27295918367346
1.434434285E8	0.0
1.43444518E8	0.0
1.43445607E8	0.0
1.434466955E8	0.0
1.434477835E8	128.9516129032258
1.434488715E8	255.0
1.434499595E8	242.3
1.43451047E8	0.0
1.43452134E8	203.6114472528545
1.43453221E8	242.6058132504103
1.434543075E8	130.82404819576425
1.434553935E8	243.6344902386117
1.434564795E8	1.2334781077591266
1.434575655E8	255.0
1.434586505E8	0.0
1.434597345E8	255.0
1.434608185E8	0.0
1.434619025E8	0.3201058201058201
1.434629865E8	0.7125
1.4346407E8	0.0
1.43465153E8	0.0
1.43466236E8	242.89665359220524
1.434673185E8	0.0
1.434684005E8	255.0
1.43469482E8	0.0
1.43470563E8	254.98138957816377
1.434716435E8	3.0
1.434727235E8	87.29681978798587
1.434738035E8	130.54620586025544
1.43474883E8	0.0
1.43475962E8	0.0
1.434770405E8	0.0
1.434781185E8	1.4235654612633735
1.434791965E8	255.0
1.434802745E8	171.0
1.43481352E8	0.0
1.43482429E8	0.0
1.434835055E8	0.0
1.434845815E8	0.0
1.434856575E8	255.0
1.434867335E8	3.0
1.43487809E8	0.0
1.43488884E8	184.26703111858706
1.43489959E8	32.302178954488355
1.43491034E8	255.0
1.434921085E8	0.0
1.434931825E8	10.820437527528997
1.434942565E8	29.448337825696317
1.434953305E8	170.89970674486804
1.43496404E8	0.0
1.434974765E8	243.21469528762924
1.434985485E8	0.0
1.4349962E8	0.0
1.43500691E8	127.933680322364
1.435017615E8	255.0
1.435028315E8	0.0
1.435039015E8	0.0
1.43504971E8	0.0
1.4350604E8	0.0
1.435071085E8	2.4292903875188725
1.43508176E8	0.0
1.43509243E8	0.0
1.4351031E8	255.0
1.435113765E8	0.0
1.435124415E8	184.7148424813251
1.435135055E8	0.0
1.435145695E8	254.98475791990435
1.43515633E8	255.0
1.43516696E8	0.0
1.43517759E8	150.52958292919496
1.43518822E8	197.5385157651884
1.43519885E8	0.0
1.43520948E8	0.0
1.43522011E8	255.0
1.43523074E8	0.0
1.435241365E8	230.5956856172276
1.435251985E8	0.0
1.435262605E8	3.0
1.435273225E8	0.0
1.435283845E8	0.0
1.43529446E8	1.0
1.435305065E8	0.03246270789278162
1.435315665E8	229.36064356435642
1.435326265E8	1.0
1.43533686E8	187.17576907440034
1.43534745E8	0.0
1.43535804E8	0.0
1.435368625E8	0.0
1.435379205E8	230.10341641311956
1.435389785E8	3.0
1.435400365E8	179.58058291865544
1.43541094E8	0.0
1.435421505E8	45.12717456508698
1.435432065E8	251.02253032928942
1.435442625E8	255.0
1.435453185E8	0.0
1.43546374E8	0.0
1.43547429E8	0.0
1.43548484E8	255.0
1.435495385E8	169.54237288135593
1.435505925E8	0.0
1.43551646E8	0.0
1.43552699E8	250.50623441396507
1.43553752E8	21.592611125010425
1.43554805E8	18.362037951914065
1.43555858E8	255.0
1.435569105E8	0.0
1.435579625E8	249.27132267352815
1.435590145E8	36.560483870967744
1.43560066E8	0.0
1.43561117E8	0.0
1.43562168E8	255.0
1.43563219E8	0.0
1.4356427E8	31.805006587615285
1.435653205E8	0.0
1.435663705E8	1.0
1.4356742E8	0.0
1.43568469E8	0.0
1.43569518E8	213.0
1.43570567E8	0.0
1.43571616E8	255.0
1.435726645E8	0.0
1.435737125E8	214.13916500994037
1.435747605E8	0.0
1.435758085E8	0.0
1.435768565E8	137.47179509517795
1.43577904E8	0.9363212174870187
1.43578951E8	0.0
1.43579998E8	0.0
1.43581045E8	0.8888888888888888
1.435820915E8	0.0
1.43583137E8	1.0
1.43584182E8	2.001763668430335
1.43585227E8	1.5
1.43586272E8	0.0
1.435873165E8	0.0
1.435883605E8	0.0
1.435894045E8	0.08833592534992224
1.43590448E8	213.91617473435656
1.43591491E8	255.0
1.435925335E8	0.0
1.435935755E8	0.0
1.435946175E8	238.243410321431
1.435956595E8	235.0619939271255
1.435967015E8	3.0
1.43597743E8	167.24116930572472
1.43598784E8	0.0
1.43599825E8	0.0
1.436008655E8	0.0
1.436019055E8	0.0
1.436029455E8	0.0
1.436039855E8	1.5841995841995842
1.43605025E8	153.6
1.43606064E8	141.95202711510885
1.43607103E8	255.0
1.436081415E8	0.0
1.436091795E8	77.27103132699753
1.436102175E8	0.0
1.43611255E8	0.0
1.43612292E8	0.0
1.43613329E8	3.0
1.43614366E8	182.16150923598948
1.436154025E8	0.0
1.436164385E8	0.0
1.43617474E8	0.0
1.43618509E8	255.0
1.43619544E8	255.0
1.43620579E8	0.0
1.43621614E8	0.0
1.43622648E8	0.0
1.43623681E8	0.0
1.43624714E8	255.0
1.43625747E8	191.44987775061125
1.436267795E8	0.0
1.436278115E8	247.91782388498612
1.436288435E8	0.0
1.43629875E8	255.0
1.43630906E8	0.0
1.43631937E8	170.28361714621258
1.436329675E8	171.65831775700934
1.436339975E8	0.0
1.436350275E8	0.0
1.43636057E8	229.8
1.43637086E8	255.0
1.43638115E8	129.64119565293618
1.43639144E8	209.38912010171722
1.43640173E8	0.0
1.43641202E8	0.0
1.43642231E8	0.0
1.436432595E8	0.0
1.436442875E8	0.0
1.43645315E8	0.0
1.43646342E8	255.0
1.43647369E8	0.0
1.436483955E8	255.0
1.436494215E8	0.0
1.43650447E8	252.99212598425197
1.43651472E8	1.0
1.43652497E8	0.0
1.43653522E8	0.6288751107174491
1.43654546E8	0.0
1.43655569E8	0.0
1.436565915E8	0.0
1.436576135E8	254.89247311827958
1.436586355E8	255.0
1.436596575E8	0.0
1.43660679E8	134.59294436906376
1.436617E8	254.7942718838241
1.43662721E8	0.0
1.436637415E8	212.5322275348206
1.436647615E8	0.0
1.436657815E8	0.0
1.43666801E8	0.0
1.4366782E8	0.0
1.43668839E8	255.0
1.43669858E8	0.0
1.43670877E8	68.43708609271523
1.436718955E8	252.49515833551428
1.436729135E8	0.0
1.436739315E8	0.0
1.436749495E8	0.0
1.436759665E8	0.0
1.436769825E8	154.44837340876944
1.436779985E8	2.0386740331491713
1.43679014E8	0.0
1.43680029E8	0.0
1.436810435E8	0.0
1.436820575E8	195.37271176343154
1.436830715E8	0.0
1.436840855E8	255.0
1.436850995E8	0.0
1.43686113E8	37.0
1.43687126E8	0.0
1.43688139E8	0.0
1.436891515E8	0.0
1.436901635E8	0.0
1.436911755E8	142.89909472289688
1.436921875E8	213.68406745973752
1.436931995E8	170.69695561236347
1.43694211E8	0.0
1.43695222E8	0.36496350364963503
1.43696233E8	0.0
1.43697244E8	1.98932384341637
1.436982545E8	211.431679389313
1.436992645E8	3.0
1.437002745E8	254.6082949308756
1.437012845E8	204.52891396332862
1.437022935E8	0.0
1.437033015E8	255.0
1.437043095E8	0.0
1.43705317E8	0.0
1.43706324E8	255.0
1.437073305E8	47.75300171526587
1.437083365E8	0.6666666666666666
1.437093425E8	3.0
1.43710348E8	255.0
1.43711353E8	0.0
1.43712358E8	2.1299944144479612
1.43713363E8	0.9293828461317112
1.43714368E8	40.23076923076923
1.437153725E8	0.0
1.437163765E8	0.0
1.437173805E8	0.0
1.437183845E8	0.0
1.43719388E8	0.0
1.4372039E8	223.47477876106194
1.43721391E8	1.8
1.43722392E8	20.74703775144668
1.43723393E8	0.0
1.43724394E8	212.2491145218418
1.437251765E8	140.0600337268128
1.437257305E8	0.0
