#Position (bp)	Coverage	Std
179658.5	288.6281601709916	364.7321961889633
538974.5	322.24830232998255	2471.9097489317032
898290.5	292.3577686493226	508.61699466168096
1257606.5	165.69102962295028	289.38866184001415
1616922.5	117.86239132128823	280.22909572013214
1976238.5	111.70367587304769	290.4278071552359
2335554.5	194.60628249229092	320.6455279950565
2694870.5	244.83265704839195	1423.1074909044185
3054186.5	252.0981169778134	314.95337407324035
3413502.5	99.26317781562747	239.122580164952
3772818.5	81.67425608656447	88.75705078125964
4132134.5	124.6567005087444	1490.7729341022687
4491450.5	217.22105890080041	2584.3871664859325
4850766.5	232.1722049672155	401.21011558743265
5210082.5	307.88095715192196	1686.672372712618
5569398.5	169.32586358525643	380.07631443229786
5928714.5	798.8641168219617	1570.598793921077
6288030.5	261.77809504725644	283.4597097542402
6647346.5	262.4357724120273	490.7300196399245
7006662.5	348.2949131126919	1223.9871347693972
7365978.5	207.75844938716895	232.49285096064725
7725294.5	284.75361798528314	1673.238345530816
8084610.5	538.630389406539	1726.3147771622396
8443926.5	866.9287312560532	1886.5734680890675
8803242.5	54.73581471462445	106.84761423354944
9162558.5	67.95574090772467	249.78725258453414
9521874.5	219.80969675717196	503.47328767649464
9881190.5	498.83390386178183	3017.8765676500548
1.02405065E7	753.3174225472843	3537.2278677656027
1.05998225E7	218.85162364047244	327.28149767033995
1.09591385E7	494.5913012501531	2427.0711312207077
1.13184545E7	38.66437063754467	156.8757947677882
1.16777705E7	99.20613888610582	256.1802019215613
1.20370865E7	246.29977512829933	634.5048022920141
1.23964025E7	757.4629100847166	434.82219409805407
1.27557185E7	116.37468412205412	309.55648706648975
1.31150345E7	185.75788999098287	301.4046500181735
1.34743505E7	264.82503701477253	1561.6341083803713
1.38336665E7	106.17983335003173	201.9518660228088
1.41929825E7	92.76921706798473	183.3255210739074
1.45522985E7	31.08916385577041	71.86507467406484
1.49116145E7	224.64473332665398	412.43842280994977
1.52709305E7	67.39088712999143	179.49687903224813
1.56302465E7	91.68457569381826	182.9010742117801
1.59895625E7	34.18562490955037	264.44353151608084
1.63488785E7	390.89618052076725	383.05791139497825
1.67081945E7	289.81379899586994	473.7535571109105
1.70675105E7	59.62560809983413	112.72953137580427
1.74268265E7	160.45275189526768	280.9360915853352
1.77861425E7	21.670131583341682	12.309552315342074
1.81454585E7	67.7485082768371	366.9318203592757
1.85047745E7	297.187706642621	1790.039804186077
1.88640905E7	309.07508432688775	1460.6364009900633
1.92234065E7	215.97423437865277	404.7255413426952
1.95827225E7	316.8516041590132	448.99004597660957
1.99420385E7	129.3275473399459	382.3327614529597
2.03013545E7	125.51831813779515	323.7511880885257
2.06606705E7	199.17454552538712	308.93083288939476
2.10199865E7	308.66666110053546	390.01421202216113
2.13793025E7	279.2882949826893	401.4406311854661
2.17386185E7	533.4824165915239	2404.0961241100745
2.20979345E7	193.00579990871546	2308.472893963357
2.24572505E7	278.70341148181546	2738.818722055653
2.28165665E7	87.99005610660255	99.97567094590593
2.31758825E7	63.613735541974194	194.79857669076216
2.34346265E7	43.11610145917103	305.76567851758676
2.36142845E7	2.146049596309112	2.194847313810013
2.38945145E7	18.01945084549533	31.889260760528224
2.42538305E7	75.72919658462189	77.33740720221591
2.46131465E7	252.7749474000601	135.04842826161305
2.49724625E7	112.94011121130147	208.17408618956682
2.53317785E7	62.2019782030302	409.2963598766603
2.56910945E7	41.03608522860101	20.678815351880473
2.60504105E7	133.64136025114385	27.508310799724644
2.64097265E7	184.1156976032239	95.72642025460102
2.67690425E7	16.523831390753543	30.11043389428889
2.71283585E7	54.78889055872825	96.87295923639935
2.74876745E7	232.96570706564694	131.23688255753092
2.78469905E7	688.8081104097786	306.4964579678552
2.82063065E7	384.44723307617807	1964.5327389863132
2.85656225E7	131.64743846641954	190.41532634547218
2.89249385E7	231.4971445746919	352.3710403800524
2.92842545E7	167.57119081810995	315.1615897975357
2.96435705E7	278.15472453216665	1162.1417180074009
3.00028865E7	239.0026550445847	596.7928252253141
3.03622025E7	456.72132050896704	558.2208127724878
3.07215185E7	70.9499159514188	119.63113708312481
3.10808345E7	347.86635162364047	427.9645700954298
3.14401505E7	288.363295817609	569.1651620049458
3.17994665E7	154.0820308586314	329.7556098392278
3.21587825E7	129.5214797003195	254.07429302558057
3.25180985E7	281.80463714390675	544.8187245741321
3.28774145E7	139.8346747709537	306.20540243056314
3.32367305E7	350.4046410401986	2017.6647971298726
3.35960465E7	502.9512740874328	836.1070899013604
3.39553625E7	382.3866457380133	287.43906227006903
3.43146785E7	159.78648599004777	344.7266662335463
3.46739945E7	102.06917866167942	166.79101244282455
3.50333105E7	316.7748666911576	377.2792368349041
3.53926265E7	779.2150168653776	5372.558724024562
3.57519425E7	1127.393010609046	2277.4144383069865
3.61112585E7	299.34355275022546	635.0185930647577
3.64705745E7	208.33953400349554	1019.4637615855964
3.68298905E7	205.1385855347382	313.7139392424327
3.71892065E7	162.0730777365884	511.3456000286166
3.75485225E7	721.6176791459328	1124.8931685636567
3.79078385E7	599.9408375914237	3733.2195201159802
3.82671545E7	147.93767046276815	446.3176708538575
3.86264705E7	126.09172149305904	170.88704672477053
3.89857865E7	97.3681077380356	207.60128666676295
3.93451025E7	215.86003684778856	316.55318513380513
3.97044185E7	499.44391566198	604.8083645184403
4.00637345E7	387.8643283349475	3238.530955793639
4.04230505E7	184.12624542185708	721.7472516249409
4.07823665E7	620.3894510681406	2134.7561441987236
4.11416825E7	461.4268248561155	1964.0580429044762
4.15009985E7	631.4241391978092	2575.6839135708087
4.18603145E7	252.57710483251512	397.136204089792
4.22196305E7	393.8599867526077	600.3049955369074
4.25789465E7	154.99236605105256	183.1114780777015
4.29382625E7	910.7335882621425	2399.32900415199
4.32975785E7	48.23019570517316	134.16150756246722
4.36568945E7	168.1797832548509	2035.4770915502522
4.40162105E7	226.53047735141212	261.82986504019084
4.43755265E7	87.77500306137216	275.79422679269015
4.47348425E7	327.52670908058644	974.1305812096776
4.50941585E7	661.2309582651483	973.7913040285724
4.54534745E7	65.30765677008539	183.27261759780936
4.58127905E7	213.15653074174264	300.7579259310601
4.61721065E7	572.0707594429416	2510.05313889683
4.65314225E7	367.5814965100357	2252.00516651129
4.68907385E7	359.5879170423805	1130.118101701808
4.72500545E7	351.1622972536709	853.7244903651543
4.76093705E7	860.046830644892	2907.3959420287024
4.79686865E7	296.34979238330607	643.8458063808567
4.83280025E7	515.7518590878224	3705.647810542004
4.86541545E7	144.91188376315753	208.8447608353157
4.88338125E7	2.890679652635388	3.229541622363791
4.90466345E7	249.8554726202006	351.06707034138003
4.94059505E7	151.1619799841922	154.37481858626916
4.97652665E7	155.10071914415167	306.70032977431293
5.01245825E7	230.2128711217981	364.6091394600648
5.04838985E7	463.2896698170969	1902.4815443470297
5.08432145E7	112.99117211590912	212.75660971246919
5.12025305E7	236.0606569148048	251.43762030019562
5.15618465E7	314.503640249808	2242.592618335007
5.19211625E7	587.808758864064	2013.6973290146677
5.22804785E7	278.79131460886794	255.93514340974704
5.26397945E7	231.10084716516937	580.172489119298
5.29991105E7	398.61720602478044	474.4244295251701
5.33584265E7	138.68502933351144	245.69984342085075
5.37177425E7	22.25617005644057	74.63916991635843
5.40770585E7	288.1271833149651	475.8553593090156
5.44363745E7	356.1892373287023	620.3582879974218
5.47956905E7	72.32506484542854	174.9702542932736
5.51550065E7	89.38850204277016	231.71296736409897
5.55143225E7	102.95187244653731	273.0167301512892
5.58736385E7	243.74640149617608	1475.3748140971363
5.62329545E7	263.0860941344109	436.40744500252885
5.65922705E7	107.4021167996972	151.45554839868097
5.69515865E7	334.75155016754053	475.00331858907026
5.73109025E7	432.32566877066427	2048.070766545045
5.76702185E7	147.1090265949749	412.0149029994778
5.80295345E7	473.0994695476962	1354.787341089892
5.83888505E7	706.5959350543811	2865.444133390631
5.87481665E7	155.4717157042826	276.5996889929484
5.91074825E7	67.17237751728284	204.89761577797026
5.94667985E7	849.9273926014984	20487.09171687733
5.98261145E7	228.52854312081845	496.3969740562792
6.01854305E7	136.89528993977447	144.26995692105865
6.05447465E7	324.57438856048714	1859.0696911595821
6.09040625E7	223.996331919536	444.8860657618864
6.12633785E7	166.76513987687719	282.74199425819734
6.16226945E7	142.07561589241783	207.9000629264558
6.19820105E7	446.55357957897786	2406.3060694029423
6.23413265E7	85.65699551369825	137.73322252497948
6.27006425E7	192.88703536719768	458.22728336845597
6.30599585E7	77.52796702623874	93.1230182821095
6.34192745E7	165.6979594563003	396.0252125383376
6.37785905E7	267.66965846218926	652.8289731431106
6.41379065E7	46.893725856905895	149.43835323050914
6.44972225E7	176.0147224170368	321.7650896862644
6.48565385E7	242.89577141012367	274.47764331163705
6.52158545E7	237.1025837981053	474.95904071299435
6.55751705E7	411.18825490654467	468.9655344092914
6.59344865E7	190.91342439523984	201.05879614363917
6.62938025E7	237.43637912032864	462.19621299378053
6.66531185E7	90.67841955270569	214.7126141404092
6.70124345E7	43.873017065758276	97.96968978719937
6.73717505E7	95.58519242115575	319.3476276444988
6.77310665E7	262.69400193701364	2039.4485379835273
6.80903825E7	65.50503456567478	163.33454266741592
6.84496985E7	157.2533229803293	291.9189659198726
6.88090145E7	344.0812182034755	443.76142401190236
6.91683305E7	311.1635746807824	466.75405427767936
6.95276465E7	117.32127709314364	251.7772468091995
6.98869625E7	101.15482193946276	183.48902061423186
7.02462785E7	262.5003673646595	448.27921240423876
7.06055945E7	256.96304923799664	460.86986069065705
7.09649105E7	270.8395089559051	2358.920003616349
7.13242265E7	23.75107982945374	27.01849285860333
7.16835425E7	201.49091050774248	532.8523243203113
7.20428585E7	504.23754299836355	3508.1526101328172
7.24021745E7	892.6674180943793	234.7362710634337
7.27614905E7	174.86955493214887	319.23083271006476
7.31208065E7	15.238080130024825	21.689846794353546
7.34801225E7	41.67862828262588	87.82426145458564
7.38394385E7	65.21169110198265	348.50878434637747
7.41987545E7	38.597888766434004	23.223104324077884
7.45580705E7	218.65482472252836	33.39373376661218
7.49173865E7	116.68908147702858	28.72593304707083
7.52767025E7	14.91518885883178	7.23788733697015
7.56360185E7	18.83102060581772	2.7626846744715663
7.59953345E7	701.5054798561712	2258.2646817227815
7.63546505E7	281.0372791637445	53.34706573324257
7.67139665E7	176.358906923154	217.82283498426318
7.690225E7	0.573589936815257	1.4007252359395395
7.7081908E7	1.6145615599374388	26.91363062947258
7.74325985E7	22.254269222634115	5.833299220800921
7.77919145E7	34.95448017900678	99.02763353095318
7.81512305E7	5.681344554653842	1.9592115341008585
7.85105465E7	4.068769551035857	22.127109223404354
7.88698625E7	8.675444455576708	13.692775121484976
7.92291785E7	16.047303766044372	39.30497804946584
7.95884945E7	15.184751026951208	89.43498762346975
7.99478105E7	21.56739749969386	58.444533301418204
8.03071265E7	419.33717674693025	96.97333331792755
8.06664425E7	346.7278134010175	347.03943370669333
8.10257585E7	69.18414431864989	134.77746256597655
8.13850745E7	280.9465623573679	683.0144056577875
8.17443905E7	213.90307139119884	381.6203270581625
8.21037065E7	329.14769450845495	371.46352937139324
8.24630225E7	641.7298700864977	2220.894867722379
8.28223385E7	276.8029867860045	611.9471586785498
8.31816545E7	128.28688953456012	192.90174857271577
8.35409705E7	49.53416769640094	216.3308608827464
8.39002865E7	385.8798188780906	2361.294909800151
8.42596025E7	83.08435193534382	334.4981846791744
8.46189185E7	61.02613020294115	226.7729274889008
8.49782345E7	197.31090739070902	240.68740759467025
8.53375505E7	143.79149550813213	523.9826084326944
8.56968665E7	324.3135151231785	485.3899891755105
8.60561825E7	258.42617083569894	482.55136201241817
8.64154985E7	429.272022398112	1367.8422194206557
8.67748145E7	532.69398523862	3729.6821873864255
8.71341305E7	253.76866045486423	434.0689153461327
8.74934465E7	31.55346825635374	109.95438983715034
8.78527625E7	136.59851495619455	368.7783187343949
8.82120785E7	967.1642815794454	3320.4316178452405
8.85713945E7	1376.852046666444	1069.1423067309045
8.89307105E7	295.8309621614401	293.5121077355572
8.92900265E7	378.962801545158	719.9526306478195
8.96493425E7	135.44466708969264	354.6040644903454
9.00086585E7	339.34480512974653	412.3096214590716
9.03679745E7	127.28311848066883	395.94978742458454
9.07272905E7	446.15068352091197	728.3653143824068
9.10866065E7	212.8637411081054	525.167397378536
9.14459225E7	134.8242187934854	827.0491635917192
9.18052385E7	311.29900143606187	1224.2904159921918
9.21645545E7	707.6711279208273	1872.9368849136456
9.25238705E7	71.98631010030168	445.42723709535863
9.28831865E7	428.5135479633526	3603.078286372411
9.32425025E7	264.4657014995158	339.4638546898065
9.36018185E7	168.9551731623418	331.97202326557425
9.39611345E7	168.18927350855515	290.3784718227341
9.43204505E7	72.95133531487605	174.89193768239156
9.46797665E7	83.31866379454297	143.2921726206663
9.50390825E7	810.5460124236048	1427.343244899137
9.53983985E7	205.64046688708547	200.70870673075052
9.57577145E7	120.66891538367342	334.47549782921027
9.61170305E7	174.92216600429705	417.2357779513862
9.64763465E7	129.66550612831045	260.1781876773785
9.68356625E7	198.01258223958854	360.0543055854828
9.71949785E7	39.7347237529083	69.81215281201423
9.75542945E7	358.2024179273954	1444.9481962188445
9.79136105E7	483.8714335014305	1492.7262622367582
9.82729265E7	198.16204121163545	282.6654533967874
9.86322425E7	113.42342116688374	109.74533006554435
9.89915585E7	170.962759799174	259.3218914296169
9.93508745E7	321.8263060926872	559.895773504112
9.97101905E7	150.2460953589598	173.10427734084197
1.000695065E8	150.63921729062997	177.12999586962766
1.004288225E8	260.2487253559541	2375.439040168477
1.007881385E8	434.80467054069396	742.81223956458
1.011474545E8	351.34333567110843	392.2085908311974
1.015067705E8	180.52188324483186	218.25237703590338
1.018660865E8	245.76173618764543	520.583443463999
1.022254025E8	422.3051492279776	2066.1480940626057
1.025847185E8	259.20374823275336	2352.878657978085
1.029440345E8	103.35548375246302	458.3124573429139
1.033033505E8	130.24733660621848	175.2443825223179
1.036626665E8	220.51790067795477	588.0872755719827
1.040219825E8	186.10528615480524	246.82315652376562
1.043812985E8	133.4575109374478	447.1867922996489
1.047406145E8	310.488723018179	1813.7793913327387
1.050999305E8	48.224292823030424	186.49677759256508
1.054592465E8	82.38938427456613	208.37231065768762
1.058185625E8	134.20052544278573	143.66960543765572
1.061778785E8	269.42184873481835	1484.2378541080116
1.065371945E8	182.8054859789155	432.333226245376
1.068965105E8	740.3566888198689	3254.83440139718
1.072558265E8	458.2234439880217	2276.885100205446
1.076151425E8	147.89379543354596	343.6941788979788
1.079744585E8	343.22186877289073	1096.615212143557
1.083337745E8	285.8215748811631	1574.8662685062395
1.086930905E8	420.1037276380679	990.2717448522772
1.089314775E8	405.0108208891689	718.6755918840827
1.091111355E8	446.50181511465405	2985.308034125966
1.094117225E8	293.3307729129791	306.0274790879013
1.097710385E8	227.41752385087221	299.4222400196928
1.101303545E8	337.5854456801256	777.968279291592
1.10324175E8	69.39417475728155	94.01463820972353
1.10503833E8	101.86485433138665	101.90001643279282
1.108489865E8	213.04189905264448	1620.2318346591478
1.112083025E8	161.0742160104198	453.10646999548146
1.115676185E8	120.47812788743056	129.162813783458
1.119269345E8	215.12851640338866	2147.597712239314
1.122862505E8	200.10139821215867	239.64109412789028
1.126455665E8	136.84919402420155	192.01656299767447
1.130048825E8	281.33717952999586	230.0680247985107
1.133641985E8	30.87487337051509	69.72580373608196
1.137235145E8	93.6338571062797	224.29981196097086
1.140828305E8	169.61447027129324	278.1056896259045
1.144421465E8	441.5157855480969	849.2551861482648
1.148014625E8	82.86554175155017	121.72774698253251
1.151607785E8	385.0184962539937	582.6496224420046
1.155200945E8	132.56750882231796	291.7499360192942
1.158794105E8	201.37249941555623	1527.8622360192812
1.162387265E8	359.9913585813045	1852.303412088444
1.165980425E8	257.2753453784413	497.29667369763285
1.169573585E8	566.6879710338532	2444.71140316695
1.173166745E8	101.1569315031894	131.67378900472846
1.176759905E8	50.41656647630498	107.09528513934278
1.180353065E8	29.549947678366674	82.80659013389118
1.183946225E8	493.1611840274299	2201.258710616982
1.187539385E8	240.46957830989993	261.6691552951386
1.191132545E8	299.53096717095815	314.7695953495149
1.194725705E8	428.55280032060915	880.2972075080125
1.198318865E8	208.531493170357	1973.6972618638142
1.201912025E8	57.34260650792061	213.18983786866133
1.205505185E8	176.79841977535094	185.53705888544795
1.209098345E8	124.21537588084027	215.500716589772
1.212691505E8	296.6346502799764	574.1829295617345
1.216284665E8	240.82417426443575	549.0988297909798
1.219877825E8	245.3961415578488	321.19530114649416
1.223470985E8	117.50037293079072	261.25634342034283
1.227064145E8	42.051870776697946	106.44842093660522
1.230657305E8	179.71732402676196	153.80385375530625
1.234250465E8	101.86425040911064	267.9993131219138
1.237843625E8	310.5775445568803	1447.9232744022386
1.241436785E8	360.99040120673726	714.2208092062898
1.245029945E8	82.47860935777979	181.60657373207985
1.248623105E8	64.60343263311402	95.42619150551891
1.252216265E8	121.99944895301073	94.28984573740757
1.255809425E8	153.92339890235894	1549.3941921441897
1.259402585E8	245.1607081232119	418.6728646596688
1.262995745E8	283.9259259259259	430.11463359931025
1.266588905E8	368.18525197875965	799.6474078551266
1.270182065E8	254.9470299123891	1288.9158104186522
1.273775225E8	386.2836389139365	1128.3765899703167
1.277368385E8	95.47117857262131	206.97601007001617
1.280961545E8	207.2620645893865	232.39289139110753
1.284554705E8	67.52392879804962	132.62203197749437
1.288147865E8	196.39623061594807	950.4616550124352
1.291741025E8	177.29007614467488	279.8463123237293
1.295334185E8	93.29012902292133	181.98512538979654
1.298927345E8	423.8129807745828	1821.9848975723453
1.302520505E8	129.1042146745483	317.0723237563417
1.306113665E8	99.93811018713333	192.23624880268454
1.309706825E8	35.12772044662637	74.14337897692896
1.313299985E8	88.90870988210933	181.50018727031772
1.316893145E8	205.79349931536586	254.74583115074535
1.320486305E8	39.30430039296886	124.9790876427604
1.324079465E8	4.927890770241236	6.007109767125011
1.327672625E8	60.8018151153859	127.57046118644534
1.331265785E8	17.00774527157154	29.80339745126722
1.334858945E8	27.13253793318416	69.24202324945364
1.337730805E8	4.464674317387099	6.999076591554017
1.339527385E8	3.8334326909746292	40.32984531491428
1.342045265E8	18.588334502220885	40.86301266596695
1.345638425E8	44.61095247637177	286.3328986110285
1.349231585E8	527.920507297198	115.50985235489509
1.352824745E8	70.50188970154404	61.04854554278952
1.356417905E8	45.440943347916594	97.07830642412502
1.360011065E8	38.10919079584544	31.078187821232266
1.363604225E8	43.9227949771232	58.17815321392334
1.367197385E8	78.58487793474268	71.51944759735493
1.370790545E8	94.49159514188068	631.3735411522148
1.374033365E8	19.25876410554265	90.49812968977955
1.375577225E8	44508.414413030114	146943.27303182954
1.375927565E8	25.817960588793923	34.033326485215284
1.376371405E8	105.47276580159063	35.771361586512676
1.37699935E8	2.1755966348079894	6.694902907963728
1.37786751E8	2.5189006224860027	13.934661622488413
1.37868371E8	8.797630337910697	25.164123940567276
1.37942101E8	2.9297033495538183	12.292237813932491
1.37980213E8	7.268432978908837	15.269509561836633
1.38019627E8	0.7889890684215567	2.369270094206761
1.38089538E8	1.368044836732553	6.65372658329641
1.38156123E8	20.886166257770284	105.38909643566693
1.382206275E8	0.4492568323477705	2.3874572359939465
1.38280805E8	1.365527385999827	8.994919393172863
1.38323179E8	0.02225271668582873	0.1649923940034726
1.383484915E8	0.025357112670103963	0.18295187543323307
1.38384028E8	2.3700618000042186	6.03070018048066
1.384312265E8	0.3090282211722641	0.8069790924231268
1.384772795E8	3.449645390070922	3.3394901031349336
1.38522045E8	4.764067460764225	8.882260587893507
1.385663025E8	16.258094503899873	96.44937930335738
1.38610046E8	2.4998501717262522	1.808018314654318
1.38651258E8	2.777823313951999	1.892394850318384
1.386833775E8	1.4926581474720215	5.830298478435442
1.387019305E8	1.3794927779643937	2.1707626030508647
1.38726341E8	0.0	0.0
1.387630385E8	1.5343731155090181	4.000517344977472
1.3879854E8	361.1236059210336	647.5285170870014
1.3883298E8	0.9095142466311592	1.4244663758377019
1.388668195E8	0.06008403361344538	0.37228408262410323
1.389001375E8	10.110997718813783	5.227304166451506
1.389325255E8	17.28331214240305	118.67129231551627
1.38963047E8	0.14031707399519994	0.7337462307106186
1.38991991E8	0.5605370075958311	1.258723315262089
1.390198715E8	0.07105914918414918	0.5508456626460302
1.39044446E8	2.2190568386115337	8.714785974624172
1.390581695E8	0.0	0.0
1.39074104E8	0.12341566149722381	0.6303632606058622
1.391000815E8	1.9828947368421053	5.046720573292288
1.39125904E8	2.5117612865723697	2.3830360227897485
1.391516555E8	0.8293252393182349	2.133192388720967
1.391772845E8	16.704225352112676	124.60990287753485
1.39202833E8	0.8765320906919372	2.613421549846878
1.39227853E8	0.5209158062278089	2.85591067232035
1.392522945E8	11.947990155865464	19.61615036670518
1.392761035E8	0.0	0.0
1.392991635E8	0.12892229700201033	0.1983235392080404
1.393219065E8	0.18253406476729783	0.738774902147588
1.39344169E8	8.140595775740158	40.65794028485386
1.393656665E8	0.0	0.0
1.39386585E8	11.5954341858113	26.75612703226677
1.394057875E8	0.03468994445074255	0.2833072691075346
1.394157655E8	0.0	0.0
1.39426072E8	0.31761298431608287	1.1245707052019518
1.394433E8	0.0	0.0
1.394591395E8	0.17401108104625693	0.9506235280737076
1.39474609E8	0.0	0.0
1.394898515E8	0.039819485001327315	0.30394276632793776
1.39504877E8	2.488553694186745	8.701920470554722
1.39519712E8	0.14298359093075508	0.7031720094851627
1.39534307E8	0.020685375439564228	0.17536321778949396
1.39548658E8	0.2523417142052257	1.0049528729149715
1.395628065E8	7.513051496666193	17.174139189126823
1.395768695E8	0.062090105503279154	0.4314252478830812
1.395908865E8	0.0	0.0
1.396048595E8	0.0	0.0
1.39618797E8	0.0	0.0
1.396327175E8	0.17129296706457645	0.6984604301818702
1.39646447E8	0.0	0.0
1.39659998E8	7.34504391468005	43.85772746417269
1.39673523E8	0.0	0.0
1.39687001E8	0.28896321070234116	0.846616541849663
1.39700456E8	0.08918617614269789	0.39185311864567934
1.397138915E8	0.0	0.0
1.397272965E8	0.0	0.0
1.39740652E8	0.18014567845610874	1.2037025805324237
1.397539385E8	0.0	0.0
1.397671835E8	0.0	0.0
1.397738625E8	0.0	0.0
1.39780441E8	0.6390700529425305	1.8360859293445617
1.397935115E8	0.0	0.0
1.39806605E8	0.022937533450569616	0.15145142274197895
1.398195725E8	3.9341941505911637	8.231019916221326
1.398324245E8	0.0	0.0
1.39845262E8	0.25820534809386453	0.8909513679567072
1.398580325E8	0.04727072518483561	0.2871041947188122
1.3987073E8	0.019320242883053385	0.16446379551826823
1.398833975E8	0.0	0.0
1.398960405E8	2.643920202659911	3.439896035809139
1.399086725E8	0.0	0.0
1.399212565E8	0.6340140395660497	3.368483569369978
1.39933781E8	82.23303764085351	159.14129209955172
1.39946267E8	0.0	0.0
1.399587085E8	0.48277527366387635	1.8307314362729143
1.399711325E8	0.0	0.0
1.39983544E8	0.14517299782240503	0.6180342123247216
1.399959275E8	3.2554172056921087	8.351356103712856
1.400082885E8	0.1380119799255302	0.6401771448220163
1.40020559E8	0.0	0.0
1.400327265E8	0.05490615739216332	0.2284505654392708
1.400448715E8	0.0	0.0
1.4005699E8	0.0	0.0
1.400690545E8	0.0	0.0
1.40081085E8	0.09420470607799118	0.4219195780872543
1.400930995E8	0.29461756373937675	1.585585376604568
1.40105101E8	0.024831264061328222	0.19831806732791882
1.40117094E8	0.4752607425949103	1.3260334167903622
1.401281635E8	0.0	0.0
1.40134155E8	0.0	0.0
1.401410485E8	4.749623682890116	23.589328749273
1.40153003E8	0.2239979917998494	1.0921479819415687
1.40164882E8	0.0	0.0
1.40176667E8	0.0	0.0
1.4018842E8	110.48931278208295	282.67326604845306
1.40200076E8	0.49010286109430373	1.9139587152086663
1.402116215E8	0.0	0.0
1.402231315E8	0.07957905722734389	0.594518943680979
1.402345955E8	0.0	0.0
1.402459205E8	0.053475935828877004	0.35725233870695156
1.402571045E8	0.0	0.0
1.402682415E8	0.0	0.0
1.4027885E8	15.683975820037658	38.9776164393366
1.40288828E8	0.0912316269640142	0.38993936914178123
1.402984445E8	0.0	0.0
1.40307799E8	0.12953645219997859	0.247457903020418
1.403166425E8	0.07189072609633357	0.2850202106673436
1.40324819E8	0.0	0.0
1.403326835E8	0.0777000777000777	0.34629051375560366
1.403402015E8	0.0	0.0
1.4034742E8	0.04211708549768356	0.28535305376939907
1.40354483E8	0.04283878337855205	0.22098916953450307
1.403614525E8	17.41089965397924	33.37198811191954
1.403683705E8	5.064202898550724	4.883008101154659
1.403752505E8	1.6911078717201167	4.0672015292930075
1.403821105E8	0.09650145772594752	0.41614641962366766
1.40388953E8	0.786959706959707	1.6477312629850522
1.403957145E8	0.0	0.0
1.404023365E8	0.2288420409410327	0.6917081236494478
1.404088075E8	0.18761726078799248	0.6905508944575682
1.404151525E8	0.2202097235462345	0.5784499849846086
1.40421418E8	0.913740580407247	2.3185818314553925
1.40427633E8	8.002260616825447	8.209817172987877
1.404337675E8	0.6191573403554971	2.08556277462446
1.404398365E8	0.0	0.0
1.40445888E8	1.8195662969707003	5.655171387027353
1.404519085E8	0.0	0.0
1.404579005E8	0.6455548128342246	1.526394339331873
1.404638765E8	2.7982573726541555	10.901590323515622
1.404698365E8	0.8088037634408602	2.5546776094396026
1.4047577E8	0.3526627218934911	0.7962294915488702
1.40481673E8	31.304702087930742	133.87182523436505
1.404875345E8	0.0	0.0
1.404915035E8	0.0	0.0
1.404943895E8	0.08183306055646482	0.32364535762509394
1.404990715E8	0.2106002106002106	0.9020082115029849
1.405047025E8	388.9714234363767	499.90430122995537
1.40510262E8	0.0	0.0
1.405157995E8	1.8320652173913043	3.828951496848372
1.40521292E8	1.4891125343092406	2.115900678578805
1.40526756E8	38.11550430166575	78.3678578387182
1.40532181E8	0.0	0.0
1.40537566E8	30.83485045513654	31.293888371016962
1.405429375E8	0.5227611940298508	1.3296279358381404
1.405482795E8	0.43425995492111197	1.1505723267959211
1.40553603E8	0.0	0.0
1.405589225E8	0.22573363431151242	0.9930154879041196
1.40564221E8	0.0	0.0
1.405694775E8	0.0	0.0
1.40574688E8	0.057814607824243594	0.2506495704544721
1.405798735E8	1.2400617522192203	1.8849584381074593
1.405850135E8	0.0	0.0
1.40590093E8	0.0	0.0
1.405951535E8	0.0	0.0
1.40600212E8	0.0	0.0
1.406052535E8	0.24432948666931953	0.2426803504346144
1.406102665E8	1.4378	3.566931454345598
1.406152645E8	0.0	0.0
1.406202595E8	0.3604325190228274	1.0675990451782535
1.406252495E8	0.06016847172081829	0.33751884854738007
1.40630226E8	0.0	0.0
1.40635179E8	0.0	0.0
1.40640115E8	0.0	0.0
1.4064504E8	0.0	0.0
1.4064995E8	66.60656740770956	62.40718010694501
1.406548455E8	0.0	0.0
1.40659729E8	2.2051649928263988	4.578593355405428
1.40664601E8	0.24665981500513876	0.8105166915597849
1.406694435E8	0.0979253112033195	0.49729559073484186
1.40674261E8	0.0	0.0
1.40679061E8	1.528735632183908	3.195739064968988
1.40683806E8	0.0	0.0
1.40688509E8	0.0	0.0
1.406931635E8	0.0	0.0
1.40697758E8	0.0	0.0
1.40702335E8	0.0656024491581019	0.26535503656365
1.40706898E8	0.0	0.0
1.40711432E8	0.0	0.0
1.40715925E8	1.4075150972936703	1.9913703332305315
1.40720393E8	0.3337066069428891	0.9083413381334959
1.407248515E8	0.0	0.0
1.407292955E8	0.06762849413886383	0.28008758130463773
1.407337135E8	0.0	0.0
1.40738111E8	0.0	0.0
1.40742499E8	0.0	0.0
1.407468785E8	0.0	0.0
1.40751256E8	0.0621430203335618	0.3518936013826945
1.407556295E8	0.0	0.0
1.40759995E8	0.06879156156844761	0.2622814548694734
1.407643435E8	0.20756457564575645	0.7891094518108811
1.407686665E8	1.3837587006960557	2.3058485108498346
1.407729765E8	2.9955916473317865	10.684420646322561
1.40777284E8	0.0	0.0
1.40781584E8	120.11082654249127	227.74430753771293
1.40785876E8	31.962462112380507	77.1478204309673
1.40790157E8	0.0	0.0
1.407944295E8	0.14138576779026218	0.5917662257324281
1.407986935E8	0.14097744360902256	0.6737561639206373
1.40802937E8	0.07066887260694871	0.32430862045998116
1.40807165E8	0.354792899408284	1.1086534291813213
1.408113885E8	0.0	0.0
1.408156105E8	0.2839886309805779	0.5781018942148017
1.408198225E8	4.919562113279391	12.393842416415174
1.40824022E8	0.14295925661186562	0.41933266702296723
1.408282145E8	1.9078319006685769	5.162035389270051
1.408324E8	0.0	0.0
1.408365825E8	0.0	0.0
1.40840755E8	0.0	0.0
1.408449115E8	0.16602409638554216	0.41011311986369975
1.40849054E8	0.0	0.0
1.40851497E8	0.0	0.0
1.408535395E8	0.0	0.0
1.40857247E8	0.0	0.0
1.408613235E8	0.0	0.0
1.40865389E8	7.309928553830993	15.931107842610318
1.408694335E8	0.0	0.0
1.40873455E8	0.0	0.0
1.408774675E8	0.06754735792622134	0.25652015948718343
1.408814765E8	0.6739890164752871	2.3417460021300904
1.40885475E8	0.22600851916812828	0.5841813525511612
1.408894625E8	0.22565261044176707	0.6059858707115274
1.408934395E8	0.3775818639798489	1.1760626793214277
1.408974065E8	0.8713420787083754	2.0607572599312207
1.409013685E8	1.7977272727272726	3.994851484578417
1.409053235E8	42.01367088607595	69.5755613285097
1.40909269E8	0.0	0.0
1.409132055E8	0.0	0.0
1.409171345E8	0.061130922058074376	0.34965961178859184
1.409210595E8	0.7576452599388379	1.2483424279952715
1.40924982E8	0.0	0.0
1.40928899E8	0.0	0.0
1.40932812E8	0.0	0.0
1.409367215E8	0.9173067076292882	2.3432420724582106
1.4094061E8	0.0	0.0
1.409444775E8	2.7740683229813663	6.9207283093084175
1.409483385E8	52.91498185588388	52.87989266452333
1.409521765E8	0.0	0.0
1.40955989E8	3.5445232466509062	9.413103330768985
1.409597955E8	0.0	0.0
1.409636015E8	0.0	0.0
1.40967392E8	0.0	0.0
1.40971157E8	0.0	0.0
1.40974907E8	0.0	0.0
1.40978648E8	0.0	0.0
1.409823815E8	0.5627345844504021	1.7576336761140496
1.40986105E8	0.7263922518159807	2.0523155030022386
1.409898215E8	0.48439181916038754	1.6062981531234057
1.40993536E8	0.0	0.0
1.409972465E8	0.0	0.0
1.41000941E8	0.24449877750611246	0.5642621211587984
1.410046115E8	1.5549180327868852	3.474064720620517
1.410082665E8	0.43945205479452054	1.0920635236679355
1.41011916E8	0.0	0.0
1.410155645E8	0.0	0.0
1.410192115E8	0.0	0.0
1.410228535E8	1.8578889499725124	5.894621620272095
1.410264835E8	0.08282716731087797	0.3579190114734867
1.410301055E8	0.0	0.0
1.41033718E8	0.4160421870663336	0.8294804074373964
1.41037321E8	0.0	0.0
1.410409235E8	0.15880066629650194	0.6431633371779202
1.41044521E8	0.0	0.0
1.410481085E8	0.0	0.0
1.410516865E8	0.0	0.0
1.41055252E8	0.16811920157436042	0.6459144759652444
1.410588075E8	8.498030388294879	10.479607444954112
1.41062361E8	0.1609907120743034	0.6827041808812501
1.41065914E8	0.0	0.0
1.41069467E8	4.84463833380242	6.589294424536535
1.41073012E8	3.5032513429459993	5.02504330533836
1.41076544E8	0.0	0.0
1.41080071E8	0.04252906152537567	0.2062257537878712
1.41083596E8	0.0	0.0
1.41087117E8	0.0	0.0
1.41090628E8	0.0	0.0
1.410941305E8	95.00428326670475	54.24981610213931
1.41097631E8	4.119176907687911	5.616087617349841
1.411011295E8	0.08576329331046312	0.2928537063287114
1.411046235E8	0.25787965616045844	0.6577725719783332
1.411081075E8	0.0	0.0
1.41111585E8	0.0	0.0
1.4111506E8	0.0	0.0
1.411185295E8	3.003462204270052	3.024138320140496
1.41121994E8	0.0	0.0
1.411254545E8	10.84384037015616	10.228265195373192
1.411289005E8	0.08707047175305765	0.3304574052434841
1.411323185E8	0.0	0.0
1.411357175E8	0.0	0.0
1.4113911E8	0.17704337562702863	0.4930918466112096
1.411424975E8	0.0	0.0
1.41145878E8	0.6082962962962963	1.1666984122665056
1.411492525E8	210.0050385299348	264.45061437850535
1.41152626E8	0.5060776756596501	1.6286604420375812
1.41155995E8	0.0	0.0
1.411593515E8	0.17921146953405018	0.7429477277472989
1.41162699E8	0.10666268299970122	0.2993868846867511
1.41166043E8	0.08560311284046693	0.3227389517995621
1.4116937E8	0.0	0.0
1.411726805E8	0.0	0.0
1.411759855E8	0.0	0.0
1.41179286E8	0.0	0.0
1.411825805E8	0.0	0.0
1.411858675E8	1.7356881851400732	5.235152428541207
1.41189148E8	0.0	0.0
1.41192424E8	0.0916030534351145	0.36150660146221864
1.411956955E8	0.1835985312117503	0.4803354600930127
1.411989605E8	1.4294911097486205	4.252420236328915
1.41202221E8	0.18410555385087451	0.7627408145423735
1.4120548E8	520.8530223995091	767.7783155859596
1.412087365E8	0.0	0.0
1.41210776E8	0.0	0.0
1.41212402E8	0.0	0.0
1.412152325E8	0.0	0.0
1.41218463E8	0.0	0.0
1.41221688E8	0.0	0.0
1.412249085E8	5.495649471721566	13.85374865411115
1.41228124E8	7.633364456893869	10.705679705862638
1.41231335E8	0.0	0.0
1.412345425E8	0.14160948222083594	0.6655219950452113
1.41237746E8	0.0	0.0
1.41240947E8	0.4464229928147454	0.8881531371343356
1.41244146E8	0.23084141382546136	0.9281339305595879
1.412473425E8	1.068523153942428	2.3099203807072026
1.41250538E8	261.8625978090767	123.56472393674883
1.412537305E8	121.90846394984327	232.66836961528688
1.412569125E8	0.0	0.0
1.41260086E8	0.0	0.0
1.41263258E8	0.28382213812677387	0.6886932035405637
1.412664245E8	0.0	0.0
1.41269585E8	0.18328584995251662	0.5935711294023818
1.41272743E8	0.0	0.0
1.412758995E8	0.0	0.0
1.412790545E8	1.11572606214331	1.535564439671291
1.412822035E8	0.0	0.0
1.4128534E8	51.526685842122085	96.05004288523267
1.41288466E8	0.0	0.0
1.41291589E8	0.0	0.0
1.412947105E8	0.0	0.0
1.412978215E8	2.7321083172147	2.9132083208767057
1.413009225E8	0.0	0.0
1.413040225E8	0.5812903225806452	1.2443420336765103
1.41307117E8	0.0	0.0
1.41310204E8	2.7218800648298216	3.127335432021326
1.413132865E8	0.0	0.0
1.413163665E8	0.0	0.0
1.41319445E8	27.890802729931753	64.60243658817888
1.413225215E8	0.09752925877763328	0.3633037253856114
1.41325596E8	0.0	0.0
1.41328669E8	0.7705824926781647	1.7593597036628874
1.41331738E8	0.0	0.0
1.413348E8	0.0	0.0
1.413378585E8	18.7485284499673	33.984535589800466
1.413409105E8	0.5909389363099147	1.8254421387624962
1.413439555E8	0.02759526938239159	0.16611823916232554
1.41346999E8	0.0	0.0
1.41350033E8	0.04694214876033058	0.30640544629732214
1.413530575E8	0.09556878306878307	0.3895968612369898
1.41356076E8	0.09392631928310653	0.30647401077922826
1.413590875E8	0.0	0.0
1.41362097E8	0.0	0.0
1.413651025E8	0.0	0.0
1.41368103E8	0.0	0.0
1.41371102E8	0.995998666222074	3.1632792233927725
1.413740995E8	0.30040053404539385	0.7113424004520663
1.41377093E8	0.7021063189568706	1.5978085962542965
1.413800805E8	1.6005361930294906	2.0753241938028326
1.413830635E8	0.4181757209926224	0.8820438432309491
1.413860455E8	2.613682092555332	3.5654275538637865
1.41389022E8	1.109390777515988	3.292587270270298
1.413919895E8	0.0	0.0
1.4139495E8	0.0	0.0
1.413979065E8	0.10115020297699594	0.31750891008562554
1.41400857E8	0.0	0.0
1.41403801E8	0.0	0.0
1.41406741E8	0.10214504596527069	0.3549350504301228
1.41409678E8	0.0	0.0
1.414126105E8	0.0	0.0
1.41415538E8	17.02425691834643	28.62196613928136
1.414184645E8	0.10218728639781272	0.35894963347405046
1.414213895E8	0.10157318741450068	0.31870548695386575
1.414243125E8	52.19028062970568	30.697125010579192
1.414272345E8	4.605407255304586	9.294611423067558
1.41430155E8	0.10277492291880781	0.3279803134158393
1.414330725E8	0.102880658436214	0.3207501495497921
1.414359875E8	2.572752230610844	2.6730434508856344
1.414389E8	1.5455170044658193	5.263512978674479
1.414418105E8	0.20618556701030927	0.6421612990679355
1.41444718E8	9.104647160068847	20.22469307511954
1.414476225E8	11.975550964187327	26.220135839006975
1.41450526E8	0.0	0.0
1.41453427E8	206.92583649534322	213.25350953924234
1.41456323E8	0.10266159695817491	0.3991868679551899
1.41459214E8	0.10384215991692627	0.3626753404374771
1.414621005E8	2.122746185852982	3.472199876642537
1.414649835E8	299.86606523247747	420.97754369682946
1.414678655E8	0.1040943789035392	0.35538877266494256
1.414707475E8	0.1040943789035392	0.3968998531208547
1.41473629E8	1.1430059007289135	2.082138382281829
1.41476508E8	0.10427528675703858	0.3793413973253028
1.414793845E8	1.247913769123783	1.6448385152674931
1.41482258E8	0.0	0.0
1.414851235E8	0.0	0.0
1.414879835E8	0.2097902097902098	0.45802861241434445
1.414908425E8	0.0	0.0
1.41493699E8	2.4339754816112085	3.050939391954556
1.41496551E8	313.9024219024219	525.7936931173745
1.414993995E8	0.0	0.0
1.415022465E8	0.10716795502459592	0.373959084725173
1.415050915E8	0.0	0.0
1.41507934E8	0.0	0.0
1.415107725E8	0.10507757404795487	0.4463454486386652
1.415136075E8	0.0	0.0
1.41516441E8	0.3176844334627603	0.7363297040794821
1.415192725E8	0.03109540636042403	0.24938085876997068
1.41522102E8	0.0	0.0
1.415249305E8	0.7393917963224894	1.5035319097636441
1.41527757E8	0.5288495575221239	1.8108815630510544
1.41530581E8	0.0	0.0
1.415334035E8	0.0	0.0
1.415362255E8	0.0	0.0
1.415390465E8	0.10638297872340426	0.4151390436129983
1.41541866E8	0.20290883291947498	0.8329844368362181
1.41544683E8	9.978330373001777	13.95532073832106
1.415474975E8	0.0	0.0
1.4155031E8	0.10672358591248667	0.33208589066119054
1.415531175E8	0.0	0.0
1.41555919E8	2.321186137906395	3.377573516322573
1.415587165E8	0.0	0.0
1.41561512E8	0.0	0.0
1.41564307E8	0.1073345259391771	0.32761948345478037
1.415671015E8	0.0	0.0
1.415695015E8	16.086241276171485	22.049262800146185
1.41570898E8	6.742058449809403	4.966213675620359
1.41572688E8	0.0941639813820265	0.30686150195491535
1.4157548E8	0.0	0.0
1.415782705E8	2.132258064516129	2.757264760695548
1.415810595E8	0.0	0.0
1.41583847E8	1.5069967707212055	4.174391833950339
1.415866325E8	0.0	0.0
1.41589416E8	81.43190801293568	84.3103450328276
1.41592198E8	0.0	0.0
1.41594971E8	0.325497287522604	0.7365429242103545
1.415977345E8	0.5195510499637943	1.1459401624437118
1.41600491E8	0.0	0.0
1.416032415E8	0.0	0.0
1.41605989E8	0.6007285974499089	1.3519196363307027
1.416087335E8	0.0	0.0
1.416114735E8	0.0	0.0
1.41614208E8	0.0	0.0
1.416169385E8	72.07368035190616	61.58612213707482
1.41619657E8	138.90439276485787	46.40271819026138
1.416223655E8	0.22156573116691286	0.6875125888467406
1.41625071E8	0.3325934147243803	0.6370599320399367
1.416277715E8	0.0	0.0
1.41630469E8	0.0	0.0
1.416331645E8	160.72383073496658	259.062805357166
1.41635856E8	0.0	0.0
1.416385445E8	0.125	0.36084391824351614
1.416412325E8	0.0	0.0
1.416439195E8	2.516753536857781	3.8288496121154427
1.41646598E8	5.604642456008985	3.5672393465531793
1.416492685E8	0.0	0.0
1.41651938E8	1.8430123641813414	2.984912730548773
1.416546065E8	0.0	0.0
1.41657273E8	179.47879924953097	158.982005424452
1.416599375E8	0.0	0.0
1.41662593E8	9.38043067623725	4.790432474661909
1.416652385E8	0.0	0.0
1.416678815E8	108.4341408024224	157.6682056036954
1.41670523E8	0.34002271866717154	0.9810780800563135
1.41673163E8	0.0	0.0
1.41675801E8	0.0	0.0
1.416784375E8	8.420713201820941	17.745086306133864
1.41681073E8	0.0	0.0
1.41683705E8	0.0	0.0
1.416863335E8	0.228310502283105	0.8547476863413764
1.416889605E8	0.0	0.0
1.416915825E8	0.0	0.0
1.416942E8	0.0	0.0
1.416968145E8	0.0	0.0
1.41699426E8	0.0	0.0
1.41702034E8	0.0	0.0
1.41704638E8	0.0	0.0
1.41707241E8	0.8882059162504802	1.6192512605030756
1.41709838E8	0.0	0.0
1.417124275E8	0.8098918083462133	1.5045012318783053
1.417150135E8	0.0	0.0
1.41717597E8	0.0	0.0
1.41720177E8	0.0	0.0
1.41722754E8	0.0	0.0
1.417253305E8	0.9161490683229814	3.7948150308035333
1.41727906E8	1.265631067961165	2.127672505641349
1.41730481E8	0.0	0.0
1.41733056E8	0.11650485436893204	0.3413280743931446
1.417356305E8	1.513986013986014	1.9110971069760303
1.417382025E8	0.0	0.0
1.4174077E8	0.0	0.0
1.41743333E8	0.0	0.0
1.41745892E8	0.0	0.0
1.417484485E8	0.0	0.0
1.41751004E8	6.965557729941292	15.848043086366184
1.41753556E8	0.0	0.0
1.41756104E8	302.4110718492344	395.73785904567853
1.41758648E8	0.5741833923652105	1.778240953699362
1.41761189E8	0.7079889807162535	1.9930023193126287
1.417637275E8	0.0	0.0
1.4176626E8	0.0	0.0
1.41768789E8	0.0	0.0
1.417713145E8	0.0	0.0
1.41773836E8	9.472431574771916	21.473099690388615
1.41776357E8	0.0	0.0
1.417788775E8	0.0	0.0
1.417813975E8	0.3404761904761905	0.974272215146439
1.41783916E8	11.914580850218513	24.547805516206573
1.417864325E8	0.0	0.0
1.41788946E8	4.024293110314615	6.840126879146292
1.41791457E8	0.0	0.0
1.417939675E8	0.0	0.0
1.417964765E8	0.5307017543859649	0.9363729269757888
1.41798983E8	0.0	0.0
1.418014855E8	0.12	0.34641016151377546
1.41803981E8	13.008831794460056	9.466160229054633
1.4180647E8	0.0	0.0
1.41808953E8	0.10246066962484873	0.3200947822518335
1.41811431E8	113.62777553492127	169.63434874137602
1.418139075E8	4.773424878836834	5.530426924833275
1.41816383E8	0.0	0.0
1.41818857E8	0.0	0.0
1.418213285E8	0.0	0.0
1.418237955E8	0.0	0.0
1.41826259E8	1.8262281770198945	3.9219444662392555
1.418287215E8	0.6092607636068237	1.6972285910663485
1.41831178E8	0.8204814361485108	1.6519958133356942
1.41833627E8	0.12259910093992644	0.3501415441502571
1.418360715E8	0.0	0.0
1.41838512E8	0.0	0.0
1.418409505E8	5.404019688269073	5.019772226660007
1.418433885E8	0.0	0.0
1.418458265E8	20.470467596390485	29.717489871551933
1.41848263E8	0.0	0.0
1.418506975E8	0.0	0.0
1.418531305E8	0.0	0.0
1.41855562E8	0.0	0.0
1.41857992E8	0.37052284890901604	0.9329078212137812
1.418604205E8	1.2388797364085666	1.49049708104366
1.41862847E8	0.0	0.0
1.41865272E8	0.0	0.0
1.41867695E8	0.12391573729863693	0.43778572424786205
1.41870116E8	0.7393638992152003	1.4284534087084844
1.418725365E8	0.0	0.0
1.41874956E8	0.0	0.0
1.41877374E8	0.0	0.0
1.41879789E8	0.0	0.0
1.418822015E8	0.0	0.0
1.418846075E8	0.0	0.0
1.418870045E8	0.0	0.0
1.418893965E8	9.472384937238493	12.085158088544171
1.418917865E8	0.0	0.0
1.41894176E8	0.0	0.0
1.41896563E8	0.0	0.0
1.41898948E8	0.0	0.0
1.41901333E8	8.19035639412998	7.835306856976115
1.419037175E8	359.5729865771812	400.53339802848103
1.41906101E8	9.725556021821234	15.811680241531196
1.41908484E8	84.94796475031472	79.52571852979007
1.419108665E8	0.0	0.0
1.41913248E8	0.0	0.0
1.41915629E8	378.23561528769426	292.78625453423035
1.41918009E8	22.87431693989071	57.61824838789163
1.41920388E8	1.0033627574611181	2.108251568061286
1.419227665E8	0.0	0.0
1.41925143E8	0.2770526315789474	0.35540932665545544
1.419275165E8	0.0	0.0
1.419292615E8	8.62969588550984	13.045263158578493
1.41930446E8	0.4708233413269384	0.9483040522636019
1.419322555E8	0.0	0.0
1.419346225E8	0.0	0.0
1.41936987E8	0.0	0.0
1.41939347E8	0.0	0.0
1.41941703E8	0.12696390658174098	0.3563199497386316
1.419440575E8	0.0	0.0
1.41946411E8	0.10369740756481088	0.4554062089273946
1.419487635E8	0.0	0.0
1.419511115E8	0.3839590443686007	1.0732553904387352
1.419534545E8	0.12809564474807855	0.4583414201082517
1.419557965E8	9.04269854824936	9.570137513322951
1.41958135E8	0.2822269807280514	0.35844059115504806
1.419604675E8	2.6742489270386267	6.657662016001812
1.419627965E8	0.0	0.0
1.419651245E8	61.588058419243985	27.651527241056446
1.419674515E8	350.1427343078246	307.5698377167157
1.41969777E8	0.0	0.0
1.419721005E8	0.0	0.0
1.419744205E8	0.0	0.0
1.41976738E8	0.0	0.0
1.419790505E8	4.9393414211438476	9.23102766491539
1.41981358E8	0.0	0.0
1.419836635E8	25.102864583333332	19.23128825421393
1.41985967E8	5.6491532783326095	13.048042427995817
1.41988266E8	1.1764705882352942	2.1382500531416686
1.4199056E8	0.0	0.0
1.41992852E8	0.39109559144478395	0.7258403218685799
1.41995142E8	0.0	0.0
1.4199743E8	0.0	0.0
1.419997165E8	0.0	0.0
1.420020015E8	1.9702276707530648	2.495530154709576
1.42004285E8	0.0	0.0
1.420065675E8	0.0	0.0
1.42008845E8	0.0	0.0
1.420111165E8	7.5026431718061675	5.609424102928911
1.42013386E8	0.0	0.0
1.420156535E8	0.11341571050308914	0.33677249071604576
1.42017916E8	0.0	0.0
1.42020175E8	0.0	0.0
1.42022431E8	0.0	0.0
1.420246815E8	0.0	0.0
1.42026929E8	0.5340453938584779	1.3086273583311838
1.42029171E8	0.0	0.0
1.420314065E8	0.0	0.0
1.420336395E8	0.13440860215053763	0.4180085917725842
1.420358715E8	41.46236559139785	37.05007267610496
1.420381015E8	0.0	0.0
1.42040329E8	0.3556353839245622	0.8433687021991771
1.42042554E8	0.0	0.0
1.42044776E8	0.0	0.0
1.420469965E8	0.0	0.0
1.42049215E8	0.0	0.0
1.420514315E8	0.0	0.0
1.420536445E8	0.0	0.0
1.42055854E8	0.0	0.0
1.42058062E8	0.13593112822836428	0.3686883890609579
1.420602685E8	25.732094288304623	19.356487734273273
1.42062474E8	0.0	0.0
1.42064677E8	0.0	0.0
1.420668775E8	0.0	0.0
1.420690765E8	0.0	0.0
1.420712745E8	0.0	0.0
1.420734715E8	0.0	0.0
1.420756655E8	0.0	0.0
1.420778565E8	99.44018264840183	108.87340266667144
1.42080046E8	0.0	0.0
1.42082235E8	0.0	0.0
1.42084423E8	0.0	0.0
1.42086609E8	0.37803203661327234	0.5586842994510309
1.4208879E8	0.0	0.0
1.420909665E8	0.41360294117647056	1.280510008689093
1.42093141E8	0.0	0.0
1.420953105E8	0.0	0.0
1.42097474E8	0.0	0.0
1.42099635E8	0.0	0.0
1.42101794E8	0.688919796012981	1.2462275015534634
1.42103946E8	0.0	0.0
1.42106089E8	0.0	0.0
1.421082245E8	0.0	0.0
1.42110355E8	0.0	0.0
1.421124825E8	0.0	0.0
1.421146075E8	0.0	0.0
1.421167315E8	4.488700564971752	7.2529297931114804
1.42118853E8	6.714487966021708	11.687794079247215
1.42120971E8	0.15399149740198395	0.4610476660840087
1.421230865E8	0.0	0.0
1.421252E8	0.0	0.0
1.42127313E8	0.0	0.0
1.42129426E8	0.0	0.0
1.421315385E8	0.0	0.0
1.42133649E8	0.0	0.0
1.421357575E8	0.0	0.0
1.42137864E8	0.24655581947743468	0.6153229459324379
1.42139969E8	0.7130641330166271	1.8242233892458823
1.42142073E8	0.0	0.0
1.421441755E8	0.142721217887726	0.47285999480900337
1.421462745E8	0.0	0.0
1.421483705E8	0.1431297709923664	0.3783249542289887
1.421504655E8	0.0	0.0
1.421525595E8	0.0	0.0
1.421546525E8	0.7170172084130019	1.5257509200327817
1.421567435E8	1.0047846889952152	2.128188573146377
1.42158833E8	0.0	0.0
1.421609215E8	0.24233716475095785	0.6961855568035836
1.42163009E8	2.1528509822712025	6.226094675746267
1.42165096E8	0.0	0.0
1.421671825E8	0.029242569511025888	0.24084383454144123
1.421692675E8	0.0	0.0
1.4217135E8	4.025468524747717	9.691021917966767
1.4217343E8	0.0	0.0
1.42175509E8	0.0	0.0
1.421775875E8	0.0	0.0
1.421796645E8	1.2842003853564548	3.217396115639565
1.421817365E8	0.3955512572533849	0.931918426461424
1.421838025E8	38.62596899224806	89.33725079632215
1.42185866E8	0.0	0.0
1.42187929E8	71.07222491517209	104.2512299830611
1.421899915E8	0.0	0.0
1.421920525E8	0.0	0.0
1.421941125E8	0.0	0.0
1.421961725E8	0.7276699029126213	1.4351685398809708
1.42198232E8	1.3254006799417193	1.8936000696807906
1.422002865E8	0.14634146341463414	0.38254602783800296
1.422023345E8	0.0	0.0
1.422043795E8	0.0	0.0
1.42206423E8	0.0	0.0
1.42208462E8	0.49975429975429975	0.3839533141153328
1.42210496E8	0.0	0.0
1.42212529E8	0.0	0.0
1.422145605E8	0.0	0.0
1.42216589E8	10.181055747409966	19.931047889049875
1.42218613E8	0.0	0.0
1.422206335E8	0.039603960396039604	0.2814390178921167
1.42222652E8	0.0	0.0
1.422246675E8	0.0	0.0
1.422266795E8	0.0	0.0
1.42228689E8	0.0	0.0
1.422306975E8	0.0	0.0
1.422327045E8	0.0	0.0
1.422347105E8	0.0	0.0
1.42236716E8	0.7481296758104738	1.2825317853950553
1.42238721E8	0.29925187032418954	0.8792424760387905
1.422407225E8	0.0	0.0
1.422427205E8	1.0425425425425425	1.7781062008951158
1.422447185E8	0.6001001001001001	1.7258268970202308
1.42246715E8	0.0	0.0
1.42248709E8	0.0	0.0
1.422507005E8	0.0	0.0
1.422526905E8	15.027135678391959	8.333169177612655
1.422546795E8	0.0	0.0
1.422566665E8	0.0	0.0
1.422586525E8	0.0	0.0
1.422606355E8	0.0	0.0
1.422626145E8	0.0	0.0
1.422645915E8	0.7646761133603239	1.7184106676438158
1.422665675E8	0.30364372469635625	1.0396978695366401
1.42268543E8	0.1518987341772152	0.4687716239738045
1.422705175E8	0.779128672745694	1.3046561461068844
1.422724895E8	0.0	0.0
1.422744575E8	0.4577822990844354	1.0256129844616029
1.422764235E8	0.0	0.0
1.422783895E8	0.0	0.0
1.422803545E8	0.0	0.0
1.42282318E8	0.0	0.0
1.422842805E8	0.0	0.0
1.422862425E8	2.902650356778797	6.36976484490666
1.4228818E8	0.8274960794563513	1.5570691032732003
1.42289161E8	0.0	0.0
1.42290166E8	0.0	0.0
1.42292127E8	0.0	0.0
1.42294088E8	0.0	0.0
1.422960465E8	0.0	0.0
1.422980025E8	13.731083844580777	24.750782351147308
1.42299954E8	0.0	0.0
1.42301901E8	2.879301489470981	5.888102269047751
1.42303848E8	0.6153055983564458	1.3594010584819134
1.423057945E8	0.0	0.0
1.4230774E8	0.0	0.0
1.423096845E8	0.0	0.0
1.42311628E8	0.0	0.0
1.42313569E8	0.0	0.0
1.423155065E8	0.0	0.0
1.423174425E8	0.0	0.0
1.42319378E8	0.0	0.0
1.42321312E8	0.0	0.0
1.42323245E8	0.0	0.0
1.42325177E8	0.15535991714137753	0.4696925402225972
1.42327107E8	2.328149300155521	4.431086284531619
1.423290355E8	0.0	0.0
1.423309635E8	1.2385892116182573	1.9657334213512847
1.42332891E8	0.0	0.0
1.423348175E8	4.1033229491173415	3.1279399462542106
1.423367435E8	0.0	0.0
1.423386685E8	0.0	0.0
1.423405905E8	0.0	0.0
1.42342509E8	0.0	0.0
1.423444255E8	0.0	0.0
1.423463415E8	0.0	0.0
1.42348253E8	0.15731515469323545	0.39662974509387905
1.423501595E8	0.0	0.0
1.42352065E8	0.0	0.0
1.423539695E8	0.0	0.0
1.42355873E8	0.0	0.0
1.42357776E8	0.4729374671571203	0.9902307888765609
1.42359679E8	0.22280609563846557	0.676922341977119
1.423615815E8	0.0	0.0
1.42363483E8	0.0	0.0
1.423653835E8	0.0	0.0
1.423672835E8	0.0	0.0
1.42369183E8	0.0	0.0
1.4237108E8	0.0	0.0
1.42372975E8	0.0	0.0
1.42374869E8	0.15847860538827258	0.553526847061032
1.42376761E8	0.0	0.0
1.423786515E8	0.0	0.0
1.423805415E8	26.47301587301587	18.999916457627528
1.423824305E8	0.2309322033898305	0.6796060673505359
1.423843155E8	0.0	0.0
1.423861925E8	0.16025641025641027	0.40032038451271784
1.423880645E8	0.0	0.0
1.42389936E8	0.0	0.0
1.423918065E8	0.1518716577540107	0.38970714357580194
1.423936765E8	0.0	0.0
1.42395546E8	0.7367576243980738	0.4961057551351563
1.42397415E8	0.0	0.0
1.42399284E8	0.15409309791332262	0.5551452024710699
1.424011525E8	0.0	0.0
1.42403019E8	0.0	0.0
1.42404883E8	736.6859903381643	798.7354931914168
1.42406746E8	0.0	0.0
1.424086055E8	0.0	0.0
1.424104605E8	0.6472491909385113	1.1453201999013418
1.42412313E8	0.0	0.0
1.42414163E8	0.0	0.0
1.42416009E8	0.0	0.0
1.42417852E8	0.0	0.0
1.42419695E8	0.0	0.0
1.42421538E8	0.0	0.0
1.424233805E8	0.0	0.0
1.42425222E8	0.0	0.0
1.42427063E8	0.0	0.0
1.424288995E8	0.0	0.0
1.424307315E8	0.0	0.0
1.424325625E8	0.0	0.0
1.42434392E8	0.16402405686167304	0.41434105860818465
1.42436221E8	0.16402405686167304	0.5321793602860682
1.424380485E8	0.45125958378970427	1.547707912024084
1.42439871E8	0.0	0.0
1.424416895E8	0.33003300330033003	0.9567086960788614
1.424435075E8	0.0	0.0
1.42445323E8	0.0	0.0
1.42447136E8	0.0	0.0
1.424489455E8	0.0	0.0
1.4245075E8	0.16638935108153077	0.5318476255833078
1.424525525E8	0.0	0.0
1.42454354E8	0.6385341476957246	1.014880949957901
1.424561545E8	0.0	0.0
1.424579545E8	1.0	2.4808152781786164
1.424597535E8	0.0	0.0
1.42461551E8	0.0	0.0
1.42463346E8	0.0	0.0
1.424651385E8	0.0	0.0
1.42466928E8	0.0	0.0
1.424687145E8	0.0	0.0
1.424705E8	0.0	0.0
1.42472285E8	1.007843137254902	1.571632276076208
1.424740655E8	0.0	0.0
1.42475841E8	0.0	0.0
1.42477616E8	1.9323943661971832	2.064727243862805
1.42479391E8	0.0	0.0
1.424811635E8	0.0	0.0
1.42482933E8	0.5081967213114754	1.375510594338879
1.424847005E8	64.72593431483578	70.806860907181
1.42486464E8	0.0	0.0
1.424882225E8	1.169134396355353	2.18545096027621
1.424899775E8	7.160205245153934	3.465171226730177
1.4249173E8	0.17133066818960593	0.45090175528415544
1.42493479E8	0.0	0.0
1.42495226E8	0.0	0.0
1.42496973E8	0.0	0.0
1.42498718E8	0.0	0.0
1.4250046E8	0.0	0.0
1.425021995E8	0.5161104718066744	1.180733325213795
1.42503937E8	0.0	0.0
1.425056725E8	0.0	0.0
1.42507406E8	0.17311021350259664	0.4160651553574231
1.425091385E8	0.0	0.0
1.425108685E8	0.0	0.0
1.425125945E8	0.0	0.0
1.425143185E8	1.0440835266821347	1.0947035535109977
1.4251604E8	1.9173938336242	3.3259079599409898
1.42517759E8	18.82780686445608	25.975790850264485
1.425194765E8	0.0	0.0
1.425211925E8	0.0	0.0
1.42522908E8	0.0	0.0
1.425246225E8	0.1750291715285881	0.5581683664638178
1.42526336E8	0.0	0.0
1.425280485E8	0.4807242990654206	0.9790444511783811
1.425297595E8	1.9263157894736842	3.294333252563767
1.425314695E8	1.395906432748538	2.441718309734677
1.42533179E8	0.0	0.0
1.425348875E8	0.1756440281030445	0.5601940112235875
1.425365935E8	0.0	0.0
1.42538297E8	0.0	0.0
1.4254E8	0.0	0.0
1.425416995E8	0.0	0.0
1.425433925E8	7.510650887573965	8.595753733589667
1.425450825E8	2.4207100591715975	2.8750096475269054
1.42546771E8	0.0	0.0
1.42548457E8	0.17804154302670624	0.49447991441177525
1.42550141E8	0.0	0.0
1.42551824E8	23.09863339275104	24.40437216704209
1.42553507E8	2.4925727866904337	2.674564952045369
1.425551885E8	0.0	0.0
1.42556868E8	0.8933889219773675	2.046510998316378
1.425585465E8	0.0	0.0
1.42560223E8	0.0	0.0
1.42561894E8	1.6196760647870425	2.1150189925700937
1.42563556E8	0.0	0.0
1.425652095E8	0.0	0.0
1.42566857E8	0.0	0.0
1.42568501E8	0.0	0.0
1.42570144E8	0.0	0.0
1.42571786E8	0.0	0.0
1.42573425E8	0.0	0.0
1.42575062E8	0.0	0.0
1.42576699E8	250.64752596212583	316.05181851294424
1.425783355E8	0.0	0.0
1.425799685E8	0.0	0.0
1.42581598E8	0.0	0.0
1.42583225E8	0.9132307692307692	1.3632540256538905
1.4258485E8	0.0	0.0
1.42586474E8	0.0	0.0
1.425880965E8	0.0	0.0
1.42589717E8	44.00308832612724	67.70909325526578
1.425913335E8	1.674721189591078	2.5936009329225085
1.42592946E8	1.489137181874612	1.8071174546010491
1.425945565E8	2.5788819875776396	3.976327466925178
1.425961665E8	0.5590062111801242	0.75015526343195
1.425977755E8	0.1865671641791045	0.44749162698189726
1.42599378E8	0.0	0.0
1.42600974E8	0.0	0.0
1.426025685E8	1.0790464240903388	1.4327238450099955
1.426041585E8	0.0	0.0
1.426057445E8	0.0	0.0
1.426073305E8	0.0	0.0
1.42608914E8	0.0	0.0
1.42610493E8	0.0	0.0
1.4261207E8	0.0	0.0
1.42613646E8	0.0	0.0
1.4261522E8	0.0	0.0
1.42616792E8	0.0	0.0
1.42618361E8	0.0	0.0
1.426199275E8	2.5223499361430397	2.248882225544018
1.426214905E8	0.38461538461538464	0.695221787153807
1.426230505E8	0.0	0.0
1.426246095E8	0.0	0.0
1.426261665E8	0.0	0.0
1.426277225E8	0.15616966580976863	0.3984223386021073
1.42629278E8	0.0	0.0
1.42630832E8	0.0	0.0
1.426323845E8	0.5798969072164949	1.227897373058061
1.426339355E8	0.0	0.0
1.426354855E8	0.0	0.0
1.42637035E8	0.09683666881859264	0.31118590716578515
1.426385825E8	0.0	0.0
1.426401275E8	0.0	0.0
1.42641671E8	5.531432274789371	9.4425300606806
1.42643213E8	0.0	0.0
1.426447535E8	0.0	0.0
1.426462925E8	0.0	0.0
1.42647757E8	0.0	0.0
1.42648524E8	0.0	0.0
1.42649362E8	0.7860404435746902	1.3127902095830235
1.42650895E8	0.0	0.0
1.426524275E8	0.0	0.0
1.42653958E8	0.0	0.0
1.42655486E8	1.7373935821872954	3.9610083850360795
1.42657012E8	0.15934426229508197	0.39917948631546935
1.42658537E8	0.0	0.0
1.42660062E8	42.199344262295085	40.165469224606184
1.42661585E8	0.0	0.0
1.426631055E8	0.0	0.0
1.42664625E8	0.0	0.0
1.426661435E8	0.0	0.0
1.426676605E8	0.7434036939313984	1.5681527037806842
1.426691735E8	0.0	0.0
1.42670683E8	0.0	0.0
1.426721915E8	0.0	0.0
1.426736975E8	16.95744680851064	29.49359829565616
1.426752015E8	0.0	0.0
1.426767045E8	0.0	0.0
1.426782025E8	0.0	0.0
1.426796955E8	0.0	0.0
1.426811875E8	2.794235924932976	3.954415186068222
1.426826785E8	0.0	0.0
1.42684168E8	0.40295500335795836	0.8977249059238118
1.426856565E8	0.0	0.0
1.42687144E8	0.0	0.0
1.42688631E8	3.157363819771352	8.377123234055198
1.42690117E8	0.604040404040404	1.1815073406287395
1.426916015E8	0.0	0.0
1.426930845E8	0.0	0.0
1.426945645E8	0.0	0.0
1.426960415E8	0.0	0.0
1.42697517E8	1.1511864406779662	1.5357877678236047
1.42698991E8	0.0	0.0
1.42700463E8	0.0	0.0
1.427019325E8	0.0	0.0
1.427034E8	0.40831629175187456	0.6956873675932072
1.427048665E8	0.0	0.0
1.427063315E8	0.0	0.0
1.427077945E8	0.4103967168262654	0.846655930936456
1.42709256E8	0.0	0.0
1.42710717E8	0.0	0.0
1.42712177E8	0.0	0.0
1.427136355E8	16.98971193415638	19.514898813987344
1.427150925E8	0.0	0.0
1.42716547E8	0.0	0.0
1.427179995E8	0.0	0.0
1.427194515E8	0.0	0.0
1.42720903E8	0.0	0.0
1.427223515E8	0.0	0.0
1.427237975E8	0.0	0.0
1.42725243E8	0.0	0.0
1.42726687E8	3.3471933471933473	3.614094224238912
1.42728129E8	0.0	0.0
1.427295695E8	1372.9215277777778	1444.4827048885777
1.427310075E8	0.0	0.0
1.427324415E8	0.0	0.0
1.427338735E8	0.6347765363128491	2.238409002022462
1.427353055E8	0.0	0.0
1.427367365E8	0.0	0.0
1.42738166E8	0.0	0.0
1.42739595E8	9.269419174247727	12.230695933719106
1.42741022E8	0.0	0.0
1.427424465E8	0.0	0.0
1.427438705E8	0.0	0.0
1.427452945E8	0.0	0.0
1.42746718E8	0.1770906535488405	0.8416428067745616
1.427481405E8	1.0548523206751055	1.7058680884823396
1.42749562E8	0.0	0.0
1.42750982E8	0.0	0.0
1.427523995E8	0.7838983050847458	1.7162812907348706
1.427538155E8	0.0	0.0
1.427552315E8	0.6348870056497176	1.2342224616112618
1.42756647E8	0.6346289752650177	0.9968147149654902
1.427580605E8	0.0	0.0
1.427594725E8	0.0	0.0
1.42760884E8	0.0	0.0
1.427622945E8	0.0	0.0
1.427637035E8	0.0	0.0
1.427651115E8	0.46519886363636365	0.8962516641293032
1.42766519E8	0.0	0.0
1.427679255E8	0.0	0.0
1.427693305E8	0.0	0.0
1.427707335E8	0.0	0.0
1.42772132E8	0.0	0.0
1.427735265E8	0.0	0.0
1.4277492E8	5.272074659009332	4.7898402888636324
1.42776312E8	0.08770668583752696	0.29615314591867326
1.42777703E8	0.0	0.0
1.42779094E8	0.6196980589503954	1.1576023213676008
1.427804825E8	0.5909090909090909	0.9814292960796835
1.427818685E8	0.0	0.0
1.42783254E8	0.0	0.0
1.427846385E8	1.0166184971098267	1.245802199944792
1.42786022E8	5.519884309472162	4.286048260237127
1.427874045E8	0.37626628075253254	0.8831924725449476
1.42788786E8	0.0	0.0
1.42790167E8	0.0	0.0
1.427915475E8	0.0	0.0
1.427929275E8	0.6521739130434783	1.0271672034134054
1.42794307E8	3.416243654822335	5.428953079977532
1.427956855E8	0.6531204644412192	1.478437177448971
1.42797063E8	0.21568627450980393	0.6296937042880797
1.4279844E8	2.570806100217865	3.2245878176977945
1.42799817E8	0.4357298474945534	0.9335200560186733
1.42801194E8	0.0	0.0
1.428025705E8	0.0	0.0
1.42803946E8	0.0	0.0
1.428053205E8	0.0	0.0
1.428066945E8	0.4366812227074236	0.9345386270319955
1.42808068E8	0.1820830298616169	0.6034617301231568
1.4280944E8	0.437636761487965	0.8523362153927415
1.4281081E8	0.0	0.0
1.428121785E8	0.0	0.0
1.428135455E8	0.37920937042459735	0.8708724021630233
1.42814909E8	0.0	0.0
1.428162695E8	6775.609558823529	5032.555190077549
1.428176275E8	5.374631268436578	6.51275127757385
1.428189835E8	5.3952802359882	7.758808867619294
1.42820339E8	0.22066420664206643	0.5426462426382832
1.42821694E8	0.0	0.0
1.428230475E8	0.0	0.0
1.42824399E8	0.0	0.0
1.42825748E8	0.22345953971789162	0.5038824764876811
1.42827095E8	4.450631031922791	3.1895104617941894
1.428284415E8	0.0	0.0
1.428297865E8	0.0	0.0
1.4283113E8	2.4527177959791513	6.795381901694224
1.42832472E8	37.49217002237136	65.47541961834501
1.428338125E8	3.5850746268656715	3.4161600158264456
1.428351525E8	0.0	0.0
1.428364925E8	0.0	0.0
1.42837832E8	0.8961911874533234	1.8123301857046994
1.42839171E8	0.0	0.0
1.42840509E8	0.0	0.0
1.42841846E8	0.0	0.0
1.428431825E8	0.22380239520958084	0.5810119192403898
1.428445175E8	0.11019490254872563	0.4423258684646914
1.42845851E8	0.0	0.0
1.42847184E8	39.75393848462115	33.12580308018851
1.42848517E8	0.0	0.0
1.428498495E8	0.7342342342342343	1.2229045324535746
1.428511805E8	2.4278195488721805	3.9459696769906025
1.428525105E8	0.0	0.0
1.428538395E8	0.0	0.0
1.42855167E8	0.0	0.0
1.428564935E8	0.0	0.0
1.428578195E8	0.0	0.0
1.42859144E8	0.0	0.0
1.42860467E8	0.0	0.0
1.428617895E8	1.5726172465960666	2.767736094036601
1.428631085E8	0.0	0.0
1.42864424E8	0.0	0.0
1.42865739E8	0.0	0.0
1.42867054E8	0.6844106463878327	1.2270710745727942
1.42868369E8	0.0	0.0
1.428696825E8	0.0	0.0
1.42870994E8	0.0	0.0
1.42872305E8	0.0	0.0
1.428736155E8	0.0	0.0
1.428749255E8	7.49236641221374	9.411459638073362
1.42876235E8	1.374331550802139	2.3341880641932335
1.428775435E8	0.0	0.0
1.428788505E8	0.0	0.0
1.428801555E8	14.799846625766872	15.288007048310858
1.428814595E8	0.0	0.0
1.428827635E8	0.781441717791411	1.4255555369599093
1.428840675E8	0.0	0.0
1.42885371E8	0.0	0.0
1.42886674E8	0.0	0.0
1.428879765E8	0.0	0.0
1.42889278E8	0.0	0.0
1.42890579E8	0.6694850115295926	1.0633290724756947
1.42891879E8	6.674364896073903	7.0065404394712605
1.42893177E8	0.2313030069390902	0.48093971237473226
1.42894474E8	0.0	0.0
1.42895771E8	0.0	0.0
1.428970675E8	0.0	0.0
1.42898363E8	0.0	0.0
1.428996575E8	0.0	0.0
1.429009515E8	0.0	0.0
1.429022455E8	0.0	0.0
1.42903539E8	1.160092807424594	1.633229947641059
1.42904831E8	0.0	0.0
1.429061215E8	0.23255813953488372	0.5866737138406901
1.42907411E8	0.23273855702094648	0.6253005483726926
1.42908699E8	74.54700854700855	53.29197114044655
1.429099855E8	0.0	0.0
1.42911271E8	0.0	0.0
1.429125555E8	0.4657320872274143	1.1879456861620519
1.429138395E8	11.869158878504672	9.134935166625013
1.42915123E8	0.0	0.0
1.42916406E8	39.15198752922837	41.54054072556601
1.429176885E8	2.3049921996879874	2.3147428197043523
1.4291897E8	0.0	0.0
1.429202505E8	0.0	0.0
1.429215305E8	0.234375	0.4841229182759271
1.4292281E8	0.0	0.0
1.429240885E8	2.581377151799687	3.515781545375705
1.429253665E8	2.5704225352112675	2.8329881037950253
1.429266445E8	0.0	0.0
1.42927922E8	1352.8543461237275	850.6752861363885
1.42929199E8	179.85277995301487	299.74170425840083
1.42930476E8	0.0	0.0
1.429317525E8	0.0	0.0
1.42933028E8	0.0	0.0
1.42934303E8	0.0	0.0
1.429355775E8	0.0	0.0
1.429368515E8	0.23547880690737832	0.4852615860619696
1.429381245E8	0.0	0.0
1.42939396E8	0.0	0.0
1.42940667E8	0.0	0.0
1.42941938E8	0.0	0.0
1.42943209E8	0.0	0.0
1.4294448E8	1.093627065302911	1.4288804880928834
1.429457505E8	55.611811023622046	45.52962174994334
1.429470205E8	2.1094488188976377	4.874729954159948
1.429482905E8	3.5401574803149605	4.481984937098512
1.4294956E8	1.1702127659574468	1.971427103063929
1.429508285E8	0.0	0.0
1.429520965E8	0.47003154574132494	0.969568507885157
1.429533635E8	8.523696682464456	9.461863254144312
1.42954629E8	0.0	0.0
1.429558935E8	3.0854430379746836	3.1891826658172726
1.42957157E8	0.0	0.0
1.4295842E8	0.0	0.0
1.42959683E8	2.0926365795724466	2.5945310653239666
1.429609455E8	0.0	0.0
1.429622075E8	1.4183835182250397	2.2232740951264245
1.429634695E8	0.0	0.0
1.42964731E8	0.0	0.0
1.42965992E8	37.36558287073751	18.961373985288937
1.429672525E8	148.59126984126985	142.15254772742142
1.429685125E8	0.0	0.0
1.429697725E8	1.4055555555555554	2.961793750790595
1.429710325E8	1.1904761904761905	1.6747423398128753
1.42972292E8	107.60047656870532	218.75563671394235
1.429735505E8	0.0	0.0
1.429748085E8	4.971383147853736	11.786859110668694
1.429760665E8	31.40222575516693	58.7368968576331
1.42977324E8	0.0	0.0
1.42978579E8	0.0	0.0
1.42979832E8	10.197924980047885	10.187860325151131
1.429810845E8	0.0	0.0
1.42982336E8	0.47961630695443647	1.2336865136933066
1.42983587E8	0.23980815347721823	0.549689251651599
1.42984838E8	0.0	0.0
1.42986089E8	0.4788169464428457	0.7840333114181243
1.429873395E8	2.9712	4.3120296844989365
1.42988589E8	0.0	0.0
1.429898375E8	0.0	0.0
1.42991085E8	2.165196471531676	2.3165663277623225
1.429923315E8	0.0	0.0
1.429935775E8	0.7174959871589085	1.2019246203225058
1.429948225E8	0.0	0.0
1.42996066E8	86.14481094127112	87.66898634370413
1.429973085E8	3.6135265700483092	6.781498938899355
1.4299855E8	0.0	0.0
1.42999791E8	1.4504431909750202	2.491403430920075
1.43001032E8	0.24174053182917002	0.6180210678367596
1.430022725E8	0.7241935483870968	1.5978816622177041
1.430035125E8	0.0	0.0
1.430047525E8	118.23629032258064	111.38089255256689
1.43005992E8	2.1775625504439065	3.9279220242478625
1.4300719E8	0.0	0.0
1.43007809E8	0.0	0.0
1.430084685E8	0.0	0.0
1.430097065E8	0.0	0.0
1.430109445E8	0.7269789983844911	1.4267239380751187
1.43012182E8	0.2425222312045271	0.6496065596158009
1.430134185E8	0.0	0.0
1.43014654E8	0.0	0.0
1.43015889E8	0.8534412955465587	1.51750914596821
1.430171235E8	0.0	0.0
1.430183575E8	12.30713128038898	9.437588214835603
1.430195915E8	0.0	0.0
1.43020825E8	0.0	0.0
1.43022058E8	0.0	0.0
1.430232905E8	0.4837662337662338	0.7623442996237535
1.43024522E8	0.9740048740861088	1.4236598869107397
1.43025753E8	0.2437043054427295	0.5992142160243041
1.43026984E8	0.7294882209585702	1.290469974024445
1.43028215E8	0.0	0.0
1.430294455E8	1.640650406504065	1.8810133923270778
1.43030675E8	0.47762408462164363	0.7785781202557182
1.43031904E8	0.0	0.0
1.430331325E8	0.0	0.0
1.4303436E8	0.0	0.0
1.43035587E8	469.4368378158109	516.2909220763221
1.43036814E8	0.0	0.0
1.43038041E8	0.0	0.0
1.430392675E8	0.734094616639478	0.9860362755521376
1.430404935E8	0.0	0.0
1.430417195E8	0.9787928221859706	1.4314117650450195
1.43042945E8	1.7110204081632654	2.53546276418555
1.4304417E8	0.0	0.0
1.43045395E8	0.0	0.0
1.4304662E8	0.0	0.0
1.43047845E8	0.0	0.0
1.4304907E8	0.20081632653061224	0.6337449432233953
1.430502945E8	27.000816993464053	37.38435326819291
1.430515185E8	0.49019607843137253	0.9959066549428601
1.430527425E8	0.0	0.0
1.430539665E8	1.0008169934640523	1.790041442540667
1.4305519E8	0.0	0.0
1.43056413E8	0.0	0.0
1.43057636E8	0.0	0.0
1.430588585E8	36.93207855973814	27.7389779942172
1.430600805E8	0.9157119476268413	1.3298166936180356
1.43061302E8	0.0	0.0
1.430625225E8	0.0	0.0
1.430637425E8	0.2459016393442623	0.4958847036804647
1.43064962E8	0.0	0.0
1.43066181E8	0.0	0.0
1.430674E8	0.0	0.0
1.430686185E8	8.24055829228243	8.540014959051362
1.430698365E8	0.0	0.0
1.430710525E8	0.943986820428336	1.57147136166307
1.43072266E8	0.0	0.0
1.430734785E8	0.0	0.0
1.430746905E8	0.49504950495049505	1.1660771730881965
1.43075902E8	0.0	0.0
1.43077113E8	0.0	0.0
1.430783235E8	0.0	0.0
1.43079533E8	0.0	0.0
1.43080742E8	0.0	0.0
1.43081951E8	0.0	0.0
1.430831595E8	0.0	0.0
1.430843675E8	0.4966887417218543	0.9966832412776431
1.430855755E8	0.49834437086092714	0.9568505180576978
1.430867835E8	0.0	0.0
1.43087991E8	0.24855012427506215	0.6146512742182305
1.430891975E8	0.0	0.0
1.43090403E8	6.615767634854771	7.400571919135065
1.43091608E8	0.24896265560165975	0.5358515927573425
1.43092813E8	0.995850622406639	1.6483362667043338
1.43094017E8	0.0	0.0
1.4309522E8	0.0	0.0
1.43096423E8	0.0	0.0
1.430976255E8	0.2454242928452579	0.49540316192496986
1.430988275E8	0.24958402662229617	0.5472666917936404
1.43100029E8	0.0	0.0
1.431012295E8	0.0	0.0
1.431024295E8	1.7366666666666666	3.059411708155671
1.431036295E8	0.0	0.0
1.43104829E8	0.0	0.0
1.43106028E8	1.578815679733111	3.431201580628243
1.431072265E8	0.0	0.0
1.431084245E8	0.5008347245409015	0.9634384720792868
1.43109622E8	0.0	0.0
1.43110819E8	0.0	0.0
1.43112015E8	0.0	0.0
1.4311321E8	0.0	0.0
1.43114405E8	2.7523012552301256	3.9713408462576982
1.431156E8	0.0	0.0
1.43116795E8	47.77071129707113	61.472693533057466
1.431179895E8	0.0	0.0
1.43119183E8	0.9983235540653814	1.6200234907696343
1.43120376E8	0.5020955574182733	0.9615403958972096
1.43121569E8	0.21374685666387258	0.4623276507671508
1.43122762E8	0.0	0.0
1.431239545E8	0.0	0.0
1.431251465E8	26.79194630872483	23.73859669724313
1.431263385E8	0.0	0.0
1.4312753E8	0.0	0.0
1.43128721E8	0.0	0.0
1.431299115E8	0.0	0.0
1.431311015E8	0.23445378151260504	0.6257768281547841
1.431322915E8	0.22016806722689075	0.49873790290925285
1.43133481E8	0.0	0.0
1.4313467E8	0.0	0.0
1.43135859E8	0.0	0.0
1.43137048E8	0.0	0.0
1.43138237E8	0.0	0.0
1.43139426E8	2.5315391084945333	2.687540951631193
1.431406145E8	0.25252525252525254	0.6435381994422819
1.431418015E8	0.0	0.0
1.431429875E8	0.0	0.0
1.431441735E8	10.225969645868465	7.310448988825001
1.431453595E8	0.5059021922428331	0.8525331760048228
1.431465455E8	0.0	0.0
1.43147731E8	0.0	0.0
1.43148916E8	0.0	0.0
1.43150101E8	3.5274261603375527	4.774757819647706
1.43151286E8	0.0	0.0
1.431524705E8	0.0	0.0
1.431536545E8	0.0	0.0
1.431548385E8	0.0	0.0
1.431560225E8	0.0	0.0
1.431572055E8	0.25380710659898476	0.6721433253006333
1.431583875E8	61.611675126903556	39.868427856677684
1.43159569E8	0.0	0.0
1.4316075E8	31.307366638441998	39.09735130307644
1.43161931E8	0.0	0.0
1.43163111E8	0.7633587786259542	1.6236170470654798
1.4316429E8	0.2544529262086514	0.5044332723053183
1.43165469E8	0.0	0.0
1.431666475E8	0.2546689303904924	0.5046473326893667
1.431678255E8	0.0	0.0
1.431690035E8	0.0	0.0
1.431701815E8	0.5093378607809848	1.1942135530074833
1.431713595E8	0.5093378607809848	1.1827854092262207
1.431725375E8	0.0	0.0
1.43173715E8	0.0	0.0
1.431748915E8	9550.892857142857	12304.778928202602
1.43176067E8	0.0	0.0
1.43177242E8	0.0	0.0
1.431784165E8	0.0	0.0
1.431795905E8	0.5093696763202725	1.2667951756443403
1.43180764E8	0.0	0.0
1.43181937E8	0.0	0.0
1.4318311E8	0.5115089514066496	1.1561761946214677
1.43184282E8	0.2561912894961571	0.6663819488801741
1.43185453E8	4.269854824935952	5.9491152848914535
1.43186624E8	0.0	0.0
1.43187795E8	0.0	0.0
1.431889655E8	0.2564102564102564	0.5847053462046862
1.43190135E8	0.7698887938408896	1.5498558116107368
1.43191304E8	0.0	0.0
1.431924725E8	0.0	0.0
1.4319364E8	0.0	0.0
1.43194807E8	0.0	0.0
1.43195974E8	0.0	0.0
1.431971405E8	0.0	0.0
1.431983065E8	154.03859348198972	94.72709741442839
1.431994725E8	531.4185248713551	608.2369102056657
1.432006385E8	0.25728987993138935	0.674199862463242
1.43201804E8	0.0	0.0
1.43202969E8	0.0	0.0
1.432041335E8	0.0	0.0
1.43205297E8	0.0	0.0
1.4320646E8	133.29836629406708	98.83351905296144
1.43207623E8	0.0	0.0
1.43208786E8	0.7454858125537404	1.2932126538917437
1.43209949E8	0.0	0.0
1.43211112E8	21.42992261392949	32.8130010095641
1.432122745E8	45.1566265060241	31.864183055431017
1.432134365E8	0.25817555938037867	0.5658071169857
1.432145985E8	53.51204819277108	82.50677226676316
1.4321576E8	0.0	0.0
1.43216921E8	0.0	0.0
1.43218082E8	0.0	0.0
1.432192425E8	0.0	0.0
1.432204025E8	0.9405172413793104	1.447351922031023
1.432215625E8	0.0	0.0
1.43222722E8	0.0	0.0
1.43223881E8	0.0	0.0
1.4322504E8	2.169111302847282	2.6305433682842985
1.43226199E8	0.0	0.0
1.43227358E8	16.29939603106126	16.67263338693741
1.432285165E8	0.0	0.0
1.432296745E8	233.0	279.33324264943855
1.432308325E8	0.20725388601036268	0.5089865985592875
1.4323199E8	0.2575626620570441	0.5356762138177592
1.43233147E8	0.25929127052722556	0.6454414313582159
1.432343035E8	0.0	0.0
1.432354595E8	0.2586505190311419	0.5085769548761936
1.43236615E8	0.0	0.0
1.4323777E8	2.2865800865800865	2.5485756993344526
1.43238925E8	0.0	0.0
1.4324008E8	45.05108225108225	77.24450974479859
1.432412345E8	0.0	0.0
1.432423885E8	1.10051993067591	1.0955242170875563
1.432435425E8	0.25996533795493937	0.625844317051327
1.432446965E8	6.720103986135182	4.443463448446228
1.4324585E8	0.0	0.0
1.43247003E8	0.7805724197745013	1.4481498199866938
1.43248156E8	0.7554206418039896	1.4132933495683353
1.432493085E8	0.7795138888888888	1.296362432175337
1.432504605E8	0.0	0.0
1.432516125E8	0.0	0.0
1.432527645E8	0.0	0.0
1.43253916E8	1.779322328410078	2.6838966964055344
1.432550665E8	0.2608695652173913	0.6269317971365542
1.432562165E8	0.0	0.0
1.432573655E8	0.0	0.0
1.432585135E8	0.0	0.0
1.432596615E8	0.2613240418118467	0.5111986324432477
1.432608095E8	10.246515679442508	10.77990936849802
1.432619575E8	0.0	0.0
1.432631055E8	0.0	0.0
1.43264253E8	0.26155187445510025	0.6122834474753588
1.432654E8	274.36965998256323	201.446302778745
1.43266547E8	0.0	0.0
1.432676935E8	0.21902268760907503	0.467998597870843
1.432688395E8	0.0	0.0
1.432699855E8	0.2617801047120419	0.5116445100966509
1.43271131E8	0.5240174672489083	1.0237357737706623
1.432722755E8	4.72027972027972	3.909375497853434
1.432734195E8	2.3033216783216783	3.019314283286644
1.432745635E8	139.07692307692307	66.93621716105689
1.432757075E8	4.88986013986014	6.586036298554247
1.432768515E8	1.048951048951049	1.6107158639578847
1.43277995E8	0.0	0.0
1.43279138E8	0.0	0.0
1.432802805E8	0.0	0.0
1.432814225E8	0.7758318739054291	1.3063900609096168
1.432825645E8	207.64185639229422	341.4459210295839
1.43283706E8	24.135845749342682	29.478330251660154
1.43284847E8	55.83786152497809	46.68050168443946
1.432859875E8	14.685087719298245	8.91529338498464
1.432871275E8	0.2614035087719298	0.5112763526430005
1.432882675E8	0.0	0.0
1.432894075E8	0.0	0.0
1.43290547E8	8.146619841966638	6.4833818769139615
1.43291686E8	0.0	0.0
1.43292825E8	0.0	0.0
1.43293964E8	0.0	0.0
1.43295103E8	0.26251097453906935	0.692997712604561
1.432962415E8	0.7908611599297012	0.9804772698159091
1.43297379E8	0.5259454705364995	1.0324548710166541
1.432985155E8	23.898767605633804	35.82396563872441
1.432996515E8	0.0	0.0
1.433007875E8	290.18221830985914	224.8209949126663
1.433019235E8	0.528169014084507	1.394152779228656
1.43303059E8	0.0	0.0
1.43304194E8	0.0	0.0
1.43305329E8	3.9233480176211453	4.059903863795288
1.433064635E8	0.0	0.0
1.433075975E8	34.342151675485006	25.671768200489865
1.433087315E8	0.0	0.0
1.433098655E8	0.0	0.0
1.43310999E8	0.0	0.0
1.43312132E8	0.0	0.0
1.43313265E8	0.264783759929391	0.5145714332620798
1.433143975E8	8059.7535335689045	8934.150089738347
1.433155295E8	2.381625441696113	4.882180767437477
1.433166615E8	0.0	0.0
1.433177935E8	0.0	0.0
1.43318925E8	0.0	0.0
1.43320056E8	1071.3908045977012	1715.8036432971871
1.43321187E8	0.0	0.0
1.433223175E8	0.0	0.0
1.433234475E8	0.5309734513274337	1.1098911690249842
1.433245775E8	1.3274336283185841	2.2596890693777953
1.43325707E8	0.0	0.0
1.43326836E8	0.26660761736049604	0.5154821798742768
1.43327965E8	7.192205491585474	10.086209441780117
1.43329094E8	0.0	0.0
1.43330222E8	1.756876663708962	2.255428234668337
1.43331349E8	0.0	0.0
1.433324755E8	35.06483126110124	40.269992442222105
1.433336015E8	0.2602131438721137	0.6244002450949233
1.433347275E8	0.0	0.0
1.433358535E8	0.0	0.0
1.433369795E8	8.404973357015987	12.962406361691212
1.43338105E8	0.0	0.0
1.4333923E8	0.0	0.0
1.433403545E8	0.2669039145907473	0.562784131481767
1.433414785E8	0.0	0.0
1.43342602E8	0.0	0.0
1.43343725E8	0.0	0.0
1.43344848E8	0.0	0.0
1.43345971E8	1.5939447907390918	2.6336070359091885
1.43347094E8	0.786286731967943	1.5708270986394794
1.433482165E8	200.5133689839572	125.50819689020719
1.43349338E8	0.0	0.0
1.433504585E8	0.25357142857142856	0.6239276514834987
1.43351578E8	0.0	0.0
1.43352697E8	1.3074173369079536	3.148967517358635
1.433538155E8	0.26475849731663686	0.5180118867824779
1.433549335E8	0.0	0.0
1.433560515E8	0.0	0.0
1.433571695E8	0.26833631484794274	0.5906244232186183
1.43358287E8	0.0	0.0
1.43359404E8	0.0	0.0
1.43360521E8	1.3401969561324978	2.479639561412311
1.43361638E8	0.0	0.0
1.43362755E8	8.958818263205014	5.6112497311392575
1.43363872E8	1.5890778871978515	1.9022674120828849
1.433649885E8	0.0	0.0
1.433661045E8	3.82168458781362	5.860764993432489
1.433668735E8	99.87203791469194	58.008497498129714
1.433674315E8	4.8861671469740635	5.406128446851931
1.433683365E8	0.0	0.0
1.433694525E8	2.3844086021505375	2.870096722609295
1.433705685E8	0.0	0.0
1.43371684E8	0.0	0.0
1.43372799E8	0.0	0.0
1.43373914E8	0.5381165919282511	1.3579198018811005
1.433750285E8	0.05385996409335727	0.23207749587876303
1.433761425E8	0.0	0.0
1.433772565E8	0.0	0.0
1.433783705E8	0.0	0.0
1.433794845E8	0.5385996409335727	1.101655356378293
1.433805985E8	0.0	0.0
1.433817115E8	0.0	0.0
1.433828235E8	0.0	0.0
1.433839355E8	0.0	0.0
1.433850475E8	196.0638489208633	308.48595661983495
1.43386159E8	8.247524752475247	6.0211149617440665
1.433872695E8	0.2702702702702703	0.677834389404565
1.433883795E8	0.12432432432432433	0.3500321735534071
1.433894895E8	1.3477477477477477	2.398197521337922
1.433905995E8	0.0	0.0
1.43391709E8	0.0	0.0
1.43392818E8	0.0	0.0
1.43393927E8	2.1650135256988277	2.304971691702339
1.43395036E8	0.0	0.0
1.433961445E8	2.4332129963898916	2.413858902555003
1.433972525E8	0.0	0.0
1.4339836E8	0.0	0.0
1.43399467E8	1.5555555555555556	2.4113927126900783
1.43400574E8	0.5420054200542005	1.041158412590707
1.434016805E8	35.264014466546115	20.234296704118663
1.434027865E8	1.3562386980108498	2.0949435378460946
1.43403892E8	1.2380090497737557	2.1379992338590537
1.43404997E8	0.0	0.0
1.43406102E8	0.0	0.0
1.43407207E8	0.0	0.0
1.43408312E8	0.0	0.0
1.43409417E8	0.0	0.0
1.43410521E8	0.1931097008159565	0.5154019459714441
1.43411624E8	0.0	0.0
1.43412727E8	0.0	0.0
1.434138295E8	0.0	0.0
1.434149315E8	0.0	0.0
1.434160335E8	0.2695099818511797	0.5191435079543802
1.43417135E8	2.6739327883742052	2.762470691852208
1.43418236E8	0.0	0.0
1.43419337E8	0.44868301544050865	0.8990862249882763
1.434204375E8	11.998181818181818	15.733519516104348
1.434215375E8	0.0	0.0
1.43422637E8	0.0	0.0
1.43423736E8	0.5077343039126478	0.74379446709502
1.434248345E8	1.8533697632058288	3.515642898659153
1.434259325E8	0.0	0.0
1.434270305E8	0.0	0.0
1.43428128E8	0.0	0.0
1.43429225E8	0.0	0.0
1.43430322E8	0.0	0.0
1.434314185E8	0.0	0.0
1.434325145E8	0.0	0.0
1.434336095E8	1.3656307129798904	2.4183182698134145
1.43434703E8	0.0	0.0
1.434357955E8	0.0	0.0
1.43436887E8	0.0	0.0
1.43437978E8	2.1347387717690194	3.150516812680805
1.434390685E8	0.0	0.0
1.434401585E8	0.0	0.0
1.434412485E8	1.6348623853211008	1.870092967320614
1.434423385E8	5.021100917431193	6.817005180651363
1.434434285E8	0.0	0.0
1.43444518E8	0.0	0.0
1.43445607E8	0.8264462809917356	1.4913278544683979
1.434466955E8	0.0	0.0
1.434477835E8	0.7582720588235294	1.1355712477971294
1.434488715E8	1.3786764705882353	1.5932993884315874
1.434499595E8	3.307904411764706	5.451237716983073
1.43451047E8	0.0	0.0
1.43452134E8	23.15179392824287	22.74811071140552
1.43453221E8	5.633854645814168	4.768514490990037
1.434543075E8	13.440147329650092	10.065622620965778
1.434553935E8	4.749539594843462	7.309521024382732
1.434564795E8	2.7605893186003683	2.7731944999957414
1.434575655E8	0.0	0.0
1.434586505E8	0.0	0.0
1.434597345E8	0.0	0.0
1.434608185E8	0.0	0.0
1.434619025E8	0.0	0.0
1.434629865E8	0.2333948339483395	0.48310954652991434
1.4346407E8	0.0	0.0
1.43465153E8	0.26223453370267774	0.5635922247090881
1.43466236E8	528.7608494921515	309.9638751179181
1.434673185E8	0.0	0.0
1.434684005E8	0.0	0.0
1.43469482E8	0.0	0.0
1.43470563E8	6.251618871415356	6.06288354595129
1.434716435E8	0.0	0.0
1.434727235E8	0.0	0.0
1.434738035E8	4.444444444444445	4.703229780732638
1.43474883E8	0.0	0.0
1.43475962E8	0.0	0.0
1.434770405E8	0.0	0.0
1.434781185E8	0.0	0.0
1.434791965E8	0.0	0.0
1.434802745E8	0.0	0.0
1.43481352E8	1.3899721448467968	1.9610885120959833
1.43482429E8	0.0	0.0
1.434835055E8	0.0	0.0
1.434845815E8	0.0	0.0
1.434856575E8	0.0	0.0
1.434867335E8	0.0	0.0
1.43487809E8	0.0	0.0
1.43488884E8	7.310697674418605	6.715341685535321
1.43489959E8	19.809302325581395	30.383043006347823
1.43491034E8	0.14511627906976743	0.474464202095129
1.434921085E8	0.0	0.0
1.434931825E8	5.827746741154562	9.73651959276315
1.434942565E8	0.8342644320297952	1.186516425950471
1.434953305E8	0.0	0.0
1.43496404E8	0.0	0.0
1.434974765E8	136.09235074626866	32.732207198105364
1.434985485E8	0.2798507462686567	0.5681207565560783
1.4349962E8	0.0	0.0
1.43500691E8	8.875816993464053	11.135193323219472
1.435017615E8	0.0	0.0
1.435028315E8	0.0	0.0
1.435039015E8	0.0	0.0
1.43504971E8	0.0	0.0
1.4350604E8	0.0	0.0
1.435071085E8	0.8333333333333334	1.4517843857204564
1.43508176E8	0.0	0.0
1.43509243E8	0.0	0.0
1.4351031E8	0.34208059981255856	0.5527472496759865
1.435113765E8	0.5628517823639775	0.8275282483856201
1.435124415E8	2.6475563909774436	2.460400664235691
1.435135055E8	0.0	0.0
1.435145695E8	3.7659774436090228	2.955019941919658
1.43515633E8	0.0	0.0
1.43516696E8	0.0	0.0
1.43517759E8	2.092191909689558	2.3497162615681293
1.43518822E8	6.64346190028222	4.6927216918078445
1.43519885E8	0.0	0.0
1.43520948E8	0.0	0.0
1.43522011E8	0.2464722483537159	0.6967199053627594
1.43523074E8	0.28222013170272814	0.7034386712799607
1.435241365E8	45.67325800376648	19.83301286357432
1.435251985E8	0.0	0.0
1.435262605E8	0.2824858757062147	0.6059964013243636
1.435273225E8	0.0	0.0
1.435283845E8	0.4708097928436911	0.97037084956597
1.43529446E8	1.0848256361922715	2.3182267590369148
1.435305065E8	0.0	0.0
1.435315665E8	182.52735849056603	133.8657205264868
1.435326265E8	0.0	0.0
1.43533686E8	3.3758262511803587	2.532881029151899
1.43534745E8	0.2747875354107649	0.6781355320370277
1.43535804E8	0.0	0.0
1.435368625E8	0.0	0.0
1.435379205E8	4614.560491493384	3850.6612249800964
1.435389785E8	0.2835538752362949	0.665089501772972
1.435400365E8	10.059546313799622	13.596709543009862
1.43541094E8	0.0	0.0
1.435421505E8	0.5549242424242424	0.8461141122266493
1.435432065E8	0.0	0.0
1.435442625E8	0.0	0.0
1.435453185E8	0.2840909090909091	0.5330017908890261
1.43546374E8	0.0	0.0
1.43547429E8	0.0	0.0
1.43548484E8	0.0	0.0
1.435495385E8	4.204933586337761	3.8661180879803356
1.435505925E8	0.0	0.0
1.43551646E8	0.0	0.0
1.43552699E8	2.5641025641025643	2.4595492912420727
1.43553752E8	11.956315289648623	14.851816328083071
1.43554805E8	22.50522317188984	33.19090654536185
1.43555858E8	2.814814814814815	2.771103091853317
1.435569105E8	0.0	0.0
1.435579625E8	183.0161596958175	249.37330004566527
1.435590145E8	0.8545627376425855	1.7767509973161344
1.43560066E8	0.0	0.0
1.43561117E8	0.0	0.0
1.43562168E8	1.141769743101808	1.8886712187162782
1.43563219E8	0.0	0.0
1.4356427E8	1.9980970504281637	4.487746293355939
1.435653205E8	0.0	0.0
1.435663705E8	6.850476190476191	11.297998137048966
1.4356742E8	1.0028598665395614	1.5806865808028545
1.43568469E8	0.0	0.0
1.43569518E8	0.5414680648236415	1.471690272881684
1.43570567E8	0.0	0.0
1.43571616E8	0.8331744518589133	1.7361737622420768
1.435726645E8	0.0	0.0
1.435737125E8	17.15648854961832	16.139184689529646
1.435747605E8	0.0	0.0
1.435758085E8	0.0	0.0
1.435768565E8	7.293893129770993	4.569021142265954
1.43577904E8	10.855778414517669	18.550429472652816
1.43578951E8	0.0	0.0
1.43579998E8	0.28653295128939826	0.5352877275721892
1.43581045E8	1.4326647564469914	2.406811410400491
1.435820915E8	0.0	0.0
1.43583137E8	0.28708133971291866	0.6562179588897107
1.43584182E8	0.5741626794258373	1.2218113465290692
1.43585227E8	0.0	0.0
1.43586272E8	0.0	0.0
1.435873165E8	0.0	0.0
1.435883605E8	7.756704980842912	12.1833062093822
1.435894045E8	4.592911877394636	7.347882641301835
1.43590448E8	1.1390220517737297	1.1338934190276817
1.43591491E8	0.0	0.0
1.435925335E8	0.0	0.0
1.435935755E8	0.0	0.0
1.435946175E8	43.593090211132434	40.18069789942953
1.435956595E8	0.6429942418426103	0.888722259920562
1.435967015E8	0.0	0.0
1.43597743E8	0.8453410182516811	1.264303371952496
1.43598784E8	0.0	0.0
1.43599825E8	0.0	0.0
1.436008655E8	0.0	0.0
1.436019055E8	0.0	0.0
1.436029455E8	0.0	0.0
1.436039855E8	0.2875	0.5361902647381804
1.43605025E8	1.1549566891241578	1.9485687351221843
1.43606064E8	3.622714148219442	3.2854273274222425
1.43607103E8	1.641963426371511	1.9687158646994118
1.436081415E8	0.0	0.0
1.436091795E8	1.4402697495183043	2.1430085275455504
1.436102175E8	0.0	0.0
1.43611255E8	0.0	0.0
1.43612292E8	0.0	0.0
1.43613329E8	0.0	0.0
1.43614366E8	78.62970106075217	35.7023076759019
1.436154025E8	0.0	0.0
1.436164385E8	10.707528957528957	17.15146582431892
1.43617474E8	0.0	0.0
1.43618509E8	0.5207729468599034	0.742758925396416
1.43619544E8	0.0	0.0
1.43620579E8	0.0	0.0
1.43621614E8	0.5478260869565217	0.756932533257345
1.43622648E8	2.8112294288480153	2.428453469521334
1.43623681E8	0.0	0.0
1.43624714E8	0.5759922555663117	1.1703831460746872
1.43625747E8	5.363020329138432	5.466610786829047
1.436267795E8	0.0	0.0
1.436278115E8	3.679263565891473	3.570171428798308
1.436288435E8	0.0	0.0
1.43629875E8	0.5441319107662463	1.2169989005571547
1.43630906E8	0.0	0.0
1.43631937E8	2.3210475266731327	4.533419390217969
1.436329675E8	6.023300970873787	4.728348713176521
1.436339975E8	0.0	0.0
1.436350275E8	0.0	0.0
1.43636057E8	1.4577259475218658	1.862890112808694
1.43637086E8	0.8095238095238095	1.3979715973429676
1.43638115E8	5402.397473275024	4630.985031974852
1.43639144E8	97.2312925170068	151.02654243838754
1.43640173E8	0.0	0.0
1.43641202E8	0.0	0.0
1.43642231E8	0.0	0.0
1.436432595E8	0.2918287937743191	0.5700023892365791
1.436442875E8	0.0	0.0
1.43645315E8	0.0	0.0
1.43646342E8	0.0	0.0
1.43647369E8	0.0	0.0
1.436483955E8	0.0	0.0
1.436494215E8	0.0	0.0
1.43650447E8	0.0	0.0
1.43651472E8	0.0	0.0
1.43652497E8	0.0	0.0
1.43653522E8	0.0	0.0
1.43654546E8	0.0	0.0
1.43655569E8	0.0	0.0
1.436565915E8	0.0	0.0
1.436576135E8	2.353228962818004	2.3599728015945742
1.436586355E8	11.356164383561644	10.07384670697039
1.436596575E8	0.0	0.0
1.43660679E8	6.805093046033301	5.6984283964975635
1.436617E8	3.5288932419196866	4.561152662880713
1.43662721E8	0.0	0.0
1.436637415E8	284.5	205.4751189555658
1.436647615E8	0.0	0.0
1.436657815E8	0.0	0.0
1.43666801E8	0.0	0.0
1.4366782E8	0.0	0.0
1.43668839E8	0.27085377821393525	0.589405981635272
1.43669858E8	0.0	0.0
1.43670877E8	3.0824337585868498	4.156175867431576
1.436718955E8	10.236738703339881	16.032659447476036
1.436729135E8	0.0	0.0
1.436739315E8	0.29469548133595286	0.5606619719210049
1.436749495E8	0.0	0.0
1.436759665E8	0.0	0.0
1.436769825E8	0.0	0.0
1.436779985E8	0.2047244094488189	0.45246481570263436
1.43679014E8	0.0	0.0
1.43680029E8	0.0	0.0
1.436810435E8	0.0	0.0
1.436820575E8	69.62524654832347	89.69847034288847
1.436830715E8	0.0	0.0
1.436840855E8	0.0	0.0
1.436850995E8	0.0	0.0
1.43686113E8	1.1836130306021717	2.1425045542668735
1.43687126E8	0.0	0.0
1.43688139E8	0.29615004935834155	0.5441967009807589
1.436891515E8	0.0	0.0
1.436901635E8	0.0	0.0
1.436911755E8	2.075098814229249	2.838540514589219
1.436921875E8	20.350790513833992	21.07941880681727
1.436931995E8	5.91699604743083	5.372029007011588
1.43694211E8	0.0	0.0
1.43695222E8	28.468842729970326	41.914754996886955
1.43696233E8	0.0	0.0
1.43697244E8	0.29574678536102866	0.5892206792892432
1.436982545E8	14.200990099009902	9.189425692308276
1.436992645E8	0.0	0.0
1.437002745E8	0.297029702970297	0.5450043146345697
1.437012845E8	0.297029702970297	0.5450043146345697
1.437022935E8	0.0	0.0
1.437033015E8	0.0	0.0
1.437043095E8	0.0	0.0
1.43705317E8	0.0	0.0
1.43706324E8	0.0	0.0
1.437073305E8	0.742544731610338	2.4995029326921743
1.437083365E8	1.4910536779324055	2.505659597766767
1.437093425E8	0.0	0.0
1.43710348E8	0.0	0.0
1.43711353E8	0.0	0.0
1.43712358E8	2.271641791044776	3.12985940586754
1.43713363E8	0.0	0.0
1.43714368E8	0.29850746268656714	0.546358364708153
1.437153725E8	0.0	0.0
1.437163765E8	0.0	0.0
1.437173805E8	0.0	0.0
1.437183845E8	0.0	0.0
1.43719388E8	0.0	0.0
1.4372039E8	0.8991008991008991	1.6153608294714248
1.43721391E8	0.2997002997002997	0.5474489014513589
1.43722392E8	1.138861138861139	1.9937464670877727
1.43723393E8	0.0	0.0
1.43724394E8	1.951048951048951	2.580956927447388
1.437251765E8	6.24113475177305	10.905948666303942
1.437257305E8	0.0	0.0
