#Position (bp)	Coverage	Std
179658.5	227.32265192755125	395.10943703255884
538974.5	322.9728289305236	3047.78122935022
898290.5	214.35690033285465	577.356481552498
1257606.5	146.30868093822707	308.18669673678477
1616922.5	97.30463992697236	296.5728868649174
1976238.5	91.44446392590366	279.88115455046267
2335554.5	175.9561082723842	320.398046686076
2694870.5	227.39196139331398	1570.04881422244
3054186.5	196.2075999955471	320.2755734301679
3413502.5	94.6293624553318	218.55830455270106
3772818.5	55.784746574046245	79.31828656606143
4132134.5	118.96368377695399	1741.2917694407893
4491450.5	238.11384408153268	2673.785725940759
4850766.5	202.73738436362422	445.94231145307026
5210082.5	305.61470961493507	1974.3019102086967
5569398.5	158.4702406795133	401.45050801958627
5928714.5	736.8831446414855	1666.3818769483767
6288030.5	154.55900655690255	236.78254185559794
6647346.5	209.7503617985283	458.32651535583443
7006662.5	241.38104342695567	1206.8258376027136
7365978.5	170.9520923087199	235.76648721163232
7725294.5	287.4303816139554	1960.722321808623
8084610.5	447.650480357123	1928.6895635269511
8443926.5	688.311978870966	2239.3056213275786
8803242.5	36.75047868728362	90.16260948305467
9162558.5	63.27611072148193	322.33374141625796
9521874.5	189.89422124258314	558.7242189975195
9881190.5	528.4360507185876	3494.0836308903195
1.02405065E7	768.9567789911944	4041.1201760139957
1.05998225E7	202.3618013113805	352.72771991046585
1.09591385E7	449.43007825980476	2564.6907376055105
1.13184545E7	24.260483808124324	82.32644860877748
1.16777705E7	78.70797014327222	271.3126447221776
1.20370865E7	189.5063064266551	399.8480431050626
1.23964025E7	632.0293891727616	493.74977223879057
1.27557185E7	110.63611417248327	340.78216173533053
1.31150345E7	161.40666989502276	303.4465155594362
1.34743505E7	208.94085985594853	1530.149860819786
1.38336665E7	91.19412995803137	216.57705391225608
1.41929825E7	61.44320041412016	182.41267005994726
1.45522985E7	18.549513520132695	78.20317717069857
1.49116145E7	181.44504836968017	442.7411279057626
1.52709305E7	56.69190350554943	176.3485587779467
1.56302465E7	69.55926816506918	186.6488559663465
1.59895625E7	11.464354495764175	42.72654087299318
1.63488785E7	296.37688274388006	380.86184653056426
1.67081945E7	260.0447990070022	519.9172825042093
1.70675105E7	32.8584532834608	108.30585894961038
1.74268265E7	129.02339723251956	300.21153362627683
1.77861425E7	11.29087766756838	9.283432610298677
1.81454585E7	33.91709525876944	76.90885496317259
1.85047745E7	261.5378608244554	2167.330133429385
1.88640905E7	308.97302931124693	1645.2490899222837
1.92234065E7	174.66216923265316	354.7279923202437
1.95827225E7	231.01998241102538	418.77161184168216
1.99420385E7	103.79392234133744	386.1459583304403
2.03013545E7	108.90980362689109	319.0020184228479
2.06606705E7	201.00793730309812	316.1554919165004
2.10199865E7	276.03956684366966	407.2099516431111
2.13793025E7	224.86302864331117	397.5076497230603
2.17386185E7	519.9652562090193	2640.673190343372
2.20979345E7	197.93592269756982	2617.628103190964
2.24572505E7	296.7379214952855	2696.2529734136506
2.28165665E7	92.35978637188435	105.64892179023357
2.31758825E7	61.60605706397711	205.89533131086313
2.34346265E7	37.91083124699694	294.3075731616706
2.36142845E7	3.077466889392674	1.8512661864946816
2.38945145E7	13.762944038116867	23.282733026711263
2.42538305E7	64.55747865388683	86.19307458544
2.46131465E7	250.84069732491733	142.21503197308752
2.49724625E7	117.6762320631422	243.16909461700016
2.53317785E7	61.31448084694252	414.07886576391013
2.56910945E7	35.27369502053902	10.498523413610288
2.60504105E7	120.06989390953923	24.267809942963574
2.64097265E7	213.9555182624765	76.22181976188067
2.67690425E7	17.50922307940643	30.328134090620395
2.71283585E7	41.04299279742622	82.20601960736658
2.74876745E7	248.96573211323738	139.34493430902194
2.78469905E7	669.4124976343942	355.22584792665543
2.82063065E7	338.37116911019825	1919.5856258940041
2.85656225E7	101.03378919947902	220.43678996234027
2.89249385E7	143.65480245800353	337.3519834549123
2.92842545E7	156.25474790991774	341.9892140184858
2.96435705E7	232.18722795533736	1141.7203059318624
3.00028865E7	224.19504836968017	699.8758895518762
3.03622025E7	393.7654014850438	585.7491210560282
3.07215185E7	52.4463508443821	106.88136759054156
3.10808345E7	302.37594485077204	422.49896185267704
3.14401505E7	265.64090382838504	591.860782288364
3.17994665E7	110.03203308508388	229.31900653178897
3.21587825E7	97.74978848701421	251.02268881498173
3.25180985E7	272.128485789667	614.6159039804344
3.28774145E7	116.01638947333267	319.49266656410805
3.32367305E7	323.2405626245422	2466.198432953101
3.35960465E7	394.4116404501887	858.8569061512108
3.39553625E7	324.0244770619733	293.82201014566385
3.43146785E7	139.54264769729153	363.4652317687577
3.46739945E7	88.98107237083792	177.06826725044243
3.50333105E7	317.48373854768505	449.214540383334
3.53926265E7	741.5125516258669	6298.886341128464
3.57519425E7	989.7086881741976	2381.3572313757354
3.61112585E7	254.95839316924378	699.1234071585067
3.64705745E7	217.1035189081477	1254.7972114389809
3.68298905E7	185.1626840997896	315.63295723728316
3.71892065E7	122.46368934308519	389.14951473929415
3.75485225E7	579.5129440381169	1033.4653329960124
3.79078385E7	567.0147196339713	3798.1641571308014
3.82671545E7	121.74220185018201	397.1114043233946
3.86264705E7	89.54257533758586	151.28446223683468
3.89857865E7	82.13571062797092	214.6353790256589
3.93451025E7	167.2822668625945	307.04068919470626
3.97044185E7	418.08908592993356	603.1973340326354
4.00637345E7	332.09761324293936	3380.5883201621564
4.04230505E7	184.19672099210723	835.4148073342806
4.07823665E7	550.3091401440515	2392.9816156469665
4.11416825E7	455.8472069153614	2377.576026897724
4.15009985E7	423.6260478241993	2149.579185325199
4.18603145E7	201.232310835031	403.69690927544906
4.22196305E7	358.0234278462412	546.7056084256008
4.25789465E7	117.16207460842267	200.8131076154731
4.29382625E7	836.3682747219717	2788.2709957490197
4.32975785E7	34.677144908659784	71.76493749033574
4.36568945E7	165.0164479177103	2172.9452727848097
4.40162105E7	180.54143984682008	253.24333343850685
4.43755265E7	73.9266996181634	303.966688221126
4.47348425E7	290.74960758775006	1109.0821145189964
4.50941585E7	528.7137756181189	1053.4413915057044
4.54534745E7	59.40064455799352	101.63915175133891
4.58127905E7	159.9235853677543	277.52947431375645
4.61721065E7	629.3133091763239	2977.768280991156
4.65314225E7	336.0106257444701	2178.6174284325607
4.68907385E7	380.15598526088456	1515.4964069451094
4.72500545E7	287.3277226730788	830.8001885666756
4.76093705E7	949.9946759955026	3611.174468419093
4.79686865E7	247.41836711974975	668.4076233308241
4.83280025E7	511.8272217212704	4204.972975065815
4.86541545E7	57.99833440277418	66.51822848262246
4.88338125E7	2.7248974791943072	2.4829323311443856
4.90466345E7	227.68127776107937	443.93265137695926
4.94059505E7	105.38237651537922	170.63190755694242
4.97652665E7	156.77775829631855	369.1124244221013
5.01245825E7	182.27185819724141	362.35304955190446
5.04838985E7	424.9267246657538	2403.056063035145
5.08432145E7	84.23165124848323	208.7056581407716
5.12025305E7	154.35508299101627	265.71326607831884
5.15618465E7	306.52188602789744	2459.8592155958263
5.19211625E7	528.8590154627125	2309.1532978506516
5.22804785E7	316.56060681962396	292.1635671359345
5.26397945E7	165.09869585545871	452.0851808883068
5.29991105E7	295.9106496788342	434.3144546009169
5.33584265E7	85.61285052711263	267.5094424264025
5.37177425E7	20.631992452326084	91.44515545238191
5.40770585E7	205.58393447550347	493.4946389829099
5.44363745E7	306.58532322523905	571.9619868970689
5.47956905E7	58.8491494951519	176.68059422415965
5.51550065E7	69.94105745360629	265.815899492159
5.55143225E7	79.06408565162698	273.33837238352584
5.58736385E7	246.84680058778346	1815.1801250367603
5.62329545E7	219.13702145186966	450.2344426131654
5.65922705E7	88.57447205245522	167.0537676128322
5.69515865E7	266.31954324327336	507.6349470167513
5.73109025E7	378.5201187812399	2436.5331183875146
5.76702185E7	129.3684611873671	500.66008927685874
5.80295345E7	413.1970660922419	1050.2719085180413
5.83888505E7	662.3925180064344	2972.0838755775067
5.87481665E7	135.0332186710305	293.20088140162636
5.91074825E7	40.97570940342206	116.89488552583464
5.94667985E7	881.8472792750671	22702.619511522695
5.98261145E7	201.08831223769607	498.95588145424085
6.01854305E7	103.89931703570116	129.58150766254784
6.05447465E7	308.5105812154204	2066.699168340838
6.09040625E7	201.76912522681985	488.8433647775588
6.12633785E7	142.38082356477307	280.65938544790157
6.16226945E7	108.5433100669049	221.15471487432114
6.19820105E7	480.8824850549377	2773.0484976303724
6.23413265E7	71.44314753587372	137.47957355418833
6.27006425E7	153.72236137550235	450.6414523595843
6.30599585E7	48.07924500996337	93.83963959750841
6.34192745E7	120.83787807946209	418.9581041864297
6.37785905E7	232.31484821160205	756.061728619353
6.41379065E7	38.80599249685513	147.64060568505332
6.44972225E7	157.71378675038127	330.7362192415718
6.48565385E7	189.70791169889458	310.44857733210733
6.52158545E7	208.07450823230806	464.6976618703351
6.55751705E7	306.26158311903725	489.5313529703407
6.59344865E7	164.23281735297064	197.010193801826
6.62938025E7	184.87748666911577	517.0623536884966
6.66531185E7	71.20962050117446	192.1257839116594
6.70124345E7	29.04884836745372	88.23746878316689
6.73717505E7	91.26820681517104	333.28807948499184
6.77310665E7	250.02737979939664	2422.613391287423
6.80903825E7	55.380492379966384	175.49335041669502
6.84496985E7	141.1533803114807	304.98809254000383
6.88090145E7	230.96870164423515	494.1438735714955
6.91683305E7	277.91398379142595	471.58802205238067
6.95276465E7	103.60157632835721	184.14530154037408
6.98869625E7	76.71124302842067	183.8185426622657
7.02462785E7	207.87445869374034	489.7338995594852
7.06055945E7	185.8955682463347	446.37125656135896
7.09649105E7	253.2791609613822	2541.3101024248044
7.13242265E7	11.664326108495029	27.08249951832515
7.16835425E7	182.7418511839161	634.7358520187248
7.20428585E7	560.5027246212247	4049.777366506053
7.24021745E7	1030.5319022810006	212.0169560286542
7.27614905E7	183.65492491289004	320.83394727412633
7.31208065E7	15.280992218548576	16.50608468353419
7.34801225E7	39.399063776731346	88.1875245808663
7.38394385E7	62.32010263945942	366.78163129631355
7.41987545E7	36.71836211023166	30.420730178065693
7.45580705E7	220.73017622371395	33.53671078516782
7.49173865E7	80.20023043783188	22.878880796463626
7.52767025E7	11.085576484208886	6.534721912787317
7.56360185E7	13.030071023834173	2.2801981661658868
7.59953345E7	665.0712436963564	2682.7387777533577
7.63546505E7	299.1127280722261	59.717357549035505
7.67139665E7	143.02433512562757	202.61345250814895
7.690225E7	4.223001565126659	1.3607574263212767
7.7081908E7	2.4053790946165203	28.4714084873349
7.74325985E7	19.948983624441997	4.853458774265544
7.77919145E7	26.73337396609113	84.77431465608127
7.81512305E7	1.8274248850593906	2.040963977870869
7.85105465E7	2.5132279108083138	21.568934821568583
7.88698625E7	4.946935288158612	12.02112620823058
7.92291785E7	14.81382126039475	61.66000775499421
7.95884945E7	16.91686426432444	80.65907104127652
7.99478105E7	38.18871132930345	55.708541311937154
8.03071265E7	294.7804244731657	113.44730157557478
8.06664425E7	374.4438043393559	426.62986908023595
8.10257585E7	57.42283950617284	142.51660347589674
8.13850745E7	241.9048664685124	694.4611797983481
8.17443905E7	132.99765944182838	413.9046153434259
8.21037065E7	244.36757338943994	366.02813240810883
8.24630225E7	685.3930718364893	2726.8512192679223
8.28223385E7	247.48238041167107	617.645306276331
8.31816545E7	94.04393625666545	223.75277879911908
8.35409705E7	46.61268076011088	256.19986292670427
8.39002865E7	382.88355096906344	2735.829887022286
8.42596025E7	44.76623083859333	104.09581363496012
8.46189185E7	48.59801122132051	231.60742208054555
8.49782345E7	199.16274532723284	250.95643050320433
8.53375505E7	140.17944093778178	607.308899652861
8.56968665E7	262.2185569248238	498.9539393905492
8.60561825E7	228.27233410145945	412.3783116683675
8.64154985E7	349.63708546237854	1589.0066095796533
8.67748145E7	446.3786110276191	3178.594425830894
8.71341305E7	204.6753080853622	507.68397497474626
8.74934465E7	29.498914604415056	117.23766749576377
8.78527625E7	134.1063743334558	380.9627671947025
8.82120785E7	663.763286355186	3858.359542028049
8.85713945E7	1114.3302942256955	1167.7909307522996
8.89307105E7	208.55464271003797	327.84537116849634
8.92900265E7	338.49052087855813	821.8726277913511
8.96493425E7	127.57233465807256	363.74158257616307
9.00086585E7	308.2665230604816	411.18406611604195
9.03679745E7	124.41078883211435	465.742231207756
9.07272905E7	390.56134711507417	706.8500058645573
9.10866065E7	186.92713377639737	577.9331407630112
9.14459225E7	99.71073372741542	811.2379084765698
9.18052385E7	277.31635106702737	1461.698759273109
9.21645545E7	676.8911654365517	2136.848687051908
9.25238705E7	58.61836378007102	404.5550207984337
9.28831865E7	395.4983719066226	3691.735921518996
9.32425025E7	203.08172193834952	369.9252055403405
9.36018185E7	136.75858019125226	348.474888983747
9.39611345E7	139.71288503712609	298.97655837596614
9.43204505E7	70.34480234668092	192.94195686299022
9.46797665E7	57.843694686571155	150.51498774476556
9.50390825E7	741.6200809315477	1447.7806352234886
9.53983985E7	125.21666722327979	199.7523797524789
9.57577145E7	93.16781607276047	184.3680572333592
9.61170305E7	155.75265782765032	466.3991769202721
9.64763465E7	106.07193667969142	285.1162151806245
9.68356625E7	147.33694853555087	221.81738149069753
9.71949785E7	22.912088523750683	62.26114169902345
9.75542945E7	310.93790980640995	1796.3108635435474
9.79136105E7	410.265610214964	1409.912210925127
9.82729265E7	205.2074858898574	290.0088801129504
9.86322425E7	68.09787485110598	93.97634759864164
9.89915585E7	122.58500317269478	267.23289177761905
9.93508745E7	296.4861486824967	582.4927675392132
9.97101905E7	104.33695131861649	175.51992936061805
1.000695065E8	111.83164679557827	168.12602120764507
1.004288225E8	216.49477061973306	2213.2945957785473
1.007881385E8	384.26316111723384	774.330384345041
1.011474545E8	291.85229992541383	314.6683616198095
1.015067705E8	128.17890102305492	231.0798388428712
1.018660865E8	227.05472898507165	572.406044672896
1.022254025E8	395.2696400939563	2457.363632903854
1.025847185E8	239.2907886094691	2947.676703869774
1.029440345E8	105.17192666065525	530.3384654196635
1.033033505E8	76.35778534771622	166.75637922971345
1.036626665E8	190.2867726458048	652.4888546867538
1.040219825E8	147.65678678377807	252.37614233729252
1.043812985E8	112.56682418817977	529.8171999286712
1.047406145E8	345.1307094590834	2248.094068567201
1.050999305E8	30.05664930033731	120.9268809999466
1.054592465E8	77.57152478598225	214.76872989347686
1.058185625E8	107.96357245432989	140.06489150768866
1.061778785E8	271.75555221587683	1625.4282306314497
1.065371945E8	170.17949103296263	456.8231322585053
1.068965105E8	780.2829180999455	3820.8737344952156
1.072558265E8	447.5396030235225	2616.0641503367947
1.076151425E8	118.28489964265438	425.1139206054619
1.079744585E8	320.48957463625334	1197.3642609377782
1.083337745E8	294.61628483006604	1902.40546269675
1.086930905E8	306.70157465851787	1269.153918184979
1.089314775E8	287.3356604062729	748.6990255198806
1.091111355E8	446.36100108328026	3607.695293605661
1.094117225E8	270.42075777310225	305.368717617327
1.097710385E8	204.40843992474592	309.76502640066377
1.101303545E8	315.57461677186654	831.5156767636926
1.10324175E8	98.96169461606355	128.94460300573712
1.10503833E8	94.00579774072406	106.62708849102329
1.108489865E8	192.90091451535696	1550.6846280549487
1.112083025E8	132.01421589909717	499.6515402468644
1.115676185E8	82.23362722506094	140.34599726390917
1.119269345E8	244.9919625065402	2633.513944658855
1.122862505E8	167.1980679958588	247.79512178471222
1.126455665E8	114.45763339233433	201.33740271008423
1.130048825E8	183.80934330784046	223.35736051834837
1.133641985E8	25.624570016364427	74.12989810285414
1.137235145E8	73.15439056429439	257.05599168748944
1.140828305E8	144.45766678912156	248.13312545776162
1.144421465E8	278.6087009762994	647.7742762762856
1.148014625E8	63.399005332353696	133.1961895918793
1.151607785E8	390.8445351723831	686.6086210996706
1.155200945E8	101.08223958855159	293.4343731533413
1.158794105E8	210.66815838982956	1917.3651775057206
1.162387265E8	298.72216099477896	1656.9967931612684
1.165980425E8	203.14375647062752	453.407467157153
1.169573585E8	569.5965417626825	2764.3130059967802
1.173166745E8	83.20285486869497	130.7914442909802
1.176759905E8	38.91201338097942	106.23449963977725
1.180353065E8	27.182866891538367	94.32940632636122
1.183946225E8	427.4729792160661	2329.6262839467727
1.187539385E8	170.6968017010097	274.01071478097606
1.191132545E8	166.0429482683766	263.47594274285217
1.194725705E8	361.6118848033486	829.825762836057
1.198318865E8	160.6211858085919	1841.2163929195165
1.201912025E8	50.08018568613699	234.8563547091992
1.205505185E8	144.29773792427835	210.42531439688668
1.209098345E8	94.32389039174431	247.39262094046154
1.212691505E8	273.0947606006969	585.7497962452344
1.216284665E8	212.29924634583486	616.9121791533008
1.219877825E8	176.76361475692704	291.60917036733787
1.223470985E8	87.55322334658072	243.1877696248876
1.227064145E8	24.564658963141078	63.14471618487291
1.230657305E8	144.83062262743658	123.76264754631622
1.234250465E8	91.50582217324026	294.18218019110543
1.237843625E8	307.61046822295697	1665.5840092298563
1.241436785E8	216.54864520366473	505.5810354611203
1.245029945E8	79.21244252969531	194.27937531612451
1.248623105E8	45.89301617517728	105.25210918231483
1.252216265E8	89.65940843157554	81.77537004270371
1.255809425E8	152.95283538723575	1790.5185356261338
1.259402585E8	232.12826036135323	458.47759903119817
1.262995745E8	239.85503846196661	450.21989028056953
1.266588905E8	356.50966836990284	912.4377896090843
1.270182065E8	200.39194191185476	1057.5477214215775
1.273775225E8	412.2101409344421	1313.0835840050015
1.277368385E8	60.622218325930376	221.46880561248753
1.280961545E8	149.95110710349664	207.178285205391
1.284554705E8	52.862953500539916	122.04067513708213
1.288147865E8	156.72440414565452	771.2314048953167
1.291741025E8	153.02406238519853	259.90571293075584
1.295334185E8	88.49243006156141	196.48958580413765
1.298927345E8	376.171893263868	2002.8679268063509
1.302520505E8	120.14186676908348	361.82493687441126
1.306113665E8	86.76519832125483	198.24001665542275
1.309706825E8	15.81674069621169	42.49474121953273
1.313299985E8	92.32588584978124	218.19938835070863
1.316893145E8	156.32588028365004	273.0876413715272
1.320486305E8	36.81611450645114	131.5210184761132
1.324079465E8	6.322256732235692	3.540992257474735
1.327672625E8	49.03981731957386	122.73770671118741
1.331265785E8	7.689011900388516	27.746439290425442
1.334858945E8	24.92556134433201	70.4916970144952
1.337730805E8	4.460019715794956	4.410794641202714
1.339527385E8	2.7694856509080825	44.23155673719941
1.342045265E8	10.00870821226998	33.49727867438368
1.345638425E8	55.57382916430106	322.42367011764566
1.349231585E8	621.0107871622749	143.95629178618248
1.352824745E8	57.82358425452805	45.50737128493658
1.356417905E8	39.70681517104721	97.77798044957636
1.360011065E8	46.745424640149615	31.816449533888242
1.363604225E8	43.374027318571954	58.404614417820454
1.367197385E8	82.25509857618364	77.59940893414966
1.370790545E8	103.78908259025482	688.0484756260738
1.374033365E8	23.723151067595975	102.33415569163402
1.375577225E8	61906.85571604179	233684.08957481894
1.375927565E8	7.55428933206711	35.06249818375358
1.376371405E8	5.215178945165341	22.82315491266346
1.37699935E8	3.024792537057174	5.8693564130368205
1.37786751E8	1.7716971727311719	10.919156480862505
1.37868371E8	3.2622737843139804	10.424775216570998
1.37942101E8	2.506760111793664	12.981245973764132
1.37980213E8	12.248561966184417	20.222804620989486
1.38019627E8	0.5009782326141385	2.091989764221017
1.38089538E8	1.5956751734576133	10.939840204497028
1.38156123E8	21.065774620328423	114.12901018913401
1.382206275E8	0.19664375898993128	1.5180181472608083
1.38280805E8	1.7413515618240027	12.687590062491742
1.38323179E8	0.019359863516670992	0.27479244037499556
1.383484915E8	0.0	0.0
1.38384028E8	2.1834806268587457	5.987681842464218
1.384312265E8	0.26135444600519303	0.6247631824782844
1.384772795E8	3.9897828014184396	4.274825802099762
1.38522045E8	5.101123595505618	12.484224807390072
1.385663025E8	18.043125340105206	107.76503223281001
1.38610046E8	0.9889588087499712	1.1680776567755493
1.38651258E8	1.988115058528214	1.8329201624226648
1.386833775E8	0.8470513532820065	4.063596741515693
1.387019305E8	0.25184749748068525	0.7882556651351996
1.38726341E8	0.0	0.0
1.387630385E8	2.9866783619319115	5.485729127080438
1.3879854E8	464.0204513194867	848.9891080604532
1.3883298E8	0.40117582001804475	1.4307963946702031
1.388668195E8	0.00897358943577431	0.09472903164170057
1.389001375E8	4.257834073718334	3.3268175801973565
1.389325255E8	13.225015893197712	79.7091903248959
1.38963047E8	0.11935909137004361	0.5479724499480227
1.38991991E8	0.22950008832361773	0.9428839836784086
1.390198715E8	0.033726689976689976	0.4790938173060531
1.39044446E8	1.396763933065966	5.650620889236215
1.390581695E8	0.09732360097323602	0.40116271747886734
1.39074104E8	0.0775033505648095	0.5292153870633889
1.391000815E8	1.0160603715170278	2.5594706665401064
1.39125904E8	3.4811470645223794	1.3945530265180264
1.391516555E8	0.7353101408669935	1.6542772443055962
1.391772845E8	12.582942097026605	91.51545808691333
1.39202833E8	1.051298116458472	1.6258957005032357
1.39227853E8	0.04897359506999143	0.3550005417556119
1.392522945E8	3.7889253486464316	6.024434114395098
1.392761035E8	0.0	0.0
1.392991635E8	0.013110742068001049	0.13254581989305209
1.393219065E8	0.20934347903026013	0.796715074939144
1.39344169E8	17.76570411933762	98.55595568824856
1.393656665E8	0.032077441396982063	0.1384577260392916
1.39386585E8	7.952463516832828	26.428110458290572
1.394057875E8	0.01700487473075615	0.16041833984682355
1.394157655E8	0.0	0.0
1.39426072E8	0.17689491229028909	0.7675662039717771
1.394433E8	0.0	0.0
1.394591395E8	0.24790619765494137	1.204295879718292
1.39474609E8	0.0	0.0
1.394898515E8	0.09934961507831165	0.6762594067665486
1.39504877E8	1.4952279249816458	5.201345453546683
1.39519712E8	0.1836317832096412	1.151817460175287
1.39534307E8	0.0	0.0
1.39548658E8	0.19860553560109867	0.956810851802587
1.395628065E8	0.242658533125266	0.5417719177801323
1.395768695E8	0.020958083832335328	0.1929022853734752
1.395908865E8	0.0	0.0
1.396048595E8	0.043041606886657105	0.2469323991623974
1.39618797E8	0.02045209903121636	0.12791277975625848
1.396327175E8	0.06321012512584497	0.3051643322339118
1.39646447E8	0.0	0.0
1.39659998E8	6.162299800723301	34.65594525178271
1.39673523E8	0.0	0.0
1.39687001E8	0.2277220364176886	0.5828593391979121
1.39700456E8	0.15607580824972128	0.6449068677559429
1.397138915E8	0.0	0.0
1.397272965E8	0.0	0.0
1.39740652E8	0.04505519261094841	0.3202743436143341
1.397539385E8	0.0	0.0
1.397671835E8	0.0	0.0
1.397738625E8	0.0	0.0
1.39780441E8	0.7556970766515768	2.5444261036701947
1.397935115E8	0.022886786695148	0.2025922937164658
1.39806605E8	0.0	0.0
1.398195725E8	4.362476664592408	9.726630602368028
1.398324245E8	0.0	0.0
1.39845262E8	0.19840960474000155	1.071287676309954
1.398580325E8	0.0666981280478213	0.36588000329747744
1.3987073E8	0.0	0.0
1.398833975E8	0.02370791844476055	0.1898315991504998
1.398960405E8	2.521136795440152	4.162498442869431
1.399086725E8	0.023749208359721344	0.1541077816326007
1.399212565E8	0.14047543075941288	0.7025230308015794
1.39933781E8	108.14185247342763	203.54255664293075
1.39946267E8	0.16775022072397464	0.8154145417329594
1.399587085E8	0.21732131358660656	0.7591468421073222
1.399711325E8	0.0	0.0
1.39983544E8	0.024276151302524397	0.15554902647418756
1.399959275E8	3.517949547218629	10.101101953386262
1.400082885E8	0.16966164804921482	0.7963714862520295
1.40020559E8	0.0	0.0
1.400327265E8	0.04939084622983207	0.36607899343849865
1.400448715E8	0.0	0.0
1.4005699E8	0.0	0.0
1.400690545E8	0.0	0.0
1.40081085E8	0.06211025193315041	0.32889706109036676
1.400930995E8	0.14797533744375937	0.961255774784166
1.40105101E8	0.022331472377301893	0.15437405024069845
1.40117094E8	0.1250730079265749	0.5721239585497184
1.401281635E8	0.0	0.0
1.40134155E8	0.0	0.0
1.401410485E8	3.2633383508947986	15.899145361137634
1.40153003E8	0.07472178060413355	0.35686602465281275
1.40164882E8	0.0	0.0
1.40176667E8	0.463827254951968	2.317302016106642
1.4018842E8	137.56058928723496	357.0583190344242
1.40200076E8	0.8256547670498746	2.908849511432742
1.402116215E8	0.0	0.0
1.402231315E8	0.0	0.0
1.402345955E8	0.0	0.0
1.402459205E8	0.10686274509803921	0.4579462796102974
1.402571045E8	0.0	0.0
1.402682415E8	0.0	0.0
1.4027885E8	13.627787137052819	34.94115982173231
1.40288828E8	0.1824632539280284	0.7704633580596283
1.402984445E8	0.0	0.0
1.40307799E8	0.0	0.0
1.403166425E8	0.0	0.0
1.40324819E8	0.0	0.0
1.403326835E8	0.11655011655011654	0.4779521193992432
1.403402015E8	0.0	0.0
1.4034742E8	0.0	0.0
1.40354483E8	0.1713551335142082	0.7538752280641609
1.403614525E8	2.4119088811995386	3.6352790468625993
1.403683705E8	5.467101449275362	6.093379633858278
1.403752505E8	2.0002915451895045	5.0955591481279034
1.403821105E8	0.0	0.0
1.40388953E8	0.423003663003663	1.0766928063600125
1.403957145E8	0.0	0.0
1.404023365E8	0.1825542315918118	0.6486254238168834
1.404088075E8	0.14071294559099437	0.7195996385316347
1.404151525E8	0.22990149348585956	0.6448199892662728
1.40421418E8	0.8175404842071509	2.9459619275699542
1.40427633E8	3.7492330050056517	6.033947775286471
1.404337675E8	0.42527978933508886	1.332976691385175
1.404398365E8	0.0	0.0
1.40445888E8	2.3789107763615296	6.543185458757132
1.404519085E8	0.1	0.48716869083853626
1.404579005E8	0.30080213903743314	1.1098579906268589
1.404638765E8	1.8602546916890081	5.960971140988667
1.404698365E8	0.20161290322580644	0.8980265101338745
1.4047577E8	0.3452240067624683	0.8609102890440504
1.40481673E8	33.206077066711934	142.7555171180035
1.404875345E8	0.0	0.0
1.404915035E8	0.0	0.0
1.404943895E8	0.0	0.0
1.404990715E8	0.05265005265005265	0.24854790640048002
1.405047025E8	444.87167505391807	555.6701024534286
1.40510262E8	0.0	0.0
1.405157995E8	1.2715579710144929	1.9551585428134037
1.40521292E8	1.22323879231473	2.8825118658745525
1.40526756E8	56.88467874794069	118.01176035117221
1.40532181E8	0.0	0.0
1.40537566E8	30.134683262121495	36.912622575058975
1.405429375E8	0.0	0.0
1.405482795E8	0.11269722013523667	0.5710259395082545
1.40553603E8	0.05635919594213789	0.26718591815445913
1.405589225E8	0.11286681715575621	0.45695033837185084
1.40564221E8	0.0	0.0
1.405694775E8	0.22362385321100917	0.6923566986497188
1.40574688E8	0.0	0.0
1.405798735E8	1.101312234658433	2.6791287027583524
1.405850135E8	0.0	0.0
1.40590093E8	0.0	0.0
1.405951535E8	0.0	0.0
1.40600212E8	0.0	0.0
1.406052535E8	0.0	0.0
1.406102665E8	1.08	3.8834005716639637
1.406152645E8	0.0	0.0
1.406202595E8	0.4527432919503404	0.8779093745050298
1.406252495E8	0.0	0.0
1.40630226E8	0.0	0.0
1.40635179E8	0.0	0.0
1.40640115E8	0.0	0.0
1.4064504E8	0.0	0.0
1.4064995E8	33.77666734652254	41.67090113774424
1.406548455E8	0.0	0.0
1.40659729E8	2.441893830703013	4.452454295318019
1.40664601E8	0.06166495375128469	0.24832429150464658
1.406694435E8	0.0	0.0
1.40674261E8	0.0	0.0
1.40679061E8	0.9003134796238245	1.796722896315456
1.40683806E8	0.0	0.0
1.40688509E8	0.0	0.0
1.406931635E8	0.0	0.0
1.40697758E8	0.0	0.0
1.40702335E8	0.0	0.0
1.40706898E8	0.0	0.0
1.40711432E8	0.0	0.0
1.40715925E8	1.5497651532095729	2.87983448417249
1.40720393E8	0.40313549832026874	1.1613406933570496
1.407248515E8	0.1347708894878706	0.4410434413533735
1.407292955E8	0.4733994589720469	1.7936869555470234
1.407337135E8	0.0	0.0
1.40738111E8	0.0	0.0
1.40742499E8	0.0	0.0
1.407468785E8	0.0	0.0
1.40751256E8	0.06762622801005255	0.26005043358943386
1.407556295E8	0.0	0.0
1.40759995E8	0.04631965145608805	0.30436705293473554
1.407643435E8	0.13768450184501846	0.4105953736777959
1.407686665E8	2.5051044083526683	3.8167113308227316
1.407729765E8	2.160092807424594	7.4390953220897025
1.40777284E8	0.0	0.0
1.40781584E8	91.19254947613504	169.29824823904778
1.40785876E8	20.062019118675682	46.746477456397585
1.40790157E8	0.0	0.0
1.407944295E8	0.0	0.0
1.407986935E8	0.0	0.0
1.40802937E8	0.0836681635547152	0.2627059523410438
1.40807165E8	0.21301775147928995	0.8058954371513105
1.408113885E8	0.0	0.0
1.408156105E8	1.2854097584083373	2.078800532337075
1.408198225E8	2.638267491670633	6.2354447364562
1.40824022E8	0.3168930188229688	1.0061758306775686
1.408282145E8	1.1260744985673352	2.8486160114195385
1.408324E8	0.0	0.0
1.408365825E8	0.07173601147776183	0.26783579200279006
1.40840755E8	0.0	0.0
1.408449115E8	0.07156626506024097	0.26751871908380725
1.40849054E8	0.07255139056831923	0.3047388717040355
1.40851497E8	0.0	0.0
1.408535395E8	0.0	0.0
1.40857247E8	0.0	0.0
1.408613235E8	0.07367387033398821	0.3655068875853075
1.40865389E8	12.180586351318059	27.477057105144993
1.408694335E8	0.0	0.0
1.40873455E8	0.0	0.0
1.408774675E8	0.0	0.0
1.408814765E8	0.29930104842735894	0.9523075477500677
1.40885475E8	0.0	0.0
1.408894625E8	0.0	0.0
1.408934395E8	0.0	0.0
1.408974065E8	0.0	0.0
1.409013685E8	2.5232323232323233	5.168254887857079
1.409053235E8	72.44835443037975	117.94576741296362
1.40909269E8	0.0	0.0
1.409132055E8	0.0	0.0
1.409171345E8	0.0	0.0
1.409210595E8	0.37003058103975534	0.7849891407340209
1.40924982E8	0.0	0.0
1.40928899E8	0.0	0.0
1.40932812E8	0.0	0.0
1.409367215E8	0.12928827444956478	0.41938437802142536
1.4094061E8	0.07724102299147508	0.27792269247306
1.409444775E8	0.8881987577639752	2.186562576424722
1.409483385E8	90.46863659927423	85.24023016005859
1.409521765E8	0.0	0.0
1.40955989E8	2.6792750197005515	7.9264082985859226
1.409597955E8	0.0	0.0
1.409636015E8	0.15738307934839726	0.4506665816768004
1.40967392E8	0.0	0.0
1.40971157E8	0.07989347536617843	0.367812839571154
1.40974907E8	0.0	0.0
1.40978648E8	0.0	0.0
1.409823815E8	0.16085790884718498	0.5908144058825846
1.40986105E8	0.16142050040355124	0.6802490483811893
1.409898215E8	0.56243272335845	1.634530510341039
1.40993536E8	0.0	0.0
1.409972465E8	0.0	0.0
1.41000941E8	0.0	0.0
1.410046115E8	1.228688524590164	2.6726197213339926
1.410082665E8	0.0821917808219178	0.39099451700601523
1.41011916E8	0.0	0.0
1.410155645E8	0.0	0.0
1.410192115E8	0.08228195282501372	0.3262177069387115
1.410228535E8	0.2473886750962067	0.8888163491261211
1.410264835E8	0.16565433462175594	0.6252553316104902
1.410301055E8	0.0	0.0
1.41033718E8	0.0	0.0
1.41037321E8	0.0	0.0
1.410409235E8	0.0	0.0
1.41044521E8	0.0	0.0
1.410481085E8	0.0	0.0
1.410516865E8	0.0	0.0
1.41055252E8	0.0	0.0
1.410588075E8	12.584130557118739	13.50638149262037
1.41062361E8	0.4145792288207149	1.5000703614232158
1.41065914E8	0.0	0.0
1.41069467E8	3.4528567407824373	4.485866098358979
1.41073012E8	2.324286118179248	3.6904924113260074
1.41076544E8	0.0	0.0
1.41080071E8	0.0	0.0
1.41083596E8	0.0	0.0
1.41087117E8	0.0	0.0
1.41090628E8	0.0	0.0
1.410941305E8	137.85465448315247	87.32280254698766
1.41097631E8	3.078593883966848	4.673048481363536
1.411011295E8	0.0	0.0
1.411046235E8	0.5151862464183381	1.244356889629301
1.411081075E8	0.0	0.0
1.41111585E8	0.15933275812482026	0.6655152553294441
1.4111506E8	0.0	0.0
1.411185295E8	1.7109059434506635	3.0746623813643024
1.41121994E8	0.0	0.0
1.411254545E8	10.645170618854829	8.934081584873859
1.411289005E8	0.0	0.0
1.411323185E8	0.0	0.0
1.411357175E8	0.0	0.0
1.4113911E8	0.2655650634405429	0.778889359161675
1.411424975E8	0.0	0.0
1.41145878E8	0.48533333333333334	1.2348039280552765
1.411492525E8	156.05097806757558	181.93600886540617
1.41152626E8	1.1283723688111473	4.202444476612366
1.41155995E8	0.0	0.0
1.411593515E8	0.0	0.0
1.41162699E8	0.9680310726023305	2.823034705368386
1.41166043E8	0.17958695001496558	0.48069589383787026
1.4116937E8	0.0	0.0
1.411726805E8	0.0	0.0
1.411759855E8	0.0	0.0
1.41179286E8	0.18187329493785995	0.6715994129284902
1.411825805E8	0.0	0.0
1.411858675E8	2.6479902557856274	7.654578370918989
1.41189148E8	0.0	0.0
1.41192424E8	0.366412213740458	1.1237885759157629
1.411956955E8	0.0890452876376989	0.3828483086254668
1.411989605E8	0.0	0.0
1.41202221E8	0.27615833077631174	0.8356875817399211
1.4120548E8	613.8524087143295	860.0093202931591
1.412087365E8	0.6004917025199754	0.30363501526568093
1.41210776E8	0.0	0.0
1.41212402E8	0.0	0.0
1.412152325E8	0.0	0.0
1.41218463E8	0.7102572048342113	1.8526440706947753
1.41221688E8	0.09370152032268073	0.36948446696858317
1.412249085E8	8.652268489745182	22.19676542374067
1.41228124E8	10.004046062869593	13.603003549625257
1.41231335E8	0.0	0.0
1.412345425E8	0.0	0.0
1.41237746E8	0.0	0.0
1.41240947E8	0.0	0.0
1.41244146E8	0.08820769471379418	0.3581134316149481
1.412473425E8	1.1836670838548184	3.3282554146476517
1.41250538E8	431.5511737089202	249.72894413725075
1.412537305E8	108.7846394984326	210.41215115632457
1.412569125E8	0.0	0.0
1.41260086E8	0.0	0.0
1.41263258E8	0.0	0.0
1.412664245E8	0.0	0.0
1.41269585E8	0.2567268122823678	0.8657969191212572
1.41272743E8	0.0	0.0
1.412758995E8	0.0	0.0
1.412790545E8	0.7507926442612556	1.5904359045616099
1.412822035E8	0.0	0.0
1.4128534E8	78.87440076701822	167.23026152800657
1.41288466E8	0.0	0.0
1.41291589E8	0.0	0.0
1.412947105E8	0.0	0.0
1.412978215E8	4.004190844616376	5.1766038669285805
1.413009225E8	0.0	0.0
1.413040225E8	0.387741935483871	0.965869155634681
1.41307117E8	0.08578828099708644	0.292896365626285
1.41310204E8	0.9494327390599676	1.7301783196619362
1.413132865E8	0.0	0.0
1.413163665E8	0.28344155844155844	0.768072304496826
1.41319445E8	0.48716282092947677	1.4216625731474408
1.413225215E8	0.0	0.0
1.41325596E8	0.0	0.0
1.41328669E8	0.7107061503416856	1.6645066814759755
1.41331738E8	0.0	0.0
1.413348E8	0.0	0.0
1.413378585E8	24.22367560497057	41.74477483819614
1.413409105E8	0.5981615233092581	1.8750355654320083
1.413439555E8	0.0	0.0
1.41346999E8	0.0	0.0
1.41350033E8	0.0	0.0
1.413530575E8	0.2166005291005291	0.8527499866212486
1.41356076E8	0.09956853634251576	0.41940960194672605
1.413590875E8	0.0	0.0
1.41362097E8	0.0	0.0
1.413651025E8	0.0	0.0
1.41368103E8	0.10003334444814939	0.31628048382432544
1.41371102E8	1.278759586528843	2.7807512520615623
1.413740995E8	0.7009345794392523	1.3222447232430887
1.41377093E8	0.0	0.0
1.413800805E8	1.5934986595174263	2.234718735863247
1.413830635E8	0.5030181086519114	1.2422799834755707
1.413860455E8	1.6737089201877935	3.004188893101197
1.41389022E8	0.10097610232245036	0.34126105063215084
1.413919895E8	0.0	0.0
1.4139495E8	0.0	0.0
1.413979065E8	0.0	0.0
1.41400857E8	0.0	0.0
1.41403801E8	0.0	0.0
1.41406741E8	0.5107252298263534	1.3644646219159857
1.41409678E8	0.0	0.0
1.414126105E8	0.0	0.0
1.41415538E8	21.946019815510763	36.189235205926735
1.414184645E8	0.0	0.0
1.414213895E8	0.0	0.0
1.414243125E8	75.95071868583162	52.715452110082786
1.414272345E8	3.2854209445585214	6.977474267919575
1.41430155E8	0.0	0.0
1.414330725E8	0.205761316872428	0.6829292190587324
1.414359875E8	1.7491420727522307	2.3126431766691486
1.414389E8	0.8244589488148403	3.0483338731620693
1.414418105E8	0.0	0.0
1.41444718E8	3.666092943201377	9.181231322968177
1.414476225E8	3.512396694214876	7.797673948573668
1.41450526E8	0.0	0.0
1.41453427E8	348.2800965850293	343.0701974817078
1.41456323E8	0.0	0.0
1.41459214E8	0.0	0.0
1.414621005E8	1.1952149791955617	1.3827248019570977
1.414649835E8	456.29597501734906	631.3336121029771
1.414678655E8	0.2081887578070784	0.8246716167682279
1.414707475E8	0.35981956974323387	0.9437695174942259
1.41473629E8	0.3120444290177022	0.8317293367983839
1.41476508E8	0.0	0.0
1.414793845E8	1.6689847009735743	3.24658802390143
1.41482258E8	0.0	0.0
1.414851235E8	0.0	0.0
1.414879835E8	0.2097902097902098	0.5413012035890858
1.414908425E8	0.0	0.0
1.41493699E8	0.9450087565674256	1.6437537664850004
1.41496551E8	252.4064584064584	417.8532342549539
1.414993995E8	0.0	0.0
1.415022465E8	0.0	0.0
1.415050915E8	0.0	0.0
1.41507934E8	0.0	0.0
1.415107725E8	0.21297602256699577	0.7459339712211267
1.415136075E8	0.0	0.0
1.41516441E8	0.0	0.0
1.415192725E8	0.0	0.0
1.41522102E8	0.0	0.0
1.415249305E8	0.21145685997171146	0.5940535124648729
1.41527757E8	0.631504424778761	1.6714150647233232
1.41530581E8	0.0	0.0
1.415334035E8	0.0	0.0
1.415362255E8	0.0	0.0
1.415390465E8	0.10638297872340426	0.3261640365267211
1.41541866E8	0.10642071656615822	0.43441846650894944
1.41544683E8	39.12255772646537	48.74929520827691
1.415474975E8	0.0	0.0
1.4155031E8	0.10672358591248667	0.3266857601924006
1.415531175E8	0.0	0.0
1.41555919E8	3.2000714540907467	4.721958465197732
1.415587165E8	0.0	0.0
1.41561512E8	0.0	0.0
1.41564307E8	0.3220035778175313	1.0879071832449645
1.415671015E8	0.0	0.0
1.415695015E8	15.274177467597209	21.38097429525971
1.41570898E8	3.9491740787801777	3.045817012009755
1.41572688E8	0.0	0.0
1.4157548E8	0.0	0.0
1.415782705E8	1.803225806451613	3.243134463286005
1.415810595E8	0.0	0.0
1.41583847E8	2.351632579834948	5.84312316034445
1.415866325E8	0.0	0.0
1.41589416E8	151.41214516708587	160.47180930315352
1.41592198E8	0.0	0.0
1.41594971E8	0.20397830018083182	0.5102919066750747
1.415977345E8	0.18501086169442432	0.5965748240055219
1.41600491E8	0.0	0.0
1.416032415E8	0.0	0.0
1.41605989E8	0.2185792349726776	0.645003212316029
1.416087335E8	0.0	0.0
1.416114735E8	0.0	0.0
1.41614208E8	0.0	0.0
1.416169385E8	98.39992668621701	72.57951954161378
1.41619657E8	164.43779992617203	53.5824504473196
1.416223655E8	0.07828655834564253	0.39382230995315515
1.41625071E8	0.09729929707732149	0.34245744190928734
1.416277715E8	0.0	0.0
1.41630469E8	0.0	0.0
1.416331645E8	251.33333333333334	401.1335867478856
1.41635856E8	0.0	0.0
1.416385445E8	1.0718005952380953	2.2333211175927463
1.416412325E8	0.0	0.0
1.416439195E8	4.879002233804914	8.019313061643144
1.41646598E8	9.042680643953576	6.405024235308233
1.416492685E8	0.0	0.0
1.41651938E8	1.8654926938928438	3.781598481305282
1.416546065E8	0.0	0.0
1.41657273E8	225.9906191369606	225.76075101296107
1.416599375E8	0.0	0.0
1.41662593E8	5.174914998111069	4.861862098010185
1.416652385E8	0.0	0.0
1.416678815E8	64.08516275548827	88.20283210429682
1.41670523E8	0.0	0.0
1.41673163E8	0.0	0.0
1.41675801E8	0.0	0.0
1.416784375E8	10.92412746585736	25.527017137640108
1.41681073E8	0.0	0.0
1.41683705E8	0.33282616964625333	0.3378044250642687
1.416863335E8	0.0	0.0
1.416889605E8	0.0	0.0
1.416915825E8	0.0	0.0
1.416942E8	0.0	0.0
1.416968145E8	0.0	0.0
1.41699426E8	0.0	0.0
1.41702034E8	0.0	0.0
1.41704638E8	0.0	0.0
1.41707241E8	1.145985401459854	1.9830243843174349
1.41709838E8	0.0	0.0
1.417124275E8	0.11746522411128284	0.3404697182675531
1.417150135E8	0.0	0.0
1.41717597E8	0.0	0.0
1.41720177E8	0.0	0.0
1.41722754E8	0.0	0.0
1.417253305E8	0.2329192546583851	0.7761987323164664
1.41727906E8	1.014368932038835	1.026824684178772
1.41730481E8	0.0	0.0
1.41733056E8	0.11650485436893204	0.3536220350732126
1.417356305E8	0.8162393162393162	1.576586656554433
1.417382025E8	0.0	0.0
1.4174077E8	0.0	0.0
1.41743333E8	0.0	0.0
1.41745892E8	0.0	0.0
1.417484485E8	0.0	0.0
1.41751004E8	6.389432485322896	14.541512208137533
1.41753556E8	0.0	0.0
1.41756104E8	504.75225755791126	678.6379144464481
1.41758648E8	0.2361275088547816	0.8265564664839913
1.41761189E8	1.1806375442739079	2.3738540390721927
1.417637275E8	0.0	0.0
1.4176626E8	0.0	0.0
1.41768789E8	0.0	0.0
1.417713145E8	0.0	0.0
1.41773836E8	4.185640618802062	7.902519946156732
1.41776357E8	0.0	0.0
1.417788775E8	0.0	0.0
1.417813975E8	0.7932539682539682	2.393194716771068
1.41783916E8	8.2010329757648	17.299966355914474
1.417864325E8	0.0	0.0
1.41788946E8	2.832337714058144	5.926874177417156
1.41791457E8	0.0	0.0
1.417939675E8	0.0	0.0
1.417964765E8	0.1419457735247209	0.38096662083205896
1.41798983E8	0.0	0.0
1.418014855E8	0.0	0.0
1.41803981E8	15.9044560417503	10.02351710842068
1.4180647E8	0.0	0.0
1.41808953E8	0.0	0.0
1.41811431E8	82.0742834073476	123.23797591698208
1.418139075E8	0.4834410339256866	0.9892393579259724
1.41816383E8	0.0	0.0
1.41818857E8	0.09704811969268096	0.4405635474995201
1.418213285E8	0.0	0.0
1.418237955E8	0.0	0.0
1.41826259E8	0.48721071863581	1.0238725813944742
1.418287215E8	0.2437043054427295	0.5657428636887828
1.41831178E8	0.9702162382700938	1.7770466332772772
1.41833627E8	0.36779730281977935	0.7824181601675876
1.418360715E8	0.0	0.0
1.41838512E8	0.0	0.0
1.418409505E8	1.5488105004101722	2.5332894373238855
1.418433885E8	0.0	0.0
1.418458265E8	18.294093519278096	26.749000425997075
1.41848263E8	0.0	0.0
1.418506975E8	0.0	0.0
1.418531305E8	0.0	0.0
1.41855562E8	0.0	0.0
1.41857992E8	1.07739810621655	2.3592533934959397
1.418604205E8	0.7413509060955519	1.229778780283237
1.41862847E8	0.0	0.0
1.41865272E8	0.0	0.0
1.41867695E8	0.0	0.0
1.41870116E8	1.49029326724494	2.7763234524156
1.418725365E8	0.0	0.0
1.41874956E8	0.0	0.0
1.41877374E8	0.0	0.0
1.41879789E8	0.0	0.0
1.418822015E8	0.0	0.0
1.418846075E8	0.0	0.0
1.418870045E8	0.0	0.0
1.418893965E8	6.660251046025104	9.153296957287278
1.418917865E8	0.0	0.0
1.41894176E8	0.0	0.0
1.41896563E8	0.0	0.0
1.41898948E8	0.0	0.0
1.41901333E8	11.174423480083858	9.486744586587806
1.419037175E8	348.10822147651004	393.3601409692595
1.41906101E8	8.149391523289971	12.367756191073886
1.41908484E8	156.45362987830467	147.92447404328317
1.419108665E8	0.0	0.0
1.41913248E8	0.0	0.0
1.41915629E8	587.0806383872323	422.75337565969517
1.41918009E8	28.189995796553173	71.33068943413643
1.41920388E8	0.9970575872215216	2.3022915645259685
1.419227665E8	0.0	0.0
1.41925143E8	1.0063157894736843	0.5138093031466052
1.419275165E8	0.0	0.0
1.419292615E8	4.023255813953488	6.752989134748037
1.41930446E8	0.0	0.0
1.419322555E8	0.0	0.0
1.419346225E8	0.0	0.0
1.41936987E8	0.0	0.0
1.41939347E8	0.0	0.0
1.41941703E8	0.5082802547770701	1.4020003907065794
1.419440575E8	0.0	0.0
1.41946411E8	0.0	0.0
1.419487635E8	0.07738095238095238	0.3933978962347216
1.419511115E8	0.6399317406143344	1.5789788033515355
1.419534545E8	0.10503842869342442	0.3810184563086444
1.419557965E8	6.4402220324508965	7.6483617910703625
1.41958135E8	0.13019271948608138	0.35844059115504806
1.419604675E8	1.5622317596566524	4.0998796172005445
1.419627965E8	0.0	0.0
1.419651245E8	104.43384879725086	43.847189544232315
1.419674515E8	352.12338779019774	287.3372319535427
1.41969777E8	0.0	0.0
1.419721005E8	0.0	0.0
1.419744205E8	0.0	0.0
1.41976738E8	0.0	0.0
1.419790505E8	3.5090987868284227	5.451972438136909
1.41981358E8	0.0	0.0
1.419836635E8	30.26519097222222	29.911632004400342
1.41985967E8	3.8697351280937906	8.840409725593602
1.41988266E8	1.5686274509803921	2.9217089934259013
1.4199056E8	0.13083296990841692	0.36170840453107655
1.41992852E8	0.13094718463553034	0.4510040208252292
1.41995142E8	0.0	0.0
1.4199743E8	0.0	0.0
1.419997165E8	0.26246719160104987	0.7245235560022184
1.420020015E8	1.181260945709282	1.656595373400934
1.42004285E8	0.0	0.0
1.420065675E8	0.0	0.0
1.42008845E8	0.0	0.0
1.420111165E8	4.77136563876652	3.7121659730477767
1.42013386E8	0.0	0.0
1.420156535E8	0.0	0.0
1.42017916E8	0.0	0.0
1.42020175E8	0.0	0.0
1.42022431E8	0.0	0.0
1.420246815E8	0.0	0.0
1.42026929E8	0.0	0.0
1.42029171E8	0.0	0.0
1.420314065E8	0.0	0.0
1.420336395E8	0.0	0.0
1.420358715E8	36.17607526881721	34.50056490109436
1.420381015E8	0.0	0.0
1.42040329E8	0.0	0.0
1.42042554E8	0.0	0.0
1.42044776E8	0.0	0.0
1.420469965E8	0.0	0.0
1.42049215E8	0.0	0.0
1.420514315E8	0.0	0.0
1.420536445E8	0.0	0.0
1.42055854E8	0.2698053417836125	0.734581978792854
1.42058062E8	0.13593112822836428	0.4535516590043424
1.420602685E8	49.37987307343608	38.182424649707
1.42062474E8	0.0	0.0
1.42064677E8	0.0	0.0
1.420668775E8	0.0	0.0
1.420690765E8	0.27388535031847133	0.7388848790049787
1.420712745E8	0.0	0.0
1.420734715E8	0.0	0.0
1.420756655E8	0.0	0.0
1.420778565E8	41.84109589041096	48.61421612175208
1.42080046E8	0.0	0.0
1.42082235E8	0.09730470534490634	0.31193702144007585
1.42084423E8	0.16826703246456332	0.41573970964154905
1.42086609E8	0.13729977116704806	0.3705398374899088
1.4208879E8	0.0	0.0
1.420909665E8	0.13786764705882354	0.42117657328293195
1.42093141E8	0.0	0.0
1.420953105E8	0.30424746075715603	0.39851988391580867
1.42097474E8	0.0	0.0
1.42099635E8	0.0	0.0
1.42101794E8	0.49327770050996755	1.0945136498965744
1.42103946E8	0.0	0.0
1.42106089E8	0.0	0.0
1.421082245E8	0.0	0.0
1.42110355E8	0.0	0.0
1.421124825E8	0.0	0.0
1.421146075E8	0.0	0.0
1.421167315E8	4.268832391713747	6.761194247021087
1.42118853E8	11.454931571495989	14.970444375955955
1.42120971E8	0.14170996693434104	0.376443843002301
1.421230865E8	0.0	0.0
1.421252E8	0.14150496923805017	0.37617146255138784
1.42127313E8	0.0	0.0
1.42129426E8	0.11831519167061051	0.37046676279783614
1.421315385E8	0.0	0.0
1.42133649E8	0.0	0.0
1.421357575E8	0.0	0.0
1.42137864E8	0.0	0.0
1.42139969E8	0.5700712589073634	1.4262553332185797
1.42142073E8	0.0	0.0
1.421441755E8	0.0	0.0
1.421462745E8	0.0	0.0
1.421483705E8	0.1431297709923664	0.3783249542289887
1.421504655E8	0.0	0.0
1.421525595E8	0.0	0.0
1.421546525E8	1.2906309751434035	2.1118349926850044
1.421567435E8	3.14688995215311	5.9654908716477735
1.42158833E8	0.0	0.0
1.421609215E8	0.12452107279693486	0.3528754352415805
1.42163009E8	2.289889793962626	6.398857408787691
1.42165096E8	0.0	0.0
1.421671825E8	0.0	0.0
1.421692675E8	0.0	0.0
1.4217135E8	5.186448822681403	12.596689953695147
1.4217343E8	0.0	0.0
1.42175509E8	0.0	0.0
1.421775875E8	0.0	0.0
1.421796645E8	0.7230250481695568	1.689819910369081
1.421817365E8	0.0	0.0
1.421838025E8	46.11337209302326	106.21247171253864
1.42185866E8	0.1434803683955405	0.3787880256760244
1.42187929E8	35.79641299079011	46.42204020475287
1.421899915E8	0.2075654704170708	0.8426092218098212
1.421920525E8	0.0	0.0
1.421941125E8	0.0	0.0
1.421961725E8	0.14563106796116504	0.40145366923679915
1.42198232E8	0.5828071879553182	1.2170873439156973
1.422002865E8	0.0	0.0
1.422023345E8	0.0	0.0
1.422043795E8	0.0	0.0
1.42206423E8	0.0	0.0
1.42208462E8	0.0	0.0
1.42210496E8	0.0	0.0
1.42212529E8	0.0	0.0
1.422145605E8	0.5911330049261084	1.5377034888769792
1.42216589E8	11.63739516526887	19.760230250581447
1.42218613E8	0.14844136566056407	0.3878409259856051
1.422206335E8	0.0	0.0
1.42222652E8	0.2974714923153198	0.8749247435587948
1.422246675E8	0.0	0.0
1.422266795E8	0.0	0.0
1.42228689E8	0.0	0.0
1.422306975E8	0.448207171314741	1.158718896916639
1.422327045E8	0.0	0.0
1.422347105E8	0.0	0.0
1.42236716E8	0.0	0.0
1.42238721E8	0.29925187032418954	0.9967528326903863
1.422407225E8	0.0	0.0
1.422427205E8	0.3008008008008008	0.809725666911736
1.422447185E8	0.45045045045045046	1.193911816435965
1.42246715E8	0.0	0.0
1.42248709E8	0.0	0.0
1.422507005E8	0.0	0.0
1.422526905E8	21.930653266331657	9.606975062382862
1.422546795E8	0.0	0.0
1.422566665E8	0.0	0.0
1.422586525E8	0.0	0.0
1.422606355E8	0.0	0.0
1.422626145E8	0.0	0.0
1.422645915E8	0.1513157894736842	0.38899330260774956
1.422665675E8	0.0	0.0
1.42268543E8	0.45569620253164556	1.050617660404788
1.422705175E8	0.6073961499493414	1.0404679019142686
1.422724895E8	0.0	0.0
1.422744575E8	0.1525940996948118	0.3906329475285102
1.422764235E8	0.0	0.0
1.422783895E8	0.0	0.0
1.422803545E8	0.0	0.0
1.42282318E8	0.0	0.0
1.422842805E8	0.0	0.0
1.422862425E8	3.1952089704383284	4.382862092551414
1.4228818E8	0.0	0.0
1.42289161E8	0.0	0.0
1.42290166E8	0.0	0.0
1.42292127E8	0.29576746557878636	0.8204425367719692
1.42294088E8	0.0	0.0
1.422960465E8	0.0	0.0
1.422980025E8	20.318507157464214	34.0444945235197
1.42299954E8	0.0	0.0
1.42301901E8	0.7642526964560863	1.359023184657106
1.42303848E8	0.0	0.0
1.423057945E8	0.0	0.0
1.4230774E8	0.15424164524421594	0.39273610127440023
1.423096845E8	0.0	0.0
1.42311628E8	0.0	0.0
1.42313569E8	0.0	0.0
1.423155065E8	0.7820247933884298	1.523914055840019
1.423174425E8	0.0	0.0
1.42319378E8	0.0	0.0
1.42321312E8	0.0	0.0
1.42323245E8	0.0	0.0
1.42325177E8	0.0	0.0
1.42327107E8	0.9077242094349404	1.9248450618640653
1.423290355E8	0.0	0.0
1.423309635E8	0.0	0.0
1.42332891E8	0.0	0.0
1.423348175E8	4.3686396677050885	4.457891133047303
1.423367435E8	0.0	0.0
1.423386685E8	0.0	0.0
1.423405905E8	0.0	0.0
1.42342509E8	0.3129890453834116	0.7911877721292356
1.423444255E8	0.0	0.0
1.423463415E8	0.0	0.0
1.42348253E8	0.15731515469323545	0.41345995545717507
1.423501595E8	0.0	0.0
1.42352065E8	0.0	0.0
1.423539695E8	0.15703781512605042	0.4366363023205946
1.42355873E8	0.0	0.0
1.42357776E8	0.1576458223857068	0.4731353588432211
1.42359679E8	0.0	0.0
1.423615815E8	0.15772870662460567	0.43505683301096054
1.42363483E8	0.46291425565491845	0.9939321428959557
1.423653835E8	0.0	0.0
1.423672835E8	0.0	0.0
1.42369183E8	0.0	0.0
1.4237108E8	0.0	0.0
1.42372975E8	0.0	0.0
1.42374869E8	0.0	0.0
1.42376761E8	0.0	0.0
1.423786515E8	0.0	0.0
1.423805415E8	43.952910052910056	31.504723757678295
1.423824305E8	0.1530720338983051	0.4597115897633122
1.423843155E8	0.0	0.0
1.423861925E8	0.16025641025641027	0.44816816135765475
1.423880645E8	0.0	0.0
1.42389936E8	0.32068412613575625	0.8008547010984655
1.423918065E8	0.0	0.0
1.423936765E8	0.0	0.0
1.42395546E8	0.16051364365971107	0.49285966299244804
1.42397415E8	0.0	0.0
1.42399284E8	0.0	0.0
1.424011525E8	0.0	0.0
1.42403019E8	0.0	0.0
1.42404883E8	951.9452495974235	868.7241068404225
1.42406746E8	0.0	0.0
1.424086055E8	0.0	0.0
1.424104605E8	0.32793959007551243	0.6842345466131161
1.42412313E8	0.0	0.0
1.42414163E8	0.0	0.0
1.42416009E8	0.0	0.0
1.42417852E8	0.0	0.0
1.42419695E8	0.0	0.0
1.42421538E8	0.32555615843733043	0.8728123571211359
1.424233805E8	0.0	0.0
1.42425222E8	0.0	0.0
1.42427063E8	0.0	0.0
1.424288995E8	0.0	0.0
1.424307315E8	0.0	0.0
1.424325625E8	0.0	0.0
1.42434392E8	0.0	0.0
1.42436221E8	0.0	0.0
1.424380485E8	0.11555312157721796	0.39088743922309366
1.42439871E8	0.0	0.0
1.424416895E8	0.0	0.0
1.424435075E8	0.16501650165016502	0.4655337497617296
1.42445323E8	0.0	0.0
1.42447136E8	0.0	0.0
1.424489455E8	0.0	0.0
1.4245075E8	0.0	0.0
1.424525525E8	0.0	0.0
1.42454354E8	0.1665741254858412	0.458130328740807
1.424561545E8	0.0	0.0
1.424579545E8	1.6666666666666667	4.105010488550683
1.424597535E8	0.0	0.0
1.42461551E8	0.0	0.0
1.42463346E8	0.0	0.0
1.424651385E8	0.0	0.0
1.42466928E8	0.0	0.0
1.424687145E8	0.0	0.0
1.424705E8	0.0	0.0
1.42472285E8	0.5014005602240896	0.9151693908810555
1.424740655E8	0.0	0.0
1.42475841E8	0.0	0.0
1.42477616E8	1.9921126760563381	2.9505788403223097
1.42479391E8	0.0	0.0
1.424811635E8	0.0	0.0
1.42482933E8	0.0	0.0
1.424847005E8	47.59286523216308	60.09345307983023
1.42486464E8	0.0	0.0
1.424882225E8	1.3661731207289294	2.779890363449937
1.424899775E8	4.021664766248574	3.2215777631344653
1.4249173E8	0.34266133637921187	0.8278421786538928
1.42493479E8	0.0	0.0
1.42495226E8	0.0	0.0
1.42496973E8	0.0	0.0
1.42498718E8	0.0	0.0
1.4250046E8	0.0	0.0
1.425021995E8	0.17261219792865362	0.4330957420122449
1.42503937E8	0.0	0.0
1.425056725E8	0.0	0.0
1.42507406E8	0.345066358915176	0.8845666538095006
1.425091385E8	0.0	0.0
1.425108685E8	0.0	0.0
1.425125945E8	0.0	0.0
1.425143185E8	1.0440835266821347	1.567876480763939
1.4251604E8	0.0	0.0
1.42517759E8	12.385689354275742	15.360189698508643
1.425194765E8	0.0	0.0
1.425211925E8	0.0	0.0
1.42522908E8	0.0	0.0
1.425246225E8	0.0	0.0
1.42526336E8	0.0	0.0
1.425280485E8	1.4684579439252337	2.355149458519059
1.425297595E8	2.1023391812865495	2.937457228754188
1.425314695E8	1.5789473684210527	3.3931475494587118
1.42533179E8	0.0	0.0
1.425348875E8	0.0	0.0
1.425365935E8	0.0	0.0
1.42538297E8	0.0	0.0
1.4254E8	0.0	0.0
1.425416995E8	0.0	0.0
1.425433925E8	5.929585798816568	10.449993629849988
1.425450825E8	0.5325443786982249	1.0193396168293813
1.42546771E8	0.0	0.0
1.42548457E8	0.769139465875371	0.9853526684926763
1.42550141E8	0.0	0.0
1.42551824E8	24.850267379679146	29.68800930701132
1.42553507E8	2.3125371360665476	3.832500103196113
1.425551885E8	0.0	0.0
1.42556868E8	0.714711137581894	1.6623927730784094
1.425585465E8	0.0	0.0
1.42560223E8	0.0	0.0
1.42561894E8	1.799640071985603	3.083423178919809
1.42563556E8	0.0	0.0
1.425652095E8	0.09696969696969697	0.3113995776646092
1.42566857E8	0.0	0.0
1.42568501E8	0.0	0.0
1.42570144E8	0.0	0.0
1.42571786E8	0.0	0.0
1.42573425E8	0.0	0.0
1.42575062E8	0.0	0.0
1.42576699E8	176.88698839340256	224.09361317287642
1.425783355E8	0.0	0.0
1.425799685E8	0.0	0.0
1.42581598E8	0.0	0.0
1.42583225E8	1.795076923076923	2.492573585056834
1.4258485E8	0.0	0.0
1.42586474E8	0.0	0.0
1.425880965E8	0.0	0.0
1.42589717E8	63.36812847436689	96.31622562215357
1.425913335E8	0.37174721189591076	1.017809198139123
1.42592946E8	1.1086281812538796	2.0266688718992216
1.425945565E8	3.878260869565217	7.3645955137227554
1.425961665E8	0.7453416149068323	1.361402273050961
1.425977755E8	1.1194029850746268	1.5481492722454864
1.42599378E8	0.37570444583594237	1.1927562624297703
1.42600974E8	0.0	0.0
1.426025685E8	2.1016311166875785	2.821098142610142
1.426041585E8	0.0	0.0
1.426057445E8	0.0	0.0
1.426073305E8	0.0	0.0
1.42608914E8	0.0	0.0
1.42610493E8	0.0	0.0
1.4261207E8	0.0	0.0
1.42613646E8	0.0	0.0
1.4261522E8	0.0	0.0
1.42616792E8	0.0	0.0
1.42618361E8	0.18123803446075304	0.6020598549326355
1.426199275E8	11.32183908045977	8.739891077174157
1.426214905E8	0.19230769230769232	0.461324736840019
1.426230505E8	0.0	0.0
1.426246095E8	0.0	0.0
1.426261665E8	0.0	0.0
1.426277225E8	0.0	0.0
1.42629278E8	0.0	0.0
1.42630832E8	0.38570508692852545	0.7055113730399614
1.426323845E8	0.5798969072164949	1.3470089048297793
1.426339355E8	0.0	0.0
1.426354855E8	0.16129032258064516	0.4016096644512494
1.42637035E8	0.0	0.0
1.426385825E8	0.0	0.0
1.426401275E8	0.0	0.0
1.42641671E8	7.808165910563837	9.35079993874809
1.42643213E8	0.0	0.0
1.426447535E8	0.0	0.0
1.426462925E8	0.0	0.0
1.42647757E8	0.21567217828900073	0.5058962194985722
1.42648524E8	0.0	0.0
1.42649362E8	0.7632093933463796	1.3519573401947482
1.42650895E8	0.0	0.0
1.426524275E8	0.19451697127937337	0.4556004845987103
1.42653958E8	0.0	0.0
1.42655486E8	2.3025540275049114	6.394885808641658
1.42657012E8	0.0	0.0
1.42658537E8	0.0	0.0
1.42660062E8	32.826885245901636	29.874612282277297
1.42661585E8	0.0	0.0
1.426631055E8	0.0	0.0
1.42664625E8	0.0	0.0
1.426661435E8	0.0	0.0
1.426676605E8	0.0	0.0
1.426691735E8	0.0	0.0
1.42670683E8	0.7952286282306164	1.2611333222388634
1.426721915E8	0.0	0.0
1.426736975E8	49.630984042553195	88.05182755120067
1.426752015E8	0.0	0.0
1.426767045E8	0.0	0.0
1.426782025E8	0.0	0.0
1.426796955E8	0.0	0.0
1.426811875E8	2.611260053619303	3.0055801543700618
1.426826785E8	0.0	0.0
1.42684168E8	0.0	0.0
1.426856565E8	0.0	0.0
1.42687144E8	0.5480833893745797	1.1646554541290521
1.42688631E8	2.425016812373907	6.891902405186052
1.42690117E8	2.012794612794613	2.27191904820928
1.426916015E8	0.0	0.0
1.426930845E8	0.0	0.0
1.426945645E8	0.0	0.0
1.426960415E8	0.0	0.0
1.42697517E8	0.0	0.0
1.42698991E8	0.0	0.0
1.42700463E8	0.20394289598912305	0.5214631926788609
1.427019325E8	0.0	0.0
1.427034E8	0.0	0.0
1.427048665E8	0.0	0.0
1.427063315E8	0.0	0.0
1.427077945E8	0.4103967168262654	0.9059765083337044
1.42709256E8	0.0	0.0
1.42710717E8	0.0	0.0
1.42712177E8	0.0	0.0
1.427136355E8	20.32647462277092	23.99178242946241
1.427150925E8	0.0	0.0
1.42716547E8	0.0	0.0
1.427179995E8	0.0	0.0
1.427194515E8	0.0	0.0
1.42720903E8	0.39972432804962094	1.1382698128218678
1.427223515E8	0.0	0.0
1.427237975E8	0.0	0.0
1.42725243E8	0.0	0.0
1.42726687E8	1.2494802494802495	1.6829420169137832
1.42728129E8	0.0	0.0
1.427295695E8	1526.2347222222222	1686.2261214436483
1.427310075E8	0.0	0.0
1.427324415E8	0.0	0.0
1.427338735E8	0.0	0.0
1.427353055E8	0.0	0.0
1.427367365E8	0.0	0.0
1.42738166E8	0.2092372288313506	0.48417937905147346
1.42739595E8	15.351994401679496	13.373778172873022
1.42741022E8	0.0	0.0
1.427424465E8	0.0	0.0
1.427438705E8	0.0	0.0
1.427452945E8	0.0	0.0
1.42746718E8	0.0	0.0
1.427481405E8	1.3150492264416316	1.7338769027598386
1.42749562E8	0.0	0.0
1.42750982E8	0.0	0.0
1.427523995E8	1.2076271186440677	2.600114078331753
1.427538155E8	0.8001412429378532	1.9107930143013463
1.427552315E8	0.211864406779661	0.4602873089491617
1.42756647E8	0.16890459363957597	0.4109800404394062
1.427580605E8	0.0	0.0
1.427594725E8	0.0	0.0
1.42760884E8	0.0	0.0
1.427622945E8	0.0	0.0
1.427637035E8	0.0	0.0
1.427651115E8	0.0	0.0
1.42766519E8	0.0	0.0
1.427679255E8	0.0	0.0
1.427693305E8	0.0	0.0
1.427707335E8	0.0	0.0
1.42772132E8	0.0	0.0
1.427735265E8	0.0	0.0
1.4277492E8	3.977745872218234	3.862217820060232
1.42776312E8	0.0	0.0
1.42777703E8	0.0	0.0
1.42779094E8	0.0	0.0
1.427804825E8	0.8585858585858586	1.3526735858017742
1.427818685E8	0.0	0.0
1.42783254E8	0.0	0.0
1.427846385E8	0.43352601156069365	1.1679733942650332
1.42786022E8	7.908170643528561	5.5160319815427785
1.427874045E8	0.2170767004341534	0.5706268926814001
1.42788786E8	0.0	0.0
1.42790167E8	0.0	0.0
1.427915475E8	0.0	0.0
1.427929275E8	1.0869565217391304	2.1427329156537653
1.42794307E8	3.4249456127628717	6.198317861119191
1.427956855E8	1.0682148040638606	2.235743415776983
1.42797063E8	0.0	0.0
1.4279844E8	3.1510530137981116	5.043024763515652
1.42799817E8	0.0	0.0
1.42801194E8	0.15758896151053015	0.49836333439760133
1.428025705E8	0.0	0.0
1.42803946E8	0.0	0.0
1.428053205E8	0.17467248908296942	0.4179383795285729
1.428066945E8	0.0	0.0
1.42808068E8	0.0	0.0
1.4280944E8	0.0	0.0
1.4281081E8	0.0	0.0
1.428121785E8	0.0	0.0
1.428135455E8	0.22693997071742314	0.46550087949869184
1.42814909E8	0.0	0.0
1.428162695E8	7189.077205882353	5547.171021181453
1.428176275E8	2.704277286135693	3.893114714838346
1.428189835E8	4.311946902654867	6.404103127929495
1.42820339E8	0.0	0.0
1.42821694E8	0.0	0.0
1.428230475E8	0.0	0.0
1.42824399E8	0.0	0.0
1.42825748E8	0.0	0.0
1.42827095E8	4.009651076466222	2.684609273018153
1.428284415E8	0.0	0.0
1.428297865E8	0.0	0.0
1.4283113E8	0.4467609828741623	1.0440770077982544
1.42832472E8	55.39746457867263	95.60113197810944
1.428338125E8	5.377611940298507	3.9119029991331415
1.428351525E8	0.0	0.0
1.428364925E8	0.0	0.0
1.42837832E8	0.0	0.0
1.42839171E8	0.0	0.0
1.42840509E8	0.0	0.0
1.42841846E8	0.0	0.0
1.428431825E8	0.0	0.0
1.428445175E8	0.0	0.0
1.42845851E8	0.0	0.0
1.42847184E8	76.58889722430608	63.67915285732967
1.42848517E8	0.0	0.0
1.428498495E8	0.6756756756756757	1.4237369936287485
1.428511805E8	1.4488721804511278	2.268946958558503
1.428525105E8	0.0	0.0
1.428538395E8	0.9036144578313253	1.9011727515734338
1.42855167E8	0.0	0.0
1.428564935E8	0.0	0.0
1.428578195E8	0.0	0.0
1.42859144E8	0.0	0.0
1.42860467E8	0.0	0.0
1.428617895E8	0.8683812405446294	1.489245359162888
1.428631085E8	0.0	0.0
1.42864424E8	0.0	0.0
1.42865739E8	0.0	0.0
1.42867054E8	0.22813688212927757	0.5570154034636902
1.42868369E8	0.18403041825095057	0.6066801764537071
1.428696825E8	0.0	0.0
1.42870994E8	0.0	0.0
1.42872305E8	0.22578184591914569	0.601929265428846
1.428736155E8	0.0	0.0
1.428749255E8	7.996946564885496	12.25803989162757
1.42876235E8	1.8319327731092436	2.202679110438007
1.428775435E8	0.0	0.0
1.428788505E8	0.0	0.0
1.428801555E8	19.620398773006134	21.057236489837813
1.428814595E8	0.0	0.0
1.428827635E8	0.0	0.0
1.428840675E8	0.23006134969325154	0.5900504293723156
1.42885371E8	0.0	0.0
1.42886674E8	0.0	0.0
1.428879765E8	0.0	0.0
1.42889278E8	0.0	0.0
1.42890579E8	1.1514219830899308	1.3419844885130696
1.42891879E8	3.9168591224018474	7.297589423458922
1.42893177E8	0.0	0.0
1.42894474E8	0.0	0.0
1.42895771E8	0.0	0.0
1.428970675E8	0.0	0.0
1.42898363E8	0.0	0.0
1.428996575E8	0.0	0.0
1.429009515E8	0.0	0.0
1.429022455E8	0.0	0.0
1.42903539E8	1.3588553750966743	1.9566058020207238
1.42904831E8	0.0	0.0
1.429061215E8	0.0	0.0
1.42907411E8	0.0	0.0
1.42908699E8	136.12043512043513	80.7318169164194
1.429099855E8	0.0	0.0
1.42911271E8	0.0	0.0
1.429125555E8	0.0	0.0
1.429138395E8	13.264018691588785	9.823203505109916
1.42915123E8	0.0	0.0
1.42916406E8	22.240062353858146	20.26046297826214
1.429176885E8	3.2262090483619343	2.9031426298900955
1.4291897E8	0.0	0.0
1.429202505E8	0.0	0.0
1.429215305E8	0.0	0.0
1.4292281E8	0.0	0.0
1.429240885E8	0.46870109546165883	0.7837352879416272
1.429253665E8	0.1674491392801252	0.5787039645278494
1.429266445E8	0.0	0.0
1.42927922E8	988.5090054815975	558.5016375012889
1.42929199E8	142.39780736100235	237.4068881484463
1.42930476E8	0.23492560689115113	0.6854569379489147
1.429317525E8	0.0	0.0
1.42933028E8	0.0	0.0
1.42934303E8	0.0	0.0
1.429355775E8	0.0	0.0
1.429368515E8	0.0	0.0
1.429381245E8	0.0	0.0
1.42939396E8	0.0	0.0
1.42940667E8	0.0	0.0
1.42941938E8	0.0	0.0
1.42943209E8	0.6302124311565697	1.7577523019458874
1.4294448E8	2.872541306058222	2.923224241916572
1.429457505E8	100.54173228346457	117.44693558013914
1.429470205E8	1.6393700787401575	3.923280003294688
1.429482905E8	1.4125984251968504	2.4298018453927503
1.4294956E8	0.2364066193853428	0.5472187721147435
1.429508285E8	0.0	0.0
1.429520965E8	0.9290220820189274	1.5711315217622868
1.429533635E8	12.82780410742496	16.8147137102122
1.42954629E8	0.22055335968379447	0.52825314329326
1.429558935E8	5.860759493670886	9.882297816124662
1.42957157E8	0.0	0.0
1.4295842E8	0.0	0.0
1.42959683E8	1.8543151227236738	1.9551584327692781
1.429609455E8	0.0	0.0
1.429622075E8	0.0	0.0
1.429634695E8	0.0	0.0
1.42964731E8	0.0	0.0
1.42965992E8	48.30293417922284	33.10814232217472
1.429672525E8	113.76825396825397	95.73761265140507
1.429685125E8	0.0	0.0
1.429697725E8	2.8293650793650795	6.028042931773262
1.429710325E8	0.0	0.0
1.42972292E8	114.22160444797458	228.33280651752256
1.429735505E8	0.0	0.0
1.429748085E8	7.5588235294117645	16.907068539923547
1.429760665E8	12.628775834658187	24.633223651649374
1.42977324E8	0.0	0.0
1.42978579E8	0.0	0.0
1.42979832E8	9.693535514764566	11.264363004743485
1.429810845E8	0.0	0.0
1.42982336E8	0.0	0.0
1.42983587E8	0.0	0.0
1.42984838E8	0.0	0.0
1.42986089E8	0.7194244604316546	1.1595362782145298
1.429873395E8	4.0248	7.5379042180171005
1.42988589E8	0.0	0.0
1.429898375E8	0.0	0.0
1.42991085E8	0.47955092221331197	0.806946584785929
1.429923315E8	0.0	0.0
1.429935775E8	1.2712680577849118	2.6411972575805547
1.429948225E8	0.0	0.0
1.42996066E8	150.27916331456154	184.72756135121662
1.429973085E8	17.14170692431562	29.370721670830264
1.4299855E8	0.0	0.0
1.42999791E8	1.8823529411764706	2.574748761438406
1.43001032E8	1.2078968573730862	2.521143467469006
1.430022725E8	1.4322580645161291	3.4023236841330813
1.430035125E8	0.0	0.0
1.430047525E8	84.06370967741935	75.94438754773127
1.43005992E8	1.694915254237288	3.7370168038708678
1.4300719E8	0.0	0.0
1.43007809E8	0.0	0.0
1.430084685E8	0.0	0.0
1.430097065E8	0.0	0.0
1.430109445E8	0.0	0.0
1.43012182E8	0.0	0.0
1.430134185E8	0.0	0.0
1.43014654E8	0.0	0.0
1.43015889E8	0.9352226720647774	1.8333394675397316
1.430171235E8	0.0	0.0
1.430183575E8	11.5032414910859	12.292392661397427
1.430195915E8	0.0	0.0
1.43020825E8	0.0	0.0
1.43022058E8	0.6909975669099757	1.7807659396201605
1.430232905E8	0.6842532467532467	1.060277469197715
1.43024522E8	1.8472786352558894	3.5886136386184897
1.43025753E8	0.2437043054427295	0.5923969951287147
1.43026984E8	0.2437043054427295	0.6005683741717005
1.43028215E8	0.0	0.0
1.430294455E8	1.2195121951219512	1.188016041062215
1.43030675E8	0.0	0.0
1.43031904E8	0.0	0.0
1.430331325E8	0.0	0.0
1.4303436E8	0.0	0.0
1.43035587E8	627.4303178484107	689.4188456542773
1.43036814E8	0.0	0.0
1.43038041E8	0.0	0.0
1.430392675E8	0.0	0.0
1.430404935E8	0.0	0.0
1.430417195E8	0.0	0.0
1.43042945E8	1.9706122448979593	2.8964439844578456
1.4304417E8	0.0	0.0
1.43045395E8	0.0	0.0
1.4304662E8	0.0	0.0
1.43047845E8	0.0	0.0
1.4304907E8	1.1289795918367347	2.902497165531496
1.430502945E8	76.06290849673202	107.86107092419874
1.430515185E8	1.3725490196078431	1.7452081921613043
1.430527425E8	0.24509803921568626	0.49507377148833714
1.430539665E8	1.3995098039215685	1.9407060234051539
1.4305519E8	0.0	0.0
1.43056413E8	0.0	0.0
1.43057636E8	0.0	0.0
1.430588585E8	80.05400981996726	64.76123211414925
1.430600805E8	3.34860883797054	3.241506590375852
1.43061302E8	0.0	0.0
1.430625225E8	0.0	0.0
1.430637425E8	1.4754098360655739	2.858120441656788
1.43064962E8	0.0	0.0
1.43066181E8	0.0	0.0
1.430674E8	0.0	0.0
1.430686185E8	10.813628899835797	14.171944346776998
1.430698365E8	0.0	0.0
1.430710525E8	0.0	0.0
1.43072266E8	0.0	0.0
1.430734785E8	0.0	0.0
1.430746905E8	0.0	0.0
1.43075902E8	0.0	0.0
1.43077113E8	0.0	0.0
1.430783235E8	0.0	0.0
1.43079533E8	0.0	0.0
1.43080742E8	1.488833746898263	1.9333390376687758
1.43081951E8	0.0	0.0
1.430831595E8	0.0	0.0
1.430843675E8	0.0	0.0
1.430855755E8	0.4966887417218543	1.1806945985729491
1.430867835E8	0.0	0.0
1.43087991E8	0.24772162386081192	0.4977164090732914
1.430891975E8	0.4975124378109453	0.9975093361076329
1.43090403E8	4.230705394190871	4.73619417567624
1.43091608E8	0.0	0.0
1.43092813E8	0.7136929460580913	1.0094984581114825
1.43094017E8	0.0	0.0
1.4309522E8	0.0	0.0
1.43096423E8	0.0	0.0
1.430976255E8	0.49916805324459235	1.0699339864874524
1.430988275E8	0.7487520798668885	1.4177388197636727
1.43100029E8	0.0	0.0
1.431012295E8	0.5	1.0
1.431024295E8	0.25	0.6244997998398398
1.431036295E8	0.0	0.0
1.43104829E8	0.0	0.0
1.43106028E8	0.45037531276063386	1.0836567383657543
1.431072265E8	0.0	0.0
1.431084245E8	0.5208681135225376	0.8904989128889644
1.43109622E8	0.0	0.0
1.43110819E8	0.0	0.0
1.43112015E8	0.0	0.0
1.4311321E8	0.2510460251046025	0.6040310890056535
1.43114405E8	1.9347280334728034	2.835961534342062
1.431156E8	0.0	0.0
1.43116795E8	109.0602510460251	122.62221467328322
1.431179895E8	0.22780569514237856	0.4772899487129166
1.43119183E8	0.2514668901927913	0.5275320133856229
1.43120376E8	0.0	0.0
1.43121569E8	0.0	0.0
1.43122762E8	0.0	0.0
1.431239545E8	0.0	0.0
1.431251465E8	12.696308724832214	12.25166061884931
1.431263385E8	0.47651006711409394	0.9159291318091396
1.4312753E8	0.0	0.0
1.43128721E8	0.2518891687657431	0.5018856132284956
1.431299115E8	0.0	0.0
1.431311015E8	0.0	0.0
1.431322915E8	0.0	0.0
1.43133481E8	0.7157275021026073	1.250399431556037
1.4313467E8	0.0	0.0
1.43135859E8	0.0	0.0
1.43137048E8	0.0	0.0
1.43138237E8	0.0	0.0
1.43139426E8	0.6837678721614803	1.2651105191784284
1.431406145E8	0.0	0.0
1.431418015E8	0.0	0.0
1.431429875E8	0.0	0.0
1.431441735E8	5.27318718381113	4.904397998754332
1.431453595E8	0.0	0.0
1.431465455E8	0.3954468802698145	1.2274955651908637
1.43147731E8	0.0	0.0
1.43148916E8	0.0	0.0
1.43150101E8	1.0126582278481013	1.3372305911877873
1.43151286E8	0.0	0.0
1.431524705E8	0.0	0.0
1.431536545E8	0.0	0.0
1.431548385E8	0.0	0.0
1.431560225E8	0.0	0.0
1.431572055E8	0.25380710659898476	0.5817297271631501
1.431583875E8	86.10998307952623	57.39695393911598
1.43159569E8	0.0	0.0
1.4316075E8	39.43945808636749	47.89756746089114
1.43161931E8	0.0	0.0
1.43163111E8	0.5080576759966073	0.8751590186292093
1.4316429E8	0.0	0.0
1.43165469E8	0.0	0.0
1.431666475E8	0.0	0.0
1.431678255E8	0.0	0.0
1.431690035E8	0.0	0.0
1.431701815E8	0.965195246179966	1.3872448296236275
1.431713595E8	0.0	0.0
1.431725375E8	0.0	0.0
1.43173715E8	0.0	0.0
1.431748915E8	8940.388605442176	11523.182136798112
1.43176067E8	0.0	0.0
1.43177242E8	1.5319148936170213	3.1185102826475855
1.431784165E8	0.0	0.0
1.431795905E8	0.0	0.0
1.43180764E8	0.0	0.0
1.43181937E8	0.0	0.0
1.4318311E8	0.7672634271099744	1.5461086096736787
1.43184282E8	0.0	0.0
1.43185453E8	3.0273270708795903	4.3831250038433565
1.43186624E8	0.2561912894961571	0.5945956436980486
1.43187795E8	0.0	0.0
1.431889655E8	0.7692307692307693	1.409976662230332
1.43190135E8	0.0	0.0
1.43191304E8	0.0	0.0
1.431924725E8	0.0	0.0
1.4319364E8	0.0	0.0
1.43194807E8	0.0	0.0
1.43195974E8	0.23479005998286204	0.5600220340872661
1.431971405E8	0.0	0.0
1.431983065E8	226.0017152658662	142.87809819351676
1.431994725E8	350.4433962264151	396.1954217029617
1.432006385E8	0.0	0.0
1.43201804E8	0.0	0.0
1.43202969E8	0.0	0.0
1.432041335E8	0.0	0.0
1.43205297E8	0.0	0.0
1.4320646E8	182.9372312983663	137.02702283528723
1.43207623E8	0.0	0.0
1.43208786E8	1.8056749785038693	3.0381636758190314
1.43209949E8	0.0	0.0
1.43211112E8	35.84092863284609	52.20303144292935
1.432122745E8	25.50344234079174	19.502041024744283
1.432134365E8	0.0	0.0
1.432145985E8	68.80464716006885	114.23921439992733
1.4321576E8	0.0	0.0
1.43216921E8	0.0	0.0
1.43218082E8	0.0	0.0
1.432192425E8	0.0	0.0
1.432204025E8	2.3025862068965517	3.354872935565981
1.432215625E8	0.0	0.0
1.43222722E8	0.0	0.0
1.43223881E8	0.0	0.0
1.4322504E8	1.5125107851596205	2.077447826946374
1.43226199E8	0.25884383088869717	0.5830507964438624
1.43227358E8	19.930112165660052	17.25337745630397
1.432285165E8	0.0	0.0
1.432296745E8	155.01727115716753	174.08634676866762
1.432308325E8	0.4265975820379965	0.8607744434444174
1.4323199E8	1.432152117545376	1.6024505865875003
1.43233147E8	2.8159031979256697	5.279401762814284
1.432343035E8	0.0	0.0
1.432354595E8	0.0	0.0
1.43236615E8	0.0	0.0
1.4323777E8	0.20952380952380953	0.45773770821706344
1.43238925E8	0.0	0.0
1.4324008E8	60.51168831168831	106.58775625534945
1.432412345E8	0.0	0.0
1.432423885E8	0.0	0.0
1.432435425E8	0.5199306759098787	1.380728966284195
1.432446965E8	1.0389948006932408	1.1902987405917975
1.4324585E8	0.0	0.0
1.43247003E8	0.0	0.0
1.43248156E8	0.0	0.0
1.432493085E8	1.5625	2.958039891549808
1.432504605E8	0.0	0.0
1.432516125E8	0.0	0.0
1.432527645E8	0.0	0.0
1.43253916E8	0.26064291920069504	0.5715526736281948
1.432550665E8	0.2608695652173913	0.6100605814535784
1.432562165E8	0.2608695652173913	0.6487446070815474
1.432573655E8	0.0	0.0
1.432585135E8	0.0	0.0
1.432596615E8	0.24738675958188153	0.5968850618029273
1.432608095E8	17.909407665505228	21.91252008750627
1.432619575E8	0.0	0.0
1.432631055E8	0.0	0.0
1.43264253E8	0.5231037489102005	1.0743908068894248
1.432654E8	215.47515257192677	158.62767788694603
1.43266547E8	0.26155187445510025	0.5114214254947678
1.432676935E8	0.0	0.0
1.432688395E8	0.0	0.0
1.432699855E8	0.0	0.0
1.43271131E8	0.8244541484716157	1.3374028144914332
1.432722755E8	4.458041958041958	4.555792439877474
1.432734195E8	1.326048951048951	2.1434564596477332
1.432745635E8	187.3103146853147	93.43805210094855
1.432757075E8	8.387237762237762	10.915961560174933
1.432768515E8	0.26223776223776224	0.6030226891555273
1.43277995E8	0.0	0.0
1.43279138E8	1.0253718285214348	1.7611040043352748
1.432802805E8	0.0	0.0
1.432814225E8	0.5017513134851138	0.7397874452152278
1.432825645E8	164.9754816112084	277.61876491688287
1.43283706E8	23.492550394390886	28.477523156928065
1.43284847E8	80.67659947414549	62.07584911175025
1.432859875E8	12.110526315789473	7.069703088135029
1.432871275E8	1.0368421052631578	1.8214126000577473
1.432882675E8	1.243859649122807	1.6162551474796254
1.432894075E8	0.0	0.0
1.43290547E8	8.886742756804214	8.321038633083901
1.43291686E8	0.0	0.0
1.43292825E8	0.0	0.0
1.43293964E8	0.5267778753292361	1.35654366356197
1.43295103E8	0.0	0.0
1.432962415E8	0.0	0.0
1.43297379E8	0.2638522427440633	0.6483861298939655
1.432985155E8	11.08274647887324	16.122877630826068
1.432996515E8	0.0	0.0
1.433007875E8	405.35915492957747	314.74970633956923
1.433019235E8	0.2640845070422535	0.6377226206157897
1.43303059E8	0.0	0.0
1.43304194E8	0.0	0.0
1.43305329E8	3.701321585903084	3.269266848526172
1.433064635E8	0.0	0.0
1.433075975E8	27.937389770723104	21.977220850953145
1.433087315E8	0.0	0.0
1.433098655E8	0.0	0.0
1.43310999E8	0.0	0.0
1.43312132E8	0.0	0.0
1.43313265E8	0.264783759929391	0.5621167911111296
1.433143975E8	10194.297703180213	11439.791063436795
1.433155295E8	1.256183745583039	2.622274792682724
1.433166615E8	0.0	0.0
1.433177935E8	0.0	0.0
1.43318925E8	0.0	0.0
1.43320056E8	1584.259062776304	2531.24458873356
1.43321187E8	0.0	0.0
1.433223175E8	0.0	0.0
1.433234475E8	1.0530973451327434	1.5463345182973431
1.433245775E8	0.22300884955752212	0.5844595113042326
1.43325707E8	0.0	0.0
1.43326836E8	0.5314437555358724	1.0747113234250223
1.43327965E8	3.587245349867139	5.70417776131528
1.43329094E8	0.2657218777679362	0.6786638255654189
1.43330222E8	0.7968056787932565	1.2055771020836132
1.43331349E8	0.0	0.0
1.433324755E8	62.43250444049733	73.93270186442098
1.433336015E8	0.0	0.0
1.433347275E8	0.0	0.0
1.433358535E8	0.0	0.0
1.433369795E8	4.0444049733570155	7.266556400269308
1.43338105E8	0.0	0.0
1.4333923E8	0.0	0.0
1.433403545E8	0.0	0.0
1.433414785E8	0.0	0.0
1.43342602E8	0.0	0.0
1.43343725E8	0.0	0.0
1.43344848E8	0.0	0.0
1.43345971E8	3.1718610863757792	5.181909074489616
1.43347094E8	0.0	0.0
1.433482165E8	236.71836007130125	152.20024746947118
1.43349338E8	0.0	0.0
1.433504585E8	0.5267857142857143	0.8334523724501941
1.43351578E8	0.8042895442359249	1.909947619866706
1.43352697E8	2.013404825737265	1.4556291153783254
1.433538155E8	1.013416815742397	1.3773662352384552
1.433549335E8	0.0	0.0
1.433560515E8	0.0	0.0
1.433571695E8	0.0	0.0
1.43358287E8	0.0	0.0
1.43359404E8	0.0	0.0
1.43360521E8	0.26857654431512984	0.5182437113126698
1.43361638E8	0.26857654431512984	0.5182437113126698
1.43362755E8	4.517457475380484	3.9997761799511435
1.43363872E8	1.3124440465532676	1.3792814030859823
1.433649885E8	0.0	0.0
1.433661045E8	4.543906810035843	6.902612356758146
1.433668735E8	87.68957345971565	50.836323171080174
1.433674315E8	1.4596541786743515	2.6763453079699553
1.433683365E8	0.0	0.0
1.433694525E8	1.075268817204301	1.4142135623730951
1.433705685E8	0.0	0.0
1.43371684E8	0.0	0.0
1.43372799E8	0.0	0.0
1.43373914E8	0.5201793721973094	1.0864018861802311
1.433750285E8	0.0	0.0
1.433761425E8	0.0	0.0
1.433772565E8	0.0	0.0
1.433783705E8	0.0	0.0
1.433794845E8	0.26929982046678635	0.6169363118883434
1.433805985E8	0.0	0.0
1.433817115E8	0.0	0.0
1.433828235E8	0.0	0.0
1.433839355E8	0.0	0.0
1.433850475E8	316.625	505.9910097802304
1.43386159E8	4.647164716471647	3.017649850639087
1.433872695E8	0.0	0.0
1.433883795E8	0.27387387387387385	0.6209553813162308
1.433894895E8	2.1621621621621623	1.8434202445992065
1.433905995E8	0.0	0.0
1.43391709E8	0.0	0.0
1.43392818E8	0.0	0.0
1.43393927E8	2.0883678990081154	2.827311091339916
1.43395036E8	0.0	0.0
1.433961445E8	4.021660649819495	3.35369831958281
1.433972525E8	0.0	0.0
1.4339836E8	0.0	0.0
1.43399467E8	2.168021680216802	3.3630115122903836
1.43400574E8	0.0	0.0
1.434016805E8	72.49186256781194	42.68761376438047
1.434027865E8	0.27124773960216997	0.5208144963441109
1.43403892E8	0.0	0.0
1.43404997E8	0.0	0.0
1.43406102E8	0.0	0.0
1.43407207E8	0.0	0.0
1.43408312E8	0.0	0.0
1.43409417E8	0.0	0.0
1.43410521E8	0.0	0.0
1.43411624E8	0.0	0.0
1.43412727E8	0.0	0.0
1.434138295E8	0.0	0.0
1.434149315E8	0.0	0.0
1.434160335E8	0.0	0.0
1.43417135E8	1.6330608537693005	1.9351427531380485
1.43418236E8	0.0	0.0
1.43419337E8	1.0871934604904632	1.760397940314977
1.434204375E8	3.0	3.9538243856710773
1.434215375E8	0.0	0.0
1.43422637E8	0.0	0.0
1.43423736E8	1.5632393084622385	2.084869012410156
1.434248345E8	4.098360655737705	7.016114680467513
1.434259325E8	0.0	0.0
1.434270305E8	0.0	0.0
1.43428128E8	0.0	0.0
1.43429225E8	0.0	0.0
1.43430322E8	0.0	0.0
1.434314185E8	0.0	0.0
1.434325145E8	0.0	0.0
1.434336095E8	1.453382084095064	2.9427815815871727
1.43434703E8	0.0	0.0
1.434357955E8	0.0	0.0
1.43436887E8	0.0	0.0
1.43437978E8	0.27497708524289644	0.5243825752662806
1.434390685E8	0.0	0.0
1.434401585E8	0.0	0.0
1.434412485E8	1.6431192660550458	2.1927737869497492
1.434423385E8	3.548623853211009	3.8892937025361247
1.434434285E8	0.0	0.0
1.43444518E8	0.0	0.0
1.43445607E8	0.5509641873278237	1.3793705062716415
1.434466955E8	0.0	0.0
1.434477835E8	1.3134191176470589	1.7039638045037293
1.434488715E8	0.2757352941176471	0.6431196942844081
1.434499595E8	3.3088235294117645	5.779654986649799
1.43451047E8	0.0	0.0
1.43452134E8	26.24747010119595	32.85005380450086
1.43453221E8	5.653173873045078	4.921836143265962
1.434543075E8	12.977900552486188	9.472311107453685
1.434553935E8	2.4410681399631677	3.527711918682628
1.434564795E8	1.3812154696132597	1.485348952310168
1.434575655E8	0.0	0.0
1.434586505E8	0.0	0.0
1.434597345E8	0.0	0.0
1.434608185E8	0.0	0.0
1.434619025E8	0.0	0.0
1.434629865E8	0.0	0.0
1.4346407E8	0.0	0.0
1.43465153E8	0.0	0.0
1.43466236E8	568.5577100646352	371.0572576543775
1.434673185E8	0.0	0.0
1.434684005E8	0.0	0.0
1.43469482E8	0.0	0.0
1.43470563E8	5.130434782608695	2.8881396436625253
1.434716435E8	0.0	0.0
1.434727235E8	0.0	0.0
1.434738035E8	4.4527777777777775	6.071945200552992
1.43474883E8	0.0	0.0
1.43475962E8	0.27803521779425394	0.5272904491779212
1.434770405E8	0.0	0.0
1.434781185E8	0.0	0.0
1.434791965E8	0.0	0.0
1.434802745E8	0.0	0.0
1.43481352E8	0.0	0.0
1.43482429E8	0.0	0.0
1.434835055E8	0.0	0.0
1.434845815E8	0.0	0.0
1.434856575E8	0.0	0.0
1.434867335E8	0.0	0.0
1.43487809E8	0.0	0.0
1.43488884E8	2.909767441860465	3.3314568361548362
1.43489959E8	32.904186046511626	45.36918327122139
1.43491034E8	0.0	0.0
1.434921085E8	0.515828677839851	1.0157053488486225
1.434931825E8	6.243016759776537	5.604849589411433
1.434942565E8	0.27932960893854747	0.65016829220877
1.434953305E8	0.0	0.0
1.43496404E8	0.0	0.0
1.434974765E8	163.23600746268656	55.15411751723056
1.434985485E8	0.0	0.0
1.4349962E8	0.0	0.0
1.43500691E8	4.688141923436041	3.8830955914771166
1.435017615E8	0.0	0.0
1.435028315E8	0.0	0.0
1.435039015E8	0.0	0.0
1.43504971E8	0.0	0.0
1.4350604E8	0.0	0.0
1.435071085E8	0.5608614232209738	1.112156187667807
1.43508176E8	0.0	0.0
1.43509243E8	0.0	0.0
1.4351031E8	0.0	0.0
1.435113765E8	0.0	0.0
1.435124415E8	1.1278195488721805	1.3461166647761145
1.435135055E8	0.0	0.0
1.435145695E8	3.156954887218045	3.0695264262102397
1.43515633E8	0.0	0.0
1.43516696E8	0.0	0.0
1.43517759E8	1.1730950141110066	1.4626102003974535
1.43518822E8	7.970837253057384	7.691915830528327
1.43519885E8	0.0	0.0
1.43520948E8	0.0	0.0
1.43522011E8	0.0	0.0
1.43523074E8	0.0	0.0
1.435241365E8	73.19020715630886	39.34841231598903
1.435251985E8	0.0	0.0
1.435262605E8	2.6290018832391713	2.9359130926139994
1.435273225E8	0.0	0.0
1.435283845E8	0.0	0.0
1.43529446E8	0.8482563619227145	2.14550798740856
1.435305065E8	0.0	0.0
1.435315665E8	261.23396226415093	196.56650178156377
1.435326265E8	0.0	0.0
1.43533686E8	9.227573182247403	4.997922136709227
1.43534745E8	0.0	0.0
1.43535804E8	0.0	0.0
1.435368625E8	0.0	0.0
1.435379205E8	5793.238185255199	4910.283942120815
1.435389785E8	0.2835538752362949	0.5324977701702561
1.435400365E8	9.695652173913043	12.440937971798888
1.43541094E8	0.0	0.0
1.435421505E8	0.8484848484848485	1.9360025982952762
1.435432065E8	0.0	0.0
1.435442625E8	0.5445075757575758	1.0312356518744732
1.435453185E8	0.0	0.0
1.43546374E8	0.0	0.0
1.43547429E8	0.0	0.0
1.43548484E8	0.2843601895734597	0.5332543385416191
1.435495385E8	6.818785578747628	6.134250749526344
1.435505925E8	0.0	0.0
1.43551646E8	0.0	0.0
1.43552699E8	3.994301994301994	4.611291315601404
1.43553752E8	11.668566001899336	14.796755374427066
1.43554805E8	20.226020892687558	27.79578903249953
1.43555858E8	3.2260208926875595	2.738005873504078
1.435569105E8	0.0	0.0
1.435579625E8	302.9971482889734	433.74595252382295
1.435590145E8	0.5703422053231939	1.1503016631952725
1.43560066E8	0.0	0.0
1.43561117E8	0.0	0.0
1.43562168E8	0.8601332064700286	1.854867333768136
1.43563219E8	0.0	0.0
1.4356427E8	1.141769743101808	2.4282275940148033
1.435653205E8	0.0	0.0
1.435663705E8	3.4257142857142857	5.55346309800942
1.4356742E8	0.8913250714966635	1.4836252716288654
1.43568469E8	0.0	0.0
1.43569518E8	0.2755004766444233	0.68136016045516
1.43570567E8	0.0	0.0
1.43571616E8	0.0	0.0
1.435726645E8	0.0	0.0
1.435737125E8	3.46087786259542	4.018207606186148
1.435747605E8	0.0	0.0
1.435758085E8	0.0	0.0
1.435768565E8	10.568702290076336	7.081518252702508
1.43577904E8	3.5902578796561606	6.498401831299102
1.43578951E8	0.0	0.0
1.43579998E8	0.28653295128939826	0.6799067299369543
1.43581045E8	0.28653295128939826	0.6599470326926892
1.435820915E8	0.0	0.0
1.43583137E8	0.0	0.0
1.43584182E8	0.0	0.0
1.43585227E8	0.0	0.0
1.43586272E8	0.0	0.0
1.435873165E8	0.0	0.0
1.435883605E8	2.2988505747126435	4.204312691835369
1.435894045E8	6.807471264367816	10.333194289016316
1.43590448E8	0.28763183125599234	0.5469342780501438
1.43591491E8	1.149568552253116	1.6880381141953018
1.435925335E8	0.0	0.0
1.435935755E8	0.0	0.0
1.435946175E8	75.46065259117083	77.70974342158615
1.435956595E8	1.6708253358925145	2.245917601632023
1.435967015E8	0.2034548944337812	0.45105974596918
1.43597743E8	2.3054755043227666	2.1275377568495384
1.43598784E8	0.0	0.0
1.43599825E8	0.0	0.0
1.436008655E8	0.0	0.0
1.436019055E8	0.0	0.0
1.436029455E8	0.0	0.0
1.436039855E8	0.8173076923076923	1.514671835491361
1.43605025E8	1.0962463907603466	1.7334394479006232
1.43606064E8	7.511068334937439	5.341738244122406
1.43607103E8	0.0	0.0
1.436081415E8	0.0	0.0
1.436091795E8	0.5780346820809249	0.8601653289127525
1.436102175E8	0.0	0.0
1.43611255E8	0.0	0.0
1.43612292E8	0.0	0.0
1.43613329E8	0.0	0.0
1.43614366E8	139.86403085824494	61.75358535146643
1.436154025E8	0.0	0.0
1.436164385E8	3.474903474903475	5.71102706313235
1.43617474E8	0.0	0.0
1.43618509E8	0.8038647342995169	1.594677136313845
1.43619544E8	0.0	0.0
1.43620579E8	0.0	0.0
1.43621614E8	0.0	0.0
1.43622648E8	0.0	0.0
1.43623681E8	0.0	0.0
1.43624714E8	0.2904162633107454	0.5389028329028762
1.43625747E8	3.174249757986447	2.573601933459615
1.436267795E8	0.0	0.0
1.436278115E8	4.214147286821706	6.298224802189481
1.436288435E8	0.2693798449612403	0.5409580934922119
1.43629875E8	0.0	0.0
1.43630906E8	0.0	0.0
1.43631937E8	0.8729388942774006	1.9309114455793288
1.436329675E8	16.897087378640776	12.034497339465087
1.436339975E8	0.0	0.0
1.436350275E8	0.0	0.0
1.43636057E8	1.4557823129251701	2.2555406351585225
1.43637086E8	0.6676384839650146	1.415243954904964
1.43638115E8	5667.137026239067	5097.246237626458
1.43639144E8	130.10398445092324	197.89881434496974
1.43640173E8	0.0	0.0
1.43641202E8	0.0	0.0
1.43642231E8	0.0	0.0
1.436432595E8	0.0	0.0
1.436442875E8	0.0	0.0
1.43645315E8	0.0	0.0
1.43646342E8	0.2911392405063291	0.695653496887104
1.43647369E8	0.0	0.0
1.436483955E8	0.0	0.0
1.436494215E8	0.0	0.0
1.43650447E8	0.0	0.0
1.43651472E8	0.0	0.0
1.43652497E8	0.0	0.0
1.43653522E8	0.4009756097560976	0.5410017808004594
1.43654546E8	0.0	0.0
1.43655569E8	0.0	0.0
1.436565915E8	0.0	0.0
1.436576135E8	2.320939334637965	2.539511640803583
1.436586355E8	9.924657534246576	9.997406708751809
1.436596575E8	0.0	0.0
1.43660679E8	1.1753183153770812	1.0908757006732228
1.436617E8	1.110675808031342	1.4973041396395665
1.43662721E8	0.0	0.0
1.436637415E8	379.55686274509804	290.4084834416894
1.436647615E8	0.0	0.0
1.436657815E8	0.0	0.0
1.43666801E8	0.0	0.0
1.4366782E8	0.0	0.0
1.43668839E8	0.2944062806673209	0.6586035126309704
1.43669858E8	0.0	0.0
1.43670877E8	4.203140333660452	5.567588103610236
1.436718955E8	10.55992141453831	16.824413919444844
1.436729135E8	0.0	0.0
1.436739315E8	0.0	0.0
1.436749495E8	0.0	0.0
1.436759665E8	0.0	0.0
1.436769825E8	0.20669291338582677	0.642950874306625
1.436779985E8	0.0	0.0
1.43679014E8	0.0	0.0
1.43680029E8	0.0	0.0
1.436810435E8	0.0	0.0
1.436820575E8	43.88067061143984	56.710943950070934
1.436830715E8	0.0	0.0
1.436840855E8	0.45759368836291914	0.8565791327430803
1.436850995E8	0.0	0.0
1.43686113E8	0.0	0.0
1.43687126E8	0.0	0.0
1.43688139E8	0.0	0.0
1.436891515E8	0.0	0.0
1.436901635E8	0.2964426877470356	0.6143861617348044
1.436911755E8	1.756916996047431	1.9331720436106117
1.436921875E8	61.15909090909091	68.55979617949511
1.436931995E8	3.7845849802371543	5.564568885140192
1.43694211E8	0.0	0.0
1.43695222E8	9.790306627101879	15.643310240859838
1.43696233E8	0.0	0.0
1.43697244E8	0.592482690405539	1.2265606542587562
1.436982545E8	8.930693069306932	8.095103030184788
1.436992645E8	0.0	0.0
1.437002745E8	1.1801980198019801	1.9289354782386892
1.437012845E8	0.297029702970297	0.5953616090617151
1.437022935E8	0.0	0.0
1.437033015E8	0.0	0.0
1.437043095E8	0.0	0.0
1.43705317E8	0.0	0.0
1.43706324E8	0.0	0.0
1.437073305E8	0.0	0.0
1.437083365E8	0.5964214711729622	1.0216347559439645
1.437093425E8	0.0	0.0
1.43710348E8	0.0	0.0
1.43711353E8	0.0	0.0
1.43712358E8	1.853731343283582	2.958081938726327
1.43713363E8	0.0	0.0
1.43714368E8	1.7840796019900498	3.131289690267911
1.437153725E8	0.0	0.0
1.437163765E8	0.0	0.0
1.437173805E8	0.0	0.0
1.437183845E8	0.0	0.0
1.43719388E8	0.0	0.0
1.4372039E8	3.5624375624375624	5.21687494730171
1.43721391E8	0.0	0.0
1.43722392E8	1.7062937062937062	3.2054212320263424
1.43723393E8	0.0	0.0
1.43724394E8	3.5794205794205793	4.929067284558438
1.437251765E8	1.326241134751773	2.4996453649177135
1.437257305E8	0.0	0.0
