#Position (bp)	insert size	chromosomes
179658.5	469.736521154504	0.0
538974.5	488.72048219593745	37723.616258793816
898290.5	736.6549458646309	0.0
1257606.5	542.8331700796294	0.0
1616922.5	502.5337253442501	37723.616258793816
1976238.5	422.1328171773799	0.0
2335554.5	644.9720199582175	0.0
2694870.5	479.76079361736396	37723.616258793816
3054186.5	515.681180604357	0.0
3413502.5	428.79017604069315	0.0
3772818.5	691.5920425785321	37723.616258793816
4132134.5	495.30100694326455	0.0
4491450.5	426.4845756265644	0.0
4850766.5	505.6088648557187	37723.616258793816
5210082.5	549.604086686018	0.0
5569398.5	705.2319207823359	0.0
5928714.5	929.9607160074758	37723.616258793816
6288030.5	425.4978509740912	0.0
6647346.5	542.4558536658564	0.0
7006662.5	440.15688255827774	37723.616258793816
7365978.5	984.2776996303445	0.0
7725294.5	485.0141213414311	0.0
8084610.5	640.6445934849146	37723.616258793816
8443926.5	690.583774151015	0.0
8803242.5	712.9167673281564	0.0
9162558.5	471.5489523159892	37723.616258793816
9521874.5	628.6949101458011	0.0
9881190.5	400.5905954252174	0.0
1.02405065E7	453.8422473223048	37723.616258793816
1.05998225E7	491.208715808994	0.0
1.09591385E7	481.4578238158365	0.0
1.13184545E7	499.78813690568376	37723.616258793816
1.16777705E7	477.20579197007146	0.0
1.20370865E7	731.0586022438839	0.0
1.23964025E7	2533.7159804090475	37723.616258793816
1.27557185E7	587.563210670249	0.0
1.31150345E7	482.02192997675144	0.0
1.34743505E7	444.0574925324122	37723.616258793816
1.38336665E7	434.3639583528248	0.0
1.41929825E7	660.081118254806	0.0
1.45522985E7	765.3175954249235	37723.616258793816
1.49116145E7	1025.697123494852	0.0
1.52709305E7	384.09574780058654	0.0
1.56302465E7	597.1377104213292	37723.616258793816
1.59895625E7	1107.4570331253	0.0
1.63488785E7	766.722862230068	0.0
1.67081945E7	703.951543450867	37723.616258793816
1.70675105E7	515.157147138148	0.0
1.74268265E7	597.1329603381822	0.0
1.77861425E7	3633.08830548926	37723.616258793816
1.81454585E7	1479.80041004613	0.0
1.85047745E7	485.36800365918464	0.0
1.88640905E7	570.2993051731823	37723.616258793816
1.92234065E7	572.9939327555005	0.0
1.95827225E7	564.8139088095971	0.0
1.99420385E7	474.4563205781764	37723.616258793816
2.03013545E7	795.1149831350967	0.0
2.06606705E7	878.5839057491362	0.0
2.10199865E7	780.1666210670314	37723.616258793816
2.13793025E7	1151.6927505848753	0.0
2.17386185E7	475.69171077800206	0.0
2.20979345E7	495.39064068589244	37723.616258793816
2.24572505E7	577.507217466787	0.0
2.28165665E7	1355.666	0.0
2.31758825E7	730.2996526807458	37723.616258793816
2.34346265E7	352.8745231282785	0.0
2.36142845E7	4657.0	0.0
2.38945145E7	1758.1270022883295	37723.616258793816
2.42538305E7	2527.0057445868315	0.0
2.46131465E7	4327.295666509656	0.0
2.49724625E7	1661.0602789875654	37723.616258793816
2.53317785E7	1089.8014517918295	0.0
2.56910945E7	2064.0077184316146	0.0
2.60504105E7	11497.96456352636	37723.616258793816
2.64097265E7	6734.131137296911	0.0
2.67690425E7	1584.0878486694453	0.0
2.71283585E7	971.2210975726758	37723.616258793816
2.74876745E7	3450.068770642202	0.0
2.78469905E7	6395.946865974971	0.0
2.82063065E7	663.7406088250332	37723.616258793816
2.85656225E7	739.0237417518437	0.0
2.89249385E7	789.3733193644142	0.0
2.92842545E7	549.2150575298264	37723.616258793816
2.96435705E7	537.1898749091766	0.0
3.00028865E7	706.2071781305115	0.0
3.03622025E7	816.8388580851024	37723.616258793816
3.07215185E7	501.2061947892206	0.0
3.10808345E7	537.9168054359762	0.0
3.14401505E7	412.1367636637941	37723.616258793816
3.17994665E7	533.4781226258476	0.0
3.21587825E7	557.5998678341318	0.0
3.25180985E7	400.7269257040092	37723.616258793816
3.28774145E7	492.8778155339806	0.0
3.32367305E7	420.40918363548377	0.0
3.35960465E7	654.4485878022923	37723.616258793816
3.39553625E7	1252.3194770873724	0.0
3.43146785E7	457.0821682511784	0.0
3.46739945E7	702.2171683644272	37723.616258793816
3.50333105E7	1132.8271790314507	0.0
3.53926265E7	416.19638747203294	0.0
3.57519425E7	989.1413907274864	37723.616258793816
3.61112585E7	517.6997492531857	0.0
3.64705745E7	484.0607050979157	0.0
3.68298905E7	494.1419557869381	37723.616258793816
3.71892065E7	723.2566105919003	0.0
3.75485225E7	886.4416465073729	0.0
3.79078385E7	523.7397997943718	37723.616258793816
3.82671545E7	394.89120280458536	0.0
3.86264705E7	607.415991983968	0.0
3.89857865E7	397.290661484079	37723.616258793816
3.93451025E7	660.2731197525867	0.0
3.97044185E7	579.3035125658737	0.0
4.00637345E7	502.69693216925293	37723.616258793816
4.04230505E7	403.4939496419985	0.0
4.07823665E7	762.4903856625966	0.0
4.11416825E7	412.2096525997973	37723.616258793816
4.15009985E7	444.18696877002503	0.0
4.18603145E7	520.1446513095614	0.0
4.22196305E7	835.792752514064	37723.616258793816
4.25789465E7	656.6064675074643	0.0
4.29382625E7	686.636961042562	0.0
4.32975785E7	544.5779825138667	37723.616258793816
4.36568945E7	396.5112569193908	0.0
4.40162105E7	754.1525627816329	0.0
4.43755265E7	448.7828846458983	37723.616258793816
4.47348425E7	757.9692565377135	0.0
4.50941585E7	746.4317420056165	0.0
4.54534745E7	722.9151429211136	37723.616258793816
4.58127905E7	643.7186954111359	0.0
4.61721065E7	667.8632334813209	0.0
4.65314225E7	555.0936334576452	37723.616258793816
4.68907385E7	599.9057432762619	0.0
4.72500545E7	503.8302634969413	0.0
4.76093705E7	618.5770981219649	37723.616258793816
4.79686865E7	581.9346828316345	0.0
4.83280025E7	422.5337861515945	0.0
4.86541545E7	1093.502004360363	37723.616258793816
4.88338125E7	8633.205714285714	0.0
4.90466345E7	452.2002471981427	0.0
4.94059505E7	604.2743247640742	37723.616258793816
4.97652665E7	607.8891654825372	0.0
5.01245825E7	528.5871933843661	0.0
5.04838985E7	449.655064154636	37723.616258793816
5.08432145E7	554.0022805239357	0.0
5.12025305E7	871.9607369953268	0.0
5.15618465E7	435.3921436684515	37723.616258793816
5.19211625E7	497.2445428476679	0.0
5.22804785E7	1287.5010752688172	0.0
5.26397945E7	531.602005905235	37723.616258793816
5.29991105E7	648.5699957453198	0.0
5.33584265E7	564.9780965750658	0.0
5.37177425E7	389.85059357732916	37723.616258793816
5.40770585E7	643.1070964591817	0.0
5.44363745E7	659.4263788998638	0.0
5.47956905E7	450.8460124269856	37723.616258793816
5.51550065E7	460.0463999380301	0.0
5.55143225E7	540.5049906919634	0.0
5.58736385E7	540.1783143519203	37723.616258793816
5.62329545E7	473.0550446782774	0.0
5.65922705E7	689.5632710691388	0.0
5.69515865E7	461.4279121303107	37723.616258793816
5.73109025E7	570.3859833943397	0.0
5.76702185E7	403.65270039696355	0.0
5.80295345E7	737.7906277178083	37723.616258793816
5.83888505E7	616.1172130389613	0.0
5.87481665E7	501.5508006250991	0.0
5.91074825E7	941.5699568758985	37723.616258793816
5.94667985E7	334.2765022534876	0.0
5.98261145E7	476.6049958663045	0.0
6.01854305E7	860.0867998608419	37723.616258793816
6.05447465E7	544.2566913013083	0.0
6.09040625E7	527.1732605306632	0.0
6.12633785E7	558.928272119561	37723.616258793816
6.16226945E7	535.288552110049	0.0
6.19820105E7	705.0353871546224	0.0
6.23413265E7	565.8379704270118	37723.616258793816
6.27006425E7	471.5923741347172	0.0
6.30599585E7	988.730473327559	0.0
6.34192745E7	579.5971543484842	37723.616258793816
6.37785905E7	559.0255672400782	0.0
6.41379065E7	438.5645412707838	0.0
6.44972225E7	473.2685886662357	37723.616258793816
6.48565385E7	505.8111925092934	0.0
6.52158545E7	605.9505572953232	0.0
6.55751705E7	691.3816651132388	37723.616258793816
6.59344865E7	832.9118118472777	0.0
6.62938025E7	525.4715220351367	0.0
6.66531185E7	492.8036434771977	37723.616258793816
6.70124345E7	661.1570045014323	0.0
6.73717505E7	435.08542902386	0.0
6.77310665E7	438.17800924113084	37723.616258793816
6.80903825E7	629.7603206310182	0.0
6.84496985E7	438.23619412122144	0.0
6.88090145E7	528.3265156803781	37723.616258793816
6.91683305E7	586.2824298077254	0.0
6.95276465E7	530.6964798792918	0.0
6.98869625E7	508.84830647684606	37723.616258793816
7.02462785E7	443.69722282885635	0.0
7.06055945E7	560.6273140093257	0.0
7.09649105E7	347.20967380965703	37723.616258793816
7.13242265E7	826.0564629965719	0.0
7.16835425E7	580.5911694618047	0.0
7.20428585E7	749.3929027156937	37723.616258793816
7.24021745E7	11785.32635364501	0.0
7.27614905E7	2091.5214228744617	0.0
7.31208065E7	2028.2378986866793	37723.616258793816
7.34801225E7	1681.2234680284191	0.0
7.38394385E7	523.9441453714487	0.0
7.41987545E7	2801.631006006006	37723.616258793816
7.45580705E7	22223.486912263692	0.0
7.49173865E7	4601.612913191227	0.0
7.52767025E7	4207.145089285715	37723.616258793816
7.56360185E7	7499.13786407767	0.0
7.59953345E7	1653.643099936306	0.0
7.63546505E7	14331.283578547698	37723.616258793816
7.67139665E7	1364.7281547689051	0.0
7.690225E7	286.258064516129	0.0
7.7081908E7	2597.16152189519	37723.616258793816
7.74325985E7	6684.461592670895	0.0
7.77919145E7	1057.0961538461538	0.0
7.81512305E7	7659.097982708934	37723.616258793816
7.85105465E7	720.328530259366	0.0
7.88698625E7	2032.1615905245346	0.0
7.92291785E7	2268.4781144781145	37723.616258793816
7.95884945E7	2096.118189438391	0.0
7.99478105E7	1847.7752264588162	0.0
8.03071265E7	8579.192292870906	37723.616258793816
8.06664425E7	2632.3581228956227	0.0
8.10257585E7	489.7691740815547	0.0
8.13850745E7	403.2538687121487	37723.616258793816
8.17443905E7	491.15292373154534	0.0
8.21037065E7	907.018417871222	0.0
8.24630225E7	563.7986575742491	37723.616258793816
8.28223385E7	586.7595824374002	0.0
8.31816545E7	558.3074991942734	0.0
8.35409705E7	419.5835224573811	37723.616258793816
8.39002865E7	429.8811272788092	0.0
8.42596025E7	476.1903560042508	0.0
8.46189185E7	435.30974226804125	37723.616258793816
8.49782345E7	626.8578518384351	0.0
8.53375505E7	374.96659463785517	0.0
8.56968665E7	519.3473823136152	37723.616258793816
8.60561825E7	573.3319982856214	0.0
8.64154985E7	454.41104252840194	0.0
8.67748145E7	471.57527109592525	37723.616258793816
8.71341305E7	552.8441621351335	0.0
8.74934465E7	413.77411042944783	0.0
8.78527625E7	511.62490165642475	37723.616258793816
8.82120785E7	521.5922875376722	0.0
8.85713945E7	1792.8923433281097	0.0
8.89307105E7	1312.4098663598982	37723.616258793816
8.92900265E7	421.2633823930928	0.0
8.96493425E7	529.4955370586747	0.0
9.00086585E7	823.6963135739642	37723.616258793816
9.03679745E7	637.0657656969789	0.0
9.07272905E7	602.1685700525577	0.0
9.10866065E7	418.3407856116905	37723.616258793816
9.14459225E7	455.2138913647913	0.0
9.18052385E7	580.7017270975218	0.0
9.21645545E7	526.8482381172513	37723.616258793816
9.25238705E7	406.114217799444	0.0
9.28831865E7	413.27909887742237	0.0
9.32425025E7	614.2314158129761	37723.616258793816
9.36018185E7	620.6109249797582	0.0
9.39611345E7	545.7522993759239	0.0
9.43204505E7	469.90866120111406	37723.616258793816
9.46797665E7	442.7977682474914	0.0
9.50390825E7	1029.2121473907607	0.0
9.53983985E7	777.2140177863872	37723.616258793816
9.57577145E7	551.0255026895492	0.0
9.61170305E7	610.8398105831177	0.0
9.64763465E7	782.0322435228244	37723.616258793816
9.68356625E7	680.6090189365572	0.0
9.71949785E7	604.1015877577412	0.0
9.75542945E7	590.597945598884	37723.616258793816
9.79136105E7	731.6230144186972	0.0
9.82729265E7	789.2016183921954	0.0
9.86322425E7	766.8800531410135	37723.616258793816
9.89915585E7	643.0479764098784	0.0
9.93508745E7	496.45838844824897	0.0
9.97101905E7	594.2080282426779	37723.616258793816
1.000695065E8	576.5272125430391	0.0
1.004288225E8	409.79665211143356	0.0
1.007881385E8	453.83167476220757	37723.616258793816
1.011474545E8	545.6766877312392	0.0
1.015067705E8	477.4145930921453	0.0
1.018660865E8	386.3435618808067	37723.616258793816
1.022254025E8	624.0624178652259	0.0
1.025847185E8	454.701687335288	0.0
1.029440345E8	462.18532131388554	37723.616258793816
1.033033505E8	912.4057961178228	0.0
1.036626665E8	739.9119081844009	0.0
1.040219825E8	459.8733768911452	37723.616258793816
1.043812985E8	513.8737417654809	0.0
1.047406145E8	443.78843271387194	0.0
1.050999305E8	488.5355454238433	37723.616258793816
1.054592465E8	644.2936035798895	0.0
1.058185625E8	697.2090295432629	0.0
1.061778785E8	404.14508912355075	37723.616258793816
1.065371945E8	481.69390350729424	0.0
1.068965105E8	685.5527541419406	0.0
1.072558265E8	794.5827043434564	37723.616258793816
1.076151425E8	761.2565306455414	0.0
1.079744585E8	641.8297973450386	0.0
1.083337745E8	605.466631889199	37723.616258793816
1.086930905E8	641.6799570963215	0.0
1.089314775E8	447.835173977586	0.0
1.091111355E8	449.23735715665117	37723.616258793816
1.094117225E8	916.5640390855042	0.0
1.097710385E8	681.4885057471264	0.0
1.101303545E8	645.8513322432544	37723.616258793816
1.10324175E8	481.0484303517905	0.0
1.10503833E8	1027.3169056152926	0.0
1.108489865E8	437.72129814445185	37723.616258793816
1.112083025E8	539.8447091610866	0.0
1.115676185E8	543.5645473168304	0.0
1.119269345E8	441.78933036397507	37723.616258793816
1.122862505E8	499.2892958229694	0.0
1.126455665E8	556.233925876854	0.0
1.130048825E8	849.7623720697729	37723.616258793816
1.133641985E8	720.2608954041204	0.0
1.137235145E8	1088.420021825283	0.0
1.140828305E8	769.9829976410815	37723.616258793816
1.144421465E8	844.6011668482174	0.0
1.148014625E8	667.5330059298346	0.0
1.151607785E8	1076.3116294667227	37723.616258793816
1.155200945E8	514.6943921907571	0.0
1.158794105E8	543.5759503859805	0.0
1.162387265E8	466.69984067317966	37723.616258793816
1.165980425E8	594.9481195785935	0.0
1.169573585E8	649.0213998782715	0.0
1.173166745E8	492.845448849906	37723.616258793816
1.176759905E8	624.8375557576545	0.0
1.180353065E8	496.72995484194684	0.0
1.183946225E8	541.7800344783552	37723.616258793816
1.187539385E8	570.7959671426563	0.0
1.191132545E8	943.9158675676092	0.0
1.194725705E8	660.0029222064405	37723.616258793816
1.198318865E8	398.0086441150982	0.0
1.201912025E8	507.65720452999795	0.0
1.205505185E8	1244.9277063577233	37723.616258793816
1.209098345E8	564.7022137436586	0.0
1.212691505E8	816.6984226425458	0.0
1.216284665E8	522.7597040730765	37723.616258793816
1.219877825E8	533.9678920551381	0.0
1.223470985E8	400.8045714445877	0.0
1.227064145E8	1280.3217757994612	37723.616258793816
1.230657305E8	974.4552765266037	0.0
1.234250465E8	475.1635781522028	0.0
1.237843625E8	686.5011847787634	37723.616258793816
1.241436785E8	675.0852887297365	0.0
1.245029945E8	708.2235531030154	0.0
1.248623105E8	918.4742978576762	37723.616258793816
1.252216265E8	1584.3281480797637	0.0
1.255809425E8	459.24749803600093	0.0
1.259402585E8	407.17303709577294	37723.616258793816
1.262995745E8	493.66159521834874	0.0
1.266588905E8	599.8595946779183	0.0
1.270182065E8	496.88292897024115	37723.616258793816
1.273775225E8	1120.9139535247389	0.0
1.277368385E8	458.30714389288994	0.0
1.280961545E8	525.3355140858813	37723.616258793816
1.284554705E8	808.4986753017369	0.0
1.288147865E8	457.5402233628227	0.0
1.291741025E8	1035.9923757355934	37723.616258793816
1.295334185E8	550.5937145266436	0.0
1.298927345E8	405.2136945633603	0.0
1.302520505E8	658.274356811472	37723.616258793816
1.306113665E8	537.3098762893663	0.0
1.309706825E8	517.5095247076575	0.0
1.313299985E8	843.4881136476818	37723.616258793816
1.316893145E8	766.3847558453045	0.0
1.320486305E8	681.8329325890941	0.0
1.324079465E8	1294.5122448979591	37723.616258793816
1.327672625E8	502.13519543605963	0.0
1.331265785E8	637.3473572938689	0.0
1.334858945E8	558.3244983434394	37723.616258793816
1.337730805E8	871.9703389830509	0.0
1.339527385E8	333.6025423728814	0.0
1.342045265E8	11849.269591426657	37723.616258793816
1.345638425E8	37723.616258793816	0.0
1.349231585E8	14798.803768137963	0.0
1.352824745E8	2130.6034861200774	37723.616258793816
1.356417905E8	1719.4657411553962	0.0
1.360011065E8	6173.885012919896	0.0
1.363604225E8	4641.3942703162675	37723.616258793816
1.367197385E8	2289.3391086898278	0.0
1.370790545E8	759.6665306122449	0.0
1.374033365E8	496.3017816263561	37723.616258793816
1.375577225E8	279.0591850421357	0.0
1.375927565E8	407.39247311827955	0.0
1.376371405E8	344.1957671957672	37723.616258793816
1.37699935E8	604.8225	0.0
1.37786751E8	279.33604887983705	0.0
1.37868371E8	422.4510067114094	37723.616258793816
1.37942101E8	298.0899470899471	0.0
1.37980213E8	417.23225806451615	0.0
1.38019627E8	278.3790322580645	37723.616258793816
1.38089538E8	520.7198879551821	0.0
1.38156123E8	406.3109912686184	0.0
1.382206275E8	266.4651162790698	37723.616258793816
1.38280805E8	314.02295081967213	0.0
1.38323179E8	130.5	0.0
1.383484915E8	0.0	37723.616258793816
1.38384028E8	372.7348703170029	0.0
1.384312265E8	599.4117647058823	0.0
1.384772795E8	1004.3423423423424	37723.616258793816
1.38522045E8	433.0696324951644	0.0
1.385663025E8	282.7123824451411	0.0
1.38610046E8	1057.3777777777777	37723.616258793816
1.38651258E8	1119.765625	0.0
1.386833775E8	1143.125	0.0
1.387019305E8	301.7	37723.616258793816
1.38726341E8	0.0	0.0
1.387630385E8	674.5365853658536	0.0
1.3879854E8	551.4030795344325	37723.616258793816
1.3883298E8	519.3478260869565	0.0
1.388668195E8	324.0	0.0
1.389001375E8	1131.1149425287356	37723.616258793816
1.389325255E8	335.83288409703505	0.0
1.38963047E8	306.3333333333333	0.0
1.38991991E8	286.3636363636364	37723.616258793816
1.390198715E8	121.25	0.0
1.39044446E8	287.3203883495146	0.0
1.390581695E8	309.5	37723.616258793816
1.39074104E8	299.42857142857144	0.0
1.391000815E8	291.51162790697674	0.0
1.39125904E8	2353.7906976744184	37723.616258793816
1.391516555E8	314.8958333333333	0.0
1.391772845E8	288.62301216089804	0.0
1.39202833E8	589.02	37723.616258793816
1.39227853E8	350.0	0.0
1.392522945E8	417.0081632653061	0.0
1.392761035E8	0.0	37723.616258793816
1.392991635E8	249.0	0.0
1.393219065E8	252.25	0.0
1.39344169E8	274.08245877061466	37723.616258793816
1.393656665E8	436.0	0.0
1.39386585E8	488.39220183486236	0.0
1.394057875E8	223.0	37723.616258793816
1.394157655E8	0.0	0.0
1.39426072E8	290.45454545454544	0.0
1.394433E8	0.0	37723.616258793816
1.394591395E8	301.61538461538464	0.0
1.39474609E8	0.0	0.0
1.394898515E8	234.4	37723.616258793816
1.39504877E8	281.0135135135135	0.0
1.39519712E8	239.22222222222223	0.0
1.39534307E8	0.0	37723.616258793816
1.39548658E8	299.7	0.0
1.395628065E8	469.0	0.0
1.395768695E8	180.0	37723.616258793816
1.395908865E8	0.0	0.0
1.396048595E8	251.0	0.0
1.39618797E8	299.0	37723.616258793816
1.396327175E8	223.66666666666666	0.0
1.39646447E8	0.0	0.0
1.39659998E8	294.7651245551601	37723.616258793816
1.39673523E8	0.0	0.0
1.39687001E8	267.7	0.0
1.39700456E8	263.7142857142857	37723.616258793816
1.397138915E8	0.0	0.0
1.397272965E8	0.0	0.0
1.39740652E8	257.0	37723.616258793816
1.397539385E8	0.0	0.0
1.397671835E8	0.0	0.0
1.397738625E8	0.0	37723.616258793816
1.39780441E8	273.030303030303	0.0
1.397935115E8	181.0	0.0
1.39806605E8	0.0	37723.616258793816
1.398195725E8	290.2085561497326	0.0
1.398324245E8	0.0	0.0
1.39845262E8	260.2	37723.616258793816
1.398580325E8	255.0	0.0
1.3987073E8	0.0	0.0
1.398833975E8	222.0	37723.616258793816
1.398960405E8	281.7196261682243	0.0
1.399086725E8	319.0	0.0
1.399212565E8	246.66666666666666	37723.616258793816
1.39933781E8	383.56506344054293	0.0
1.39946267E8	276.0	0.0
1.399587085E8	312.44444444444446	37723.616258793816
1.399711325E8	0.0	0.0
1.39983544E8	356.0	0.0
1.399959275E8	274.5586206896552	37723.616258793816
1.400082885E8	271.2857142857143	0.0
1.40020559E8	0.0	0.0
1.400327265E8	203.0	37723.616258793816
1.400448715E8	0.0	0.0
1.4005699E8	0.0	0.0
1.400690545E8	0.0	37723.616258793816
1.40081085E8	288.6666666666667	0.0
1.400930995E8	269.5	0.0
1.40105101E8	259.0	37723.616258793816
1.40117094E8	218.0	0.0
1.401281635E8	0.0	0.0
1.40134155E8	0.0	37723.616258793816
1.401410485E8	267.265625	0.0
1.40153003E8	314.0	0.0
1.40164882E8	0.0	37723.616258793816
1.40176667E8	296.5	0.0
1.4018842E8	402.95547345907056	0.0
1.40200076E8	259.65625	37723.616258793816
1.402116215E8	0.0	0.0
1.402231315E8	0.0	0.0
1.402345955E8	0.0	37723.616258793816
1.402459205E8	284.75	0.0
1.402571045E8	0.0	0.0
1.402682415E8	0.0	37723.616258793816
1.4027885E8	305.1131639722864	0.0
1.40288828E8	313.5	0.0
1.402984445E8	0.0	37723.616258793816
1.40307799E8	0.0	0.0
1.403166425E8	0.0	0.0
1.40324819E8	0.0	37723.616258793816
1.403326835E8	261.3333333333333	0.0
1.403402015E8	0.0	0.0
1.4034742E8	0.0	37723.616258793816
1.40354483E8	284.75	0.0
1.403614525E8	293.81481481481484	0.0
1.403683705E8	280.5078125	37723.616258793816
1.403752505E8	258.3404255319149	0.0
1.403821105E8	0.0	0.0
1.40388953E8	265.9	37723.616258793816
1.403957145E8	0.0	0.0
1.404023365E8	213.75	0.0
1.404088075E8	266.0	37723.616258793816
1.404151525E8	322.6	0.0
1.40421418E8	294.05882352941177	0.0
1.40427633E8	276.46153846153845	37723.616258793816
1.404337675E8	226.44444444444446	0.0
1.404398365E8	0.0	0.0
1.40445888E8	248.92307692307693	37723.616258793816
1.404519085E8	272.0	0.0
1.404579005E8	240.66666666666666	0.0
1.404638765E8	343.64285714285717	37723.616258793816
1.404698365E8	335.0	0.0
1.4047577E8	275.85714285714283	0.0
1.40481673E8	260.6625954198473	37723.616258793816
1.404875345E8	0.0	0.0
1.404915035E8	0.0	0.0
1.404943895E8	0.0	37723.616258793816
1.404990715E8	274.0	0.0
1.405047025E8	332.95863815419244	0.0
1.40510262E8	0.0	37723.616258793816
1.405157995E8	253.625	0.0
1.40521292E8	273.1304347826087	0.0
1.40526756E8	312.03672612801677	37723.616258793816
1.40532181E8	0.0	0.0
1.40537566E8	277.2564102564103	0.0
1.405429375E8	0.0	37723.616258793816
1.405482795E8	233.0	0.0
1.40553603E8	260.0	0.0
1.405589225E8	245.5	37723.616258793816
1.40564221E8	0.0	0.0
1.405694775E8	223.25	0.0
1.40574688E8	0.0	37723.616258793816
1.405798735E8	290.2631578947368	0.0
1.405850135E8	0.0	0.0
1.40590093E8	0.0	37723.616258793816
1.405951535E8	0.0	0.0
1.40600212E8	0.0	0.0
1.406052535E8	0.0	37723.616258793816
1.406102665E8	272.05555555555554	0.0
1.406152645E8	0.0	0.0
1.406202595E8	276.57142857142856	37723.616258793816
1.406252495E8	0.0	0.0
1.40630226E8	0.0	0.0
1.40635179E8	0.0	37723.616258793816
1.40640115E8	0.0	0.0
1.4064504E8	0.0	0.0
1.4064995E8	286.8109090909091	37723.616258793816
1.406548455E8	0.0	0.0
1.40659729E8	280.8974358974359	0.0
1.40664601E8	319.0	37723.616258793816
1.406694435E8	0.0	0.0
1.40674261E8	0.0	0.0
1.40679061E8	344.92857142857144	37723.616258793816
1.40683806E8	0.0	0.0
1.40688509E8	0.0	0.0
1.406931635E8	0.0	37723.616258793816
1.40697758E8	0.0	0.0
1.40702335E8	0.0	0.0
1.40706898E8	0.0	37723.616258793816
1.40711432E8	0.0	0.0
1.40715925E8	300.04347826086956	0.0
1.40720393E8	340.8333333333333	37723.616258793816
1.407248515E8	233.5	0.0
1.407292955E8	309.14285714285717	0.0
1.407337135E8	0.0	37723.616258793816
1.40738111E8	0.0	0.0
1.40742499E8	0.0	0.0
1.407468785E8	0.0	37723.616258793816
1.40751256E8	306.0	0.0
1.407556295E8	0.0	0.0
1.40759995E8	101.0	37723.616258793816
1.407643435E8	265.0	0.0
1.407686665E8	296.6111111111111	0.0
1.407729765E8	280.03225806451616	37723.616258793816
1.40777284E8	0.0	0.0
1.40781584E8	288.4260223048327	0.0
1.40785876E8	327.9252669039146	37723.616258793816
1.40790157E8	0.0	0.0
1.407944295E8	0.0	0.0
1.407986935E8	0.0	37723.616258793816
1.40802937E8	378.0	0.0
1.40807165E8	186.0	0.0
1.408113885E8	0.0	37723.616258793816
1.408156105E8	271.8421052631579	0.0
1.408198225E8	475.4	0.0
1.40824022E8	260.6	37723.616258793816
1.408282145E8	289.0	0.0
1.408324E8	0.0	0.0
1.408365825E8	301.0	37723.616258793816
1.40840755E8	0.0	0.0
1.408449115E8	311.0	0.0
1.40849054E8	258.0	37723.616258793816
1.40851497E8	0.0	0.0
1.408535395E8	0.0	0.0
1.40857247E8	0.0	37723.616258793816
1.408613235E8	178.0	0.0
1.40865389E8	325.4765100671141	0.0
1.408694335E8	0.0	37723.616258793816
1.40873455E8	0.0	0.0
1.408774675E8	0.0	0.0
1.408814765E8	286.75	37723.616258793816
1.40885475E8	0.0	0.0
1.408894625E8	0.0	0.0
1.408934395E8	0.0	37723.616258793816
1.408974065E8	0.0	0.0
1.409013685E8	356.1363636363636	0.0
1.409053235E8	308.6412803532009	37723.616258793816
1.40909269E8	0.0	0.0
1.409132055E8	0.0	0.0
1.409171345E8	0.0	37723.616258793816
1.409210595E8	205.4	0.0
1.40924982E8	0.0	0.0
1.40928899E8	0.0	37723.616258793816
1.40932812E8	0.0	0.0
1.409367215E8	207.0	0.0
1.4094061E8	316.0	37723.616258793816
1.409444775E8	280.90909090909093	0.0
1.409483385E8	302.2191780821918	0.0
1.409521765E8	0.0	37723.616258793816
1.40955989E8	304.97058823529414	0.0
1.409597955E8	0.0	0.0
1.409636015E8	256.0	37723.616258793816
1.40967392E8	0.0	0.0
1.40971157E8	196.0	0.0
1.40974907E8	0.0	37723.616258793816
1.40978648E8	0.0	0.0
1.409823815E8	270.5	0.0
1.40986105E8	235.0	37723.616258793816
1.409898215E8	345.0	0.0
1.40993536E8	0.0	0.0
1.409972465E8	0.0	37723.616258793816
1.41000941E8	0.0	0.0
1.410046115E8	241.73333333333332	0.0
1.410082665E8	171.0	37723.616258793816
1.41011916E8	0.0	0.0
1.410155645E8	0.0	0.0
1.410192115E8	256.0	37723.616258793816
1.410228535E8	270.6666666666667	0.0
1.410264835E8	273.0	0.0
1.410301055E8	0.0	37723.616258793816
1.41033718E8	0.0	0.0
1.41037321E8	0.0	0.0
1.410409235E8	0.0	37723.616258793816
1.41044521E8	0.0	0.0
1.410481085E8	0.0	0.0
1.410516865E8	0.0	37723.616258793816
1.41055252E8	0.0	0.0
1.410588075E8	297.1278195488722	0.0
1.41062361E8	237.0	37723.616258793816
1.41065914E8	0.0	0.0
1.41069467E8	273.4634146341463	0.0
1.41073012E8	275.07142857142856	37723.616258793816
1.41076544E8	0.0	0.0
1.41080071E8	0.0	0.0
1.41083596E8	0.0	37723.616258793816
1.41087117E8	0.0	0.0
1.41090628E8	0.0	0.0
1.410941305E8	290.3504842615012	37723.616258793816
1.41097631E8	291.15625	0.0
1.411011295E8	0.0	0.0
1.411046235E8	297.1666666666667	37723.616258793816
1.411081075E8	0.0	0.0
1.41111585E8	223.0	0.0
1.4111506E8	0.0	37723.616258793816
1.411185295E8	287.2	0.0
1.41121994E8	0.0	0.0
1.411254545E8	356.6082474226804	37723.616258793816
1.411289005E8	0.0	0.0
1.411323185E8	0.0	0.0
1.411357175E8	0.0	37723.616258793816
1.4113911E8	242.66666666666666	0.0
1.411424975E8	0.0	0.0
1.41145878E8	301.8333333333333	37723.616258793816
1.411492525E8	304.15857226448213	0.0
1.41152626E8	216.64285714285714	0.0
1.41155995E8	0.0	37723.616258793816
1.411593515E8	0.0	0.0
1.41162699E8	325.8888888888889	0.0
1.41166043E8	300.0	37723.616258793816
1.4116937E8	0.0	0.0
1.411726805E8	0.0	0.0
1.411759855E8	0.0	37723.616258793816
1.41179286E8	264.0	0.0
1.411825805E8	0.0	0.0
1.411858675E8	282.0	37723.616258793816
1.41189148E8	0.0	0.0
1.41192424E8	251.0	0.0
1.411956955E8	197.0	37723.616258793816
1.411989605E8	0.0	0.0
1.41202221E8	193.33333333333334	0.0
1.4120548E8	318.0362626592617	37723.616258793816
1.412087365E8	2283.0	0.0
1.41210776E8	0.0	0.0
1.41212402E8	0.0	37723.616258793816
1.412152325E8	0.0	0.0
1.41218463E8	279.625	0.0
1.41221688E8	232.0	37723.616258793816
1.412249085E8	264.7102803738318	0.0
1.41228124E8	362.2906976744186	0.0
1.41231335E8	0.0	37723.616258793816
1.412345425E8	0.0	0.0
1.41237746E8	0.0	0.0
1.41240947E8	0.0	37723.616258793816
1.41244146E8	216.0	0.0
1.412473425E8	618.6666666666666	0.0
1.41250538E8	272.8030854938933	37723.616258793816
1.412537305E8	285.26695652173913	0.0
1.412569125E8	0.0	0.0
1.41260086E8	0.0	37723.616258793816
1.41263258E8	0.0	0.0
1.412664245E8	0.0	0.0
1.41269585E8	269.6666666666667	37723.616258793816
1.41272743E8	0.0	0.0
1.412758995E8	0.0	0.0
1.412790545E8	262.75	37723.616258793816
1.412822035E8	0.0	0.0
1.4128534E8	317.2517289073306	0.0
1.41288466E8	0.0	37723.616258793816
1.41291589E8	0.0	0.0
1.412947105E8	0.0	0.0
1.412978215E8	324.7837837837838	37723.616258793816
1.413009225E8	0.0	0.0
1.413040225E8	236.25	0.0
1.41307117E8	281.0	37723.616258793816
1.41310204E8	286.9	0.0
1.413132865E8	0.0	0.0
1.413163665E8	162.25	37723.616258793816
1.41319445E8	236.2	0.0
1.413225215E8	0.0	0.0
1.41325596E8	0.0	37723.616258793816
1.41328669E8	238.5	0.0
1.41331738E8	0.0	0.0
1.413348E8	0.0	37723.616258793816
1.413378585E8	279.12204724409446	0.0
1.413409105E8	294.8333333333333	0.0
1.413439555E8	0.0	37723.616258793816
1.41346999E8	0.0	0.0
1.41350033E8	0.0	0.0
1.413530575E8	198.66666666666666	37723.616258793816
1.41356076E8	185.0	0.0
1.413590875E8	0.0	0.0
1.41362097E8	0.0	37723.616258793816
1.413651025E8	0.0	0.0
1.41368103E8	655.0	0.0
1.41371102E8	248.69230769230768	37723.616258793816
1.413740995E8	289.42857142857144	0.0
1.41377093E8	0.0	0.0
1.413800805E8	267.0625	37723.616258793816
1.413830635E8	334.6	0.0
1.413860455E8	256.5882352941176	0.0
1.41389022E8	277.0	37723.616258793816
1.413919895E8	0.0	0.0
1.4139495E8	0.0	0.0
1.413979065E8	0.0	37723.616258793816
1.41400857E8	0.0	0.0
1.41403801E8	0.0	0.0
1.41406741E8	278.6	37723.616258793816
1.41409678E8	0.0	0.0
1.414126105E8	0.0	0.0
1.41415538E8	284.0622222222222	37723.616258793816
1.414184645E8	0.0	0.0
1.414213895E8	0.0	0.0
1.414243125E8	304.7448377581121	37723.616258793816
1.414272345E8	289.3125	0.0
1.41430155E8	0.0	0.0
1.414330725E8	280.0	37723.616258793816
1.414359875E8	298.88235294117646	0.0
1.414389E8	227.625	0.0
1.414418105E8	0.0	37723.616258793816
1.41444718E8	279.8333333333333	0.0
1.414476225E8	280.79411764705884	0.0
1.41450526E8	0.0	37723.616258793816
1.41453427E8	327.5883266066439	0.0
1.41456323E8	0.0	0.0
1.41459214E8	0.0	37723.616258793816
1.414621005E8	285.5833333333333	0.0
1.414649835E8	317.37684854665986	0.0
1.414678655E8	205.0	37723.616258793816
1.414707475E8	184.0	0.0
1.41473629E8	276.3333333333333	0.0
1.41476508E8	0.0	37723.616258793816
1.414793845E8	308.3125	0.0
1.41482258E8	0.0	0.0
1.414851235E8	0.0	37723.616258793816
1.414879835E8	240.5	0.0
1.414908425E8	0.0	0.0
1.41493699E8	291.1111111111111	37723.616258793816
1.41496551E8	311.7817604355717	0.0
1.414993995E8	0.0	0.0
1.415022465E8	0.0	37723.616258793816
1.415050915E8	0.0	0.0
1.41507934E8	0.0	0.0
1.415107725E8	226.5	37723.616258793816
1.415136075E8	0.0	0.0
1.41516441E8	0.0	0.0
1.415192725E8	0.0	37723.616258793816
1.41522102E8	0.0	0.0
1.415249305E8	306.5	0.0
1.41527757E8	232.66666666666666	37723.616258793816
1.41530581E8	0.0	0.0
1.415334035E8	0.0	0.0
1.415362255E8	0.0	37723.616258793816
1.415390465E8	341.0	0.0
1.41541866E8	184.0	0.0
1.41544683E8	309.09090909090907	37723.616258793816
1.415474975E8	0.0	0.0
1.4155031E8	306.0	0.0
1.415531175E8	0.0	37723.616258793816
1.41555919E8	331.0689655172414	0.0
1.415587165E8	0.0	0.0
1.41561512E8	0.0	37723.616258793816
1.41564307E8	233.66666666666666	0.0
1.415671015E8	0.0	0.0
1.415695015E8	288.70093457943926	37723.616258793816
1.41570898E8	262.5	0.0
1.41572688E8	0.0	0.0
1.4157548E8	0.0	37723.616258793816
1.415782705E8	275.05882352941177	0.0
1.415810595E8	0.0	0.0
1.41583847E8	277.45454545454544	37723.616258793816
1.415866325E8	0.0	0.0
1.41589416E8	320.31712191872083	0.0
1.41592198E8	0.0	37723.616258793816
1.41594971E8	243.0	0.0
1.415977345E8	335.5	0.0
1.41600491E8	0.0	37723.616258793816
1.416032415E8	0.0	0.0
1.41605989E8	272.0	0.0
1.416087335E8	0.0	37723.616258793816
1.416114735E8	0.0	0.0
1.41614208E8	0.0	0.0
1.416169385E8	289.9288061336254	37723.616258793816
1.41619657E8	306.13309352517985	0.0
1.416223655E8	106.0	0.0
1.41625071E8	236.0	37723.616258793816
1.416277715E8	0.0	0.0
1.41630469E8	0.0	0.0
1.416331645E8	313.2574209245742	37723.616258793816
1.41635856E8	0.0	0.0
1.416385445E8	248.1	0.0
1.416412325E8	0.0	37723.616258793816
1.416439195E8	267.77272727272725	0.0
1.41646598E8	413.1333333333333	0.0
1.416492685E8	0.0	37723.616258793816
1.41651938E8	287.375	0.0
1.416546065E8	0.0	0.0
1.41657273E8	291.95106715252473	37723.616258793816
1.416599375E8	0.0	0.0
1.41662593E8	273.7083333333333	0.0
1.416652385E8	0.0	37723.616258793816
1.416678815E8	308.2533849129594	0.0
1.41670523E8	0.0	0.0
1.41673163E8	0.0	37723.616258793816
1.41675801E8	0.0	0.0
1.416784375E8	288.4791666666667	0.0
1.41681073E8	0.0	37723.616258793816
1.41683705E8	880.0	0.0
1.416863335E8	0.0	0.0
1.416889605E8	0.0	37723.616258793816
1.416915825E8	0.0	0.0
1.416942E8	0.0	0.0
1.416968145E8	0.0	37723.616258793816
1.41699426E8	0.0	0.0
1.41702034E8	0.0	0.0
1.41704638E8	0.0	37723.616258793816
1.41707241E8	293.5	0.0
1.41709838E8	0.0	0.0
1.417124275E8	350.0	37723.616258793816
1.417150135E8	0.0	0.0
1.41717597E8	0.0	0.0
1.41720177E8	0.0	37723.616258793816
1.41722754E8	0.0	0.0
1.417253305E8	256.0	0.0
1.41727906E8	294.0	37723.616258793816
1.41730481E8	0.0	0.0
1.41733056E8	289.0	0.0
1.417356305E8	276.7142857142857	37723.616258793816
1.417382025E8	0.0	0.0
1.4174077E8	0.0	0.0
1.41743333E8	0.0	37723.616258793816
1.41745892E8	0.0	0.0
1.417484485E8	0.0	0.0
1.41751004E8	245.39285714285714	37723.616258793816
1.41753556E8	0.0	0.0
1.41756104E8	410.35585585585585	0.0
1.41758648E8	223.0	37723.616258793816
1.41761189E8	273.2	0.0
1.417637275E8	0.0	0.0
1.4176626E8	0.0	37723.616258793816
1.41768789E8	0.0	0.0
1.417713145E8	0.0	0.0
1.41773836E8	296.27027027027026	37723.616258793816
1.41776357E8	0.0	0.0
1.417788775E8	0.0	0.0
1.417813975E8	269.625	37723.616258793816
1.41783916E8	305.84057971014494	0.0
1.417864325E8	0.0	0.0
1.41788946E8	253.08333333333334	37723.616258793816
1.41791457E8	0.0	0.0
1.417939675E8	0.0	0.0
1.417964765E8	324.0	37723.616258793816
1.41798983E8	0.0	0.0
1.418014855E8	0.0	0.0
1.41803981E8	285.37984496124034	37723.616258793816
1.4180647E8	0.0	0.0
1.41808953E8	0.0	0.0
1.41811431E8	307.73301737756714	37723.616258793816
1.418139075E8	249.0	0.0
1.41816383E8	0.0	0.0
1.41818857E8	120.0	37723.616258793816
1.418213285E8	0.0	0.0
1.418237955E8	0.0	0.0
1.41826259E8	274.25	37723.616258793816
1.418287215E8	253.0	0.0
1.41831178E8	269.875	0.0
1.41833627E8	286.0	37723.616258793816
1.418360715E8	0.0	0.0
1.41838512E8	0.0	0.0
1.418409505E8	233.6153846153846	37723.616258793816
1.418433885E8	0.0	0.0
1.418458265E8	283.65359477124184	0.0
1.41848263E8	0.0	37723.616258793816
1.418506975E8	0.0	0.0
1.418531305E8	0.0	0.0
1.41855562E8	0.0	37723.616258793816
1.41857992E8	249.0	0.0
1.418604205E8	283.8333333333333	0.0
1.41862847E8	0.0	37723.616258793816
1.41865272E8	0.0	0.0
1.41867695E8	0.0	0.0
1.41870116E8	356.3333333333333	37723.616258793816
1.418725365E8	0.0	0.0
1.41874956E8	0.0	0.0
1.41877374E8	0.0	37723.616258793816
1.41879789E8	0.0	0.0
1.418822015E8	0.0	0.0
1.418846075E8	0.0	37723.616258793816
1.418870045E8	0.0	0.0
1.418893965E8	303.75471698113205	0.0
1.418917865E8	0.0	37723.616258793816
1.41894176E8	0.0	0.0
1.41896563E8	0.0	0.0
1.41898948E8	0.0	37723.616258793816
1.41901333E8	298.5365853658537	0.0
1.419037175E8	321.8830744071954	0.0
1.41906101E8	281.75384615384615	37723.616258793816
1.41908484E8	287.18076285240465	0.0
1.419108665E8	0.0	0.0
1.41913248E8	0.0	37723.616258793816
1.41915629E8	286.08930540242557	0.0
1.41918009E8	274.64285714285717	0.0
1.41920388E8	279.625	37723.616258793816
1.419227665E8	0.0	0.0
1.41925143E8	1331.0	0.0
1.419275165E8	0.0	37723.616258793816
1.419292615E8	268.8	0.0
1.41930446E8	0.0	0.0
1.419322555E8	0.0	37723.616258793816
1.419346225E8	0.0	0.0
1.41936987E8	0.0	0.0
1.41939347E8	0.0	37723.616258793816
1.41941703E8	338.25	0.0
1.419440575E8	0.0	0.0
1.41946411E8	0.0	37723.616258793816
1.419487635E8	91.0	0.0
1.419511115E8	312.2	0.0
1.419534545E8	199.0	37723.616258793816
1.419557965E8	320.6666666666667	0.0
1.41958135E8	951.0	0.0
1.419604675E8	230.69230769230768	37723.616258793816
1.419627965E8	0.0	0.0
1.419651245E8	311.0118733509235	0.0
1.419674515E8	290.76586102719034	37723.616258793816
1.41969777E8	0.0	0.0
1.419721005E8	0.0	0.0
1.419744205E8	0.0	37723.616258793816
1.41976738E8	0.0	0.0
1.419790505E8	313.51851851851853	0.0
1.41981358E8	0.0	37723.616258793816
1.419836635E8	285.1818181818182	0.0
1.41985967E8	270.8	0.0
1.41988266E8	275.8333333333333	37723.616258793816
1.4199056E8	615.0	0.0
1.41992852E8	217.0	0.0
1.41995142E8	0.0	37723.616258793816
1.4199743E8	0.0	0.0
1.419997165E8	308.0	0.0
1.420020015E8	264.3333333333333	37723.616258793816
1.42004285E8	0.0	0.0
1.420065675E8	0.0	0.0
1.42008845E8	0.0	37723.616258793816
1.420111165E8	271.2352941176471	0.0
1.42013386E8	0.0	0.0
1.420156535E8	0.0	37723.616258793816
1.42017916E8	0.0	0.0
1.42020175E8	0.0	0.0
1.42022431E8	0.0	37723.616258793816
1.420246815E8	0.0	0.0
1.42026929E8	0.0	0.0
1.42029171E8	0.0	37723.616258793816
1.420314065E8	0.0	0.0
1.420336395E8	0.0	0.0
1.420358715E8	281.59375	37723.616258793816
1.420381015E8	0.0	0.0
1.42040329E8	0.0	0.0
1.42042554E8	0.0	37723.616258793816
1.42044776E8	0.0	0.0
1.420469965E8	0.0	0.0
1.42049215E8	0.0	37723.616258793816
1.420514315E8	0.0	0.0
1.420536445E8	0.0	0.0
1.42055854E8	732.0	37723.616258793816
1.42058062E8	223.0	0.0
1.420602685E8	288.2328767123288	0.0
1.42062474E8	0.0	37723.616258793816
1.42064677E8	0.0	0.0
1.420668775E8	0.0	0.0
1.420690765E8	961.0	37723.616258793816
1.420712745E8	0.0	0.0
1.420734715E8	0.0	0.0
1.420756655E8	0.0	37723.616258793816
1.420778565E8	287.2432432432432	0.0
1.42080046E8	0.0	0.0
1.42082235E8	265.0	37723.616258793816
1.42084423E8	329.0	0.0
1.42086609E8	320.0	0.0
1.4208879E8	0.0	37723.616258793816
1.420909665E8	257.0	0.0
1.42093141E8	0.0	0.0
1.420953105E8	629.0	37723.616258793816
1.42097474E8	0.0	0.0
1.42099635E8	0.0	0.0
1.42101794E8	243.0	37723.616258793816
1.42103946E8	0.0	0.0
1.42106089E8	0.0	0.0
1.421082245E8	0.0	37723.616258793816
1.42110355E8	0.0	0.0
1.421124825E8	0.0	0.0
1.421146075E8	0.0	37723.616258793816
1.421167315E8	286.7142857142857	0.0
1.42118853E8	279.3048780487805	0.0
1.42120971E8	388.0	37723.616258793816
1.421230865E8	0.0	0.0
1.421252E8	331.0	0.0
1.42127313E8	0.0	37723.616258793816
1.42129426E8	230.0	0.0
1.421315385E8	0.0	0.0
1.42133649E8	0.0	37723.616258793816
1.421357575E8	0.0	0.0
1.42137864E8	0.0	0.0
1.42139969E8	227.25	37723.616258793816
1.42142073E8	0.0	0.0
1.421441755E8	0.0	0.0
1.421462745E8	0.0	37723.616258793816
1.421483705E8	328.0	0.0
1.421504655E8	0.0	0.0
1.421525595E8	0.0	37723.616258793816
1.421546525E8	268.44444444444446	0.0
1.421567435E8	281.04545454545456	0.0
1.42158833E8	0.0	37723.616258793816
1.421609215E8	357.0	0.0
1.42163009E8	238.9375	0.0
1.42165096E8	0.0	37723.616258793816
1.421671825E8	0.0	0.0
1.421692675E8	0.0	0.0
1.4217135E8	272.02777777777777	37723.616258793816
1.4217343E8	0.0	0.0
1.42175509E8	0.0	0.0
1.421775875E8	0.0	37723.616258793816
1.421796645E8	271.4	0.0
1.421817365E8	0.0	0.0
1.421838025E8	276.0213414634146	37723.616258793816
1.42185866E8	304.0	0.0
1.42187929E8	334.07239819004525	0.0
1.421899915E8	138.0	37723.616258793816
1.421920525E8	0.0	0.0
1.421941125E8	0.0	0.0
1.421961725E8	284.0	37723.616258793816
1.42198232E8	273.75	0.0
1.422002865E8	0.0	0.0
1.422023345E8	0.0	37723.616258793816
1.422043795E8	0.0	0.0
1.42206423E8	0.0	0.0
1.42208462E8	0.0	37723.616258793816
1.42210496E8	0.0	0.0
1.42212529E8	0.0	0.0
1.422145605E8	302.0	37723.616258793816
1.42216589E8	257.67088607594934	0.0
1.42218613E8	298.0	0.0
1.422206335E8	0.0	37723.616258793816
1.42222652E8	257.0	0.0
1.422246675E8	0.0	0.0
1.422266795E8	0.0	37723.616258793816
1.42228689E8	0.0	0.0
1.422306975E8	226.0	0.0
1.422327045E8	0.0	37723.616258793816
1.422347105E8	0.0	0.0
1.42236716E8	0.0	0.0
1.42238721E8	201.0	37723.616258793816
1.422407225E8	0.0	0.0
1.422427205E8	273.5	0.0
1.422447185E8	288.6666666666667	37723.616258793816
1.42246715E8	0.0	0.0
1.42248709E8	0.0	0.0
1.422507005E8	0.0	37723.616258793816
1.422526905E8	284.9072847682119	0.0
1.422546795E8	0.0	0.0
1.422566665E8	0.0	37723.616258793816
1.422586525E8	0.0	0.0
1.422606355E8	0.0	0.0
1.422626145E8	0.0	37723.616258793816
1.422645915E8	374.0	0.0
1.422665675E8	0.0	0.0
1.42268543E8	240.0	37723.616258793816
1.422705175E8	323.5	0.0
1.422724895E8	0.0	0.0
1.422744575E8	436.0	37723.616258793816
1.422764235E8	0.0	0.0
1.422783895E8	0.0	0.0
1.422803545E8	0.0	37723.616258793816
1.42282318E8	0.0	0.0
1.422842805E8	0.0	0.0
1.422862425E8	268.4761904761905	37723.616258793816
1.4228818E8	0.0	0.0
1.42289161E8	0.0	0.0
1.42290166E8	0.0	37723.616258793816
1.42292127E8	270.0	0.0
1.42294088E8	0.0	0.0
1.422960465E8	0.0	37723.616258793816
1.422980025E8	326.65441176470586	0.0
1.42299954E8	0.0	0.0
1.42301901E8	272.0	37723.616258793816
1.42303848E8	0.0	0.0
1.423057945E8	0.0	0.0
1.4230774E8	322.0	37723.616258793816
1.423096845E8	0.0	0.0
1.42311628E8	0.0	0.0
1.42313569E8	0.0	37723.616258793816
1.423155065E8	243.5	0.0
1.423174425E8	0.0	0.0
1.42319378E8	0.0	37723.616258793816
1.42321312E8	0.0	0.0
1.42323245E8	0.0	0.0
1.42325177E8	0.0	37723.616258793816
1.42327107E8	317.5	0.0
1.423290355E8	0.0	0.0
1.423309635E8	0.0	37723.616258793816
1.42332891E8	0.0	0.0
1.423348175E8	266.92857142857144	0.0
1.423367435E8	0.0	37723.616258793816
1.423386685E8	0.0	0.0
1.423405905E8	0.0	0.0
1.42342509E8	303.0	37723.616258793816
1.423444255E8	0.0	0.0
1.423463415E8	0.0	0.0
1.42348253E8	287.0	37723.616258793816
1.423501595E8	0.0	0.0
1.42352065E8	0.0	0.0
1.423539695E8	267.0	37723.616258793816
1.42355873E8	0.0	0.0
1.42357776E8	237.0	0.0
1.42359679E8	0.0	37723.616258793816
1.423615815E8	270.0	0.0
1.42363483E8	273.6666666666667	0.0
1.423653835E8	0.0	37723.616258793816
1.423672835E8	0.0	0.0
1.42369183E8	0.0	0.0
1.4237108E8	0.0	37723.616258793816
1.42372975E8	0.0	0.0
1.42374869E8	0.0	0.0
1.42376761E8	0.0	37723.616258793816
1.423786515E8	0.0	0.0
1.423805415E8	279.73776223776224	0.0
1.423824305E8	234.0	37723.616258793816
1.423843155E8	0.0	0.0
1.423861925E8	262.0	0.0
1.423880645E8	0.0	37723.616258793816
1.42389936E8	300.0	0.0
1.423918065E8	0.0	0.0
1.423936765E8	0.0	37723.616258793816
1.42395546E8	223.0	0.0
1.42397415E8	0.0	0.0
1.42399284E8	0.0	37723.616258793816
1.424011525E8	0.0	0.0
1.42403019E8	0.0	0.0
1.42404883E8	309.42545320014796	37723.616258793816
1.42406746E8	0.0	0.0
1.424086055E8	0.0	0.0
1.424104605E8	294.0	37723.616258793816
1.42412313E8	0.0	0.0
1.42414163E8	0.0	0.0
1.42416009E8	0.0	37723.616258793816
1.42417852E8	0.0	0.0
1.42419695E8	0.0	0.0
1.42421538E8	294.5	37723.616258793816
1.424233805E8	0.0	0.0
1.42425222E8	0.0	0.0
1.42427063E8	0.0	37723.616258793816
1.424288995E8	0.0	0.0
1.424307315E8	0.0	0.0
1.424325625E8	0.0	37723.616258793816
1.42434392E8	0.0	0.0
1.42436221E8	0.0	0.0
1.424380485E8	177.0	37723.616258793816
1.42439871E8	0.0	0.0
1.424416895E8	0.0	0.0
1.424435075E8	253.0	37723.616258793816
1.42445323E8	0.0	0.0
1.42447136E8	0.0	0.0
1.424489455E8	0.0	37723.616258793816
1.4245075E8	0.0	0.0
1.424525525E8	0.0	0.0
1.42454354E8	261.0	37723.616258793816
1.424561545E8	0.0	0.0
1.424579545E8	264.6	0.0
1.424597535E8	0.0	37723.616258793816
1.42461551E8	0.0	0.0
1.42463346E8	0.0	0.0
1.424651385E8	0.0	37723.616258793816
1.42466928E8	0.0	0.0
1.424687145E8	0.0	0.0
1.424705E8	0.0	37723.616258793816
1.42472285E8	319.3333333333333	0.0
1.424740655E8	0.0	0.0
1.42475841E8	0.0	37723.616258793816
1.42477616E8	263.09090909090907	0.0
1.42479391E8	0.0	0.0
1.424811635E8	0.0	37723.616258793816
1.42482933E8	0.0	0.0
1.424847005E8	284.7986111111111	0.0
1.42486464E8	0.0	37723.616258793816
1.424882225E8	253.625	0.0
1.424899775E8	268.9583333333333	0.0
1.4249173E8	322.0	37723.616258793816
1.42493479E8	0.0	0.0
1.42495226E8	0.0	0.0
1.42496973E8	0.0	37723.616258793816
1.42498718E8	0.0	0.0
1.4250046E8	0.0	0.0
1.425021995E8	287.0	37723.616258793816
1.42503937E8	0.0	0.0
1.425056725E8	0.0	0.0
1.42507406E8	279.0	37723.616258793816
1.425091385E8	0.0	0.0
1.425108685E8	0.0	0.0
1.425125945E8	0.0	37723.616258793816
1.425143185E8	283.8333333333333	0.0
1.4251604E8	0.0	0.0
1.42517759E8	291.76056338028167	37723.616258793816
1.425194765E8	0.0	0.0
1.425211925E8	0.0	0.0
1.42522908E8	0.0	37723.616258793816
1.425246225E8	0.0	0.0
1.42526336E8	0.0	0.0
1.425280485E8	321.0	37723.616258793816
1.425297595E8	301.0	0.0
1.425314695E8	303.8888888888889	0.0
1.42533179E8	0.0	37723.616258793816
1.425348875E8	0.0	0.0
1.425365935E8	0.0	0.0
1.42538297E8	0.0	37723.616258793816
1.4254E8	0.0	0.0
1.425416995E8	0.0	0.0
1.425433925E8	256.1621621621622	37723.616258793816
1.425450825E8	358.0	0.0
1.42546771E8	0.0	0.0
1.42548457E8	305.25	37723.616258793816
1.42550141E8	0.0	0.0
1.42551824E8	261.14666666666665	0.0
1.42553507E8	313.0	37723.616258793816
1.425551885E8	0.0	0.0
1.42556868E8	361.0	0.0
1.425585465E8	0.0	37723.616258793816
1.42560223E8	0.0	0.0
1.42561894E8	300.5	0.0
1.42563556E8	0.0	37723.616258793816
1.425652095E8	313.0	0.0
1.42566857E8	0.0	0.0
1.42568501E8	0.0	37723.616258793816
1.42570144E8	0.0	0.0
1.42571786E8	0.0	0.0
1.42573425E8	0.0	37723.616258793816
1.42575062E8	0.0	0.0
1.42576699E8	326.12180974477957	0.0
1.425783355E8	0.0	37723.616258793816
1.425799685E8	0.0	0.0
1.42581598E8	0.0	0.0
1.42583225E8	273.5	37723.616258793816
1.4258485E8	0.0	0.0
1.42586474E8	0.0	0.0
1.425880965E8	0.0	37723.616258793816
1.42589717E8	278.4334277620397	0.0
1.425913335E8	217.0	0.0
1.42592946E8	305.6666666666667	37723.616258793816
1.425945565E8	337.6190476190476	0.0
1.425961665E8	263.5	0.0
1.425977755E8	295.3333333333333	37723.616258793816
1.42599378E8	166.0	0.0
1.42600974E8	0.0	0.0
1.426025685E8	368.25	37723.616258793816
1.426041585E8	0.0	0.0
1.426057445E8	0.0	0.0
1.426073305E8	0.0	37723.616258793816
1.42608914E8	0.0	0.0
1.42610493E8	0.0	0.0
1.4261207E8	0.0	37723.616258793816
1.42613646E8	0.0	0.0
1.4261522E8	0.0	0.0
1.42616792E8	0.0	37723.616258793816
1.42618361E8	142.0	0.0
1.426199275E8	296.6140350877193	0.0
1.426214905E8	284.0	37723.616258793816
1.426230505E8	0.0	0.0
1.426246095E8	0.0	0.0
1.426261665E8	0.0	37723.616258793816
1.426277225E8	0.0	0.0
1.42629278E8	0.0	0.0
1.42630832E8	312.0	37723.616258793816
1.426323845E8	283.0	0.0
1.426339355E8	0.0	0.0
1.426354855E8	742.0	37723.616258793816
1.42637035E8	0.0	0.0
1.426385825E8	0.0	0.0
1.426401275E8	0.0	37723.616258793816
1.42641671E8	251.55263157894737	0.0
1.42643213E8	0.0	0.0
1.426447535E8	0.0	37723.616258793816
1.426462925E8	0.0	0.0
1.42647757E8	272.0	0.0
1.42648524E8	0.0	37723.616258793816
1.42649362E8	299.25	0.0
1.42650895E8	0.0	0.0
1.426524275E8	288.0	37723.616258793816
1.42653958E8	0.0	0.0
1.42655486E8	185.0	0.0
1.42657012E8	0.0	37723.616258793816
1.42658537E8	0.0	0.0
1.42660062E8	274.0177514792899	0.0
1.42661585E8	0.0	37723.616258793816
1.426631055E8	0.0	0.0
1.42664625E8	0.0	0.0
1.426661435E8	0.0	37723.616258793816
1.426676605E8	0.0	0.0
1.426691735E8	0.0	0.0
1.42670683E8	308.0	37723.616258793816
1.426721915E8	0.0	0.0
1.426736975E8	282.58	0.0
1.426752015E8	0.0	37723.616258793816
1.426767045E8	0.0	0.0
1.426782025E8	0.0	0.0
1.426796955E8	0.0	37723.616258793816
1.426811875E8	296.38461538461536	0.0
1.426826785E8	0.0	0.0
1.42684168E8	0.0	37723.616258793816
1.426856565E8	0.0	0.0
1.42687144E8	211.33333333333334	0.0
1.42688631E8	174.76923076923077	37723.616258793816
1.42690117E8	243.4	0.0
1.426916015E8	0.0	0.0
1.426930845E8	0.0	37723.616258793816
1.426945645E8	0.0	0.0
1.426960415E8	0.0	0.0
1.42697517E8	0.0	37723.616258793816
1.42698991E8	0.0	0.0
1.42700463E8	250.0	0.0
1.427019325E8	0.0	37723.616258793816
1.427034E8	0.0	0.0
1.427048665E8	0.0	0.0
1.427063315E8	0.0	37723.616258793816
1.427077945E8	380.0	0.0
1.42709256E8	0.0	0.0
1.42710717E8	0.0	37723.616258793816
1.42712177E8	0.0	0.0
1.427136355E8	291.24	0.0
1.427150925E8	0.0	37723.616258793816
1.42716547E8	0.0	0.0
1.427179995E8	0.0	0.0
1.427194515E8	0.0	37723.616258793816
1.42720903E8	198.0	0.0
1.427223515E8	0.0	0.0
1.427237975E8	0.0	37723.616258793816
1.42725243E8	0.0	0.0
1.42726687E8	317.6666666666667	0.0
1.42728129E8	0.0	37723.616258793816
1.427295695E8	291.54020930873037	0.0
1.427310075E8	0.0	0.0
1.427324415E8	0.0	37723.616258793816
1.427338735E8	0.0	0.0
1.427353055E8	0.0	0.0
1.427367365E8	0.0	37723.616258793816
1.42738166E8	281.0	0.0
1.42739595E8	277.5	0.0
1.42741022E8	0.0	37723.616258793816
1.427424465E8	0.0	0.0
1.427438705E8	0.0	0.0
1.427452945E8	0.0	37723.616258793816
1.42746718E8	0.0	0.0
1.427481405E8	288.6666666666667	0.0
1.42749562E8	0.0	37723.616258793816
1.42750982E8	0.0	0.0
1.427523995E8	246.0	0.0
1.427538155E8	219.5	37723.616258793816
1.427552315E8	333.0	0.0
1.42756647E8	363.0	0.0
1.427580605E8	0.0	37723.616258793816
1.427594725E8	0.0	0.0
1.42760884E8	0.0	0.0
1.427622945E8	0.0	37723.616258793816
1.427637035E8	0.0	0.0
1.427651115E8	0.0	0.0
1.42766519E8	0.0	37723.616258793816
1.427679255E8	0.0	0.0
1.427693305E8	0.0	0.0
1.427707335E8	0.0	37723.616258793816
1.42772132E8	0.0	0.0
1.427735265E8	0.0	0.0
1.4277492E8	305.5263157894737	37723.616258793816
1.42776312E8	0.0	0.0
1.42777703E8	0.0	0.0
1.42779094E8	0.0	37723.616258793816
1.427804825E8	311.5	0.0
1.427818685E8	0.0	0.0
1.42783254E8	0.0	37723.616258793816
1.427846385E8	214.0	0.0
1.42786022E8	274.7027027027027	0.0
1.427874045E8	225.0	37723.616258793816
1.42788786E8	0.0	0.0
1.42790167E8	0.0	0.0
1.427915475E8	0.0	37723.616258793816
1.427929275E8	274.6	0.0
1.42794307E8	256.875	0.0
1.427956855E8	223.8	37723.616258793816
1.42797063E8	0.0	0.0
1.4279844E8	289.4	0.0
1.42799817E8	0.0	37723.616258793816
1.42801194E8	153.0	0.0
1.428025705E8	0.0	0.0
1.42803946E8	0.0	37723.616258793816
1.428053205E8	260.0	0.0
1.428066945E8	0.0	0.0
1.42808068E8	0.0	37723.616258793816
1.4280944E8	0.0	0.0
1.4281081E8	0.0	0.0
1.428121785E8	0.0	37723.616258793816
1.428135455E8	317.0	0.0
1.42814909E8	0.0	0.0
1.428162695E8	302.3346459193395	37723.616258793816
1.428176275E8	267.8333333333333	0.0
1.428189835E8	247.95	0.0
1.42820339E8	0.0	37723.616258793816
1.42821694E8	0.0	0.0
1.428230475E8	0.0	0.0
1.42824399E8	0.0	37723.616258793816
1.42825748E8	0.0	0.0
1.42827095E8	284.22222222222223	0.0
1.428284415E8	0.0	37723.616258793816
1.428297865E8	0.0	0.0
1.4283113E8	267.0	0.0
1.42832472E8	247.82462686567163	37723.616258793816
1.428338125E8	268.9583333333333	0.0
1.428351525E8	0.0	0.0
1.428364925E8	0.0	37723.616258793816
1.42837832E8	0.0	0.0
1.42839171E8	0.0	0.0
1.42840509E8	0.0	37723.616258793816
1.42841846E8	0.0	0.0
1.428431825E8	0.0	0.0
1.428445175E8	0.0	37723.616258793816
1.42845851E8	0.0	0.0
1.42847184E8	291.7893175074184	0.0
1.42848517E8	0.0	37723.616258793816
1.428498495E8	380.0	0.0
1.428511805E8	328.3333333333333	0.0
1.428525105E8	0.0	37723.616258793816
1.428538395E8	328.0	0.0
1.42855167E8	0.0	0.0
1.428564935E8	0.0	37723.616258793816
1.428578195E8	0.0	0.0
1.42859144E8	0.0	0.0
1.42860467E8	0.0	37723.616258793816
1.428617895E8	241.5	0.0
1.428631085E8	0.0	0.0
1.42864424E8	0.0	37723.616258793816
1.42865739E8	0.0	0.0
1.42867054E8	246.0	0.0
1.42868369E8	121.0	37723.616258793816
1.428696825E8	0.0	0.0
1.42870994E8	0.0	0.0
1.42872305E8	203.0	37723.616258793816
1.428736155E8	0.0	0.0
1.428749255E8	416.55555555555554	0.0
1.42876235E8	289.125	37723.616258793816
1.428775435E8	0.0	0.0
1.428788505E8	0.0	0.0
1.428801555E8	273.9418604651163	37723.616258793816
1.428814595E8	0.0	0.0
1.428827635E8	0.0	0.0
1.428840675E8	223.0	37723.616258793816
1.42885371E8	0.0	0.0
1.42886674E8	0.0	0.0
1.428879765E8	0.0	37723.616258793816
1.42889278E8	0.0	0.0
1.42890579E8	275.0	0.0
1.42891879E8	255.58823529411765	37723.616258793816
1.42893177E8	0.0	0.0
1.42894474E8	0.0	0.0
1.42895771E8	0.0	37723.616258793816
1.428970675E8	0.0	0.0
1.42898363E8	0.0	0.0
1.428996575E8	0.0	37723.616258793816
1.429009515E8	0.0	0.0
1.429022455E8	0.0	0.0
1.42903539E8	228.66666666666666	37723.616258793816
1.42904831E8	0.0	0.0
1.429061215E8	0.0	0.0
1.42907411E8	0.0	37723.616258793816
1.42908699E8	276.06666666666666	0.0
1.429099855E8	0.0	0.0
1.42911271E8	0.0	37723.616258793816
1.429125555E8	0.0	0.0
1.429138395E8	318.6862745098039	0.0
1.42915123E8	0.0	37723.616258793816
1.42916406E8	317.86206896551727	0.0
1.429176885E8	270.64285714285717	0.0
1.4291897E8	0.0	37723.616258793816
1.429202505E8	0.0	0.0
1.429215305E8	0.0	0.0
1.4292281E8	0.0	37723.616258793816
1.429240885E8	253.0	0.0
1.429253665E8	107.0	0.0
1.429266445E8	0.0	37723.616258793816
1.42927922E8	290.7292022444499	0.0
1.42929199E8	285.0906095551895	0.0
1.42930476E8	150.0	37723.616258793816
1.429317525E8	0.0	0.0
1.42933028E8	0.0	0.0
1.42934303E8	0.0	37723.616258793816
1.429355775E8	0.0	0.0
1.429368515E8	0.0	0.0
1.429381245E8	0.0	37723.616258793816
1.42939396E8	0.0	0.0
1.42940667E8	0.0	0.0
1.42941938E8	0.0	37723.616258793816
1.42943209E8	182.0	0.0
1.4294448E8	457.6363636363636	0.0
1.429457505E8	270.77078651685395	37723.616258793816
1.429470205E8	217.42857142857142	0.0
1.429482905E8	259.0	0.0
1.4294956E8	260.0	37723.616258793816
1.429508285E8	0.0	0.0
1.429520965E8	235.5	0.0
1.429533635E8	258.0	37723.616258793816
1.42954629E8	241.0	0.0
1.429558935E8	209.0	0.0
1.42957157E8	0.0	37723.616258793816
1.4295842E8	0.0	0.0
1.42959683E8	264.375	0.0
1.429609455E8	0.0	37723.616258793816
1.429622075E8	0.0	0.0
1.429634695E8	0.0	0.0
1.42964731E8	0.0	37723.616258793816
1.42965992E8	280.0197044334975	0.0
1.429672525E8	282.9243353783231	0.0
1.429685125E8	0.0	37723.616258793816
1.429697725E8	227.85714285714286	0.0
1.429710325E8	0.0	0.0
1.42972292E8	236.36288659793814	37723.616258793816
1.429735505E8	0.0	0.0
1.429748085E8	197.75	0.0
1.429760665E8	244.25925925925927	37723.616258793816
1.42977324E8	0.0	0.0
1.42978579E8	0.0	0.0
1.42979832E8	260.6341463414634	37723.616258793816
1.429810845E8	0.0	0.0
1.42982336E8	0.0	0.0
1.42983587E8	0.0	37723.616258793816
1.42984838E8	0.0	0.0
1.42986089E8	372.3333333333333	0.0
1.429873395E8	252.5625	37723.616258793816
1.42988589E8	0.0	0.0
1.429898375E8	0.0	0.0
1.42991085E8	286.0	37723.616258793816
1.429923315E8	0.0	0.0
1.429935775E8	204.33333333333334	0.0
1.429948225E8	0.0	37723.616258793816
1.42996066E8	223.27	0.0
1.429973085E8	270.6901408450704	0.0
1.4299855E8	0.0	37723.616258793816
1.42999791E8	274.25	0.0
1.43001032E8	251.0	0.0
1.430022725E8	201.16666666666666	37723.616258793816
1.430035125E8	0.0	0.0
1.430047525E8	286.01169590643275	0.0
1.43005992E8	245.28571428571428	37723.616258793816
1.4300719E8	0.0	0.0
1.43007809E8	0.0	0.0
1.430084685E8	0.0	37723.616258793816
1.430097065E8	0.0	0.0
1.430109445E8	0.0	0.0
1.43012182E8	0.0	37723.616258793816
1.430134185E8	0.0	0.0
1.43014654E8	0.0	0.0
1.43015889E8	244.75	37723.616258793816
1.430171235E8	0.0	0.0
1.430183575E8	273.7551020408163	0.0
1.430195915E8	0.0	37723.616258793816
1.43020825E8	0.0	0.0
1.43022058E8	187.0	0.0
1.430232905E8	367.0	37723.616258793816
1.43024522E8	226.5	0.0
1.43025753E8	234.0	0.0
1.43026984E8	228.0	37723.616258793816
1.43028215E8	0.0	0.0
1.430294455E8	275.6	0.0
1.43030675E8	0.0	37723.616258793816
1.43031904E8	0.0	0.0
1.430331325E8	0.0	0.0
1.4303436E8	0.0	37723.616258793816
1.43035587E8	283.9020501138952	0.0
1.43036814E8	0.0	0.0
1.43038041E8	0.0	37723.616258793816
1.430392675E8	0.0	0.0
1.430404935E8	0.0	0.0
1.430417195E8	0.0	37723.616258793816
1.43042945E8	309.5	0.0
1.4304417E8	0.0	0.0
1.43045395E8	0.0	37723.616258793816
1.4304662E8	0.0	0.0
1.43047845E8	0.0	0.0
1.4304907E8	134.0	37723.616258793816
1.430502945E8	293.37581699346407	0.0
1.430515185E8	265.5	0.0
1.430527425E8	434.0	37723.616258793816
1.430539665E8	212.5	0.0
1.4305519E8	0.0	0.0
1.43056413E8	0.0	37723.616258793816
1.43057636E8	0.0	0.0
1.430588585E8	269.6997084548105	0.0
1.430600805E8	304.2857142857143	37723.616258793816
1.43061302E8	0.0	0.0
1.430625225E8	0.0	0.0
1.430637425E8	261.0	37723.616258793816
1.43064962E8	0.0	0.0
1.43066181E8	0.0	0.0
1.430674E8	0.0	37723.616258793816
1.430686185E8	272.59090909090907	0.0
1.430698365E8	0.0	0.0
1.430710525E8	0.0	37723.616258793816
1.43072266E8	0.0	0.0
1.430734785E8	0.0	0.0
1.430746905E8	0.0	37723.616258793816
1.43075902E8	0.0	0.0
1.43077113E8	0.0	0.0
1.430783235E8	0.0	37723.616258793816
1.43079533E8	0.0	0.0
1.43080742E8	317.0	0.0
1.43081951E8	0.0	37723.616258793816
1.430831595E8	0.0	0.0
1.430843675E8	0.0	0.0
1.430855755E8	231.0	37723.616258793816
1.430867835E8	0.0	0.0
1.43087991E8	333.0	0.0
1.430891975E8	328.0	37723.616258793816
1.43090403E8	289.4117647058824	0.0
1.43091608E8	0.0	0.0
1.43092813E8	312.0	37723.616258793816
1.43094017E8	0.0	0.0
1.4309522E8	0.0	0.0
1.43096423E8	0.0	37723.616258793816
1.430976255E8	278.0	0.0
1.430988275E8	203.33333333333334	0.0
1.43100029E8	0.0	37723.616258793816
1.431012295E8	301.0	0.0
1.431024295E8	216.0	0.0
1.431036295E8	0.0	37723.616258793816
1.43104829E8	0.0	0.0
1.43106028E8	207.0	0.0
1.431072265E8	0.0	37723.616258793816
1.431084245E8	352.0	0.0
1.43109622E8	0.0	0.0
1.43110819E8	0.0	37723.616258793816
1.43112015E8	0.0	0.0
1.4311321E8	232.0	0.0
1.43114405E8	268.25	37723.616258793816
1.431156E8	0.0	0.0
1.43116795E8	271.0229357798165	0.0
1.431179895E8	318.0	37723.616258793816
1.43119183E8	284.0	0.0
1.43120376E8	0.0	0.0
1.43121569E8	0.0	37723.616258793816
1.43122762E8	0.0	0.0
1.431239545E8	0.0	0.0
1.431251465E8	287.71153846153845	37723.616258793816
1.431263385E8	176.0	0.0
1.4312753E8	0.0	0.0
1.43128721E8	387.0	37723.616258793816
1.431299115E8	0.0	0.0
1.431311015E8	0.0	0.0
1.431322915E8	0.0	37723.616258793816
1.43133481E8	242.0	0.0
1.4313467E8	0.0	0.0
1.43135859E8	0.0	37723.616258793816
1.43137048E8	0.0	0.0
1.43138237E8	0.0	0.0
1.43139426E8	242.0	37723.616258793816
1.431406145E8	0.0	0.0
1.431418015E8	0.0	0.0
1.431429875E8	0.0	37723.616258793816
1.431441735E8	242.71428571428572	0.0
1.431453595E8	0.0	0.0
1.431465455E8	122.0	37723.616258793816
1.43147731E8	0.0	0.0
1.43148916E8	0.0	0.0
1.43150101E8	280.0	37723.616258793816
1.43151286E8	0.0	0.0
1.431524705E8	0.0	0.0
1.431536545E8	0.0	37723.616258793816
1.431548385E8	0.0	0.0
1.431560225E8	0.0	0.0
1.431572055E8	250.0	37723.616258793816
1.431583875E8	283.72346368715085	0.0
1.43159569E8	0.0	0.0
1.4316075E8	254.29310344827587	37723.616258793816
1.43161931E8	0.0	0.0
1.43163111E8	322.0	0.0
1.4316429E8	0.0	37723.616258793816
1.43165469E8	0.0	0.0
1.431666475E8	0.0	0.0
1.431678255E8	0.0	37723.616258793816
1.431690035E8	0.0	0.0
1.431701815E8	249.75	0.0
1.431713595E8	0.0	37723.616258793816
1.431725375E8	0.0	0.0
1.43173715E8	0.0	0.0
1.431748915E8	326.36348347952253	37723.616258793816
1.43176067E8	0.0	0.0
1.43177242E8	253.5	0.0
1.431784165E8	0.0	37723.616258793816
1.431795905E8	0.0	0.0
1.43180764E8	0.0	0.0
1.43181937E8	0.0	37723.616258793816
1.4318311E8	290.6666666666667	0.0
1.43184282E8	0.0	0.0
1.43185453E8	289.0	37723.616258793816
1.43186624E8	243.0	0.0
1.43187795E8	0.0	0.0
1.431889655E8	269.6666666666667	37723.616258793816
1.43190135E8	0.0	0.0
1.43191304E8	0.0	0.0
1.431924725E8	0.0	37723.616258793816
1.4319364E8	0.0	0.0
1.43194807E8	0.0	0.0
1.43195974E8	228.0	37723.616258793816
1.431971405E8	0.0	0.0
1.431983065E8	276.2878787878788	0.0
1.431994725E8	315.784214945424	37723.616258793816
1.432006385E8	0.0	0.0
1.43201804E8	0.0	0.0
1.43202969E8	0.0	37723.616258793816
1.432041335E8	0.0	0.0
1.43205297E8	0.0	0.0
1.4320646E8	262.91180461329714	37723.616258793816
1.43207623E8	0.0	0.0
1.43208786E8	297.57142857142856	0.0
1.43209949E8	0.0	37723.616258793816
1.43211112E8	252.85106382978722	0.0
1.432122745E8	277.52	0.0
1.432134365E8	0.0	37723.616258793816
1.432145985E8	257.7167832167832	0.0
1.4321576E8	0.0	0.0
1.43216921E8	0.0	37723.616258793816
1.43218082E8	0.0	0.0
1.432192425E8	0.0	0.0
1.432204025E8	294.14285714285717	37723.616258793816
1.432215625E8	0.0	0.0
1.43222722E8	0.0	0.0
1.43223881E8	0.0	37723.616258793816
1.4322504E8	334.8333333333333	0.0
1.43226199E8	253.0	0.0
1.43227358E8	286.5064935064935	37723.616258793816
1.432285165E8	0.0	0.0
1.432296745E8	257.59302325581393	0.0
1.432308325E8	293.5	37723.616258793816
1.4323199E8	265.3333333333333	0.0
1.43233147E8	257.3636363636364	0.0
1.432343035E8	0.0	37723.616258793816
1.432354595E8	0.0	0.0
1.43236615E8	0.0	0.0
1.4323777E8	320.0	37723.616258793816
1.43238925E8	0.0	0.0
1.4324008E8	229.2905982905983	0.0
1.432412345E8	0.0	37723.616258793816
1.432423885E8	0.0	0.0
1.432435425E8	175.0	0.0
1.432446965E8	301.5	37723.616258793816
1.4324585E8	0.0	0.0
1.43247003E8	0.0	0.0
1.43248156E8	0.0	37723.616258793816
1.432493085E8	242.66666666666666	0.0
1.432504605E8	0.0	0.0
1.432516125E8	0.0	37723.616258793816
1.432527645E8	0.0	0.0
1.43253916E8	262.0	0.0
1.432550665E8	236.0	37723.616258793816
1.432562165E8	208.0	0.0
1.432573655E8	0.0	0.0
1.432585135E8	0.0	37723.616258793816
1.432596615E8	212.0	0.0
1.432608095E8	248.20289855072463	0.0
1.432619575E8	0.0	37723.616258793816
1.432631055E8	0.0	0.0
1.43264253E8	263.5	0.0
1.432654E8	269.6443914081146	37723.616258793816
1.43266547E8	303.0	0.0
1.432676935E8	0.0	0.0
1.432688395E8	0.0	37723.616258793816
1.432699855E8	0.0	0.0
1.43271131E8	282.6666666666667	0.0
1.432722755E8	252.7058823529412	37723.616258793816
1.432734195E8	397.2	0.0
1.432745635E8	261.69525065963063	0.0
1.432757075E8	324.53125	37723.616258793816
1.432768515E8	242.0	0.0
1.43277995E8	0.0	0.0
1.43279138E8	308.0	37723.616258793816
1.432802805E8	0.0	0.0
1.432814225E8	295.5	0.0
1.432825645E8	234.501582278481	37723.616258793816
1.43283706E8	283.1978021978022	0.0
1.43284847E8	303.18727915194347	0.0
1.432859875E8	325.79487179487177	37723.616258793816
1.432871275E8	261.75	0.0
1.432882675E8	298.8	0.0
1.432894075E8	0.0	37723.616258793816
1.43290547E8	298.97058823529414	0.0
1.43291686E8	0.0	0.0
1.43292825E8	0.0	37723.616258793816
1.43293964E8	188.0	0.0
1.43295103E8	0.0	0.0
1.432962415E8	0.0	37723.616258793816
1.43297379E8	211.0	0.0
1.432985155E8	299.73809523809524	0.0
1.432996515E8	0.0	37723.616258793816
1.433007875E8	373.316041500399	0.0
1.433019235E8	219.0	0.0
1.43303059E8	0.0	37723.616258793816
1.43304194E8	0.0	0.0
1.43305329E8	303.7142857142857	0.0
1.433064635E8	0.0	37723.616258793816
1.433075975E8	278.1981132075472	0.0
1.433087315E8	0.0	0.0
1.433098655E8	0.0	37723.616258793816
1.43310999E8	0.0	0.0
1.43312132E8	0.0	0.0
1.43313265E8	271.0	37723.616258793816
1.433143975E8	273.23797191966895	0.0
1.433155295E8	219.6	0.0
1.433166615E8	0.0	37723.616258793816
1.433177935E8	0.0	0.0
1.43318925E8	0.0	0.0
1.43320056E8	269.98967762426554	37723.616258793816
1.43321187E8	0.0	0.0
1.433223175E8	0.0	0.0
1.433234475E8	336.0	37723.616258793816
1.433245775E8	185.0	0.0
1.43325707E8	0.0	0.0
1.43326836E8	287.0	37723.616258793816
1.43327965E8	298.4166666666667	0.0
1.43329094E8	190.0	0.0
1.43330222E8	370.3333333333333	37723.616258793816
1.43331349E8	0.0	0.0
1.433324755E8	249.9029535864979	0.0
1.433336015E8	0.0	37723.616258793816
1.433347275E8	0.0	0.0
1.433358535E8	0.0	0.0
1.433369795E8	217.125	37723.616258793816
1.43338105E8	0.0	0.0
1.4333923E8	0.0	0.0
1.433403545E8	0.0	37723.616258793816
1.433414785E8	0.0	0.0
1.43342602E8	0.0	0.0
1.43343725E8	0.0	37723.616258793816
1.43344848E8	0.0	0.0
1.43345971E8	272.75	0.0
1.43347094E8	0.0	37723.616258793816
1.433482165E8	321.7102803738318	0.0
1.43349338E8	0.0	0.0
1.433504585E8	350.0	37723.616258793816
1.43351578E8	195.66666666666666	0.0
1.43352697E8	258.5	0.0
1.433538155E8	281.25	37723.616258793816
1.433549335E8	0.0	0.0
1.433560515E8	0.0	0.0
1.433571695E8	0.0	37723.616258793816
1.43358287E8	0.0	0.0
1.43359404E8	0.0	0.0
1.43360521E8	314.0	37723.616258793816
1.43361638E8	329.0	0.0
1.43362755E8	320.3529411764706	0.0
1.43363872E8	336.0	37723.616258793816
1.433649885E8	0.0	0.0
1.433661045E8	238.0	0.0
1.433668735E8	250.0	37723.616258793816
1.433674315E8	265.0	0.0
1.433683365E8	0.0	0.0
1.433694525E8	276.25	37723.616258793816
1.433705685E8	0.0	0.0
1.43371684E8	0.0	0.0
1.43372799E8	0.0	37723.616258793816
1.43373914E8	257.0	0.0
1.433750285E8	0.0	0.0
1.433761425E8	0.0	37723.616258793816
1.433772565E8	0.0	0.0
1.433783705E8	0.0	0.0
1.433794845E8	238.0	37723.616258793816
1.433805985E8	0.0	0.0
1.433817115E8	0.0	0.0
1.433828235E8	0.0	37723.616258793816
1.433839355E8	0.0	0.0
1.433850475E8	283.81361702127657	0.0
1.43386159E8	384.2	37723.616258793816
1.433872695E8	0.0	0.0
1.433883795E8	238.0	0.0
1.433894895E8	283.875	37723.616258793816
1.433905995E8	0.0	0.0
1.43391709E8	0.0	0.0
1.43392818E8	0.0	37723.616258793816
1.43393927E8	263.625	0.0
1.43395036E8	0.0	0.0
1.433961445E8	254.06666666666666	37723.616258793816
1.433972525E8	0.0	0.0
1.4339836E8	0.0	0.0
1.43399467E8	351.0	37723.616258793816
1.43400574E8	0.0	0.0
1.434016805E8	258.3465703971119	0.0
1.434027865E8	361.0	37723.616258793816
1.43403892E8	0.0	0.0
1.43404997E8	0.0	0.0
1.43406102E8	0.0	37723.616258793816
1.43407207E8	0.0	0.0
1.43408312E8	0.0	0.0
1.43409417E8	0.0	37723.616258793816
1.43410521E8	0.0	0.0
1.43411624E8	0.0	0.0
1.43412727E8	0.0	37723.616258793816
1.434138295E8	0.0	0.0
1.434149315E8	0.0	0.0
1.434160335E8	0.0	37723.616258793816
1.43417135E8	292.1666666666667	0.0
1.43418236E8	0.0	0.0
1.43419337E8	347.6666666666667	37723.616258793816
1.434204375E8	332.6363636363636	0.0
1.434215375E8	0.0	0.0
1.43422637E8	0.0	37723.616258793816
1.43423736E8	260.3333333333333	0.0
1.434248345E8	253.4	0.0
1.434259325E8	0.0	37723.616258793816
1.434270305E8	0.0	0.0
1.43428128E8	0.0	0.0
1.43429225E8	0.0	37723.616258793816
1.43430322E8	0.0	0.0
1.434314185E8	0.0	0.0
1.434325145E8	0.0	37723.616258793816
1.434336095E8	221.83333333333334	0.0
1.43434703E8	0.0	0.0
1.434357955E8	0.0	37723.616258793816
1.43436887E8	0.0	0.0
1.43437978E8	310.0	0.0
1.434390685E8	0.0	37723.616258793816
1.434401585E8	0.0	0.0
1.434412485E8	318.8	0.0
1.434423385E8	289.7692307692308	37723.616258793816
1.434434285E8	0.0	0.0
1.43444518E8	0.0	0.0
1.43445607E8	158.0	37723.616258793816
1.434466955E8	0.0	0.0
1.434477835E8	275.4	0.0
1.434488715E8	225.0	37723.616258793816
1.434499595E8	280.0	0.0
1.43451047E8	0.0	0.0
1.43452134E8	284.1975308641975	37723.616258793816
1.43453221E8	251.95454545454547	0.0
1.434543075E8	291.9148936170213	0.0
1.434553935E8	309.1111111111111	37723.616258793816
1.434564795E8	253.0	0.0
1.434575655E8	0.0	0.0
1.434586505E8	0.0	37723.616258793816
1.434597345E8	0.0	0.0
1.434608185E8	0.0	0.0
1.434619025E8	0.0	37723.616258793816
1.434629865E8	0.0	0.0
1.4346407E8	0.0	0.0
1.43465153E8	0.0	37723.616258793816
1.43466236E8	282.57170356111646	0.0
1.434673185E8	0.0	0.0
1.434684005E8	0.0	37723.616258793816
1.43469482E8	0.0	0.0
1.43470563E8	260.8421052631579	0.0
1.434716435E8	0.0	37723.616258793816
1.434727235E8	0.0	0.0
1.434738035E8	264.8125	0.0
1.43474883E8	0.0	37723.616258793816
1.43475962E8	305.0	0.0
1.434770405E8	0.0	0.0
1.434781185E8	0.0	37723.616258793816
1.434791965E8	0.0	0.0
1.434802745E8	0.0	0.0
1.43481352E8	0.0	37723.616258793816
1.43482429E8	0.0	0.0
1.434835055E8	0.0	0.0
1.434845815E8	0.0	37723.616258793816
1.434856575E8	0.0	0.0
1.434867335E8	0.0	0.0
1.43487809E8	0.0	37723.616258793816
1.43488884E8	291.8	0.0
1.43489959E8	277.3305084745763	0.0
1.43491034E8	0.0	37723.616258793816
1.434921085E8	323.0	0.0
1.434931825E8	249.82608695652175	0.0
1.434942565E8	223.0	37723.616258793816
1.434953305E8	0.0	0.0
1.43496404E8	0.0	0.0
1.434974765E8	282.77759197324417	37723.616258793816
1.434985485E8	0.0	0.0
1.4349962E8	0.0	0.0
1.43500691E8	344.14285714285717	37723.616258793816
1.435017615E8	0.0	0.0
1.435028315E8	0.0	0.0
1.435039015E8	0.0	37723.616258793816
1.43504971E8	0.0	0.0
1.4350604E8	0.0	0.0
1.435071085E8	249.5	37723.616258793816
1.43508176E8	0.0	0.0
1.43509243E8	0.0	0.0
1.4351031E8	0.0	37723.616258793816
1.435113765E8	0.0	0.0
1.435124415E8	229.0	0.0
1.435135055E8	0.0	37723.616258793816
1.435145695E8	328.25	0.0
1.43515633E8	0.0	0.0
1.43516696E8	0.0	37723.616258793816
1.43517759E8	333.4	0.0
1.43518822E8	398.25925925925924	0.0
1.43519885E8	0.0	37723.616258793816
1.43520948E8	0.0	0.0
1.43522011E8	0.0	0.0
1.43523074E8	0.0	37723.616258793816
1.435241365E8	299.57768924302786	0.0
1.435251985E8	0.0	0.0
1.435262605E8	265.0	37723.616258793816
1.435273225E8	0.0	0.0
1.435283845E8	0.0	0.0
1.43529446E8	174.0	37723.616258793816
1.435305065E8	0.0	0.0
1.435315665E8	280.86170212765956	0.0
1.435326265E8	0.0	37723.616258793816
1.43533686E8	302.8484848484849	0.0
1.43534745E8	0.0	0.0
1.43535804E8	0.0	37723.616258793816
1.435368625E8	0.0	0.0
1.435379205E8	288.71550067268885	0.0
1.435389785E8	393.0	37723.616258793816
1.435400365E8	291.0	0.0
1.43541094E8	0.0	0.0
1.435421505E8	217.0	37723.616258793816
1.435432065E8	0.0	0.0
1.435442625E8	300.0	0.0
1.435453185E8	0.0	37723.616258793816
1.43546374E8	0.0	0.0
1.43547429E8	0.0	0.0
1.43548484E8	315.0	37723.616258793816
1.435495385E8	277.875	0.0
1.435505925E8	0.0	0.0
1.43551646E8	0.0	37723.616258793816
1.43552699E8	260.2857142857143	0.0
1.43553752E8	265.3658536585366	0.0
1.43554805E8	292.2957746478873	37723.616258793816
1.43555858E8	248.75	0.0
1.435569105E8	0.0	0.0
1.435579625E8	262.9032863849765	37723.616258793816
1.435590145E8	264.0	0.0
1.43560066E8	0.0	0.0
1.43561117E8	0.0	37723.616258793816
1.43562168E8	341.0	0.0
1.43563219E8	0.0	0.0
1.4356427E8	214.5	37723.616258793816
1.435653205E8	0.0	0.0
1.435663705E8	297.8333333333333	0.0
1.4356742E8	172.75	37723.616258793816
1.43568469E8	0.0	0.0
1.43569518E8	190.0	0.0
1.43570567E8	0.0	37723.616258793816
1.43571616E8	0.0	0.0
1.435726645E8	0.0	0.0
1.435737125E8	215.3846153846154	37723.616258793816
1.435747605E8	0.0	0.0
1.435758085E8	0.0	0.0
1.435768565E8	472.8636363636364	37723.616258793816
1.43577904E8	235.07692307692307	0.0
1.43578951E8	0.0	0.0
1.43579998E8	208.0	37723.616258793816
1.43581045E8	222.0	0.0
1.435820915E8	0.0	0.0
1.43583137E8	0.0	37723.616258793816
1.43584182E8	0.0	0.0
1.43585227E8	0.0	0.0
1.43586272E8	0.0	37723.616258793816
1.435873165E8	0.0	0.0
1.435883605E8	258.25	0.0
1.435894045E8	287.7083333333333	37723.616258793816
1.43590448E8	294.0	0.0
1.43591491E8	234.0	0.0
1.435925335E8	0.0	37723.616258793816
1.435935755E8	0.0	0.0
1.435946175E8	260.1310861423221	0.0
1.435956595E8	319.0	37723.616258793816
1.435967015E8	232.0	0.0
1.43597743E8	320.375	0.0
1.43598784E8	0.0	37723.616258793816
1.43599825E8	0.0	0.0
1.436008655E8	0.0	0.0
1.436019055E8	0.0	37723.616258793816
1.436029455E8	0.0	0.0
1.436039855E8	290.0	0.0
1.43605025E8	295.75	37723.616258793816
1.43606064E8	287.08	0.0
1.43607103E8	0.0	0.0
1.436081415E8	0.0	37723.616258793816
1.436091795E8	326.0	0.0
1.436102175E8	0.0	0.0
1.43611255E8	0.0	37723.616258793816
1.43612292E8	0.0	0.0
1.43613329E8	0.0	0.0
1.43614366E8	363.06756756756755	37723.616258793816
1.436154025E8	0.0	0.0
1.436164385E8	280.5833333333333	0.0
1.43617474E8	0.0	37723.616258793816
1.43618509E8	256.6666666666667	0.0
1.43619544E8	0.0	0.0
1.43620579E8	0.0	37723.616258793816
1.43621614E8	0.0	0.0
1.43622648E8	0.0	0.0
1.43623681E8	0.0	37723.616258793816
1.43624714E8	465.0	0.0
1.43625747E8	262.09090909090907	0.0
1.436267795E8	0.0	37723.616258793816
1.436278115E8	249.4	0.0
1.436288435E8	266.0	0.0
1.43629875E8	0.0	37723.616258793816
1.43630906E8	0.0	0.0
1.43631937E8	231.33333333333334	0.0
1.436329675E8	279.01724137931035	37723.616258793816
1.436339975E8	0.0	0.0
1.436350275E8	0.0	0.0
1.43636057E8	261.0	37723.616258793816
1.43637086E8	384.0	0.0
1.43638115E8	276.99874503242	0.0
1.43639144E8	240.98430493273543	37723.616258793816
1.43640173E8	0.0	0.0
1.43641202E8	0.0	0.0
1.43642231E8	0.0	37723.616258793816
1.436432595E8	0.0	0.0
1.436442875E8	0.0	0.0
1.43645315E8	0.0	37723.616258793816
1.43646342E8	200.0	0.0
1.43647369E8	0.0	0.0
1.436483955E8	0.0	37723.616258793816
1.436494215E8	0.0	0.0
1.43650447E8	0.0	0.0
1.43651472E8	0.0	37723.616258793816
1.43652497E8	0.0	0.0
1.43653522E8	457.0	0.0
1.43654546E8	0.0	37723.616258793816
1.43655569E8	0.0	0.0
1.436565915E8	0.0	0.0
1.436576135E8	264.75	37723.616258793816
1.436586355E8	243.13513513513513	0.0
1.436596575E8	0.0	0.0
1.43660679E8	303.75	37723.616258793816
1.436617E8	313.5	0.0
1.43662721E8	0.0	0.0
1.436637415E8	278.80982073265784	37723.616258793816
1.436647615E8	0.0	0.0
1.436657815E8	0.0	0.0
1.43666801E8	0.0	37723.616258793816
1.4366782E8	0.0	0.0
1.43668839E8	229.0	0.0
1.43669858E8	0.0	37723.616258793816
1.43670877E8	321.47058823529414	0.0
1.436718955E8	270.4166666666667	0.0
1.436729135E8	0.0	37723.616258793816
1.436739315E8	0.0	0.0
1.436749495E8	0.0	0.0
1.436759665E8	0.0	37723.616258793816
1.436769825E8	105.0	0.0
1.436779985E8	0.0	0.0
1.43679014E8	0.0	37723.616258793816
1.43680029E8	0.0	0.0
1.436810435E8	0.0	0.0
1.436820575E8	291.49640287769785	37723.616258793816
1.436830715E8	0.0	0.0
1.436840855E8	162.0	0.0
1.436850995E8	0.0	37723.616258793816
1.43686113E8	0.0	0.0
1.43687126E8	0.0	0.0
1.43688139E8	0.0	37723.616258793816
1.436891515E8	0.0	0.0
1.436901635E8	259.0	0.0
1.436911755E8	266.0	37723.616258793816
1.436921875E8	354.58181818181816	0.0
1.436931995E8	273.61538461538464	0.0
1.43694211E8	0.0	37723.616258793816
1.43695222E8	271.969696969697	0.0
1.43696233E8	0.0	0.0
1.43697244E8	236.0	37723.616258793816
1.436982545E8	310.82142857142856	0.0
1.436992645E8	0.0	0.0
1.437002745E8	305.0	37723.616258793816
1.437012845E8	271.0	0.0
1.437022935E8	0.0	0.0
1.437033015E8	0.0	37723.616258793816
1.437043095E8	0.0	0.0
1.43705317E8	0.0	0.0
1.43706324E8	0.0	37723.616258793816
1.437073305E8	0.0	0.0
1.437083365E8	243.0	0.0
1.437093425E8	0.0	37723.616258793816
1.43710348E8	0.0	0.0
1.43711353E8	0.0	0.0
1.43712358E8	332.57142857142856	37723.616258793816
1.43713363E8	0.0	0.0
1.43714368E8	253.5	0.0
1.437153725E8	0.0	37723.616258793816
1.437163765E8	0.0	0.0
1.437173805E8	0.0	0.0
1.437183845E8	0.0	37723.616258793816
1.43719388E8	0.0	0.0
1.4372039E8	265.0833333333333	0.0
1.43721391E8	0.0	37723.616258793816
1.43722392E8	245.5	0.0
1.43723393E8	0.0	0.0
1.43724394E8	252.23076923076923	37723.616258793816
1.437251765E8	120.66666666666667	0.0
1.437257305E8	0.0	0.0
