#Position (bp)	mapping quality
179658.5	157.8916883953909
538974.5	158.26602678921688
898290.5	95.54594560318613
1257606.5	125.45556318544142
1616922.5	145.72930257299163
1976238.5	166.79268180780505
2335554.5	118.20752981727068
2694870.5	149.7650675100853
3054186.5	150.65315399756568
3413502.5	145.2637042567456
3772818.5	99.30334879371506
4132134.5	157.25993717943305
4491450.5	164.21846781241578
4850766.5	147.9172749227399
5210082.5	133.0706660654587
5569398.5	108.61261998472698
5928714.5	86.00641197253337
6288030.5	69.52975826787913
6647346.5	134.29542609032396
7006662.5	161.48241135623292
7365978.5	73.21670614354986
7725294.5	153.1382689118681
8084610.5	119.77329635721878
8443926.5	96.80110276863225
8803242.5	100.08735569424844
9162558.5	155.5594293379622
9521874.5	116.79132345054593
9881190.5	182.32868551654533
1.02405065E7	157.68532221064675
1.05998225E7	146.03528048866545
1.09591385E7	149.07095700793235
1.13184545E7	168.38161825269182
1.16777705E7	157.87343238134193
1.20370865E7	127.98166962166019
1.23964025E7	26.6737688739437
1.27557185E7	118.37594934823818
1.31150345E7	150.9329310630549
1.34743505E7	159.13581570645792
1.38336665E7	173.6009781945592
1.41929825E7	105.6640784689407
1.45522985E7	85.07000126178951
1.49116145E7	79.80323273586772
1.52709305E7	127.50238165274673
1.56302465E7	117.06388126987547
1.59895625E7	36.05239352262967
1.63488785E7	93.78680907308085
1.67081945E7	103.8743731595935
1.70675105E7	112.36326619217371
1.74268265E7	131.61806456667298
1.77861425E7	15.010787792830799
1.81454585E7	120.9925343123036
1.85047745E7	120.50626610951552
1.88640905E7	130.8182831898982
1.92234065E7	126.49858063186309
1.95827225E7	125.08787436945525
1.99420385E7	156.39333251052017
2.03013545E7	85.34221639083194
2.06606705E7	100.67467681161556
2.10199865E7	80.80677370234397
2.13793025E7	61.45979369699455
2.17386185E7	154.13718598258598
2.20979345E7	170.86847403087876
2.24572505E7	124.30997825293892
2.28165665E7	38.3016971526455
2.31758825E7	83.79299122218868
2.34346265E7	28.491679218575314
2.36142845E7	26.56199213588061
2.38945145E7	8.953650030756812
2.42538305E7	9.557308796335315
2.46131465E7	14.420934617489754
2.49724625E7	51.616140410060765
2.53317785E7	2.2903111731078285
2.56910945E7	7.7453913213900485
2.60504105E7	5.5779658194646204
2.64097265E7	4.36664460086646
2.67690425E7	4.701397984278081
2.71283585E7	77.88596725227029
2.74876745E7	20.17419995497073
2.78469905E7	11.07659434762778
2.82063065E7	88.21568474161612
2.85656225E7	91.98083398320973
2.89249385E7	92.40224655339067
2.92842545E7	127.84565368092389
2.96435705E7	138.72120837574786
3.00028865E7	105.45848397432731
3.03622025E7	83.25053931581417
3.07215185E7	143.24702208506923
3.10808345E7	136.00215709344945
3.14401505E7	152.63034325116797
3.17994665E7	137.90724828113528
3.21587825E7	131.302000198559
3.25180985E7	180.1686683772598
3.28774145E7	150.40278056144973
3.32367305E7	176.05814062233281
3.35960465E7	104.57883163707174
3.39553625E7	58.035589945883686
3.43146785E7	151.49439809480296
3.46739945E7	102.22410051343469
3.50333105E7	65.16065891536914
3.53926265E7	174.95531865497944
3.57519425E7	70.93038029466025
3.61112585E7	144.4519626816233
3.64705745E7	147.4934227649897
3.68298905E7	143.31308192466727
3.71892065E7	139.42113415801495
3.75485225E7	77.05019862504454
3.79078385E7	117.58124972903241
3.82671545E7	172.12354678950706
3.86264705E7	116.89793097425007
3.89857865E7	182.01773177117968
3.93451025E7	121.36250999568354
3.97044185E7	119.45046447921452
4.00637345E7	144.84349256510538
4.04230505E7	173.44828657032565
4.07823665E7	95.04781041183938
4.11416825E7	175.00114029157317
4.15009985E7	164.29898136536147
4.18603145E7	131.06026412279624
4.22196305E7	82.11265290370649
4.25789465E7	110.44590342182737
4.29382625E7	100.59759341944134
4.32975785E7	62.69230580319361
4.36568945E7	185.9964770913286
4.40162105E7	94.6658561608972
4.43755265E7	161.99534274043722
4.47348425E7	146.40193794093224
4.50941585E7	66.01354301186882
4.54534745E7	93.769061426464
4.58127905E7	125.87621385500188
4.61721065E7	106.22450619773126
4.65314225E7	132.58505018064756
4.68907385E7	125.33702932633639
4.72500545E7	154.20943312418478
4.76093705E7	111.35299708417755
4.79686865E7	126.0082695118629
4.83280025E7	160.4176744466015
4.86541545E7	60.02652432651539
4.88338125E7	53.54535042631005
4.90466345E7	167.34041628599584
4.94059505E7	116.71420317040486
4.97652665E7	124.95603451469631
5.01245825E7	143.07900161230492
5.04838985E7	158.72067577202176
5.08432145E7	128.13562283873074
5.12025305E7	106.39746771186766
5.15618465E7	145.07570595522074
5.19211625E7	139.74794826807863
5.22804785E7	55.56700604862842
5.26397945E7	108.15091482078087
5.29991105E7	114.31161899545933
5.33584265E7	123.25590988407899
5.37177425E7	186.80710334859623
5.40770585E7	87.80487203686789
5.44363745E7	110.14864321507866
5.47956905E7	153.8471830878344
5.51550065E7	155.9389376227496
5.55143225E7	132.1382582718267
5.58736385E7	139.12411540970757
5.62329545E7	147.44773785405988
5.65922705E7	100.66015595629077
5.69515865E7	159.8219720396523
5.73109025E7	125.10545774271849
5.76702185E7	178.27204509114696
5.80295345E7	92.72318560060191
5.83888505E7	117.54516947586224
5.87481665E7	137.47011990784094
5.91074825E7	85.94419871783552
5.94667985E7	195.85439838247228
5.98261145E7	142.32774226644779
6.01854305E7	81.17261728307957
6.05447465E7	137.5428998592259
6.09040625E7	134.18898171868184
6.12633785E7	135.74840126139893
6.16226945E7	119.33847722391543
6.19820105E7	104.87340697619754
6.23413265E7	128.3177217529144
6.27006425E7	156.33333777496924
6.30599585E7	84.72455281256697
6.34192745E7	115.77580743887991
6.37785905E7	127.2869109924688
6.41379065E7	148.2796227003989
6.44972225E7	152.95746347563355
6.48565385E7	143.74679894787198
6.52158545E7	128.39771457041778
6.55751705E7	104.41500594208605
6.59344865E7	76.45721831510103
6.62938025E7	137.99110632260496
6.66531185E7	145.20479579357382
6.70124345E7	106.60925349952039
6.73717505E7	171.88223025421595
6.77310665E7	162.27333017152336
6.80903825E7	146.66057193449532
6.84496985E7	158.3599006582744
6.88090145E7	136.70374112777628
6.91683305E7	131.48926579343555
6.95276465E7	127.66230497615304
6.98869625E7	140.39349442926076
7.02462785E7	168.29976315330435
7.06055945E7	129.7246075364758
7.09649105E7	188.40116741242224
7.13242265E7	90.35871409930238
7.16835425E7	127.62901476257123
7.20428585E7	94.73581813888276
7.24021745E7	5.956824241123432
7.27614905E7	19.967635989569533
7.31208065E7	13.997454789503351
7.34801225E7	15.376112422699222
7.38394385E7	100.76213786601919
7.41987545E7	10.03987980440361
7.45580705E7	3.396225766115958
7.49173865E7	7.9366985219187995
7.52767025E7	11.542085119469776
7.56360185E7	3.6808159399800893
7.59953345E7	50.23397241534245
7.63546505E7	1.3358661347140524
7.67139665E7	31.36579500056547
7.690225E7	19.015826824614624
7.7081908E7	5.048202713673863
7.74325985E7	7.330419312864459
7.77919145E7	79.159930912063
7.81512305E7	13.94850012868876
7.85105465E7	16.812945784420013
7.88698625E7	52.55848367916297
7.92291785E7	34.58860612646287
7.95884945E7	90.61426059060624
7.99478105E7	19.869487454830136
8.03071265E7	8.376556107708506
8.06664425E7	25.164565351096094
8.10257585E7	125.58717701229756
8.13850745E7	182.0943812439464
8.17443905E7	151.73596943529162
8.21037065E7	82.44935170623592
8.24630225E7	130.0919109112611
8.28223385E7	123.57622751574121
8.31816545E7	132.44162330688516
8.35409705E7	172.81859426311874
8.39002865E7	165.26797040295912
8.42596025E7	140.38743329825144
8.46189185E7	168.1823150361043
8.49782345E7	116.94910172122465
8.53375505E7	189.30105800195503
8.56968665E7	139.71180523129
8.60561825E7	125.51686392251669
8.64154985E7	160.87226693002373
8.67748145E7	139.68677102079127
8.71341305E7	125.32087628653957
8.74934465E7	175.61002098980399
8.78527625E7	148.1323259059382
8.82120785E7	146.06262742071075
8.85713945E7	41.57599784088133
8.89307105E7	75.14947940283722
8.92900265E7	119.63499285426869
8.96493425E7	137.9390218950194
9.00086585E7	86.6038372702505
9.03679745E7	132.17311506774735
9.07272905E7	129.28486856313282
9.10866065E7	108.86324997308903
9.14459225E7	159.7103464356675
9.18052385E7	122.91149831276685
9.21645545E7	134.6239442868797
9.25238705E7	179.18112180899945
9.28831865E7	175.1613696828952
9.32425025E7	123.02568079829288
9.36018185E7	110.80963983672133
9.39611345E7	129.5114402829023
9.43204505E7	152.29557252561943
9.46797665E7	176.00242434564967
9.50390825E7	72.43769244160826
9.53983985E7	96.08099436544238
9.57577145E7	140.6308046253203
9.61170305E7	123.46686478777535
9.64763465E7	84.40521487697328
9.68356625E7	106.85859697683757
9.71949785E7	128.42252255644578
9.75542945E7	123.3222280864243
9.79136105E7	104.77531039955649
9.82729265E7	81.46853728235394
9.86322425E7	97.98262879661229
9.89915585E7	116.64546539900455
9.93508745E7	141.5680450543895
9.97101905E7	124.22975950132323
1.000695065E8	127.17849383693064
1.004288225E8	176.76383828597068
1.007881385E8	162.37909135922527
1.011474545E8	129.7856250497236
1.015067705E8	149.37996184271006
1.018660865E8	187.33291439293225
1.022254025E8	116.42785248430673
1.025847185E8	155.78325523023346
1.029440345E8	157.25194940687413
1.033033505E8	80.34778966936615
1.036626665E8	97.9549222601959
1.040219825E8	155.47618610161152
1.043812985E8	144.68693705582217
1.047406145E8	163.15620336249887
1.050999305E8	164.7770387232768
1.054592465E8	102.80525033644044
1.058185625E8	111.9024314645728
1.061778785E8	182.30570619305112
1.065371945E8	146.75894373627986
1.068965105E8	103.53331691539542
1.072558265E8	92.33084263023004
1.076151425E8	88.10310826234375
1.079744585E8	109.31676247960263
1.083337745E8	136.07346433643306
1.086930905E8	104.66205969589716
1.089314775E8	138.93267301873027
1.091111355E8	163.1810364389359
1.094117225E8	83.51893508982339
1.097710385E8	108.52547768892501
1.101303545E8	111.2496655444701
1.10324175E8	2.657308898394272
1.10503833E8	59.89459410877809
1.108489865E8	152.62057798184264
1.112083025E8	130.21560798586356
1.115676185E8	134.40514699914965
1.119269345E8	164.19805856743622
1.122862505E8	147.36020817038604
1.126455665E8	149.7844837553362
1.130048825E8	87.03372994897862
1.133641985E8	81.73715635758425
1.137235145E8	66.02972790023779
1.140828305E8	69.3878698224795
1.144421465E8	77.05887452346235
1.148014625E8	125.3430598758742
1.151607785E8	60.56723818514812
1.155200945E8	121.94258325319944
1.158794105E8	115.32274816358603
1.162387265E8	145.57980940945885
1.165980425E8	124.87618968237443
1.169573585E8	106.66972960140146
1.173166745E8	140.09571533988844
1.176759905E8	124.53548182128522
1.180353065E8	154.46855882199668
1.183946225E8	142.88163205845268
1.187539385E8	121.77008206137624
1.191132545E8	81.15115324543534
1.194725705E8	99.71548943525758
1.198318865E8	178.91963104051337
1.201912025E8	143.91695269672945
1.205505185E8	66.04665740866571
1.209098345E8	107.013797234003
1.212691505E8	88.63281044359951
1.216284665E8	134.06629194034448
1.219877825E8	133.73713517784546
1.223470985E8	172.1345960494829
1.227064145E8	57.80088993624295
1.230657305E8	70.24190291460638
1.234250465E8	148.30074217051802
1.237843625E8	102.59021137215818
1.241436785E8	105.43773218999408
1.245029945E8	97.34362088401997
1.248623105E8	76.97246923077157
1.252216265E8	50.56046897106599
1.255809425E8	162.25421454674418
1.259402585E8	173.38526360695246
1.262995745E8	153.01078835589811
1.266588905E8	113.76165849599501
1.270182065E8	146.0486296801911
1.273775225E8	65.62580665816739
1.277368385E8	141.7363282773404
1.280961545E8	127.61744015831378
1.284554705E8	95.06315063224864
1.288147865E8	157.04556298368212
1.291741025E8	67.87317296375377
1.295334185E8	146.31200359307206
1.298927345E8	159.18596832838898
1.302520505E8	108.92362667610556
1.306113665E8	132.61178984276557
1.309706825E8	140.41205811928756
1.313299985E8	86.28202883641272
1.316893145E8	94.45253431567771
1.320486305E8	102.71535539726406
1.324079465E8	12.971304157965355
1.327672625E8	150.59608657749814
1.331265785E8	125.5613766543542
1.334858945E8	131.24210160322184
1.337730805E8	21.620417576322467
1.339527385E8	17.484854552644883
1.342045265E8	19.507751184623928
1.345638425E8	47.02681599670202
1.349231585E8	2.5697265883176947
1.352824745E8	7.130168885801705
1.356417905E8	17.961971275001414
1.360011065E8	4.482887234206849
1.363604225E8	22.36877245029863
1.367197385E8	18.387441989366945
1.370790545E8	49.048598241207124
1.374033365E8	16.103019816452473
1.375577225E8	254.00496873979483
1.375927565E8	42.39419470750922
1.376371405E8	190.37623717675388
1.37699935E8	16.367091625324964
1.37786751E8	127.79454196900006
1.37868371E8	21.065764793494406
1.37942101E8	32.593806241298516
1.37980213E8	35.90862387932261
1.38019627E8	78.40303684081165
1.38089538E8	33.013241799006394
1.38156123E8	41.46041730822406
1.382206275E8	52.180266579973996
1.38280805E8	2.5421171887422482
1.38323179E8	0.0
1.383484915E8	0.0
1.38384028E8	115.92014180697636
1.384312265E8	12.567915309446255
1.384772795E8	37.325298996217064
1.38522045E8	126.27938255365356
1.385663025E8	0.85044497558352
1.38610046E8	47.25922990863323
1.38651258E8	14.533523151846222
1.386833775E8	67.13638493253373
1.387019305E8	51.31710570190064
1.38726341E8	0.0
1.387630385E8	63.305726872246694
1.3879854E8	134.43920953650323
1.3883298E8	1.0868398142774232
1.388668195E8	0.0
1.389001375E8	70.3658409350459
1.389325255E8	14.041881079366147
1.38963047E8	1.2693288020390825
1.38991991E8	210.1524014778325
1.390198715E8	140.1673866090713
1.39044446E8	0.5247524752475248
1.390581695E8	255.0
1.39074104E8	70.0909090909091
1.391000815E8	247.4048752618549
1.39125904E8	15.0567287462012
1.391516555E8	40.42860922946655
1.391772845E8	26.994176357191716
1.39202833E8	15.546616009237532
1.39227853E8	255.0
1.392522945E8	118.94300344252711
1.392761035E8	0.0
1.392991635E8	255.0
1.393219065E8	142.9023668639053
1.39344169E8	151.99374232876784
1.393656665E8	1.331360946745562
1.39386585E8	163.47951452606333
1.394057875E8	0.0
1.394157655E8	0.0
1.39426072E8	208.07630522088354
1.394433E8	0.0
1.394591395E8	1.1288981288981288
1.39474609E8	0.0
1.394898515E8	0.20040080160320642
1.39504877E8	19.834173994554302
1.39519712E8	85.55543196143863
1.39534307E8	0.0
1.39548658E8	25.90177304964539
1.395628065E8	156.2350190002923
1.395768695E8	255.0
1.395908865E8	0.0
1.396048595E8	255.0
1.39618797E8	204.0
1.396327175E8	167.9692832764505
1.39646447E8	0.0
1.39659998E8	23.219754949516727
1.39673523E8	0.0
1.39687001E8	1.3704308093994777
1.39700456E8	255.0
1.397138915E8	0.0
1.397272965E8	0.0
1.39740652E8	255.0
1.397539385E8	0.0
1.397671835E8	0.0
1.397738625E8	0.0
1.39780441E8	6.798659762412428
1.397935115E8	1.0
1.39806605E8	0.0
1.398195725E8	242.8093573924827
1.398324245E8	0.0
1.39845262E8	217.47937131630647
1.398580325E8	2.9929245283018866
1.3987073E8	0.0
1.398833975E8	1.0
1.398960405E8	174.56887618928
1.399086725E8	3.0
1.399212565E8	85.85519591141397
1.39933781E8	162.89638251849902
1.39946267E8	255.0
1.399587085E8	0.8888888888888888
1.399711325E8	0.0
1.39983544E8	254.15282392026577
1.399959275E8	165.38984141576648
1.400082885E8	253.9050572519084
1.40020559E8	0.0
1.400327265E8	3.0
1.400448715E8	0.0
1.4005699E8	0.0
1.400690545E8	0.0
1.40081085E8	255.0
1.400930995E8	129.71621621621622
1.40105101E8	255.0
1.40117094E8	255.0
1.401281635E8	0.0
1.40134155E8	0.0
1.401410485E8	1.1191604950926377
1.40153003E8	0.6629339305711086
1.40164882E8	0.0
1.40176667E8	187.25183284457478
1.4018842E8	204.46100593422946
1.40200076E8	0.7793132328308208
1.402116215E8	0.0
1.402231315E8	0.0
1.402345955E8	0.0
1.402459205E8	65.3044203502919
1.402571045E8	0.0
1.402682415E8	0.0
1.4027885E8	38.06613679663753
1.40288828E8	255.0
1.402984445E8	0.0
1.40307799E8	0.0
1.403166425E8	0.0
1.40324819E8	0.0
1.403326835E8	1.0
1.403402015E8	0.0
1.4034742E8	0.0
1.40354483E8	1.0
1.403614525E8	15.209097973578816
1.403683705E8	234.872889218779
1.403752505E8	2.575572074041685
1.403821105E8	0.0
1.40388953E8	254.91167301697263
1.403957145E8	0.0
1.404023365E8	2.9673640167364015
1.404088075E8	255.0
1.404151525E8	2.585348997926745
1.40421418E8	1.0
1.40427633E8	25.36069598173909
1.404337675E8	173.04024767801857
1.404398365E8	0.0
1.40445888E8	250.44081831466147
1.404519085E8	1.0
1.404579005E8	254.85833333333332
1.404638765E8	184.2662583318321
1.404698365E8	255.0
1.4047577E8	255.0
1.40481673E8	150.4760935910478
1.404875345E8	0.0
1.404915035E8	0.0
1.404943895E8	0.0
1.404990715E8	255.0
1.405047025E8	108.41625182909635
1.40510262E8	0.0
1.405157995E8	147.0145319846132
1.40521292E8	238.93418100224383
1.40526756E8	165.32965848352913
1.40532181E8	0.0
1.40537566E8	241.28055975094782
1.405429375E8	0.0
1.405482795E8	255.0
1.40553603E8	1.0
1.405589225E8	2.0
1.40564221E8	0.0
1.405694775E8	255.0
1.40574688E8	0.0
1.405798735E8	251.60417031715437
1.405850135E8	0.0
1.40590093E8	0.0
1.405951535E8	0.0
1.40600212E8	0.0
1.406052535E8	0.0
1.406102665E8	28.333333333333332
1.406152645E8	0.0
1.406202595E8	2.7850508624502432
1.406252495E8	0.0
1.40630226E8	0.0
1.40635179E8	0.0
1.40640115E8	0.0
1.4064504E8	0.0
1.4064995E8	235.55274837416292
1.406548455E8	0.0
1.40659729E8	165.3945778076213
1.40664601E8	1.0
1.406694435E8	0.0
1.40674261E8	0.0
1.40679061E8	208.86745589600744
1.40683806E8	0.0
1.40688509E8	0.0
1.406931635E8	0.0
1.40697758E8	0.0
1.40702335E8	0.0
1.40706898E8	0.0
1.40711432E8	0.0
1.40715925E8	253.8959445807476
1.40720393E8	0.0
1.407248515E8	2.0
1.407292955E8	1.8571428571428572
1.407337135E8	0.0
1.40738111E8	0.0
1.40742499E8	0.0
1.407468785E8	0.0
1.40751256E8	255.0
1.407556295E8	0.0
1.40759995E8	0.0
1.407643435E8	129.63316582914572
1.407686665E8	107.90358432898027
1.407729765E8	8.82921589688507
1.40777284E8	0.0
1.40781584E8	229.58622776200494
1.40785876E8	6.495885921483858
1.40790157E8	0.0
1.407944295E8	0.0
1.407986935E8	0.0
1.40802937E8	0.0
1.40807165E8	3.0
1.408113885E8	0.0
1.408156105E8	181.08844665561082
1.408198225E8	28.18717301100487
1.40824022E8	109.84812030075187
1.408282145E8	2.2544529262086512
1.408324E8	0.0
1.408365825E8	1.0
1.40840755E8	0.0
1.408449115E8	255.0
1.40849054E8	3.0
1.40851497E8	0.0
1.408535395E8	0.0
1.40857247E8	0.0
1.408613235E8	255.0
1.40865389E8	188.3619061103133
1.408694335E8	0.0
1.40873455E8	0.0
1.408774675E8	0.0
1.408814765E8	63.80316930775646
1.40885475E8	0.0
1.408894625E8	0.0
1.408934395E8	0.0
1.408974065E8	0.0
1.409013685E8	144.43444755804643
1.409053235E8	229.88158129230425
1.40909269E8	0.0
1.409132055E8	0.0
1.409171345E8	0.0
1.409210595E8	255.0
1.40924982E8	0.0
1.40928899E8	0.0
1.40932812E8	0.0
1.409367215E8	3.0
1.4094061E8	255.0
1.409444775E8	1.4807692307692308
1.409483385E8	214.26386421719747
1.409521765E8	0.0
1.40955989E8	0.0
1.409597955E8	0.0
1.409636015E8	255.0
1.40967392E8	0.0
1.40971157E8	3.0
1.40974907E8	0.0
1.40978648E8	0.0
1.409823815E8	1.5
1.40986105E8	0.0
1.409898215E8	3.0
1.40993536E8	0.0
1.409972465E8	0.0
1.41000941E8	0.0
1.410046115E8	0.2666221925728263
1.410082665E8	255.0
1.41011916E8	0.0
1.410155645E8	0.0
1.410192115E8	255.0
1.410228535E8	0.3333333333333333
1.410264835E8	255.0
1.410301055E8	0.0
1.41033718E8	0.0
1.41037321E8	0.0
1.410409235E8	0.0
1.41044521E8	0.0
1.410481085E8	0.0
1.410516865E8	0.0
1.41055252E8	0.0
1.410588075E8	210.85799570700294
1.41062361E8	105.64765784114053
1.41065914E8	0.0
1.41069467E8	236.49771763938702
1.41073012E8	236.75842354944655
1.41076544E8	0.0
1.41080071E8	0.0
1.41083596E8	0.0
1.41087117E8	0.0
1.41090628E8	0.0
1.410941305E8	234.1413352611094
1.41097631E8	48.76726698848867
1.411011295E8	0.0
1.411046235E8	212.4527252502781
1.411081075E8	0.0
1.41111585E8	255.0
1.4111506E8	0.0
1.411185295E8	205.4337268128162
1.41121994E8	0.0
1.411254545E8	50.36923745619516
1.411289005E8	0.0
1.411323185E8	0.0
1.411357175E8	0.0
1.4113911E8	255.0
1.411424975E8	0.0
1.41145878E8	255.0
1.411492525E8	231.92035569669298
1.41152626E8	255.0
1.41155995E8	0.0
1.411593515E8	0.0
1.41162699E8	212.5
1.41166043E8	0.5
1.4116937E8	0.0
1.411726805E8	0.0
1.411759855E8	0.0
1.41179286E8	3.0
1.411825805E8	0.0
1.411858675E8	3.0
1.41189148E8	0.0
1.41192424E8	66.0
1.411956955E8	255.0
1.411989605E8	0.0
1.41202221E8	1.3333333333333333
1.4120548E8	224.3049399038762
1.412087365E8	0.0
1.41210776E8	0.0
1.41212402E8	0.0
1.412152325E8	0.0
1.41218463E8	2.7460732984293195
1.41221688E8	0.9933774834437086
1.412249085E8	232.96142657041267
1.41228124E8	188.90209376847213
1.41231335E8	0.0
1.412345425E8	0.0
1.41237746E8	0.0
1.41240947E8	0.0
1.41244146E8	253.19148936170214
1.412473425E8	123.2394924662966
1.41250538E8	220.11411757709206
1.412537305E8	242.7538520501523
1.412569125E8	0.0
1.41260086E8	0.0
1.41263258E8	0.0
1.412664245E8	0.0
1.41269585E8	254.05672009864364
1.41272743E8	0.0
1.412758995E8	0.0
1.412790545E8	255.0
1.412822035E8	0.0
1.4128534E8	204.70857948605743
1.41288466E8	0.0
1.41291589E8	0.0
1.412947105E8	0.0
1.412978215E8	8.704210611061912
1.413009225E8	0.0
1.413040225E8	190.93178036605659
1.41307117E8	0.0
1.41310204E8	230.04950495049505
1.413132865E8	0.0
1.413163665E8	175.56357388316152
1.41319445E8	102.46764509673116
1.413225215E8	0.0
1.41325596E8	0.0
1.41328669E8	1.4111721611721613
1.41331738E8	0.0
1.413348E8	0.0
1.413378585E8	203.28993196176899
1.413409105E8	251.50109769484084
1.413439555E8	0.0
1.41346999E8	0.0
1.41350033E8	0.0
1.413530575E8	0.38625954198473283
1.41356076E8	0.0
1.413590875E8	0.0
1.41362097E8	0.0
1.413651025E8	0.0
1.41368103E8	0.0
1.41371102E8	41.30352020860495
1.413740995E8	2.2857142857142856
1.41377093E8	0.0
1.413800805E8	225.3539432176656
1.413830635E8	255.0
1.413860455E8	1.0
1.41389022E8	0.0
1.413919895E8	0.0
1.4139495E8	0.0
1.413979065E8	0.0
1.41400857E8	0.0
1.41403801E8	0.0
1.41406741E8	0.0
1.41409678E8	0.0
1.414126105E8	0.0
1.41415538E8	235.40304502148328
1.414184645E8	0.0
1.414213895E8	0.0
1.414243125E8	202.88855394542375
1.414272345E8	7.96875
1.41430155E8	0.0
1.414330725E8	1.0
1.414359875E8	121.15656268393172
1.414389E8	0.0
1.414418105E8	0.0
1.41444718E8	240.71830985915494
1.414476225E8	0.38235294117647056
1.41450526E8	0.0
1.41453427E8	176.25093001236056
1.41456323E8	0.0
1.41459214E8	0.0
1.414621005E8	107.9738903394256
1.414649835E8	185.4169279378272
1.414678655E8	3.0
1.414707475E8	255.0
1.41473629E8	0.0
1.41476508E8	0.0
1.414793845E8	239.25
1.41482258E8	0.0
1.414851235E8	0.0
1.414879835E8	3.0
1.414908425E8	0.0
1.41493699E8	255.0
1.41496551E8	226.89827368983154
1.414993995E8	0.0
1.415022465E8	0.0
1.415050915E8	0.0
1.41507934E8	0.0
1.415107725E8	253.3112582781457
1.415136075E8	0.0
1.41516441E8	0.0
1.415192725E8	0.0
1.41522102E8	0.0
1.415249305E8	129.42140468227424
1.41527757E8	1.5134529147982063
1.41530581E8	0.0
1.415334035E8	0.0
1.415362255E8	0.0
1.415390465E8	255.0
1.41541866E8	0.0
1.41544683E8	209.37368564423863
1.415474975E8	0.0
1.4155031E8	3.0
1.415531175E8	0.0
1.41555919E8	228.40962375795468
1.415587165E8	0.0
1.41561512E8	0.0
1.41564307E8	0.0
1.415671015E8	0.0
1.415695015E8	232.78541122715404
1.41570898E8	255.0
1.41572688E8	0.0
1.4157548E8	0.0
1.415782705E8	224.94633273703042
1.415810595E8	0.0
1.41583847E8	94.33979249313397
1.415866325E8	0.0
1.41589416E8	214.53380796430775
1.41592198E8	0.0
1.41594971E8	124.97872340425532
1.415977345E8	255.0
1.41600491E8	0.0
1.416032415E8	0.0
1.41605989E8	255.0
1.416087335E8	0.0
1.416114735E8	0.0
1.41614208E8	0.0
1.416169385E8	139.3371505206102
1.41619657E8	227.13651669502673
1.416223655E8	252.5943396226415
1.41625071E8	255.0
1.416277715E8	0.0
1.41630469E8	0.0
1.416331645E8	222.5542496440661
1.41635856E8	0.0
1.416385445E8	2.4057618882332523
1.416412325E8	0.0
1.416439195E8	225.71972529568868
1.41646598E8	170.68438703266676
1.416492685E8	0.0
1.41651938E8	17.677646113677444
1.416546065E8	0.0
1.41657273E8	50.18599121649108
1.416599375E8	0.0
1.41662593E8	249.43714410862898
1.416652385E8	0.0
1.416678815E8	199.4818944794552
1.41670523E8	0.0
1.41673163E8	0.0
1.41675801E8	0.0
1.416784375E8	178.62477427420475
1.41681073E8	0.0
1.41683705E8	87.42857142857143
1.416863335E8	0.0
1.416889605E8	0.0
1.416915825E8	0.0
1.416942E8	0.0
1.416968145E8	0.0
1.41699426E8	0.0
1.41702034E8	0.0
1.41704638E8	0.0
1.41707241E8	178.8524974857526
1.41709838E8	0.0
1.417124275E8	251.64473684210526
1.417150135E8	0.0
1.41717597E8	0.0
1.41720177E8	0.0
1.41722754E8	0.0
1.417253305E8	3.0
1.41727906E8	168.9218989280245
1.41730481E8	0.0
1.41733056E8	3.0
1.417356305E8	254.87862922417895
1.417382025E8	0.0
1.4174077E8	0.0
1.41743333E8	0.0
1.41745892E8	0.0
1.417484485E8	0.0
1.41751004E8	255.0
1.41753556E8	0.0
1.41756104E8	124.22362095948675
1.41758648E8	3.0
1.41761189E8	255.0
1.417637275E8	0.0
1.4176626E8	0.0
1.41768789E8	0.0
1.417713145E8	0.0
1.41773836E8	149.36467020470053
1.41776357E8	0.0
1.417788775E8	0.0
1.417813975E8	113.55727863931966
1.41783916E8	0.04360042631527953
1.417864325E8	0.0
1.41788946E8	11.731721034870642
1.41791457E8	0.0
1.417939675E8	0.0
1.417964765E8	214.8876404494382
1.41798983E8	0.0
1.418014855E8	0.0
1.41803981E8	65.63864909889445
1.4180647E8	0.0
1.41808953E8	0.0
1.41811431E8	196.1094304912001
1.418139075E8	192.05263157894737
1.41816383E8	0.0
1.41818857E8	0.0
1.418213285E8	0.0
1.418237955E8	0.0
1.41826259E8	127.75
1.418287215E8	128.0
1.41831178E8	255.0
1.41833627E8	171.0
1.418360715E8	0.0
1.41838512E8	0.0
1.418409505E8	74.67425847457628
1.418433885E8	0.0
1.418458265E8	154.88619089258088
1.41848263E8	0.0
1.418506975E8	0.0
1.418531305E8	0.0
1.41855562E8	0.0
1.41857992E8	2.1471150171952615
1.418604205E8	128.66666666666666
1.41862847E8	0.0
1.41865272E8	0.0
1.41867695E8	0.0
1.41870116E8	254.43458980044346
1.418725365E8	0.0
1.41874956E8	0.0
1.41877374E8	0.0
1.41879789E8	0.0
1.418822015E8	0.0
1.418846075E8	0.0
1.418870045E8	0.0
1.418893965E8	83.05358713406207
1.418917865E8	0.0
1.41894176E8	0.0
1.41896563E8	0.0
1.41898948E8	0.0
1.41901333E8	173.86728452966116
1.419037175E8	179.41428864066322
1.41906101E8	87.34382080329557
1.41908484E8	199.48186970434168
1.419108665E8	0.0
1.41913248E8	0.0
1.41915629E8	106.86235896980983
1.41918009E8	3.3696767267088155
1.41920388E8	222.7487352445194
1.419227665E8	0.0
1.41925143E8	0.37531380753138077
1.419275165E8	0.0
1.419292615E8	17.80213428190307
1.41930446E8	0.0
1.419322555E8	0.0
1.419346225E8	0.0
1.41936987E8	0.0
1.41939347E8	0.0
1.41941703E8	255.0
1.419440575E8	0.0
1.41946411E8	0.0
1.419487635E8	255.0
1.419511115E8	255.0
1.419534545E8	255.0
1.419557965E8	225.60067625803885
1.41958135E8	251.64473684210526
1.419604675E8	254.5096153846154
1.419627965E8	0.0
1.419651245E8	227.43040531091387
1.419674515E8	237.57760375269066
1.41969777E8	0.0
1.419721005E8	0.0
1.419744205E8	0.0
1.41976738E8	0.0
1.419790505E8	0.0
1.41981358E8	0.0
1.419836635E8	231.1997533378268
1.41985967E8	95.48866696588868
1.41988266E8	2.3333333333333335
1.4199056E8	3.0
1.41992852E8	1.0
1.41995142E8	0.0
1.4199743E8	0.0
1.419997165E8	1.0
1.420020015E8	227.16604892512973
1.42004285E8	0.0
1.420065675E8	0.0
1.42008845E8	0.0
1.420111165E8	222.46283814975533
1.42013386E8	0.0
1.420156535E8	0.0
1.42017916E8	0.0
1.42020175E8	0.0
1.42022431E8	0.0
1.420246815E8	0.0
1.42026929E8	0.0
1.42029171E8	0.0
1.420314065E8	0.0
1.420336395E8	0.0
1.420358715E8	199.8490432844139
1.420381015E8	0.0
1.42040329E8	0.0
1.42042554E8	0.0
1.42044776E8	0.0
1.420469965E8	0.0
1.42049215E8	0.0
1.420514315E8	0.0
1.420536445E8	0.0
1.42055854E8	255.0
1.42058062E8	3.0
1.420602685E8	189.39420923144715
1.42062474E8	0.0
1.42064677E8	0.0
1.420668775E8	0.0
1.420690765E8	254.15282392026577
1.420712745E8	0.0
1.420734715E8	0.0
1.420756655E8	0.0
1.420778565E8	230.18252357255108
1.42080046E8	0.0
1.42082235E8	255.0
1.42084423E8	2.4456521739130435
1.42086609E8	255.0
1.4208879E8	0.0
1.420909665E8	255.0
1.42093141E8	0.0
1.420953105E8	116.08497723823976
1.42097474E8	0.0
1.42099635E8	0.0
1.42101794E8	255.0
1.42103946E8	0.0
1.42106089E8	0.0
1.421082245E8	0.0
1.42110355E8	0.0
1.421124825E8	0.0
1.421146075E8	0.0
1.421167315E8	196.47402669019522
1.42118853E8	203.97083178840688
1.42120971E8	255.0
1.421230865E8	0.0
1.421252E8	255.0
1.42127313E8	0.0
1.42129426E8	255.0
1.421315385E8	0.0
1.42133649E8	0.0
1.421357575E8	0.0
1.42137864E8	0.0
1.42139969E8	255.0
1.42142073E8	0.0
1.421441755E8	0.0
1.421462745E8	0.0
1.421483705E8	255.0
1.421504655E8	0.0
1.421525595E8	0.0
1.421546525E8	3.0
1.421567435E8	46.231108408088794
1.42158833E8	0.0
1.421609215E8	3.0
1.42163009E8	0.8129315756434401
1.42165096E8	0.0
1.421671825E8	0.0
1.421692675E8	0.0
1.4217135E8	177.7110163995182
1.4217343E8	0.0
1.42175509E8	0.0
1.421775875E8	0.0
1.421796645E8	254.83011325782812
1.421817365E8	0.0
1.421838025E8	5.009823698753913
1.42185866E8	255.0
1.42187929E8	200.29723215252952
1.421899915E8	255.0
1.421920525E8	0.0
1.421941125E8	0.0
1.421961725E8	3.0
1.42198232E8	127.5
1.422002865E8	0.0
1.422023345E8	0.0
1.422043795E8	0.0
1.42206423E8	0.0
1.42208462E8	0.0
1.42210496E8	0.0
1.42212529E8	0.0
1.422145605E8	255.0
1.42216589E8	16.22790283606766
1.42218613E8	3.0
1.422206335E8	0.0
1.42222652E8	255.0
1.422246675E8	0.0
1.422266795E8	0.0
1.42228689E8	0.0
1.422306975E8	255.0
1.422327045E8	0.0
1.422347105E8	0.0
1.42236716E8	0.0
1.42238721E8	255.0
1.422407225E8	0.0
1.422427205E8	0.0
1.422447185E8	1.0
1.42246715E8	0.0
1.42248709E8	0.0
1.422507005E8	0.0
1.422526905E8	195.18800696576693
1.422546795E8	0.0
1.422566665E8	0.0
1.422586525E8	0.0
1.422606355E8	0.0
1.422626145E8	0.0
1.422645915E8	255.0
1.422665675E8	0.0
1.42268543E8	87.0
1.422705175E8	128.89491242702252
1.422724895E8	0.0
1.422744575E8	1.0
1.422764235E8	0.0
1.422783895E8	0.0
1.422803545E8	0.0
1.42282318E8	0.0
1.422842805E8	0.0
1.422862425E8	194.45669165736163
1.4228818E8	0.0
1.42289161E8	0.0
1.42290166E8	0.0
1.42292127E8	255.0
1.42294088E8	0.0
1.422960465E8	0.0
1.422980025E8	36.7012304053544
1.42299954E8	0.0
1.42301901E8	255.0
1.42303848E8	0.0
1.423057945E8	0.0
1.4230774E8	255.0
1.423096845E8	0.0
1.42311628E8	0.0
1.42313569E8	0.0
1.423155065E8	52.339498018494055
1.423174425E8	0.0
1.42319378E8	0.0
1.42321312E8	0.0
1.42323245E8	0.0
1.42325177E8	0.0
1.42327107E8	46.175328383780695
1.423290355E8	0.0
1.423309635E8	0.0
1.42332891E8	0.0
1.423348175E8	253.3937485143808
1.423367435E8	0.0
1.423386685E8	0.0
1.423405905E8	0.0
1.42342509E8	255.0
1.423444255E8	0.0
1.423463415E8	0.0
1.42348253E8	3.0
1.423501595E8	0.0
1.42352065E8	0.0
1.423539695E8	1.0
1.42355873E8	0.0
1.42357776E8	255.0
1.42359679E8	0.0
1.423615815E8	3.0
1.42363483E8	87.5909090909091
1.423653835E8	0.0
1.423672835E8	0.0
1.42369183E8	0.0
1.4237108E8	0.0
1.42372975E8	0.0
1.42374869E8	0.0
1.42376761E8	0.0
1.423786515E8	0.0
1.423805415E8	252.54441381468865
1.423824305E8	0.0
1.423843155E8	0.0
1.423861925E8	3.0
1.423880645E8	0.0
1.42389936E8	255.0
1.423918065E8	0.0
1.423936765E8	0.0
1.42395546E8	255.0
1.42397415E8	0.0
1.42399284E8	0.0
1.424011525E8	0.0
1.42403019E8	0.0
1.42404883E8	216.889577180156
1.42406746E8	0.0
1.424086055E8	0.0
1.424104605E8	127.30263157894737
1.42412313E8	0.0
1.42414163E8	0.0
1.42416009E8	0.0
1.42417852E8	0.0
1.42419695E8	0.0
1.42421538E8	0.5
1.424233805E8	0.0
1.42425222E8	0.0
1.42427063E8	0.0
1.424288995E8	0.0
1.424307315E8	0.0
1.424325625E8	0.0
1.42434392E8	0.0
1.42436221E8	0.0
1.424380485E8	3.0
1.42439871E8	0.0
1.424416895E8	0.0
1.424435075E8	3.0
1.42445323E8	0.0
1.42447136E8	0.0
1.424489455E8	0.0
1.4245075E8	0.0
1.424525525E8	0.0
1.42454354E8	255.0
1.424561545E8	0.0
1.424579545E8	178.8
1.424597535E8	0.0
1.42461551E8	0.0
1.42463346E8	0.0
1.424651385E8	0.0
1.42466928E8	0.0
1.424687145E8	0.0
1.424705E8	0.0
1.42472285E8	255.0
1.424740655E8	0.0
1.42475841E8	0.0
1.42477616E8	24.00848416289593
1.42479391E8	0.0
1.424811635E8	0.0
1.42482933E8	0.0
1.424847005E8	219.47168913371962
1.42486464E8	0.0
1.424882225E8	127.77824093372239
1.424899775E8	255.0
1.4249173E8	255.0
1.42493479E8	0.0
1.42495226E8	0.0
1.42496973E8	0.0
1.42498718E8	0.0
1.4250046E8	0.0
1.425021995E8	255.0
1.42503937E8	0.0
1.425056725E8	0.0
1.42507406E8	255.0
1.425091385E8	0.0
1.425108685E8	0.0
1.425125945E8	0.0
1.425143185E8	2.6666666666666665
1.4251604E8	0.0
1.42517759E8	244.3476116669015
1.425194765E8	0.0
1.425211925E8	0.0
1.42522908E8	0.0
1.425246225E8	0.0
1.42526336E8	0.0
1.425280485E8	147.34844868735084
1.425297595E8	255.0
1.425314695E8	0.0
1.42533179E8	0.0
1.425348875E8	0.0
1.425365935E8	0.0
1.42538297E8	0.0
1.4254E8	0.0
1.425416995E8	0.0
1.425433925E8	245.45753916774774
1.425450825E8	255.0
1.42546771E8	0.0
1.42548457E8	2.7777777777777777
1.42550141E8	0.0
1.42551824E8	115.48499629390527
1.42553507E8	254.73792394655703
1.425551885E8	0.0
1.42556868E8	0.0
1.425585465E8	0.0
1.42560223E8	0.0
1.42561894E8	0.0
1.42563556E8	0.0
1.425652095E8	255.0
1.42566857E8	0.0
1.42568501E8	0.0
1.42570144E8	0.0
1.42571786E8	0.0
1.42573425E8	0.0
1.42575062E8	0.0
1.42576699E8	178.99202248898342
1.425783355E8	0.0
1.425799685E8	0.0
1.42581598E8	0.0
1.42583225E8	229.08296194720603
1.4258485E8	0.0
1.42586474E8	0.0
1.425880965E8	0.0
1.42589717E8	84.94213055471621
1.425913335E8	0.5
1.42592946E8	255.0
1.425945565E8	33.8260730301089
1.425961665E8	129.0
1.425977755E8	255.0
1.42599378E8	1.0
1.42600974E8	0.0
1.426025685E8	173.24776119402986
1.426041585E8	0.0
1.426057445E8	0.0
1.426073305E8	0.0
1.42608914E8	0.0
1.42610493E8	0.0
1.4261207E8	0.0
1.42613646E8	0.0
1.4261522E8	0.0
1.42616792E8	0.0
1.42618361E8	0.0
1.426199275E8	166.72419627749576
1.426214905E8	255.0
1.426230505E8	0.0
1.426246095E8	0.0
1.426261665E8	0.0
1.426277225E8	0.0
1.42629278E8	0.0
1.42630832E8	3.0
1.426323845E8	1.0
1.426339355E8	0.0
1.426354855E8	0.0
1.42637035E8	0.0
1.426385825E8	0.0
1.426401275E8	0.0
1.42641671E8	100.12856905710491
1.42643213E8	0.0
1.426447535E8	0.0
1.426462925E8	0.0
1.42647757E8	255.0
1.42648524E8	0.0
1.42649362E8	249.76923076923077
1.42650895E8	0.0
1.426524275E8	255.0
1.42653958E8	0.0
1.42655486E8	215.8668941979522
1.42657012E8	0.0
1.42658537E8	0.0
1.42660062E8	214.25526857234175
1.42661585E8	0.0
1.426631055E8	0.0
1.42664625E8	0.0
1.426661435E8	0.0
1.426676605E8	0.0
1.426691735E8	0.0
1.42670683E8	255.0
1.426721915E8	0.0
1.426736975E8	3.5622613704869717
1.426752015E8	0.0
1.426767045E8	0.0
1.426782025E8	0.0
1.426796955E8	0.0
1.426811875E8	255.0
1.426826785E8	0.0
1.42684168E8	0.0
1.426856565E8	0.0
1.42687144E8	255.0
1.42688631E8	153.94841930116473
1.42690117E8	128.87353629976582
1.426916015E8	0.0
1.426930845E8	0.0
1.426945645E8	0.0
1.426960415E8	0.0
1.42697517E8	0.0
1.42698991E8	0.0
1.42700463E8	255.0
1.427019325E8	0.0
1.427034E8	0.0
1.427048665E8	0.0
1.427063315E8	0.0
1.427077945E8	255.0
1.42709256E8	0.0
1.42710717E8	0.0
1.42712177E8	0.0
1.427136355E8	222.88260898906736
1.427150925E8	0.0
1.42716547E8	0.0
1.427179995E8	0.0
1.427194515E8	0.0
1.42720903E8	251.48275862068965
1.427223515E8	0.0
1.427237975E8	0.0
1.42725243E8	0.0
1.42726687E8	212.36272878535775
1.42728129E8	0.0
1.427295695E8	234.1779492742215
1.427310075E8	0.0
1.427324415E8	0.0
1.427338735E8	0.0
1.427353055E8	0.0
1.427367365E8	0.0
1.42738166E8	255.0
1.42739595E8	192.75079770261647
1.42741022E8	0.0
1.427424465E8	0.0
1.427438705E8	0.0
1.427452945E8	0.0
1.42746718E8	0.0
1.427481405E8	243.95454545454547
1.42749562E8	0.0
1.42750982E8	0.0
1.427523995E8	254.25438596491227
1.427538155E8	254.77493380406003
1.427552315E8	255.0
1.42756647E8	0.0
1.427580605E8	0.0
1.427594725E8	0.0
1.42760884E8	0.0
1.427622945E8	0.0
1.427637035E8	0.0
1.427651115E8	0.0
1.42766519E8	0.0
1.427679255E8	0.0
1.427693305E8	0.0
1.427707335E8	0.0
1.42772132E8	0.0
1.427735265E8	0.0
1.4277492E8	187.1687421043133
1.42776312E8	0.0
1.42777703E8	0.0
1.42779094E8	0.0
1.427804825E8	255.0
1.427818685E8	0.0
1.42783254E8	0.0
1.427846385E8	255.0
1.42786022E8	249.81576300630886
1.427874045E8	3.0
1.42788786E8	0.0
1.42790167E8	0.0
1.427915475E8	0.0
1.427929275E8	204.2
1.42794307E8	33.66186745712471
1.427956855E8	0.6114130434782609
1.42797063E8	0.0
1.4279844E8	20.307213643696706
1.42799817E8	0.0
1.42801194E8	251.47465437788017
1.428025705E8	0.0
1.42803946E8	0.0
1.428053205E8	255.0
1.428066945E8	0.0
1.42808068E8	0.0
1.4280944E8	0.0
1.4281081E8	0.0
1.428121785E8	0.0
1.428135455E8	2.8645161290322583
1.42814909E8	0.0
1.428162695E8	210.33579454943134
1.428176275E8	143.42732478865557
1.428189835E8	255.0
1.42820339E8	0.0
1.42821694E8	0.0
1.428230475E8	0.0
1.42824399E8	0.0
1.42825748E8	0.0
1.42827095E8	198.9631549713016
1.428284415E8	0.0
1.428297865E8	0.0
1.4283113E8	255.0
1.42832472E8	230.3202536075813
1.428338125E8	254.71690258118235
1.428351525E8	0.0
1.428364925E8	0.0
1.42837832E8	0.0
1.42839171E8	0.0
1.42840509E8	0.0
1.42841846E8	0.0
1.428431825E8	0.0
1.428445175E8	0.0
1.42845851E8	0.0
1.42847184E8	22.017650573496713
1.42848517E8	0.0
1.428498495E8	3.0
1.428511805E8	190.15827711468603
1.428525105E8	0.0
1.428538395E8	255.0
1.42855167E8	0.0
1.428564935E8	0.0
1.428578195E8	0.0
1.42859144E8	0.0
1.42860467E8	0.0
1.428617895E8	190.02439024390245
1.428631085E8	0.0
1.42864424E8	0.0
1.42865739E8	0.0
1.42867054E8	255.0
1.42868369E8	1.0
1.428696825E8	0.0
1.42870994E8	0.0
1.42872305E8	0.0
1.428736155E8	0.0
1.428749255E8	171.01174112256587
1.42876235E8	159.88240200166805
1.428775435E8	0.0
1.428788505E8	0.0
1.428801555E8	255.0
1.428814595E8	0.0
1.428827635E8	0.0
1.428840675E8	255.0
1.42885371E8	0.0
1.42886674E8	0.0
1.428879765E8	0.0
1.42889278E8	0.0
1.42890579E8	255.0
1.42891879E8	254.6491745283019
1.42893177E8	0.0
1.42894474E8	0.0
1.42895771E8	0.0
1.428970675E8	0.0
1.42898363E8	0.0
1.428996575E8	0.0
1.429009515E8	0.0
1.429022455E8	0.0
1.42903539E8	255.0
1.42904831E8	0.0
1.429061215E8	0.0
1.42907411E8	0.0
1.42908699E8	236.89834862175846
1.429099855E8	0.0
1.42911271E8	0.0
1.429125555E8	0.0
1.429138395E8	217.5310903646292
1.42915123E8	0.0
1.42916406E8	186.3178313590804
1.429176885E8	236.3914410058027
1.4291897E8	0.0
1.429202505E8	0.0
1.429215305E8	0.0
1.4292281E8	0.0
1.429240885E8	0.0
1.429253665E8	0.0
1.429266445E8	0.0
1.42927922E8	240.19039693391406
1.42929199E8	2.463979718656856
1.42930476E8	1.0
1.429317525E8	0.0
1.42933028E8	0.0
1.42934303E8	0.0
1.429355775E8	0.0
1.429368515E8	0.0
1.429381245E8	0.0
1.42939396E8	0.0
1.42940667E8	0.0
1.42941938E8	0.0
1.42943209E8	3.0
1.4294448E8	228.17995069843877
1.429457505E8	201.91548931771192
1.429470205E8	1.0
1.429482905E8	255.0
1.4294956E8	3.0
1.429508285E8	0.0
1.429520965E8	0.7640067911714771
1.429533635E8	230.26293103448276
1.42954629E8	0.0
1.429558935E8	10.853131749460044
1.42957157E8	0.0
1.4295842E8	0.0
1.42959683E8	195.58283518360375
1.429609455E8	0.0
1.429622075E8	0.0
1.429634695E8	0.0
1.42964731E8	0.0
1.42965992E8	177.06058118535543
1.429672525E8	216.45430700114406
1.429685125E8	0.0
1.429697725E8	247.4179523141655
1.429710325E8	0.0
1.42972292E8	62.515162894197005
1.429735505E8	0.0
1.429748085E8	8.045009990535283
1.429760665E8	2.561024737206521
1.42977324E8	0.0
1.42978579E8	0.0
1.42979832E8	254.9790054338877
1.429810845E8	0.0
1.42982336E8	0.0
1.42983587E8	0.0
1.42984838E8	0.0
1.42986089E8	255.0
1.429873395E8	92.06738223017292
1.42988589E8	0.0
1.429898375E8	0.0
1.42991085E8	255.0
1.429923315E8	0.0
1.429935775E8	255.0
1.429948225E8	0.0
1.42996066E8	232.10470189564072
1.429973085E8	190.75115077501175
1.4299855E8	0.0
1.42999791E8	254.78167808219177
1.43001032E8	0.0
1.430022725E8	1.0
1.430035125E8	0.0
1.430047525E8	234.2242155047535
1.43005992E8	3.0
1.4300719E8	0.0
1.43007809E8	0.0
1.430084685E8	0.0
1.430097065E8	0.0
1.430109445E8	0.0
1.43012182E8	0.0
1.430134185E8	0.0
1.43014654E8	0.0
1.43015889E8	255.0
1.430171235E8	0.0
1.430183575E8	175.26164142303628
1.430195915E8	0.0
1.43020825E8	0.0
1.43022058E8	90.43661971830986
1.430232905E8	92.6797153024911
1.43024522E8	255.0
1.43025753E8	0.0
1.43026984E8	255.0
1.43028215E8	0.0
1.430294455E8	255.0
1.43030675E8	0.0
1.43031904E8	0.0
1.430331325E8	0.0
1.4303436E8	0.0
1.43035587E8	228.3352843450147
1.43036814E8	0.0
1.43038041E8	0.0
1.430392675E8	0.0
1.430404935E8	0.0
1.430417195E8	0.0
1.43042945E8	253.5211267605634
1.4304417E8	0.0
1.43045395E8	0.0
1.4304662E8	0.0
1.43047845E8	0.0
1.4304907E8	42.190166305133765
1.430502945E8	196.29904082662915
1.430515185E8	120.3
1.430527425E8	255.0
1.430539665E8	44.833625218914186
1.4305519E8	0.0
1.43056413E8	0.0
1.43057636E8	0.0
1.430588585E8	196.8675301044712
1.430600805E8	255.0
1.43061302E8	0.0
1.430625225E8	0.0
1.430637425E8	0.0
1.43064962E8	0.0
1.43066181E8	0.0
1.430674E8	0.0
1.430686185E8	232.25890213347506
1.430698365E8	0.0
1.430710525E8	0.0
1.43072266E8	0.0
1.430734785E8	0.0
1.430746905E8	0.0
1.43075902E8	0.0
1.43077113E8	0.0
1.430783235E8	0.0
1.43079533E8	0.0
1.43080742E8	255.0
1.43081951E8	0.0
1.430831595E8	0.0
1.430843675E8	0.0
1.430855755E8	2.0
1.430867835E8	0.0
1.43087991E8	3.0
1.430891975E8	1.0
1.43090403E8	60.02353864260494
1.43091608E8	0.0
1.43092813E8	255.0
1.43094017E8	0.0
1.4309522E8	0.0
1.43096423E8	0.0
1.430976255E8	255.0
1.430988275E8	2.3333333333333335
1.43100029E8	0.0
1.431012295E8	3.0
1.431024295E8	0.0
1.431036295E8	0.0
1.43104829E8	0.0
1.43106028E8	0.4444444444444444
1.431072265E8	0.0
1.431084245E8	0.0
1.43109622E8	0.0
1.43110819E8	0.0
1.43112015E8	0.0
1.4311321E8	255.0
1.43114405E8	189.08304498269896
1.431156E8	0.0
1.43116795E8	17.97965885810308
1.431179895E8	255.0
1.43119183E8	255.0
1.43120376E8	0.0
1.43121569E8	0.0
1.43122762E8	0.0
1.431239545E8	0.0
1.431251465E8	250.00244482621912
1.431263385E8	0.528169014084507
1.4312753E8	0.0
1.43128721E8	0.0
1.431299115E8	0.0
1.431311015E8	0.0
1.431322915E8	0.0
1.43133481E8	255.0
1.4313467E8	0.0
1.43135859E8	0.0
1.43137048E8	0.0
1.43138237E8	0.0
1.43139426E8	249.98154981549814
1.431406145E8	0.0
1.431418015E8	0.0
1.431429875E8	0.0
1.431441735E8	213.98161176846818
1.431453595E8	0.0
1.431465455E8	2.074626865671642
1.43147731E8	0.0
1.43148916E8	0.0
1.43150101E8	255.0
1.43151286E8	0.0
1.431524705E8	0.0
1.431536545E8	0.0
1.431548385E8	0.0
1.431560225E8	0.0
1.431572055E8	0.0
1.431583875E8	245.25412155390933
1.43159569E8	0.0
1.4316075E8	244.63841298467088
1.43161931E8	0.0
1.43163111E8	129.21035058430718
1.4316429E8	0.0
1.43165469E8	0.0
1.431666475E8	0.0
1.431678255E8	0.0
1.431690035E8	0.0
1.431701815E8	255.0
1.431713595E8	0.0
1.431725375E8	0.0
1.43173715E8	0.0
1.431748915E8	11.949406961091592
1.43176067E8	0.0
1.43177242E8	255.0
1.431784165E8	0.0
1.431795905E8	0.0
1.43180764E8	0.0
1.43181937E8	0.0
1.4318311E8	85.0
1.43184282E8	0.0
1.43185453E8	85.35232722143864
1.43186624E8	255.0
1.43187795E8	0.0
1.431889655E8	87.0
1.43190135E8	0.0
1.43191304E8	0.0
1.431924725E8	0.0
1.4319364E8	0.0
1.43194807E8	0.0
1.43195974E8	255.0
1.431971405E8	0.0
1.431983065E8	249.22668660205375
1.431994725E8	192.81800561405913
1.432006385E8	0.0
1.43201804E8	0.0
1.43202969E8	0.0
1.432041335E8	0.0
1.43205297E8	0.0
1.4320646E8	230.46312677433303
1.43207623E8	0.0
1.43208786E8	1.1428571428571428
1.43209949E8	0.0
1.43211112E8	237.55698966005326
1.432122745E8	207.89893706765648
1.432134365E8	0.0
1.432145985E8	149.066578279196
1.4321576E8	0.0
1.43216921E8	0.0
1.43218082E8	0.0
1.432192425E8	0.0
1.432204025E8	114.78322725570948
1.432215625E8	0.0
1.43222722E8	0.0
1.43223881E8	0.0
1.4322504E8	255.0
1.43226199E8	255.0
1.43227358E8	0.0
1.432285165E8	0.0
1.432296745E8	31.707860286335023
1.432308325E8	0.0
1.4323199E8	116.34278817139409
1.43233147E8	255.0
1.432343035E8	0.0
1.432354595E8	0.0
1.43236615E8	0.0
1.4323777E8	255.0
1.43238925E8	0.0
1.4324008E8	1.1368416534317722
1.432412345E8	0.0
1.432423885E8	0.0
1.432435425E8	0.0
1.432446965E8	255.0
1.4324585E8	0.0
1.43247003E8	0.0
1.43248156E8	0.0
1.432493085E8	255.0
1.432504605E8	0.0
1.432516125E8	0.0
1.432527645E8	0.0
1.43253916E8	255.0
1.432550665E8	1.0
1.432562165E8	255.0
1.432573655E8	0.0
1.432585135E8	0.0
1.432596615E8	237.94014084507043
1.432608095E8	59.737354085603116
1.432619575E8	0.0
1.432631055E8	0.0
1.43264253E8	255.0
1.432654E8	241.90247218288488
1.43266547E8	255.0
1.432676935E8	0.0
1.432688395E8	0.0
1.432699855E8	0.0
1.43271131E8	243.114406779661
1.432722755E8	45.411764705882355
1.432734195E8	248.44429795649307
1.432745635E8	233.3214020710929
1.432757075E8	16.00823345492444
1.432768515E8	0.0
1.43277995E8	0.0
1.43279138E8	255.0
1.432802805E8	0.0
1.432814225E8	252.32984293193718
1.432825645E8	0.5198724005053025
1.43283706E8	224.23111359820928
1.43284847E8	224.80788032850998
1.432859875E8	154.4993481095176
1.432871275E8	0.0
1.432882675E8	255.0
1.432894075E8	0.0
1.43290547E8	255.0
1.43291686E8	0.0
1.43292825E8	0.0
1.43293964E8	255.0
1.43295103E8	0.0
1.432962415E8	0.0
1.43297379E8	0.0
1.432985155E8	255.0
1.432996515E8	0.0
1.433007875E8	136.35101240423202
1.433019235E8	3.0
1.43303059E8	0.0
1.43304194E8	0.0
1.43305329E8	254.939300166627
1.433064635E8	0.0
1.433075975E8	122.6447713140368
1.433087315E8	0.0
1.433098655E8	0.0
1.43310999E8	0.0
1.43312132E8	0.0
1.43313265E8	255.0
1.433143975E8	223.65981666290438
1.433155295E8	108.90717299578058
1.433166615E8	0.0
1.433177935E8	0.0
1.43318925E8	0.0
1.43320056E8	227.79494105638082
1.43321187E8	0.0
1.433223175E8	0.0
1.433234475E8	190.71428571428572
1.433245775E8	1.0
1.43325707E8	0.0
1.43326836E8	255.0
1.43327965E8	94.57777777777778
1.43329094E8	0.0
1.43330222E8	255.0
1.43331349E8	0.0
1.433324755E8	217.9341953655102
1.433336015E8	0.0
1.433347275E8	0.0
1.433358535E8	0.0
1.433369795E8	16.798418972332016
1.43338105E8	0.0
1.4333923E8	0.0
1.433403545E8	0.0
1.433414785E8	0.0
1.43342602E8	0.0
1.43343725E8	0.0
1.43344848E8	0.0
1.43345971E8	190.85626052779338
1.43347094E8	0.0
1.433482165E8	216.05196951784276
1.43349338E8	0.0
1.433504585E8	255.0
1.43351578E8	85.0
1.43352697E8	169.7798490901021
1.433538155E8	254.54986760812002
1.433549335E8	0.0
1.433560515E8	0.0
1.433571695E8	0.0
1.43358287E8	0.0
1.43359404E8	0.0
1.43360521E8	255.0
1.43361638E8	255.0
1.43362755E8	255.0
1.43363872E8	255.0
1.433649885E8	0.0
1.433661045E8	241.5328337605995
1.433668735E8	211.074341305229
1.433674315E8	246.79072063178677
1.433683365E8	0.0
1.433694525E8	255.0
1.433705685E8	0.0
1.43371684E8	0.0
1.43372799E8	0.0
1.43373914E8	133.3448275862069
1.433750285E8	0.0
1.433761425E8	0.0
1.433772565E8	0.0
1.433783705E8	0.0
1.433794845E8	3.0
1.433805985E8	0.0
1.433817115E8	0.0
1.433828235E8	0.0
1.433839355E8	0.0
1.433850475E8	239.3657732321841
1.43386159E8	109.84601975595584
1.433872695E8	0.0
1.433883795E8	0.9868421052631579
1.433894895E8	65.375
1.433905995E8	0.0
1.43391709E8	0.0
1.43392818E8	0.0
1.43393927E8	230.62564766839378
1.43395036E8	0.0
1.433961445E8	2.663375224416517
1.433972525E8	0.0
1.4339836E8	0.0
1.43399467E8	255.0
1.43400574E8	0.0
1.434016805E8	236.12236828976253
1.434027865E8	3.0
1.43403892E8	0.0
1.43404997E8	0.0
1.43406102E8	0.0
1.43407207E8	0.0
1.43408312E8	0.0
1.43409417E8	0.0
1.43410521E8	0.0
1.43411624E8	0.0
1.43412727E8	0.0
1.434138295E8	0.0
1.434149315E8	0.0
1.434160335E8	0.0
1.43417135E8	45.04671857619577
1.43418236E8	0.0
1.43419337E8	191.72932330827066
1.434204375E8	209.1818181818182
1.434215375E8	0.0
1.43422637E8	0.0
1.43423736E8	178.41559953434225
1.434248345E8	17.0
1.434259325E8	0.0
1.434270305E8	0.0
1.43428128E8	0.0
1.43429225E8	0.0
1.43430322E8	0.0
1.434314185E8	0.0
1.434325145E8	0.0
1.434336095E8	2.0377358490566038
1.43434703E8	0.0
1.434357955E8	0.0
1.43436887E8	0.0
1.43437978E8	255.0
1.434390685E8	0.0
1.434401585E8	0.0
1.434412485E8	166.27749860413178
1.434423385E8	178.67218200620476
1.434434285E8	0.0
1.43444518E8	0.0
1.43445607E8	0.0
1.434466955E8	0.0
1.434477835E8	104.84254723582926
1.434488715E8	255.0
1.434499595E8	255.0
1.43451047E8	0.0
1.43452134E8	202.76839227506923
1.43453221E8	255.0
1.434543075E8	205.9031502767135
1.434553935E8	253.26857789513392
1.434564795E8	1.4
1.434575655E8	0.0
1.434586505E8	0.0
1.434597345E8	0.0
1.434608185E8	0.0
1.434619025E8	0.0
1.434629865E8	0.0
1.4346407E8	0.0
1.43465153E8	0.0
1.43466236E8	241.38900654163717
1.434673185E8	0.0
1.434684005E8	0.0
1.43469482E8	0.0
1.43470563E8	227.7371078254598
1.434716435E8	0.0
1.434727235E8	0.0
1.434738035E8	190.89207735495944
1.43474883E8	0.0
1.43475962E8	3.0
1.434770405E8	0.0
1.434781185E8	0.0
1.434791965E8	0.0
1.434802745E8	0.0
1.43481352E8	0.0
1.43482429E8	0.0
1.434835055E8	0.0
1.434845815E8	0.0
1.434856575E8	0.0
1.434867335E8	0.0
1.43487809E8	0.0
1.43488884E8	139.64290281329923
1.43489959E8	43.58684835463078
1.43491034E8	0.0
1.434921085E8	255.0
1.434931825E8	34.9579418344519
1.434942565E8	255.0
1.434953305E8	0.0
1.43496404E8	0.0
1.434974765E8	233.9732268885473
1.434985485E8	0.0
1.4349962E8	0.0
1.43500691E8	176.68751244771957
1.435017615E8	0.0
1.435028315E8	0.0
1.435039015E8	0.0
1.43504971E8	0.0
1.4350604E8	0.0
1.435071085E8	255.0
1.43508176E8	0.0
1.43509243E8	0.0
1.4351031E8	0.0
1.435113765E8	0.0
1.435124415E8	191.5
1.435135055E8	0.0
1.435145695E8	237.96993152724025
1.43515633E8	0.0
1.43516696E8	0.0
1.43517759E8	255.0
1.43518822E8	218.9454738581376
1.43519885E8	0.0
1.43520948E8	0.0
1.43522011E8	0.0
1.43523074E8	0.0
1.435241365E8	227.16169205434335
1.435251985E8	0.0
1.435262605E8	219.52005730659025
1.435273225E8	0.0
1.435283845E8	0.0
1.43529446E8	1.0
1.435305065E8	0.0
1.435315665E8	231.16736605659642
1.435326265E8	0.0
1.43533686E8	200.84527220630372
1.43534745E8	0.0
1.43535804E8	0.0
1.435368625E8	0.0
1.435379205E8	232.9752232166893
1.435389785E8	0.0
1.435400365E8	186.2300643400273
1.43541094E8	0.0
1.435421505E8	255.0
1.435432065E8	0.0
1.435442625E8	255.0
1.435453185E8	0.0
1.43546374E8	0.0
1.43547429E8	0.0
1.43548484E8	255.0
1.435495385E8	181.36705162098232
1.435505925E8	0.0
1.43551646E8	0.0
1.43552699E8	254.63623395149787
1.43553752E8	88.3448360055343
1.43554805E8	25.19954925345103
1.43555858E8	255.0
1.435569105E8	0.0
1.435579625E8	250.92534031052256
1.435590145E8	128.0
1.43560066E8	0.0
1.43561117E8	0.0
1.43562168E8	255.0
1.43563219E8	0.0
1.4356427E8	0.0
1.435653205E8	0.0
1.435663705E8	0.41618015012510423
1.4356742E8	0.8780748663101604
1.43568469E8	0.0
1.43569518E8	1.0
1.43570567E8	0.0
1.43571616E8	0.0
1.435726645E8	0.0
1.435737125E8	127.05403915081334
1.435747605E8	0.0
1.435758085E8	0.0
1.435768565E8	138.20557963163597
1.43577904E8	0.07980845969672785
1.43578951E8	0.0
1.43579998E8	0.0
1.43581045E8	1.0
1.435820915E8	0.0
1.43583137E8	0.0
1.43584182E8	0.0
1.43585227E8	0.0
1.43586272E8	0.0
1.435873165E8	0.0
1.435883605E8	0.0
1.435894045E8	8.845504432249895
1.43590448E8	255.0
1.43591491E8	191.94745621351126
1.435925335E8	0.0
1.435935755E8	0.0
1.435946175E8	237.33361312476154
1.435956595E8	217.3578403216542
1.435967015E8	0.0
1.43597743E8	160.5
1.43598784E8	0.0
1.43599825E8	0.0
1.436008655E8	0.0
1.436019055E8	0.0
1.436029455E8	0.0
1.436039855E8	180.0
1.43605025E8	255.0
1.43606064E8	150.86109687339825
1.43607103E8	0.0
1.436081415E8	0.0
1.436091795E8	128.0
1.436102175E8	0.0
1.43611255E8	0.0
1.43612292E8	0.0
1.43613329E8	0.0
1.43614366E8	184.76430477319894
1.436154025E8	0.0
1.436164385E8	0.0
1.43617474E8	0.0
1.43618509E8	255.0
1.43619544E8	0.0
1.43620579E8	0.0
1.43621614E8	0.0
1.43622648E8	0.0
1.43623681E8	0.0
1.43624714E8	255.0
1.43625747E8	208.88838060384265
1.436267795E8	0.0
1.436278115E8	254.41365831225568
1.436288435E8	255.0
1.43629875E8	0.0
1.43630906E8	0.0
1.43631937E8	255.0
1.436329675E8	201.49207078832453
1.436339975E8	0.0
1.436350275E8	0.0
1.43636057E8	255.0
1.43637086E8	255.0
1.43638115E8	147.11989538169016
1.43639144E8	233.68218588704556
1.43640173E8	0.0
1.43641202E8	0.0
1.43642231E8	0.0
1.436432595E8	0.0
1.436442875E8	0.0
1.43645315E8	0.0
1.43646342E8	255.0
1.43647369E8	0.0
1.436483955E8	0.0
1.436494215E8	0.0
1.43650447E8	0.0
1.43651472E8	0.0
1.43652497E8	0.0
1.43653522E8	0.7299270072992701
1.43654546E8	0.0
1.43655569E8	0.0
1.436565915E8	0.0
1.436576135E8	254.8924957841484
1.436586355E8	255.0
1.436596575E8	0.0
1.43660679E8	191.25
1.436617E8	253.2010582010582
1.43662721E8	0.0
1.436637415E8	212.26210389825079
1.436647615E8	0.0
1.436657815E8	0.0
1.43666801E8	0.0
1.4366782E8	0.0
1.43668839E8	255.0
1.43669858E8	0.0
1.43670877E8	32.22227410693439
1.436718955E8	255.0
1.436729135E8	0.0
1.436739315E8	0.0
1.436749495E8	0.0
1.436759665E8	0.0
1.436769825E8	1.0
1.436779985E8	0.0
1.43679014E8	0.0
1.43680029E8	0.0
1.436810435E8	0.0
1.436820575E8	206.86569277446904
1.436830715E8	0.0
1.436840855E8	165.93103448275863
1.436850995E8	0.0
1.43686113E8	0.0
1.43687126E8	0.0
1.43688139E8	0.0
1.436891515E8	0.0
1.436901635E8	255.0
1.436911755E8	126.09111361079864
1.436921875E8	208.48409351622962
1.436931995E8	175.10443864229765
1.43694211E8	0.0
1.43695222E8	0.6059810062638917
1.43696233E8	0.0
1.43697244E8	255.0
1.436982545E8	208.65565410199557
1.436992645E8	0.0
1.437002745E8	3.0
1.437012845E8	3.0
1.437022935E8	0.0
1.437033015E8	0.0
1.437043095E8	0.0
1.43705317E8	0.0
1.43706324E8	0.0
1.437073305E8	0.0
1.437083365E8	0.0
1.437093425E8	0.0
1.43710348E8	0.0
1.43711353E8	0.0
1.43712358E8	2.357487922705314
1.43713363E8	0.0
1.43714368E8	1.6681539319576129
1.437153725E8	0.0
1.437163765E8	0.0
1.437173805E8	0.0
1.437183845E8	0.0
1.43719388E8	0.0
1.4372039E8	255.0
1.43721391E8	0.0
1.43722392E8	179.3056206088993
1.43723393E8	0.0
1.43724394E8	212.29835333519398
1.437251765E8	169.42780748663102
1.437257305E8	0.0
