#Position (bp)	Coverage	Std
179658.5	290.5068379921851	404.2971949904205
538974.5	343.104300949582	2892.6420112670053
898290.5	238.04476561021497	492.04403039273626
1257606.5	169.28075287490677	283.3471413700351
1616922.5	123.63523750681851	290.9994137672025
1976238.5	110.03742388315577	237.06968047299995
2335554.5	186.3603986463169	331.2958154204803
2694870.5	245.57188101837937	1686.2814499669053
3054186.5	280.66091128700083	345.20468371106676
3413502.5	91.00169767001748	213.46640277608407
3772818.5	76.54405592848634	95.41253413674733
4132134.5	136.45598303443208	1715.3105979490244
4491450.5	235.7871093967427	2781.4317221110045
4850766.5	213.6572793863897	421.7330207960942
5210082.5	341.686334591279	1996.2843588130656
5569398.5	153.9029127564595	432.78833355250276
5928714.5	917.9502443531599	1744.5604878651793
6288030.5	346.6663744447784	387.90258681978554
6647346.5	232.22189938661234	447.7451893100721
7006662.5	319.6240662814904	1345.8851774173067
7365978.5	192.18472876242637	222.263470385331
7725294.5	313.7219940108428	1937.532816356847
8084610.5	553.3974440325508	2108.3177580696038
8443926.5	916.4017522181033	2136.848597728971
8803242.5	47.54155673557537	81.6868976895219
9162558.5	70.65214184728762	291.05622175185215
9521874.5	229.36124191519443	566.8564925133744
9881190.5	533.8741497734585	3417.9612740240746
1.02405065E7	768.4320236226608	4217.495649147989
1.05998225E7	317.19857173073285	555.200819596074
1.09591385E7	532.8101364815371	2879.6370770336434
1.13184545E7	31.23283683442986	90.98741201175554
1.16777705E7	101.09914114595509	290.6601864304367
1.20370865E7	232.43035934943057	594.4622381830019
1.23964025E7	656.2315788887776	409.91275268488727
1.27557185E7	120.81700230437832	337.47737390775706
1.31150345E7	179.43904529717574	292.77827562554313
1.34743505E7	250.67460396976477	1672.7672284348
1.38336665E7	100.65125683242606	214.01632731091692
1.41929825E7	82.54557269923967	174.82508496007125
1.45522985E7	38.79380823564773	136.64867631331202
1.49116145E7	214.2697514165804	443.24491787253334
1.52709305E7	60.04341304033219	174.01195639878134
1.56302465E7	93.29605416958888	207.98348500772173
1.59895625E7	17.601629206603658	47.042918606152554
1.63488785E7	408.09591835598746	381.526969257662
1.67081945E7	293.0350499281969	502.88135463236154
1.70675105E7	37.16685313206203	110.41582963603496
1.74268265E7	181.17500473121152	325.26751678816726
1.77861425E7	42.89713789533447	13.55115447220788
1.81454585E7	52.50340368923176	108.82428322043617
1.85047745E7	291.409489140478	2033.701316158852
1.88640905E7	319.4077664228701	1818.1412725874795
1.92234065E7	177.1910797181311	310.5763194527774
1.95827225E7	326.425778423449	436.78483631778084
1.99420385E7	118.1829058544568	355.63356903963455
2.03013545E7	167.99118603123713	321.16465913999747
2.06606705E7	270.06037582517894	377.40184411508454
2.10199865E7	360.36062407463066	401.21866007627415
2.13793025E7	258.4725868038161	408.49004924064474
2.17386185E7	576.9381241024613	2711.910892029741
2.20979345E7	217.95049204599852	2799.2548270985994
2.24572505E7	317.9531192599272	2978.306138558554
2.28165665E7	108.34073350477017	123.66112467871459
2.31758825E7	76.80350165314097	185.0619272189996
2.34346265E7	98.42458842272968	799.1383055848979
2.36142845E7	2.9678737620808975	2.6720544372230584
2.38945145E7	18.922491622972537	46.14312144347671
2.42538305E7	36.31001959278184	112.06851527633926
2.46131465E7	269.5249279186009	137.96750552702258
2.49724625E7	130.0478047178528	257.3119038543374
2.53317785E7	120.15065012412472	978.1337347305614
2.56910945E7	90.13411871444633	48.17980651016981
2.60504105E7	129.06081554954415	19.918532589813292
2.64097265E7	198.69915895757495	233.66838137220307
2.67690425E7	20.483552082289684	24.703639156942714
2.71283585E7	52.719734161573655	101.35003926208695
2.74876745E7	262.97890157966805	128.31480664636237
2.78469905E7	812.778679491033	335.42352447435445
2.82063065E7	454.5234807244876	2172.5407840062576
2.85656225E7	132.47135668881987	206.54627509355726
2.89249385E7	215.40252869340637	339.7122941298332
2.92842545E7	175.16517216043817	348.1717699669027
2.96435705E7	287.83483897182424	1020.0869843624929
3.00028865E7	245.85688363446104	650.4180754377945
3.03622025E7	460.1743701922542	599.0940103052311
3.07215185E7	63.10276191430384	104.14359307622547
3.10808345E7	330.70606374333454	409.58476389818395
3.14401505E7	297.6049104409489	616.5513926942658
3.17994665E7	119.03484119827672	239.2800883036126
3.21587825E7	121.47681984659742	268.7497591637504
3.25180985E7	281.7413530151733	590.2424189318904
3.28774145E7	144.64924745906112	359.1199381431595
3.32367305E7	345.87450600585555	2426.1430006820583
3.35960465E7	498.91537532422717	891.1501836132768
3.39553625E7	464.02431286110277	314.8825283629201
3.43146785E7	157.7046165492213	377.47989265228136
3.46739945E7	99.47651927551236	184.52931284028924
3.50333105E7	287.9150218748956	419.96064106913735
3.53926265E7	798.2605506016988	5970.432097154295
3.57519425E7	1237.391260060782	2812.8493485630042
3.61112585E7	301.85187133331107	654.9626262674929
3.64705745E7	208.0638880539692	1164.8600638576547
3.68298905E7	193.6265153792205	273.17151045686023
3.71892065E7	131.82560476015541	368.62167467058686
3.75485225E7	658.9680197931625	1004.4473599658844
3.79078385E7	625.2643661846397	4312.734469125905
3.82671545E7	139.83947834218347	429.4862776085432
3.86264705E7	111.67797704527491	154.67835747556205
3.89857865E7	95.08353371405671	212.41366414947868
3.93451025E7	189.71456044261876	308.6691206310178
3.97044185E7	490.20011633214216	605.8154278475297
4.00637345E7	348.0391326854357	3454.1423123862473
4.04230505E7	254.58121542040988	1154.054848230099
4.07823665E7	408.05291720936447	1193.3928815539432
4.11416825E7	468.84833683999597	2177.185947329773
4.15009985E7	679.4478063876921	3135.1541126430097
4.18603145E7	246.23983346135435	426.93517291543833
4.22196305E7	313.3853349141146	594.8271982819373
4.25789465E7	145.91203842856984	184.01234376755696
4.29382625E7	933.1831952932795	2656.5330748305546
4.32975785E7	57.92735085551437	122.16605625114863
4.36568945E7	177.22664173039888	2351.1340613432913
4.40162105E7	238.18663794542965	279.042764201461
4.43755265E7	79.00343151988778	282.4907677457074
4.47348425E7	351.2479544467822	1238.2046791636715
4.50941585E7	690.3450778701756	966.483651741331
4.54534745E7	87.25360963608634	131.8192803372327
4.58127905E7	193.25979917398612	300.6535179862741
4.61721065E7	624.5305608433802	2940.8746649942996
4.65314225E7	365.6021468568057	2478.9954616960113
4.68907385E7	376.4215092008149	1243.8120660568252
4.72500545E7	333.9499298667468	939.5205212914467
4.76093705E7	928.9541434280688	3536.9734418047515
4.79686865E7	270.74028431798195	661.3687986110467
4.83280025E7	563.2727320798406	4886.272851388167
4.86541545E7	119.39896173222111	96.85970855886471
4.88338125E7	2.927873597877216	1.830601979218887
4.90466345E7	283.7372452103441	450.08329760770465
4.94059505E7	159.41437063754466	186.1201110161248
4.97652665E7	176.3393725856906	360.2010959998545
5.01245825E7	229.00566632156654	379.58638957339025
5.04838985E7	444.4327110398646	2103.381155394578
5.08432145E7	103.585239733271	223.44810602092383
5.12025305E7	181.25349831346225	224.27098018559386
5.15618465E7	314.78098665241737	2559.673541500684
5.19211625E7	610.9423515791115	2483.0784996734
5.22804785E7	317.27721003239486	270.7106708114525
5.26397945E7	188.5874522704249	438.4412207423257
5.29991105E7	380.86815226708524	469.1121469423313
5.33584265E7	120.0847860935778	258.4248724789038
5.37177425E7	23.167120306359863	78.7779596817188
5.40770585E7	300.3406834095893	578.3372824634728
5.44363745E7	291.33035823620435	537.4054689364791
5.47956905E7	66.70121564305514	173.94956189348497
5.51550065E7	86.21009362232687	289.8088520414676
5.55143225E7	99.67294247960012	313.388209468377
5.58736385E7	256.5916769640094	1631.1745383304806
5.62329545E7	234.1227081454764	479.72558596694
5.65922705E7	124.80151732736644	158.19804289781194
5.69515865E7	314.59056930389966	491.6725551529289
5.73109025E7	396.147505259994	2375.53093355519
5.76702185E7	139.2586135880395	441.57767218788365
5.80295345E7	442.08002426833207	1297.8474409986125
5.83888505E7	718.1477056407174	3202.3159735088716
5.87481665E7	137.6398212158657	278.1710933465767
5.91074825E7	64.33040276525398	91.27915594891296
5.94667985E7	546.6062296140444	12053.902022142876
5.98261145E7	232.97912422491623	546.2194636812226
6.01854305E7	153.9266077769985	169.12181293972222
6.05447465E7	337.70063398234424	2030.8924501692475
6.09040625E7	233.18465640272072	494.2111930757807
6.12633785E7	172.5007820414343	276.80828725390444
6.16226945E7	145.8340040521435	233.13251756834367
6.19820105E7	482.2968640416792	2681.5919757003135
6.23413265E7	68.88104342695566	147.86831543525295
6.27006425E7	192.62071268743946	501.4563400439643
6.30599585E7	71.55174553874583	95.03062926149008
6.34192745E7	148.48187667679701	422.94302190802773
6.37785905E7	266.74967159825894	738.6139644717114
6.41379065E7	49.46887419430251	154.34906448314072
6.44972225E7	201.2146383684556	369.74839648312826
6.48565385E7	239.03195515924702	302.0159896432644
6.52158545E7	217.93709158512286	459.9117966817638
6.55751705E7	335.30265281813223	475.8904579894753
6.59344865E7	152.44031994122165	212.4510851092673
6.62938025E7	232.98693350699662	532.7390960430758
6.66531185E7	85.07799263044228	219.009670462905
6.70124345E7	29.13186999743958	89.44811180322382
6.73717505E7	122.60440392300927	356.9531707506467
6.77310665E7	304.3783076734685	2370.927795532534
6.80903825E7	70.27726012757573	189.63583175025224
6.84496985E7	159.49417504369413	308.3709572934783
6.88090145E7	308.3154632691002	500.29817201698074
6.91683305E7	327.22287067650757	506.8118234652243
6.95276465E7	108.32381246590745	191.37146774044038
6.98869625E7	103.17468467866725	211.63187928566558
7.02462785E7	248.69880550824345	473.6120781968554
7.06055945E7	260.6420615836756	502.829816601704
7.09649105E7	281.6536363535161	2533.572515531267
7.13242265E7	14.763122154315422	17.310597126282214
7.16835425E7	217.62116076100145	569.8608853610348
7.20428585E7	554.6821711251378	4011.7524598070177
7.24021745E7	1254.0881202061696	288.2025624569589
7.27614905E7	195.53717619031715	549.9565891326545
7.31208065E7	16.589595230938784	39.68664827800875
7.34801225E7	46.95670384842312	90.43268943716717
7.38394385E7	90.00354005944628	579.2842598210568
7.41987545E7	50.11099700542141	24.81639566618322
7.45580705E7	294.2748332943704	47.17102796153353
7.49173865E7	134.24650446960337	31.981478252029397
7.52767025E7	20.286115842322634	25.38766717286304
7.56360185E7	17.51432722172127	3.8298603092134416
7.59953345E7	869.2168230749535	2859.6968634076115
7.63546505E7	418.9380600919525	113.07006668121316
7.67139665E7	200.10085551436617	213.419288264131
7.690225E7	4.959016868587328	3.3224049402474205
7.7081908E7	1.8843816233756743	28.18427125777492
7.74325985E7	27.95575760611829	8.046282955825205
7.77919145E7	32.32259904930479	140.92691698197638
7.81512305E7	4.37326475859689	2.8863970239929837
7.85105465E7	5.183657282169455	26.190887113033178
7.88698625E7	9.924957419096282	15.590811414810915
7.92291785E7	17.71895768627058	65.77486789844811
7.95884945E7	19.22714824833851	133.41527271117442
7.99478105E7	34.12541328524196	92.84776713310727
8.03071265E7	453.58958131561076	127.64597076370286
8.06664425E7	380.3095464716294	416.63488863222483
8.10257585E7	63.663446659764666	136.5506444377518
8.13850745E7	305.160140377829	829.1932405679015
8.17443905E7	192.45809259815871	407.09001550645314
8.21037065E7	300.20848222734304	368.13076706282214
8.24630225E7	681.1123273107794	2547.8925438737856
8.28223385E7	264.9796669227087	622.0580922782666
8.31816545E7	137.05966892651594	226.7701541191155
8.35409705E7	51.226833761925434	243.7462539634867
8.39002865E7	375.30899264157455	2282.3488808212896
8.42596025E7	59.901242917098045	115.16734176551752
8.46189185E7	43.886147569270506	177.29910443579575
8.49782345E7	213.8269712453662	255.33429285697864
8.53375505E7	141.49175655968563	538.7263356500903
8.56968665E7	311.3016008193345	531.8451178755876
8.60561825E7	310.0114690133476	462.9730360608057
8.64154985E7	422.0607960680849	1503.9665223403774
8.67748145E7	465.5216912133053	3182.9691056727224
8.71341305E7	262.98504102238695	484.391259165385
8.74934465E7	38.41395874383551	120.88322581374953
8.78527625E7	144.32739148827216	387.28613264901475
8.82120785E7	623.9832375958766	3752.179174428359
8.85713945E7	1091.621864876599	870.0752208073517
8.89307105E7	278.7750225428314	330.2989748375311
8.92900265E7	373.1933896625811	742.2102288497015
8.96493425E7	136.50901434948625	345.3436279007349
9.00086585E7	347.75720257377907	442.8139866024881
9.03679745E7	142.14492535818053	489.7569944339185
9.07272905E7	457.86841109218625	693.9563482883999
9.10866065E7	259.1770308029701	861.8426750102633
9.14459225E7	138.69821271527013	958.9314738158774
9.18052385E7	317.6584260094179	1412.8391413544166
9.21645545E7	811.8485734005721	2409.419846729767
9.25238705E7	51.44138863841299	291.7732785338902
9.28831865E7	302.10645225929267	1738.752542422605
9.32425025E7	248.20687639849046	388.6655097927883
9.36018185E7	184.98862004475168	339.4393546539225
9.39611345E7	173.5636347949994	320.3377643891113
9.43204505E7	92.06753665297398	190.38325786317205
9.46797665E7	79.27605784323548	162.70166453977203
9.50390825E7	858.4034805018424	1565.03374261727
9.53983985E7	170.21098976945083	208.7319161746292
9.57577145E7	108.59238664573802	186.44067720698945
9.61170305E7	183.64839027485556	473.6335249980417
9.64763465E7	110.79758485567022	249.15977461375246
9.68356625E7	179.55542475147223	209.62179897009204
9.71949785E7	39.28104509679502	73.02866109300415
9.75542945E7	324.46417916263124	1525.3106607712866
9.79136105E7	470.098392501308	1488.5454511125758
9.82729265E7	219.76301361475691	310.2019067635378
9.86322425E7	115.26561856416079	119.14724769022847
9.89915585E7	204.33027474423628	276.91863037546653
9.93508745E7	321.23936312326754	581.1901185078822
9.97101905E7	126.65175778423449	172.70773268311413
1.000695065E8	166.9972586803816	203.8515815532522
1.004288225E8	245.94270781150854	2593.1993010230635
1.007881385E8	423.9894271337764	727.7942344092894
1.011474545E8	335.51670117668016	339.3009818972614
1.015067705E8	166.66438733593827	235.12646787794733
1.018660865E8	242.81266628816974	529.4431148599043
1.022254025E8	433.34576807044493	2480.440853219445
1.025847185E8	273.90621068919836	2893.300170600079
1.029440345E8	115.22772155985261	473.65411710531384
1.033033505E8	117.85431764797559	180.16883238587087
1.036626665E8	238.3603986463169	663.0215680759857
1.040219825E8	187.4470466107827	275.15023871435204
1.043812985E8	104.3817809393403	300.8088552862947
1.047406145E8	325.3623607075666	2059.0437164419945
1.050999305E8	38.69340357790914	140.53004799253125
1.054592465E8	92.76005243295594	273.81057350856895
1.058185625E8	157.9764330004787	145.95397348770382
1.061778785E8	305.42824978570394	1599.1150415382483
1.065371945E8	190.36365483307173	458.3523763656969
1.068965105E8	764.8717758184996	3875.8631083314185
1.072558265E8	444.94610315154347	2661.223038561146
1.076151425E8	154.26904173485178	319.2277120697912
1.079744585E8	331.9772317403066	1123.1384698683873
1.083337745E8	319.70069799285307	1806.7529008706679
1.086930905E8	419.80386623473487	1118.89200574377
1.089314775E8	371.38023804253436	745.8274422302716
1.091111355E8	498.62312183181865	3441.0782714372676
1.094117225E8	325.2996805040688	326.76214338086817
1.097710385E8	239.9260038517628	320.88000369258197
1.101303545E8	408.35944683788085	872.2025734824156
1.10324175E8	104.95311562224184	156.78732623006383
1.10503833E8	121.05469030879993	151.32345710758477
1.108489865E8	242.55477351412128	1909.9934920799649
1.112083025E8	164.6315638602233	439.51655420147375
1.115676185E8	126.86697781340102	150.19753204127002
1.119269345E8	245.9793273887052	2403.130485649942
1.122862505E8	228.79900700219306	282.5730428027556
1.126455665E8	143.55050985761835	206.37573229515522
1.130048825E8	270.40699551369823	245.66517122693932
1.133641985E8	54.813581916752945	78.12536639640673
1.137235145E8	114.39035834752697	271.62468074101173
1.140828305E8	153.83394282470027	288.80677444457234
1.144421465E8	380.90188858831783	668.382193722502
1.148014625E8	125.42281445858242	138.09212130386894
1.151607785E8	484.08646706520165	772.8949841614151
1.155200945E8	146.8693823820815	328.86266450974716
1.158794105E8	216.18604236939072	1847.3325778370784
1.162387265E8	395.4109558160505	1913.8346978961113
1.165980425E8	252.83682608066437	531.8149166538991
1.169573585E8	562.7402091752107	2632.4934766616398
1.173166745E8	117.82415756604215	153.70617350101122
1.176759905E8	58.9426744147213	130.3349291198566
1.180353065E8	33.18133063932583	88.53379326663166
1.183946225E8	498.8392501308041	2479.9873399874245
1.187539385E8	241.12069877211147	269.9451464616632
1.191132545E8	270.6095024991929	329.34356706288304
1.194725705E8	463.07197285954425	1059.1852653121302
1.198318865E8	196.1531715815605	2347.3582349842477
1.201912025E8	55.18721960614056	209.90124556626455
1.205505185E8	180.79841699228535	220.36842373531118
1.209098345E8	132.85836144229592	263.825115733875
1.212691505E8	306.66435115608544	661.4139865127829
1.216284665E8	232.58578521412906	594.8843019411516
1.219877825E8	255.27752451880795	351.65451899674633
1.223470985E8	96.9952827038039	235.83797993125722
1.227064145E8	36.04219962372953	69.01068779787241
1.230657305E8	224.11300637878637	191.3493374779055
1.234250465E8	97.03875697157933	300.8711529471184
1.237843625E8	333.2089664807579	1657.659409124466
1.241436785E8	360.1505721982879	783.7306096507205
1.245029945E8	88.7123284240056	209.2711621504404
1.248623105E8	51.02491122020728	89.79114466309795
1.252216265E8	142.77483886050163	86.04864238547104
1.255809425E8	155.6974863351479	1751.6543721905175
1.259402585E8	256.80200992997806	461.77897328036374
1.262995745E8	299.65501953712055	484.340712881064
1.266588905E8	405.48433412372395	887.6845820312346
1.270182065E8	236.31839940331074	1337.6954174837103
1.273775225E8	416.45751650357903	1328.5938031793773
1.277368385E8	82.17986396375335	205.3268463183369
1.280961545E8	184.25028387269145	220.20852154128968
1.284554705E8	62.190191920203944	131.67429699847344
1.288147865E8	128.08343908982621	277.82753493845513
1.291741025E8	160.0981225439446	266.92641686334406
1.295334185E8	105.08889389840698	200.57833636351933
1.298927345E8	474.03601565196095	2331.92102737904
1.302520505E8	111.36499627069209	342.3947288861709
1.306113665E8	103.43874194302508	208.54691812147618
1.309706825E8	24.395740796402052	47.397146680035604
1.313299985E8	96.98790201382627	217.05051727716392
1.316893145E8	249.9507174743123	270.40955247978053
1.320486305E8	51.48298711997239	142.63227565222365
1.324079465E8	9.754619888900022	10.953206957575935
1.327672625E8	65.38758919725255	148.8980303338787
1.331265785E8	16.4016548108072	32.88841992018683
1.334858945E8	39.896670340313264	165.8924626114047
1.337730805E8	176.0298852391935	718.5636407363371
1.339527385E8	9.448620546235963	53.444319949009966
1.342045265E8	37.54010954146211	65.49627385780242
1.345638425E8	75.26971801979316	348.4885387960085
1.349231585E8	577.0912177581849	149.72288034505235
1.352824745E8	67.96058065880729	58.21590878771431
1.356417905E8	70.89992652706809	126.49933508757927
1.360011065E8	66.47005421411794	30.773994861808973
1.363604225E8	65.27339723251957	87.81746503561065
1.367197385E8	107.53752129045186	239.8068153694482
1.370790545E8	181.3909734050251	1434.1914064973278
1.374033365E8	40.10746833167386	204.26923006254015
1.375577225E8	68605.32437000614	242719.58518332595
1.375927565E8	31.770002374169042	87.52811774064381
1.376371405E8	10.616131226454584	27.06334763984482
1.37699935E8	2.2001831397012532	8.169135078309075
1.37786751E8	4.4840900923875875	45.813133445810735
1.37868371E8	3450.678991334624	3415.9997345000215
1.37942101E8	4.386525174854937	20.295601958320137
1.37980213E8	14.458427749694962	30.666479728016345
1.38019627E8	0.6632417123859299	3.567955828362827
1.38089538E8	1.8526172243784749	10.443964586190061
1.38156123E8	39.56989117837415	193.08564748501888
1.382206275E8	0.8087741729263225	5.520823757885999
1.38280805E8	1.3146664359262785	9.881873037385436
1.38323179E8	0.010532952564625598	0.14046616008171317
1.383484915E8	0.02193390245963993	0.24123551475246882
1.38384028E8	2.4447491088565942	6.152392469250892
1.384312265E8	0.5346273358021538	1.0619110349666632
1.384772795E8	2.9691267730496453	3.310230220615354
1.38522045E8	6.082749769201324	12.426130836567532
1.385663025E8	22.222383457282785	128.28037246135744
1.38610046E8	3.816033930341378	2.56656534722581
1.38651258E8	2.51387003406675	2.4533453088229673
1.386833775E8	3.324986110008731	12.765287916895497
1.387019305E8	3.4670809539805174	4.9932268534966795
1.38726341E8	0.0062850486278546855	0.07927829859333943
1.387630385E8	1.7312921440710487	4.902704473674363
1.3879854E8	486.35297355233047	835.0793365856223
1.3883298E8	0.43825489682470387	1.2445755288605918
1.388668195E8	0.018127250900360145	0.16616571372508562
1.389001375E8	8.124954976587826	12.365933708562892
1.389325255E8	36.926541640178	262.9782138745788
1.38963047E8	0.21928134401514382	1.1174631668577315
1.38991991E8	0.7885179296944003	3.671692850336305
1.390198715E8	0.33438956876456877	2.8431908086442204
1.39044446E8	4.292490665191536	17.722424013435614
1.390581695E8	0.3948557525199861	1.591710364327269
1.39074104E8	0.15718935477694812	1.0194170791748691
1.391000815E8	1.6711687306501548	4.122936673191272
1.39125904E8	4.007944196861073	4.666489971835038
1.391516555E8	1.3101797805276676	2.878401864163172
1.391772845E8	26.51654929577465	201.13947202519142
1.39202833E8	1.819399302972158	2.65622425148014
1.39227853E8	0.0	0.0
1.392522945E8	10.181870385561936	20.40876775987762
1.392761035E8	0.0	0.0
1.392991635E8	0.0	0.0
1.393219065E8	0.19766413024243495	0.6722104776093205
1.39344169E8	9.581041010902787	48.26982073904043
1.393656665E8	0.0	0.0
1.39386585E8	18.232191879786157	32.02526786196776
1.394057875E8	0.03219589615689831	0.24442543488909513
1.394157655E8	0.3651685393258427	1.3071837945654072
1.39426072E8	0.44762008852942786	1.3865261551624872
1.394433E8	0.03515504115863093	0.2027233046688622
1.394591395E8	0.01829661126143538	0.135264966866648
1.39474609E8	0.0	0.0
1.394898515E8	0.03769577913458986	0.24736466054263487
1.39504877E8	2.750784222118401	8.694577338689035
1.39519712E8	0.22421188806427453	1.1213253157203573
1.39534307E8	0.0	0.0
1.39548658E8	0.18747799140784563	0.5834175887156078
1.395628065E8	0.03475670307845084	0.1864314970128461
1.395768695E8	0.13879384088964927	0.5631619762224619
1.395908865E8	0.0	0.0
1.396048595E8	0.2616929698708752	1.3962441935133179
1.39618797E8	0.09221385001794044	0.43385605082582085
1.396327175E8	0.1697109161513016	0.5543909681860024
1.39646447E8	0.02095477016158784	0.19587722947872074
1.39659998E8	7.638571112259207	44.88181394965361
1.39673523E8	0.0	0.0
1.39687001E8	0.14775176514306948	0.5124971109579499
1.39700456E8	0.042214790040877	0.20726313752184558
1.397138915E8	0.0	0.0
1.397272965E8	0.0	0.0
1.39740652E8	0.07944732297063903	0.47233282271284044
1.397539385E8	0.0	0.0
1.397671835E8	0.4230013601329908	2.2928949795037274
1.397738625E8	0.0	0.0
1.39780441E8	1.2556587124990408	3.224115473460008
1.397935115E8	0.06484589563625268	0.414491831996214
1.39806605E8	0.0	0.0
1.398195725E8	4.21764156813939	8.253980201840253
1.398324245E8	0.0	0.0
1.39845262E8	0.3116083261869494	1.3290418450047983
1.398580325E8	0.10571024067956583	0.5667633558980324
1.3987073E8	0.02239571011749862	0.16849014308841925
1.398833975E8	0.0	0.0
1.398960405E8	3.789502849905003	4.397520747767136
1.399086725E8	0.0	0.0
1.399212565E8	0.13265794511805998	0.7203509922324052
1.39933781E8	122.843123151922	239.15058385496678
1.39946267E8	0.045107954089413274	0.2349917557935902
1.399587085E8	0.29716677398583385	1.0376834122862013
1.399711325E8	0.0	0.0
1.39983544E8	0.15936769094281797	0.4926264927506306
1.399959275E8	6.191866106080207	16.37280692482726
1.400082885E8	0.47158814958717826	1.7952954186646977
1.40020559E8	0.018872569131041274	0.13737746951753504
1.400327265E8	0.09351333552848205	0.47179241234089725
1.400448715E8	0.0	0.0
1.4005699E8	0.0	0.0
1.400690545E8	0.0	0.0
1.40081085E8	0.04722707242038746	0.25661612064503364
1.400930995E8	0.28203632727878686	1.379347514855802
1.40105101E8	0.06741104907924339	0.3523582272441515
1.40117094E8	0.14217772215269087	0.6049441683399474
1.401281635E8	0.0	0.0
1.40134155E8	0.0	0.0
1.401410485E8	4.650025087807325	21.346424629328318
1.40153003E8	0.3089281231696092	1.3077269509577423
1.40164882E8	0.0	0.0
1.40176667E8	0.05236759330102865	0.3156492467832202
1.4018842E8	128.33551903261517	357.55769057083546
1.40200076E8	1.265277897830409	4.749121323026462
1.402116215E8	0.0	0.0
1.402231315E8	0.02426508958079666	0.19584304030054903
1.402345955E8	0.04969378827646544	0.30251208373369054
1.402459205E8	0.07593582887700535	0.4309753478397956
1.402571045E8	0.0	0.0
1.402682415E8	0.0	0.0
1.4027885E8	20.536814983648796	46.801981032855245
1.40288828E8	0.287886467308667	1.0047025769448463
1.402984445E8	0.0	0.0
1.40307799E8	0.0	0.0
1.403166425E8	0.6627126767313684	1.6107564387009845
1.40324819E8	0.0	0.0
1.403326835E8	0.14711214711214712	0.775665908531245
1.403402015E8	0.0	0.0
1.4034742E8	0.0	0.0
1.40354483E8	0.30187062687419675	0.7498869446895267
1.403614525E8	6.312716262975779	8.503646005472586
1.403683705E8	6.675797101449275	7.438891143797936
1.403752505E8	2.686734693877551	6.575763876078265
1.403821105E8	0.04139941690962099	0.20346846662227783
1.40388953E8	0.8199267399267399	2.1370617602289754
1.403957145E8	0.0	0.0
1.404023365E8	0.41536816376413077	1.111078011524505
1.404088075E8	0.12711069418386492	0.5382493104502086
1.404151525E8	0.3956148713060057	1.4270748891059006
1.40421418E8	0.63668430335097	1.7097837845842545
1.40427633E8	10.65444857096722	9.476257224930984
1.404337675E8	0.8632323897300855	2.4049748198545235
1.404398365E8	0.0	0.0
1.40445888E8	4.088230425426254	11.786736799333342
1.404519085E8	0.0	0.0
1.404579005E8	0.26086229946524064	0.9933771329873896
1.404638765E8	3.190348525469169	12.803493941286403
1.404698365E8	0.1905241935483871	0.6878359394287947
1.4047577E8	0.09602704987320372	0.32166094727869365
1.40481673E8	41.896961466644036	183.1448895973871
1.404875345E8	0.0	0.0
1.404915035E8	0.0	0.0
1.404943895E8	0.0	0.0
1.404990715E8	0.14952614952614954	0.46574479805813923
1.405047025E8	492.6414450035945	653.0143911977979
1.40510262E8	0.0	0.0
1.405157995E8	1.421376811594203	2.1518866006434876
1.40521292E8	1.1053979871912167	1.9134999762725047
1.40526756E8	46.9505766062603	93.18055276063167
1.40532181E8	0.0	0.0
1.40537566E8	23.082853427456808	21.49358457697729
1.405429375E8	0.05298507462686567	0.24280696835263402
1.405482795E8	0.0	0.0
1.40553603E8	0.0	0.0
1.405589225E8	0.4272009029345372	1.3604512817416416
1.40564221E8	0.0	0.0
1.405694775E8	0.10856269113149847	0.4805068679560212
1.40574688E8	0.054731162073617265	0.23394692148779658
1.405798735E8	0.6545735237360093	1.450987499616992
1.405850135E8	0.21243624950961162	0.981088338115958
1.40590093E8	0.0	0.0
1.405951535E8	0.0	0.0
1.40600212E8	0.0	0.0
1.406052535E8	0.0	0.0
1.406102665E8	1.4176	5.444299771320459
1.406152645E8	0.11369095276220977	0.3612539321901123
1.406202595E8	0.2843412094513416	0.9547218404074881
1.406252495E8	0.1139189731247493	0.4773237331722555
1.40630226E8	0.05717737064626535	0.23911790114139375
1.40635179E8	0.0	0.0
1.40640115E8	0.0	0.0
1.4064504E8	0.045962985560301	0.2143897981721635
1.4064995E8	60.27697328166429	77.01168689502454
1.406548455E8	0.0	0.0
1.40659729E8	17.09202705472433	62.98205693527578
1.40664601E8	0.2918807810894142	0.8542259377492207
1.406694435E8	0.05933609958506224	0.24273681596685356
1.40674261E8	0.0	0.0
1.40679061E8	1.2975966562173458	2.2400365723242226
1.40683806E8	0.0	0.0
1.40688509E8	0.0	0.0
1.406931635E8	0.06163194444444445	0.34860834438919813
1.40697758E8	0.0	0.0
1.40702335E8	0.0	0.0
1.40706898E8	0.0	0.0
1.40711432E8	0.0629014396456257	0.35406201632824585
1.40715925E8	2.606352046522031	3.0440367435064726
1.40720393E8	0.3180291153415454	1.0065852600640819
1.407248515E8	0.0	0.0
1.407292955E8	0.06402164111812443	0.2768494657584016
1.407337135E8	0.0	0.0
1.40738111E8	0.0	0.0
1.40742499E8	0.0	0.0
1.407468785E8	0.0	0.0
1.40751256E8	0.0	0.0
1.407556295E8	0.0	0.0
1.40759995E8	0.26049071313918826	1.0142303242624526
1.407643435E8	0.13099630996309963	0.419760958156687
1.407686665E8	2.8851508120649654	4.536191151441151
1.407729765E8	4.293271461716937	15.070491749698355
1.40777284E8	0.0	0.0
1.40781584E8	179.67613504074507	334.83032382219073
1.40785876E8	25.155280951270694	57.68433204670499
1.40790157E8	0.0	0.0
1.407944295E8	0.25	0.5482351664685594
1.407986935E8	0.0	0.0
1.40802937E8	0.0	0.0
1.40807165E8	0.1344378698224852	0.5185322937339297
1.408113885E8	0.0	0.0
1.408156105E8	0.7089057318806253	1.2403106226060885
1.408198225E8	5.428129462160876	15.574657835167107
1.40824022E8	0.18608529902311174	0.4757648119629283
1.408282145E8	1.4443648519579753	4.235064210070409
1.408324E8	0.06789385608415013	0.26601242558681165
1.408365825E8	0.0	0.0
1.40840755E8	0.0	0.0
1.408449115E8	0.0	0.0
1.40849054E8	0.0	0.0
1.40851497E8	0.0	0.0
1.408535395E8	0.08518296340731854	0.34724038478125696
1.40857247E8	0.0	0.0
1.408613235E8	0.20923379174852652	0.5355715966768534
1.40865389E8	9.911061837891106	22.034430716030574
1.408694335E8	0.0	0.0
1.40873455E8	0.07076999750809868	0.37088131916162215
1.408774675E8	0.0	0.0
1.408814765E8	0.1417873190214678	0.3959354148354484
1.40885475E8	0.9992483086945627	2.8314375035053443
1.408894625E8	0.12700803212851405	0.4286431380053064
1.408934395E8	0.4292191435768262	1.5745136388715224
1.408974065E8	0.054490413723511606	0.3046892181832069
1.409013685E8	2.1295454545454544	4.253073754784458
1.409053235E8	68.86278481012658	114.54802652052472
1.40909269E8	0.0	0.0
1.409132055E8	0.0	0.0
1.409171345E8	0.07208354559347936	0.2899224341610222
1.409210595E8	1.9607543323139653	2.92307073257649
1.40924982E8	0.0	0.0
1.40928899E8	0.0	0.0
1.40932812E8	0.0	0.0
1.409367215E8	0.5803891449052739	0.9947378188311761
1.4094061E8	0.0	0.0
1.409444775E8	2.5615942028985508	5.870805405364791
1.409483385E8	77.26620010368066	70.36809277704121
1.409521765E8	0.0	0.0
1.40955989E8	6.639085894405043	19.666025553520214
1.409597955E8	0.0	0.0
1.409636015E8	0.5183920126116658	1.494691956974003
1.40967392E8	0.0	0.0
1.40971157E8	1.0463382157123835	1.1183019275067205
1.40974907E8	0.30333778371161546	1.0772560702332907
1.40978648E8	0.0	0.0
1.409823815E8	0.15227882037533513	0.5479672403663792
1.40986105E8	0.22921711057304278	0.9827678569977322
1.409898215E8	0.1991388589881593	0.558234183528606
1.40993536E8	0.0	0.0
1.409972465E8	0.0	0.0
1.41000941E8	0.0	0.0
1.410046115E8	0.7759562841530054	1.617526952672799
1.410082665E8	0.20931506849315068	0.6641505028312175
1.41011916E8	0.0	0.0
1.410155645E8	0.0	0.0
1.410192115E8	0.0	0.0
1.410228535E8	0.9051676745464541	3.2479113261306742
1.410264835E8	0.146604086140254	0.4025731702083708
1.410301055E8	0.0	0.0
1.41033718E8	1.2192617263391619	1.8970886440389811
1.41037321E8	0.0	0.0
1.410409235E8	0.0	0.0
1.41044521E8	0.0	0.0
1.410481085E8	0.0	0.0
1.410516865E8	0.0	0.0
1.41055252E8	0.07899915659263425	0.2830613003343583
1.410588075E8	12.593978615644344	14.957047864146004
1.41062361E8	0.39459611595834504	1.1405579784083282
1.41065914E8	0.022797635800731776	0.15098885985638735
1.41069467E8	3.052068674359696	3.6576704793091572
1.41073012E8	5.99236641221374	11.037564051302208
1.41076544E8	0.07995463566770626	0.39988657308718495
1.41080071E8	0.08052168982137795	0.31139405947746746
1.41083596E8	0.0	0.0
1.41087117E8	0.0	0.0
1.41090628E8	0.0	0.0
1.410941305E8	100.26699029126213	52.74364475156263
1.41097631E8	4.0462989425550155	5.0756213393599285
1.411011295E8	0.0	0.0
1.411046235E8	0.3905444126074499	0.8273616021005401
1.411081075E8	0.0	0.0
1.41111585E8	0.0	0.0
1.4111506E8	0.0	0.0
1.411185295E8	6.887478361223312	7.945573660618029
1.41121994E8	0.0	0.0
1.411254545E8	13.928571428571429	11.35302896270897
1.411289005E8	0.16540477577169482	0.45916538196022727
1.411323185E8	0.0	0.0
1.411357175E8	0.0	0.0
1.4113911E8	0.3352021245205075	0.9358282773930099
1.411424975E8	0.08387477849970466	0.28961142674228973
1.41145878E8	0.14933333333333335	0.38643671323171835
1.411492525E8	384.35032602252517	495.0400512498302
1.41152626E8	1.51586125111177	5.167803814431524
1.41155995E8	0.16879643387815751	0.5810274242721379
1.411593515E8	0.16905615292712067	0.46886323801484825
1.41162699E8	0.22348371676127876	0.7304876385134208
1.41166043E8	0.0847051780903921	0.29104154014571887
1.4116937E8	0.0	0.0
1.411726805E8	0.22762998790810157	0.6489224628235278
1.411759855E8	0.0	0.0
1.41179286E8	0.34434677174901485	0.881936198382616
1.411825805E8	0.0	0.0
1.411858675E8	0.3459196102314251	1.2658255215129455
1.41189148E8	0.0	0.0
1.41192424E8	0.2601526717557252	1.0001526601031716
1.411956955E8	0.17380660954712362	0.5183298666613709
1.411989605E8	0.5067443286327407	1.7120233385414485
1.41202221E8	0.17428659097882787	0.5904008654784101
1.4120548E8	674.6204357164775	982.7887586319249
1.412087365E8	0.0	0.0
1.41210776E8	0.0	0.0
1.41212402E8	0.0	0.0
1.412152325E8	0.0	0.0
1.41218463E8	0.08800743724821816	0.2966604746982957
1.41221688E8	0.33447098976109213	1.275560872055245
1.412249085E8	16.45059042883779	41.75748296375145
1.41228124E8	4.981014628073452	8.013041812644685
1.41231335E8	0.2854471798067934	0.3172607909486393
1.412345425E8	0.4426076107298815	1.1343059689482005
1.41237746E8	0.0	0.0
1.41240947E8	0.0	0.0
1.41244146E8	0.0	0.0
1.412473425E8	0.7331038798498123	1.6205231003903102
1.41250538E8	291.4300469483568	149.4909651778212
1.412537305E8	193.81473354231974	373.97456118537406
1.412569125E8	0.0	0.0
1.41260086E8	0.08950520012606367	0.3368342261921239
1.41263258E8	0.08956165247555976	0.29926852904299805
1.412664245E8	0.0	0.0
1.41269585E8	0.0	0.0
1.41272743E8	0.0	0.0
1.412758995E8	0.0	0.0
1.412790545E8	3.8868103994927075	4.240958901392161
1.412822035E8	0.0	0.0
1.4128534E8	67.95909236177692	136.62296809348834
1.41288466E8	0.0	0.0
1.41291589E8	0.0	0.0
1.412947105E8	0.16794871794871793	0.7250110520819842
1.412978215E8	5.484203739522888	4.976508321518785
1.413009225E8	0.0	0.0
1.413040225E8	1.2819354838709678	3.0167275583470117
1.41307117E8	0.0	0.0
1.41310204E8	1.7277147487844409	2.675236095853511
1.413132865E8	0.0	0.0
1.413163665E8	0.053246753246753244	0.44648700916224804
1.41319445E8	2.6766330841728956	7.427999099403182
1.413225215E8	61.57737321196359	249.35068147832706
1.41325596E8	0.0	0.0
1.41328669E8	0.779368695086235	1.7691355365536692
1.41331738E8	0.18531810766721044	0.7097549148485784
1.413348E8	0.0	0.0
1.413378585E8	19.409417920209286	31.30557843794306
1.413409105E8	0.6828627708470125	1.958700307420099
1.413439555E8	0.0	0.0
1.41346999E8	0.0	0.0
1.41350033E8	0.0	0.0
1.413530575E8	0.28174603174603174	0.9193683131575153
1.41356076E8	0.06405575838035181	0.2530923909965525
1.413590875E8	0.0	0.0
1.41362097E8	0.0	0.0
1.413651025E8	0.0	0.0
1.41368103E8	0.08136045348449483	0.285237538701509
1.41371102E8	3.879626542180727	11.52462315998488
1.413740995E8	0.9993324432576769	2.0407235817186615
1.41377093E8	0.7077900367769977	1.8148132985495902
1.413800805E8	1.9919571045576407	2.850085836626576
1.413830635E8	0.6666666666666666	1.089243795303409
1.413860455E8	0.9523809523809523	1.7110129725849903
1.41389022E8	0.8774823291820936	1.96579638718769
1.413919895E8	0.0	0.0
1.4139495E8	0.0	0.0
1.413979065E8	0.0	0.0
1.41400857E8	0.0	0.0
1.41403801E8	0.0	0.0
1.41406741E8	0.5406877766428329	1.3293266322462598
1.41409678E8	0.0	0.0
1.414126105E8	0.0	0.0
1.41415538E8	14.44550734540485	30.061700586613647
1.414184645E8	0.0	0.0
1.414213895E8	0.1689466484268126	0.5191279650040513
1.414243125E8	82.65160848733744	61.20238863872518
1.414272345E8	7.6800136892539355	17.237530087916525
1.41430155E8	0.0	0.0
1.414330725E8	13.312414266117969	49.70188562662638
1.414359875E8	1.5593685655456417	2.5784865714821277
1.414389E8	4.780487804878049	15.671284077057647
1.414418105E8	0.0	0.0
1.41444718E8	8.710154905335628	18.41709338477561
1.414476225E8	42.54269972451791	92.82613194219536
1.41450526E8	0.0	0.0
1.41453427E8	372.46533287340463	448.40929575114745
1.41456323E8	0.3926719668164535	1.0277854331751735
1.41459214E8	0.5891311872620284	1.9381220458805684
1.414621005E8	2.643897364771151	4.5544555313714445
1.414649835E8	580.5909090909091	825.5031542449041
1.414678655E8	0.0	0.0
1.414707475E8	0.09854267869535045	0.3300789550784848
1.41473629E8	1.084345713293995	2.7932953893646384
1.41476508E8	0.0	0.0
1.414793845E8	3.252086230876217	3.095546174685587
1.41482258E8	0.0	0.0
1.414851235E8	0.0	0.0
1.414879835E8	0.0993006993006993	0.41052584392638247
1.414908425E8	0.0	0.0
1.41493699E8	1.6483362521891418	2.2834974864400297
1.41496551E8	331.43945243945245	556.7498283415733
1.414993995E8	0.0	0.0
1.415022465E8	0.19957835558678846	0.742259186490626
1.415050915E8	0.0	0.0
1.41507934E8	0.0	0.0
1.415107725E8	0.1001410437235543	0.3164506971449965
1.415136075E8	0.0	0.0
1.41516441E8	0.0	0.0
1.415192725E8	0.0	0.0
1.41522102E8	0.0	0.0
1.415249305E8	0.49363507779349364	1.1089835043916252
1.41527757E8	1.7961061946902654	5.817124551967006
1.41530581E8	0.0	0.0
1.415334035E8	0.0	0.0
1.415362255E8	0.0	0.0
1.415390465E8	0.0	0.0
1.41541866E8	0.0	0.0
1.41544683E8	11.93392539964476	14.021158839563258
1.415474975E8	0.0	0.0
1.4155031E8	0.0	0.0
1.415531175E8	0.0	0.0
1.41555919E8	1.3193997856377278	2.271104035606955
1.415587165E8	0.0	0.0
1.41561512E8	0.0	0.0
1.41564307E8	0.3778175313059034	0.9777488656935058
1.415671015E8	0.0	0.0
1.415695015E8	8.346460618145564	11.709745751437563
1.41570898E8	11.646759847522237	6.041260082128874
1.41572688E8	0.0	0.0
1.4157548E8	0.0	0.0
1.415782705E8	3.153046594982079	4.393543650227184
1.415810595E8	0.0	0.0
1.41583847E8	0.9171151776103337	2.7716593302801145
1.415866325E8	0.0	0.0
1.41589416E8	89.7402084081926	99.5357206423627
1.41592198E8	0.0	0.0
1.41594971E8	0.09403254972875226	0.37071847548388986
1.415977345E8	0.19659666908037654	0.5331175643670354
1.41600491E8	0.0945110868774991	0.4008351876915854
1.416032415E8	0.0	0.0
1.41605989E8	0.517304189435337	1.3262104825706007
1.416087335E8	0.4110787172011662	1.2783234282340332
1.416114735E8	0.0	0.0
1.41614208E8	0.27442371020856204	0.6079122165912308
1.416169385E8	85.79692082111437	79.22133421447411
1.41619657E8	202.33923957179772	64.41887197719565
1.416223655E8	0.0	0.0
1.41625071E8	0.2097669256381798	0.6857246356881465
1.416277715E8	0.0	0.0
1.41630469E8	0.0	0.0
1.416331645E8	359.7776540460282	594.9560588417324
1.41635856E8	0.0	0.0
1.416385445E8	0.8374255952380952	1.6494272093813716
1.416412325E8	0.0	0.0
1.416439195E8	5.0	6.267551676759342
1.41646598E8	3.8206664170722577	3.4687458365772486
1.416492685E8	0.0	0.0
1.41651938E8	1.9130760584488573	3.022582669631153
1.416546065E8	0.0	0.0
1.41657273E8	261.54671669793623	252.31117807503793
1.416599375E8	0.0	0.0
1.41662593E8	3.7986399697771063	3.338027169935983
1.416652385E8	0.0	0.0
1.416678815E8	151.94738834216503	221.21531877257456
1.41670523E8	0.0	0.0
1.41673163E8	0.0	0.0
1.41675801E8	0.0	0.0
1.416784375E8	5.063353566009105	11.256712716579894
1.41681073E8	0.0	0.0
1.41683705E8	0.1095473564092811	0.36798465246578066
1.416863335E8	0.3242009132420091	0.8827796145091924
1.416889605E8	0.0	0.0
1.416915825E8	0.0	0.0
1.416942E8	0.21704241497898358	0.7123561469459697
1.416968145E8	0.0	0.0
1.41699426E8	0.0	0.0
1.41702034E8	0.0	0.0
1.41704638E8	0.0	0.0
1.41707241E8	1.3895505186323474	2.336961853140731
1.41709838E8	0.0	0.0
1.417124275E8	0.21947449768160743	0.5148490572754643
1.417150135E8	0.0	0.0
1.41717597E8	0.08633372048006194	0.4150666142097118
1.41720177E8	0.0	0.0
1.41722754E8	0.0	0.0
1.417253305E8	1.6308229813664596	4.148682721416687
1.41727906E8	0.330873786407767	0.8
1.41730481E8	0.0	0.0
1.41733056E8	0.4411650485436893	1.3805866207796338
1.417356305E8	0.771950271950272	1.234224462287968
1.417382025E8	0.0	0.0
1.4174077E8	0.4401559454191033	1.4863905022389636
1.41743333E8	0.0	0.0
1.41745892E8	0.0	0.0
1.417484485E8	0.0	0.0
1.41751004E8	7.27866927592955	18.51736372423189
1.41753556E8	0.33424872499019226	1.3627908502517956
1.41756104E8	422.9517078916372	558.5645028883646
1.41758648E8	0.11176702085792994	0.4151783730687216
1.41761189E8	0.2235340417158599	0.8746731553497525
1.417637275E8	0.0	0.0
1.4176626E8	0.0	0.0
1.41768789E8	0.0	0.0
1.417713145E8	0.0	0.0
1.41773836E8	18.30305434351448	41.95491148104106
1.41776357E8	0.0	0.0
1.417788775E8	0.0	0.0
1.417813975E8	1.8833333333333333	4.427726493897507
1.41783916E8	17.03694874851013	33.65960502927888
1.417864325E8	0.0	0.0
1.41788946E8	7.916766228594185	17.221227858911178
1.41791457E8	217.25169255276782	434.1613805267576
1.417939675E8	0.0	0.0
1.417964765E8	0.0	0.0
1.41798983E8	0.0	0.0
1.418014855E8	0.0	0.0
1.41803981E8	13.542352468887996	9.881026508694116
1.4180647E8	0.11419380780056293	0.41484321549944475
1.41808953E8	0.10851149657119806	0.3287979746107146
1.41811431E8	141.78401291885345	207.293465754932
1.418139075E8	9.16276252019386	9.227579473525338
1.41816383E8	0.0	0.0
1.41818857E8	0.0	0.0
1.418213285E8	0.0	0.0
1.418237955E8	0.2305194805194805	0.7385489458759964
1.41826259E8	3.4571660576532683	5.678416801995279
1.418287215E8	0.0	0.0
1.41831178E8	0.11587107303141575	0.4284839917800317
1.41833627E8	0.8050674295055169	1.466698864056937
1.418360715E8	0.0	0.0
1.41838512E8	0.0	0.0
1.418409505E8	7.042247744052502	7.277320450896532
1.418433885E8	0.0	0.0
1.418458265E8	18.02255947497949	26.335151354846825
1.41848263E8	0.0	0.0
1.418506975E8	0.0	0.0
1.418531305E8	0.0	0.0
1.41855562E8	0.0	0.0
1.41857992E8	1.1683820502264306	2.256412115741321
1.418604205E8	1.6359143327841845	2.5785837012686064
1.41862847E8	0.0	0.0
1.41865272E8	0.0	0.0
1.41867695E8	0.23461379595208592	0.5543564092717064
1.41870116E8	2.228004956629492	3.0327960906101414
1.418725365E8	0.0	0.0
1.41874956E8	0.0	0.0
1.41877374E8	0.0	0.0
1.41879789E8	0.0	0.0
1.418822015E8	0.0	0.0
1.418846075E8	0.0	0.0
1.418870045E8	0.0	0.0
1.418893965E8	2.7539748953974894	4.101943615238286
1.418917865E8	0.0	0.0
1.41894176E8	0.26915027208036835	0.3447871687171862
1.41896563E8	0.1190775681341719	0.3708452580939033
1.41898948E8	0.0	0.0
1.41901333E8	9.423060796645702	8.212124798777221
1.419037175E8	534.2101510067114	648.0882751078087
1.41906101E8	4.0281158203944605	6.664428215611652
1.41908484E8	113.83004616030215	121.12520443314796
1.419108665E8	0.47691015952980687	1.0607096463313224
1.41913248E8	0.0	0.0
1.41915629E8	541.5308693826123	420.8764739206434
1.41918009E8	27.752837326607818	66.39745876518911
1.41920388E8	2.376628835645229	4.509016701002574
1.419227665E8	0.0	0.0
1.41925143E8	0.0	0.0
1.419275165E8	0.0	0.0
1.419292615E8	10.686940966010733	16.526446523824475
1.41930446E8	0.05515587529976019	0.23485288011808625
1.419322555E8	0.0	0.0
1.419346225E8	0.0	0.0
1.41936987E8	0.0	0.0
1.41939347E8	0.0	0.0
1.41941703E8	0.24118895966029724	0.5317918274764107
1.419440575E8	0.0	0.0
1.41946411E8	0.0	0.0
1.419487635E8	0.0	0.0
1.419511115E8	0.0	0.0
1.419534545E8	0.0	0.0
1.419557965E8	6.817250213492741	9.051423448217472
1.41958135E8	0.0	0.0
1.419604675E8	2.524892703862661	6.923431633185897
1.419627965E8	0.0	0.0
1.419651245E8	112.78565292096219	47.92008130669086
1.419674515E8	420.0507308684437	374.31468074811033
1.41969777E8	0.0	0.0
1.419721005E8	0.2446167097329888	0.806946584785929
1.419744205E8	0.0	0.0
1.41976738E8	0.0	0.0
1.419790505E8	7.629116117850953	13.344586527929087
1.41981358E8	0.0	0.0
1.419836635E8	47.37803819444444	43.601230192570895
1.41985967E8	10.836300477637863	26.11093937443074
1.41988266E8	1.2374727668845316	2.648220514878781
1.4199056E8	0.0	0.0
1.41992852E8	0.24792666957660411	0.5440042621857833
1.41995142E8	0.0	0.0
1.4199743E8	0.0	0.0
1.419997165E8	0.0	0.0
1.420020015E8	1.8651488616462346	2.2677592572927088
1.42004285E8	0.0	0.0
1.420065675E8	0.0	0.0
1.42008845E8	0.0	0.0
1.420111165E8	4.381497797356828	4.619676362217374
1.42013386E8	0.0	0.0
1.420156535E8	0.0	0.0
1.42017916E8	0.0	0.0
1.42020175E8	0.0	0.0
1.42022431E8	0.0	0.0
1.420246815E8	0.0	0.0
1.42026929E8	0.12639074321317312	0.40358870787825046
1.42029171E8	0.12695574430040232	0.35630849596999836
1.420314065E8	0.12712623097582812	0.39581517258752524
1.420336395E8	0.253584229390681	0.6988213323019602
1.420358715E8	52.571236559139784	60.9914831882729
1.420381015E8	0.0	0.0
1.42040329E8	0.12752581948810057	0.3571075741119202
1.42042554E8	0.0	0.0
1.42044776E8	0.0	0.0
1.420469965E8	0.0	0.0
1.42049215E8	0.0	0.0
1.420514315E8	0.0	0.0
1.420536445E8	0.0	0.0
1.42055854E8	0.0	0.0
1.42058062E8	0.0	0.0
1.420602685E8	37.496826835902084	28.022073930740262
1.42062474E8	0.0	0.0
1.42064677E8	0.0	0.0
1.420668775E8	0.0	0.0
1.420690765E8	0.0	0.0
1.420712745E8	0.0	0.0
1.420734715E8	0.0	0.0
1.420756655E8	0.0	0.0
1.420778565E8	100.4593607305936	113.93632364065842
1.42080046E8	0.0	0.0
1.42082235E8	0.0	0.0
1.42084423E8	0.0	0.0
1.42086609E8	0.0	0.0
1.4208879E8	0.0	0.0
1.420909665E8	0.0	0.0
1.42093141E8	0.13069489185457892	0.3615174848531934
1.420953105E8	0.0	0.0
1.42097474E8	0.0	0.0
1.42099635E8	0.0	0.0
1.42101794E8	1.0380157626332869	1.3283402103445388
1.42103946E8	0.13227759664648348	0.490240095925935
1.42106089E8	0.0	0.0
1.421082245E8	0.0	0.0
1.42110355E8	0.0	0.0
1.421124825E8	0.0	0.0
1.421146075E8	0.134180790960452	0.39056673294247163
1.421167315E8	3.610169491525424	4.907477288111819
1.42118853E8	14.81500707881076	24.1878853759847
1.42120971E8	1.072272083136514	1.5106299461480759
1.421230865E8	0.0	0.0
1.421252E8	0.0	0.0
1.42127313E8	0.0	0.0
1.42129426E8	0.0	0.0
1.421315385E8	0.0	0.0
1.42133649E8	0.0	0.0
1.421357575E8	0.0	0.0
1.42137864E8	0.134916864608076	0.40071195547289
1.42139969E8	1.4831353919239905	3.5350299934557596
1.42142073E8	0.0	0.0
1.421441755E8	0.1351094196003806	0.36757233247400517
1.421462745E8	0.0	0.0
1.421483705E8	0.19751908396946566	0.6247136748723523
1.421504655E8	0.0	0.0
1.421525595E8	0.0	0.0
1.421546525E8	1.3618546845124282	1.911022670766508
1.421567435E8	3.6435406698564594	5.537864442520425
1.42158833E8	0.0	0.0
1.421609215E8	0.2303639846743295	0.6458680932432967
1.42163009E8	2.304743651173934	6.431683672526218
1.42165096E8	0.0	0.0
1.421671825E8	0.362895493767977	1.232937236110549
1.421692675E8	0.0	0.0
1.4217135E8	4.3671311869293605	11.053232777310397
1.4217343E8	0.0	0.0
1.42175509E8	0.0	0.0
1.421775875E8	0.0	0.0
1.421796645E8	1.4763969171483622	3.4164258103929424
1.421817365E8	0.13636363636363635	0.3692744729379982
1.421838025E8	50.04651162790697	105.14136386479318
1.42185866E8	0.27435773145904024	0.7407533077334724
1.42187929E8	88.25496849248667	124.04903804169267
1.421899915E8	0.49757516973811833	0.8814281683193966
1.421920525E8	0.0	0.0
1.421941125E8	0.0	0.0
1.421961725E8	0.2757281553398058	0.6974293992873338
1.42198232E8	0.6274890723652259	1.107614161450613
1.422002865E8	0.27707317073170734	0.8656028492807349
1.422023345E8	0.0	0.0
1.422043795E8	0.0	0.0
1.42206423E8	0.27802251590797844	0.8194885168632202
1.42208462E8	0.0	0.0
1.42210496E8	0.1396950319724545	0.41728516155043444
1.42212529E8	0.0	0.0
1.422145605E8	0.0	0.0
1.42216589E8	18.03305377405032	27.149506587464394
1.42218613E8	0.0	0.0
1.422206335E8	0.11435643564356436	0.4756444299709356
1.42222652E8	0.27962320277640057	0.9987597663589439
1.422246675E8	0.0	0.0
1.422266795E8	0.14129353233830846	0.4438636337583136
1.42228689E8	0.0	0.0
1.422306975E8	0.4243027888446215	0.954127122419781
1.422327045E8	0.0	0.0
1.422347105E8	0.13808574277168495	0.36482968342266386
1.42236716E8	1.5551122194513716	2.6811431663199636
1.42238721E8	0.8498753117206983	1.9407688015699172
1.422407225E8	0.0	0.0
1.422427205E8	1.6591591591591592	2.9944058620144443
1.422447185E8	0.0	0.0
1.42246715E8	0.0	0.0
1.42248709E8	0.0	0.0
1.422507005E8	0.0	0.0
1.422526905E8	21.370854271356784	10.892761876885615
1.422546795E8	0.42857142857142855	0.9192771195538434
1.422566665E8	0.0	0.0
1.422586525E8	0.0	0.0
1.422606355E8	0.0	0.0
1.422626145E8	0.0	0.0
1.422645915E8	0.8168016194331984	2.1127145460370262
1.422665675E8	0.5748987854251012	0.8970261258432466
1.42268543E8	0.9453164556962025	1.5992086650685644
1.422705175E8	0.7193515704154002	1.215402668837128
1.422724895E8	0.0	0.0
1.422744575E8	0.5778229908443541	1.1705960085611986
1.422764235E8	0.2105798575788403	0.3800733451731238
1.422783895E8	0.0	0.0
1.422803545E8	0.0	0.0
1.42282318E8	1734.3678043810494	2352.109758568363
1.422842805E8	0.0	0.0
1.422862425E8	6.368501529051988	7.582068819530581
1.4228818E8	0.4464192368008364	0.9753897983657
1.42289161E8	0.0	0.0
1.42290166E8	0.0	0.0
1.42292127E8	0.0	0.0
1.42294088E8	0.0	0.0
1.422960465E8	0.0	0.0
1.422980025E8	14.224948875255624	24.034824768156557
1.42299954E8	0.0	0.0
1.42301901E8	0.29121725731895226	0.8803627211560203
1.42303848E8	1.1879815100154083	1.9829784138589377
1.423057945E8	0.2918807810894142	0.8141856378162847
1.4230774E8	0.14601542416452443	0.38211964639955953
1.423096845E8	0.0	0.0
1.42311628E8	0.0	0.0
1.42313569E8	0.0	0.0
1.423155065E8	0.4628099173553719	1.0894877103824439
1.423174425E8	0.0	0.0
1.42319378E8	0.0	0.0
1.42321312E8	0.5876875323331608	1.7298092500002553
1.42323245E8	0.0	0.0
1.42325177E8	0.0	0.0
1.42327107E8	4.81078278900985	7.96903025686543
1.423290355E8	0.0	0.0
1.423309635E8	0.8812240663900415	2.02051203403198
1.42332891E8	0.0	0.0
1.423348175E8	8.53686396677051	8.685726704798311
1.423367435E8	0.0	0.0
1.423386685E8	0.0	0.0
1.423405905E8	0.0	0.0
1.42342509E8	0.0	0.0
1.423444255E8	0.0	0.0
1.423463415E8	0.0	0.0
1.42348253E8	0.14892501310959622	0.38590803711453875
1.423501595E8	0.0	0.0
1.42352065E8	1.06246719160105	2.3599902130674777
1.423539695E8	0.0	0.0
1.42355873E8	0.0	0.0
1.42357776E8	0.29847609038360484	0.7726268056230056
1.42359679E8	0.3068838675775092	0.7901123063510648
1.423615815E8	0.0	0.0
1.42363483E8	0.14939505523408733	0.3892289955047153
1.423653835E8	0.0	0.0
1.423672835E8	0.0	0.0
1.42369183E8	0.0	0.0
1.4237108E8	0.0	0.0
1.42372975E8	0.0	0.0
1.42374869E8	0.3000528262017961	0.663754866633306
1.42376761E8	0.0	0.0
1.423786515E8	0.14285714285714285	0.3779644730092272
1.423805415E8	47.91481481481482	35.30117584264037
1.423824305E8	0.3940677966101695	1.1302842000494193
1.423843155E8	0.0	0.0
1.423861925E8	0.0	0.0
1.423880645E8	0.0	0.0
1.42389936E8	0.0	0.0
1.423918065E8	0.0	0.0
1.423936765E8	0.0	0.0
1.42395546E8	0.0	0.0
1.42397415E8	0.0	0.0
1.42399284E8	0.0	0.0
1.424011525E8	0.0	0.0
1.42403019E8	0.0	0.0
1.42404883E8	829.2780461621041	982.0316240194827
1.42406746E8	0.0	0.0
1.424086055E8	0.0	0.0
1.424104605E8	0.6127292340884574	1.4743400329984375
1.42412313E8	0.0	0.0
1.42414163E8	0.0	0.0
1.42416009E8	0.0	0.0
1.42417852E8	0.0	0.0
1.42419695E8	0.0	0.0
1.42421538E8	0.3081931633206728	0.7837193070556342
1.424233805E8	0.0	0.0
1.42425222E8	0.0	0.0
1.42427063E8	0.0	0.0
1.424288995E8	0.0	0.0
1.424307315E8	0.0	0.0
1.424325625E8	0.0	0.0
1.42434392E8	0.0	0.0
1.42436221E8	0.0	0.0
1.424380485E8	0.5815991237677984	1.927775875135271
1.42439871E8	0.0	0.0
1.424416895E8	0.0	0.0
1.424435075E8	0.0	0.0
1.42445323E8	0.29288472145615	0.6146761801129396
1.42447136E8	328.7611693325979	846.2414565998137
1.424489455E8	0.1273532668881506	0.3568658948234625
1.4245075E8	0.15252357182473655	0.39054266325810877
1.424525525E8	0.0	0.0
1.42454354E8	0.0	0.0
1.424561545E8	0.0	0.0
1.424579545E8	0.43833333333333335	0.8663460945578018
1.424597535E8	0.0	0.0
1.42461551E8	0.0	0.0
1.42463346E8	0.0	0.0
1.424651385E8	0.0	0.0
1.42466928E8	0.11135982092893117	0.3337061895274512
1.424687145E8	0.0	0.0
1.424705E8	0.0	0.0
1.42472285E8	1.5904761904761904	2.1734326591384248
1.424740655E8	0.0	0.0
1.42475841E8	0.0	0.0
1.42477616E8	2.2016901408450704	2.0700411644542753
1.42479391E8	0.3656338028169014	0.7694885808485646
1.424811635E8	0.0	0.0
1.42482933E8	0.0	0.0
1.424847005E8	96.64099660249151	116.45615100795565
1.42486464E8	0.0	0.0
1.424882225E8	1.2972665148063782	2.9242525279770915
1.424899775E8	7.198973774230331	4.7507426053372415
1.4249173E8	0.48657909765848084	0.8536547557608544
1.42493479E8	0.0	0.0
1.42495226E8	0.0	0.0
1.42496973E8	0.0	0.0
1.42498718E8	0.0	0.0
1.4250046E8	0.0	0.0
1.425021995E8	0.1628308400460299	0.40352303533507217
1.42503937E8	0.0	0.0
1.425056725E8	0.0	0.0
1.42507406E8	0.0	0.0
1.425091385E8	0.16397228637413394	0.4063582419309585
1.425108685E8	0.0	0.0
1.425125945E8	0.47447795823665895	1.2974184612425883
1.425143185E8	1.3178654292343388	1.9052376215137983
1.4251604E8	1.486910994764398	3.456115639157269
1.42517759E8	12.552065154159395	17.235443141702703
1.425194765E8	0.1660839160839161	0.4643465468997434
1.425211925E8	0.0	0.0
1.42522908E8	0.0	0.0
1.425246225E8	0.0	0.0
1.42526336E8	0.0	0.0
1.425280485E8	0.6991822429906542	1.7833930173143573
1.425297595E8	0.8304093567251462	1.4457034549077359
1.425314695E8	2.3239766081871345	4.373230636363741
1.42533179E8	0.0	0.0
1.425348875E8	0.0	0.0
1.425365935E8	0.0	0.0
1.42538297E8	0.33352906635349383	0.816736268759376
1.4254E8	0.16676453317674692	0.408368134379688
1.425416995E8	0.0	0.0
1.425433925E8	6.684615384615385	8.853408396583001
1.425450825E8	1.344378698224852	2.1822305509534945
1.42546771E8	0.0	0.0
1.42548457E8	0.1685459940652819	0.4105435349208192
1.42550141E8	0.0	0.0
1.42551824E8	24.677956030897207	25.79425196324628
1.42553507E8	4.896019013666073	7.408984284525258
1.425551885E8	0.16904761904761906	0.511766315719159
1.42556868E8	1.3508040500297795	2.9229738379220724
1.425585465E8	0.0	0.0
1.42560223E8	0.0	0.0
1.42561894E8	4.755248950209958	6.507943556464912
1.42563556E8	0.0	0.0
1.425652095E8	0.17212121212121212	0.565685424949238
1.42566857E8	0.0	0.0
1.42568501E8	0.12964090079123555	0.43924906871848324
1.42570144E8	0.0	0.0
1.42571786E8	0.0	0.0
1.42573425E8	0.0	0.0
1.42575062E8	0.0	0.0
1.42576699E8	290.8020769700672	371.56981698507064
1.425783355E8	0.0	0.0
1.425799685E8	0.0	0.0
1.42581598E8	0.0	0.0
1.42583225E8	1.0486153846153845	1.3684353783118093
1.4258485E8	0.0	0.0
1.42586474E8	0.0	0.0
1.425880965E8	0.0	0.0
1.42589717E8	82.26436071649167	121.05734249910769
1.425913335E8	1.4101610904584883	1.993794586345412
1.42592946E8	3.1514587212911236	2.516488148366494
1.425945565E8	6.783850931677018	13.12065367255119
1.425961665E8	0.17453416149068324	0.4177728587290984
1.425977755E8	2.825870646766169	3.9098994146698733
1.42599378E8	0.0	0.0
1.42600974E8	0.0	0.0
1.426025685E8	1.8582183186951067	1.9158914112296628
1.426041585E8	0.0	0.0
1.426057445E8	0.0	0.0
1.426073305E8	0.0	0.0
1.42608914E8	0.0	0.0
1.42610493E8	0.0	0.0
1.4261207E8	0.0	0.0
1.42613646E8	0.0	0.0
1.4261522E8	0.0	0.0
1.42616792E8	0.0	0.0
1.42618361E8	0.0	0.0
1.426199275E8	10.720306513409962	10.839299860043484
1.426214905E8	0.0	0.0
1.426230505E8	0.0	0.0
1.426246095E8	0.0	0.0
1.426261665E8	0.0	0.0
1.426277225E8	0.0	0.0
1.42629278E8	0.3652733118971061	0.8547202020510644
1.42630832E8	0.0	0.0
1.426323845E8	0.7319587628865979	1.4835871824180242
1.426339355E8	0.0	0.0
1.426354855E8	0.6967741935483871	1.1387599367506689
1.42637035E8	0.0	0.0
1.426385825E8	0.0	0.0
1.426401275E8	0.0	0.0
1.42641671E8	9.140635126377187	10.843253679428903
1.42643213E8	0.0	0.0
1.426447535E8	0.0	0.0
1.426462925E8	0.0	0.0
1.42647757E8	0.0	0.0
1.42648524E8	0.0	0.0
1.42649362E8	0.2009132420091324	0.45972849981491726
1.42650895E8	0.0	0.0
1.426524275E8	0.7147519582245431	1.7186201885467358
1.42653958E8	0.0	0.0
1.42655486E8	3.5717092337917484	8.20904033103237
1.42657012E8	0.14754098360655737	0.5089365318412729
1.42658537E8	0.0	0.0
1.42660062E8	48.178360655737706	58.970362102986755
1.42661585E8	0.0	0.0
1.426631055E8	0.0	0.0
1.42664625E8	0.0	0.0
1.426661435E8	0.0	0.0
1.426676605E8	1.0771767810026385	1.8861038844127418
1.426691735E8	0.0	0.0
1.42670683E8	0.0	0.0
1.426721915E8	0.0	0.0
1.426736975E8	18.300531914893618	32.401589959674716
1.426752015E8	0.0	0.0
1.426767045E8	0.0	0.0
1.426782025E8	0.0	0.0
1.426796955E8	0.0	0.0
1.426811875E8	1.903485254691689	2.09397194314048
1.426826785E8	0.1906040268456376	0.613057033378214
1.42684168E8	0.1914036265950302	0.43672878874968496
1.426856565E8	0.0	0.0
1.42687144E8	0.7639542703429725	1.2322717278660236
1.42688631E8	4.735709482178883	13.121080130058715
1.42690117E8	1.1124579124579124	1.3743685418725535
1.426916015E8	0.0	0.0
1.426930845E8	0.0	0.0
1.426945645E8	0.0	0.0
1.426960415E8	0.0	0.0
1.42697517E8	1.5905084745762712	2.664391684953145
1.42698991E8	0.0	0.0
1.42700463E8	0.0	0.0
1.427019325E8	0.0	0.0
1.427034E8	0.0	0.0
1.427048665E8	0.0	0.0
1.427063315E8	0.0	0.0
1.427077945E8	0.38850889192886456	0.8594847818823075
1.42709256E8	0.0	0.0
1.42710717E8	0.0	0.0
1.42712177E8	0.0	0.0
1.427136355E8	9.784636488340192	13.48644088673862
1.427150925E8	0.0	0.0
1.42716547E8	0.0	0.0
1.427179995E8	0.0	0.0
1.427194515E8	0.0	0.0
1.42720903E8	0.1977946243969676	0.598643078547446
1.427223515E8	0.0	0.0
1.427237975E8	0.0	0.0
1.42725243E8	0.0	0.0
1.42726687E8	6.828135828135828	8.516666632762522
1.42728129E8	0.0	0.0
1.427295695E8	1937.5868055555557	2328.6960806664124
1.427310075E8	0.0	0.0
1.427324415E8	0.0	0.0
1.427338735E8	0.729050279329609	2.6699235232702327
1.427353055E8	0.0	0.0
1.427367365E8	0.3972027972027972	0.8912943365721531
1.42738166E8	0.19384184744576627	0.44027474086729784
1.42739595E8	13.393282015395382	14.67065545776779
1.42741022E8	0.0	0.0
1.427424465E8	0.0	0.0
1.427438705E8	0.0	0.0
1.427452945E8	0.0	0.0
1.42746718E8	0.0	0.0
1.427481405E8	0.5991561181434599	1.4398390283524083
1.42749562E8	0.0	0.0
1.42750982E8	0.0	0.0
1.427523995E8	1.9978813559322033	4.246217991535341
1.427538155E8	0.3700564971751412	0.902757858682177
1.427552315E8	0.6016949152542372	1.1349606130700478
1.42756647E8	0.20070671378091873	0.49876171753994136
1.427580605E8	0.0	0.0
1.427594725E8	0.0	0.0
1.42760884E8	0.0	0.0
1.427622945E8	0.0	0.0
1.427637035E8	0.0	0.0
1.427651115E8	0.4034090909090909	0.9437293044088437
1.42766519E8	2.8251599147121533	7.609938139909421
1.427679255E8	0.0	0.0
1.427693305E8	0.0	0.0
1.427707335E8	0.0	0.0
1.42772132E8	0.0	0.0
1.427735265E8	0.0	0.0
1.4277492E8	6.0847092605886575	4.451380485517783
1.42776312E8	0.0	0.0
1.42777703E8	0.0	0.0
1.42779094E8	0.203450754852624	0.45105515721763345
1.427804825E8	0.30303030303030304	0.778498944161523
1.427818685E8	0.0	0.0
1.42783254E8	0.0	0.0
1.427846385E8	3.0390173410404624	3.3091002566665337
1.42786022E8	24.71005061460593	13.551033664511255
1.427874045E8	2.0940665701881334	3.114319664934538
1.42788786E8	0.0	0.0
1.42790167E8	0.6169442433019551	1.3604531340350778
1.427915475E8	0.20579710144927535	0.5093331815767284
1.427929275E8	2.263768115942029	3.730602002941057
1.42794307E8	8.69615663524293	14.47956225124476
1.427956855E8	1.0304789550072568	2.013380494582474
1.42797063E8	0.0	0.0
1.4279844E8	2.432098765432099	2.8555135929370175
1.42799817E8	0.0	0.0
1.42801194E8	1.7814088598402325	3.1030474397303593
1.428025705E8	0.0	0.0
1.42803946E8	0.0	0.0
1.428053205E8	0.0	0.0
1.428066945E8	0.0	0.0
1.42808068E8	0.15367807720320467	0.3920179552051215
1.4280944E8	0.0	0.0
1.4281081E8	0.0	0.0
1.428121785E8	0.0	0.0
1.428135455E8	0.7071742313323572	1.432216641963372
1.42814909E8	0.0	0.0
1.428162695E8	8028.889705882353	6521.676959323016
1.428176275E8	7.67330383480826	9.12256756281109
1.428189835E8	4.882005899705015	6.466729008609875
1.42820339E8	0.2095940959409594	0.4578144776445579
1.42821694E8	0.0	0.0
1.428230475E8	0.0	0.0
1.42824399E8	0.0	0.0
1.42825748E8	0.0	0.0
1.42827095E8	1.8982925018559762	2.6095877131579965
1.428284415E8	0.0	0.0
1.428297865E8	0.0	0.0
1.4283113E8	3.5085629188384213	10.116337427578348
1.42832472E8	57.98508575689784	102.9538604910348
1.428338125E8	6.362686567164179	4.834576954435436
1.428351525E8	0.0	0.0
1.428364925E8	0.0	0.0
1.42837832E8	1.2733383121732635	3.1562496533913844
1.42839171E8	0.21209858103061988	0.5573864114332941
1.42840509E8	0.0	0.0
1.42841846E8	0.0	0.0
1.428431825E8	0.0	0.0
1.428445175E8	0.424287856071964	1.138464733325318
1.42845851E8	0.0	0.0
1.42847184E8	50.566391597899475	49.37387411234017
1.42848517E8	0.0	0.0
1.428498495E8	0.786036036036036	1.3237266531471867
1.428511805E8	1.2954887218045112	2.1836714616973816
1.428525105E8	0.21353383458646616	0.5511437185492007
1.428538395E8	0.21385542168674698	0.5742989440251773
1.42855167E8	0.0	0.0
1.428564935E8	0.0	0.0
1.428578195E8	0.0	0.0
1.42859144E8	0.0	0.0
1.42860467E8	0.0	0.0
1.428617895E8	0.18683812405446293	0.4322477577205727
1.428631085E8	0.0	0.0
1.42864424E8	0.0	0.0
1.42865739E8	0.0	0.0
1.42867054E8	0.0	0.0
1.42868369E8	384.5703422053232	696.567075919292
1.428696825E8	0.0	0.0
1.42870994E8	0.0	0.0
1.42872305E8	0.0	0.0
1.428736155E8	0.0	0.0
1.428749255E8	10.815267175572519	15.216854857549414
1.42876235E8	3.9037433155080214	4.703508759682118
1.428775435E8	0.0	0.0
1.428788505E8	0.0	0.0
1.428801555E8	23.570552147239265	26.677723295764928
1.428814595E8	0.0	0.0
1.428827635E8	1.6717791411042944	2.824357248124018
1.428840675E8	0.21779141104294478	0.5045802483191995
1.42885371E8	0.0	0.0
1.42886674E8	0.0	0.0
1.428879765E8	0.0	0.0
1.42889278E8	0.0	0.0
1.42890579E8	0.6548808608762491	1.2317850416901446
1.42891879E8	12.702848344880678	20.13149612568973
1.42893177E8	0.2189668465690054	0.46793893465815106
1.42894474E8	0.6553585196607556	1.0514886462386797
1.42895771E8	0.2189668465690054	0.5622402595718518
1.428970675E8	0.0	0.0
1.42898363E8	0.0	0.0
1.428996575E8	0.0	0.0
1.429009515E8	0.0	0.0
1.429022455E8	0.42581143740340033	1.0278201299227885
1.42903539E8	1.0959010054137663	1.818526297958059
1.42904831E8	0.0	0.0
1.429061215E8	0.0	0.0
1.42907411E8	0.19627618308766487	0.4430306796235052
1.42908699E8	39.675990675990676	24.927447169287557
1.429099855E8	0.0	0.0
1.42911271E8	0.0	0.0
1.429125555E8	0.0	0.0
1.429138395E8	22.92056074766355	14.378695515769241
1.42915123E8	0.0	0.0
1.42916406E8	40.36944660950896	40.886436644453426
1.429176885E8	4.989859594383775	5.022259344513875
1.4291897E8	0.0	0.0
1.429202505E8	0.0	0.0
1.429215305E8	0.0	0.0
1.4292281E8	0.0	0.0
1.429240885E8	1.1111111111111112	2.0973938668890613
1.429253665E8	0.6283255086071987	1.0319618340408998
1.429266445E8	0.0	0.0
1.42927922E8	1658.698512137823	965.9258071091524
1.42929199E8	316.99530148786215	548.3370860210257
1.42930476E8	1.1119812059514487	2.5825448649810094
1.429317525E8	0.0	0.0
1.42933028E8	1236.761568627451	1680.1361280049457
1.42934303E8	0.0	0.0
1.429355775E8	0.0	0.0
1.429368515E8	0.22291993720565148	0.6163649961485784
1.429381245E8	0.0	0.0
1.42939396E8	0.0	0.0
1.42940667E8	0.0	0.0
1.42941938E8	0.0	0.0
1.42943209E8	0.6003147128245476	1.56098175647885
1.4294448E8	0.6601101494885917	1.0521417966919593
1.429457505E8	87.56850393700788	73.6849806809553
1.429470205E8	5.143307086614173	12.107653595579581
1.429482905E8	3.9818897637795274	5.253570214625479
1.4294956E8	1.1205673758865249	1.388061219107624
1.429508285E8	0.0	0.0
1.429520965E8	2.2389589905362777	3.812957321177753
1.429533635E8	16.589257503949447	19.37637525058546
1.42954629E8	0.0	0.0
1.429558935E8	2.2460443037974684	2.5743685473765248
1.42957157E8	0.0	0.0
1.4295842E8	0.0	0.0
1.42959683E8	1.7513855898653998	2.511887808842623
1.429609455E8	0.0	0.0
1.429622075E8	0.0	0.0
1.429634695E8	0.0	0.0
1.42964731E8	0.0	0.0
1.42965992E8	27.595559080095164	14.25548574793562
1.429672525E8	161.50079365079364	140.59904716423958
1.429685125E8	0.0	0.0
1.429697725E8	3.5142857142857142	6.809423908691099
1.429710325E8	2.93015873015873	3.392101001790661
1.42972292E8	150.01509134233518	314.86656275814596
1.429735505E8	1.084260731319555	1.5963989683461728
1.429748085E8	9.475357710651828	22.276624805355972
1.429760665E8	44.78616852146264	87.06162044877715
1.42977324E8	0.0	0.0
1.42978579E8	0.0	0.0
1.42979832E8	8.99680766161213	8.177451332492986
1.429810845E8	0.0	0.0
1.42982336E8	0.0	0.0
1.42983587E8	0.6810551558752997	1.6427541164551365
1.42984838E8	0.0	0.0
1.42986089E8	0.36930455635491605	0.593058702912216
1.429873395E8	4.8216	6.599757571305177
1.42988589E8	0.0	0.0
1.429898375E8	0.0	0.0
1.42991085E8	3.297514033680834	4.209337769614228
1.429923315E8	0.0	0.0
1.429935775E8	1.609951845906902	2.4609306725872835
1.429948225E8	0.22347266881028938	0.47272895914074203
1.42996066E8	151.9444891391794	223.84983581492406
1.429973085E8	4.112721417069243	7.282763715993755
1.4299855E8	0.0	0.0
1.42999791E8	1.5930701047542304	2.187798557961305
1.43001032E8	0.45769540692989524	1.188855041385568
1.430022725E8	0.45806451612903226	1.1542348394135957
1.430035125E8	0.0	0.0
1.430047525E8	130.18387096774194	115.61767849531127
1.43005992E8	3.8934624697336564	8.7408663271158
1.4300719E8	0.0	0.0
1.43007809E8	0.0	0.0
1.430084685E8	0.0	0.0
1.430097065E8	173.36348949919224	288.7663415289254
1.430109445E8	0.2294022617124394	0.5866032667558706
1.43012182E8	0.0	0.0
1.430134185E8	0.0	0.0
1.43014654E8	0.0	0.0
1.43015889E8	1.6097165991902833	2.354253623010378
1.430171235E8	0.32576985413290116	1.0443953994561572
1.430183575E8	31.61912479740681	26.276703635936272
1.430195915E8	0.0	0.0
1.43020825E8	0.0	0.0
1.43022058E8	0.22303325223033252	0.47226396456889713
1.430232905E8	1.1639610389610389	2.3583231991583156
1.43024522E8	0.6921202274573518	1.246277967932915
1.43025753E8	0.22095857026807472	0.4920158636396913
1.43026984E8	0.4614134849715678	1.179296076646224
1.43028215E8	0.45735174654752236	0.8309606080240708
1.430294455E8	2.046341463414634	1.8264096905468874
1.43030675E8	0.46216436126932464	0.8423300629245213
1.43031904E8	0.23026851098454026	0.4798630127281538
1.430331325E8	0.0	0.0
1.4303436E8	0.0	0.0
1.43035587E8	622.1059494702527	677.9946778633914
1.43036814E8	0.0	0.0
1.43038041E8	0.0	0.0
1.430392675E8	0.6949429037520392	1.3018997287625647
1.430404935E8	0.0	0.0
1.430417195E8	0.23164763458401305	0.6697860679614324
1.43042945E8	2.2522448979591836	2.6494512331301165
1.4304417E8	0.0	0.0
1.43045395E8	0.0	0.0
1.4304662E8	0.0	0.0
1.43047845E8	0.0	0.0
1.4304907E8	0.4016326530612245	0.9847821679779477
1.430502945E8	29.285947712418302	41.73645136507199
1.430515185E8	1.392156862745098	1.8572416119688786
1.430527425E8	0.0	0.0
1.430539665E8	6.246732026143791	6.369543031597522
1.4305519E8	0.0	0.0
1.43056413E8	0.0	0.0
1.43057636E8	0.0	0.0
1.430588585E8	50.806873977086745	38.459545774893506
1.430600805E8	0.0	0.0
1.43061302E8	0.0	0.0
1.430625225E8	0.6959016393442623	1.4448892407491956
1.430637425E8	0.0	0.0
1.43064962E8	0.0	0.0
1.43066181E8	0.0	0.0
1.430674E8	0.0	0.0
1.430686185E8	3.0123152709359604	4.711809570142596
1.430698365E8	0.0	0.0
1.430710525E8	2.2800658978583197	2.280206355007547
1.43072266E8	0.0	0.0
1.430734785E8	0.0	0.0
1.430746905E8	0.46864686468646866	1.0082170650038693
1.43075902E8	0.0	0.0
1.43077113E8	0.0	0.0
1.430783235E8	0.0	0.0
1.43079533E8	0.0	0.0
1.43080742E8	0.23490488006617039	0.6595985946301341
1.43081951E8	0.0	0.0
1.430831595E8	0.0	0.0
1.430843675E8	0.0	0.0
1.430855755E8	0.23509933774834438	0.484870433980403
1.430867835E8	0.23427152317880795	0.6679760871319664
1.43087991E8	0.46727423363711684	0.8302483632360694
1.430891975E8	0.8084577114427861	1.5647972333264788
1.43090403E8	9.423236514522822	10.266328962849574
1.43091608E8	0.0	0.0
1.43092813E8	7.033195020746888	6.268673349295366
1.43094017E8	0.0	0.0
1.4309522E8	0.0	0.0
1.43096423E8	0.0	0.0
1.430976255E8	0.47254575707154745	1.0383655401679697
1.430988275E8	0.23627287853577372	0.5826098833750787
1.43100029E8	0.2373022481265612	0.4862814089181803
1.431012295E8	66.41416666666667	120.04965639267778
1.431024295E8	1.1833333333333333	2.339159393172399
1.431036295E8	0.5533333333333333	1.2812754062521714
1.43104829E8	0.0	0.0
1.43106028E8	0.23102585487906588	0.5768685417221939
1.431072265E8	0.2370617696160267	0.5991089655376942
1.431084245E8	0.4741235392320534	0.8686719662651479
1.43109622E8	0.0	0.0
1.43110819E8	0.0	0.0
1.43112015E8	0.0	0.0
1.4311321E8	0.0	0.0
1.43114405E8	5.405020920502092	6.207971660203614
1.431156E8	0.0	0.0
1.43116795E8	206.2410041841004	239.090331487659
1.431179895E8	0.43299832495812396	0.755216365549615
1.43119183E8	0.0	0.0
1.43120376E8	0.0	0.0
1.43121569E8	0.23134953897736799	0.48098808610751265
1.43122762E8	0.47611064543168485	0.9758182673343279
1.431239545E8	0.0	0.0
1.431251465E8	39.37332214765101	38.99173892888065
1.431263385E8	0.9530201342281879	2.349496590375887
1.4312753E8	0.0	0.0
1.43128721E8	0.0	0.0
1.431299115E8	0.0	0.0
1.431311015E8	0.0	0.0
1.431322915E8	0.22857142857142856	0.47809144373375745
1.43133481E8	0.47771236333052985	1.0179218262750165
1.4313467E8	0.0	0.0
1.43135859E8	0.0	0.0
1.43137048E8	0.0	0.0
1.43138237E8	0.0	0.0
1.43139426E8	0.48107653490328006	0.7973885045884407
1.431406145E8	0.2382154882154882	0.570013881336082
1.431418015E8	0.23946037099494097	0.5258895940145124
1.431429875E8	0.0	0.0
1.431441735E8	17.27150084317032	12.996659319109597
1.431453595E8	0.23946037099494097	0.6659636540629553
1.431465455E8	0.16610455311973019	0.551710508932089
1.43147731E8	0.0	0.0
1.43148916E8	0.0	0.0
1.43150101E8	2.590717299578059	2.9973265162016864
1.43151286E8	0.0	0.0
1.431524705E8	0.23986486486486486	0.48976000741676007
1.431536545E8	0.0	0.0
1.431548385E8	0.23986486486486486	0.5279358069085827
1.431560225E8	0.0	0.0
1.431572055E8	0.0	0.0
1.431583875E8	132.55329949238578	91.88981299717894
1.43159569E8	0.0	0.0
1.4316075E8	46.50973751058425	52.5195419458142
1.43161931E8	0.0	0.0
1.43163111E8	0.0	0.0
1.4316429E8	0.4817642069550466	1.1473316019875959
1.43165469E8	0.2408821034775233	0.4907974159238446
1.431666475E8	0.0	0.0
1.431678255E8	0.0	0.0
1.431690035E8	0.0	0.0
1.431701815E8	0.48217317487266553	0.8514443934739768
1.431713595E8	0.48217317487266553	1.076843781479642
1.431725375E8	0.0	0.0
1.43173715E8	0.0	0.0
1.431748915E8	12791.763605442176	16855.693316208268
1.43176067E8	0.0	0.0
1.43177242E8	0.48340425531914893	1.1647299020291575
1.431784165E8	0.0	0.0
1.431795905E8	0.0	0.0
1.43180764E8	0.0	0.0
1.43181937E8	0.0	0.0
1.4318311E8	1.9352088661551576	3.1081665113429153
1.43184282E8	0.0	0.0
1.43185453E8	5.323654995730145	8.460891090951721
1.43186624E8	0.2425277540563621	0.5027677452225912
1.43187795E8	0.0	0.0
1.431889655E8	0.24273504273504273	0.6905961749988752
1.43190135E8	0.24294268605645852	0.6526906867666789
1.43191304E8	0.9717707442258341	2.0398091123223834
1.431924725E8	0.0	0.0
1.4319364E8	0.0	0.0
1.43194807E8	0.0	0.0
1.43195974E8	0.0	0.0
1.431971405E8	0.0	0.0
1.431983065E8	188.63807890222984	122.54342878445352
1.431994725E8	601.6646655231561	638.5088398710561
1.432006385E8	0.0	0.0
1.43201804E8	0.0	0.0
1.43202969E8	0.0	0.0
1.432041335E8	0.0	0.0
1.43205297E8	0.0	0.0
1.4320646E8	152.43766122098023	118.98988013069332
1.43207623E8	0.24419604471195186	0.5517111659755318
1.43208786E8	1.9535683576956149	3.3670549935100142
1.43209949E8	0.0	0.0
1.43211112E8	36.96388650042992	62.22536910793771
1.432122745E8	66.92168674698796	56.523699201561215
1.432134365E8	0.24268502581755594	0.6332714285656045
1.432145985E8	116.81497418244406	177.57095500661737
1.4321576E8	0.0	0.0
1.43216921E8	0.0	0.0
1.43218082E8	0.0	0.0
1.432192425E8	0.0	0.0
1.432204025E8	1.5034482758620689	2.2952349440255264
1.432215625E8	0.0	0.0
1.43222722E8	0.0	0.0
1.43223881E8	0.0	0.0
1.4322504E8	0.2450388265746333	0.5002156566846017
1.43226199E8	0.4883520276100086	0.9882833881129528
1.43227358E8	18.363244176013804	15.933668587320398
1.432285165E8	0.0	0.0
1.432296745E8	281.31951640759934	335.9006543134757
1.432308325E8	1.567357512953368	2.5191837370880634
1.4323199E8	2.8764044943820224	3.576307323325688
1.43233147E8	2.6853932584269664	4.332646267806321
1.432343035E8	0.0	0.0
1.432354595E8	0.0	0.0
1.43236615E8	0.0	0.0
1.4323777E8	1.845887445887446	2.124277315360241
1.43238925E8	0.0	0.0
1.4324008E8	127.26493506493506	214.57434760322738
1.432412345E8	0.0	0.0
1.432423885E8	0.9705372616984402	1.8867411130649685
1.432435425E8	0.6464471403812825	1.272969208812919
1.432446965E8	4.920277296360485	4.466707191759392
1.4324585E8	0.0	0.0
1.43247003E8	0.7389418907198613	1.4889008268382362
1.43248156E8	1.2315698178664354	2.2083575385823186
1.432493085E8	0.7395833333333334	1.2360330811826103
1.432504605E8	0.0	0.0
1.432516125E8	0.0	0.0
1.432527645E8	0.0	0.0
1.43253916E8	0.4934839270199826	0.8295163088751389
1.432550665E8	0.49391304347826087	1.1382671803724482
1.432562165E8	0.0	0.0
1.432573655E8	0.0	0.0
1.432585135E8	0.0	0.0
1.432596615E8	0.2883275261324042	0.5026064468529213
1.432608095E8	12.609756097560975	16.55931162197657
1.432619575E8	0.0	0.0
1.432631055E8	0.24738675958188153	0.5669467095138409
1.43264253E8	1.2371403661726241	1.8129631056144229
1.432654E8	359.71839581517	227.97303255986722
1.43266547E8	0.4917175239755885	1.033020642473716
1.432676935E8	1.7993019197207678	1.5630997976176668
1.432688395E8	0.0	0.0
1.432699855E8	0.0	0.0
1.43271131E8	1.983406113537118	3.3604428903366257
1.432722755E8	13.076048951048952	8.14880187683883
1.432734195E8	1.9230769230769231	3.427062188632597
1.432745635E8	276.5402097902098	131.63909193121745
1.432757075E8	15.136363636363637	21.264197231875084
1.432768515E8	0.4965034965034965	1.1587309190046422
1.43277995E8	0.0	0.0
1.43279138E8	0.9956255468066492	1.6243984013256174
1.432802805E8	0.0	0.0
1.432814225E8	0.2486865148861646	0.5210120825783645
1.432825645E8	749.3345008756568	1238.9875993945984
1.43283706E8	27.66520595968449	35.763918185742654
1.43284847E8	84.37686240140228	67.7594924481238
1.432859875E8	13.91140350877193	8.49489010492407
1.432871275E8	0.0	0.0
1.432882675E8	0.0	0.0
1.432894075E8	0.0	0.0
1.43290547E8	5.568920105355575	4.719525876099335
1.43291686E8	0.0	0.0
1.43292825E8	0.0	0.0
1.43293964E8	0.24934152765583845	0.5010962521381854
1.43295103E8	0.0	0.0
1.432962415E8	0.0	0.0
1.43297379E8	1.7484608619173263	2.3345894344866154
1.432985155E8	3323.819542253521	4875.42886394565
1.432996515E8	0.0	0.0
1.433007875E8	501.84242957746477	381.51351202697253
1.433019235E8	0.5	1.2197032656913025
1.43303059E8	0.0	0.0
1.43304194E8	0.0	0.0
1.43305329E8	5.393832599118943	4.222240255519622
1.433064635E8	0.0	0.0
1.433075975E8	51.239858906525576	39.655327177379
1.433087315E8	1976.7522045855378	3208.279477318885
1.433098655E8	0.0	0.0
1.43310999E8	0.0	0.0
1.43312132E8	0.0	0.0
1.43313265E8	0.2506619593998235	0.6669608059559249
1.433143975E8	10311.542402826855	11490.536179200359
1.433155295E8	1.4487632508833923	3.0129285613670067
1.433166615E8	0.0	0.0
1.433177935E8	0.0	0.0
1.43318925E8	0.0	0.0
1.43320056E8	1771.7391688771	2874.104710483913
1.43321187E8	0.0	0.0
1.433223175E8	0.0	0.0
1.433234475E8	0.7212389380530974	1.103894954602321
1.433245775E8	1.736283185840708	2.41602320799965
1.43325707E8	0.0	0.0
1.43326836E8	0.6678476527900797	1.0407975411676471
1.43327965E8	10.868024800708591	15.717698891975667
1.43329094E8	1.0062001771479185	2.393710388553566
1.43330222E8	3.559893522626442	2.778578214556851
1.43331349E8	0.0	0.0
1.433324755E8	43.56571936056838	58.18785801697728
1.433336015E8	0.0	0.0
1.433347275E8	0.21847246891651864	0.5230053880020916
1.433358535E8	0.0	0.0
1.433369795E8	16.58259325044405	31.090311353145434
1.43338105E8	16.913777777777778	30.315086086706806
1.4333923E8	0.0	0.0
1.433403545E8	0.7580071174377224	1.4661057916026452
1.433414785E8	0.0	0.0
1.43342602E8	0.0	0.0
1.43343725E8	122.45948352626893	242.58878720878693
1.43344848E8	0.6215494211932324	1.8249287913503789
1.43345971E8	0.9732858414959928	1.9975497011460142
1.43347094E8	1.516473731077471	2.7495648485958677
1.433482165E8	222.69875222816398	144.17450495419737
1.43349338E8	0.0	0.0
1.433504585E8	0.7482142857142857	1.026436275942851
1.43351578E8	4.486148346738159	5.900121929640872
1.43352697E8	3.680965147453083	3.7820421357662517
1.433538155E8	3.5572450805008944	4.921658169898007
1.433549335E8	0.0	0.0
1.433560515E8	0.0	0.0
1.433571695E8	0.0	0.0
1.43358287E8	0.0	0.0
1.43359404E8	0.0	0.0
1.43360521E8	2.3840644583706356	3.0989356188151644
1.43361638E8	1.205908683974933	1.5350281915298511
1.43362755E8	15.08057296329454	10.856391456285273
1.43363872E8	2.0304386750223813	1.9551827231110688
1.433649885E8	0.0	0.0
1.433661045E8	11.78494623655914	18.335459309773466
1.433668735E8	142.57109004739337	87.06782234099916
1.433674315E8	4.018731988472623	4.037468605172325
1.433683365E8	1.0170250896057347	1.6529001340209866
1.433694525E8	0.4982078853046595	0.7146696356863379
1.433705685E8	0.0	0.0
1.43371684E8	0.7641255605381166	1.3866758652103781
1.43372799E8	1.0188340807174887	1.5096104685700027
1.43373914E8	0.2547085201793722	0.5883777195026804
1.433750285E8	0.0	0.0
1.433761425E8	0.0	0.0
1.433772565E8	0.0	0.0
1.433783705E8	0.25493716337522443	0.5716208960780161
1.433794845E8	0.0	0.0
1.433805985E8	0.0	0.0
1.433817115E8	0.5107913669064749	0.839664201465694
1.433828235E8	0.0	0.0
1.433839355E8	0.0	0.0
1.433850475E8	213.73471223021582	349.23724440228
1.43386159E8	6.76957695769577	4.96078229073738
1.433872695E8	0.0	0.0
1.433883795E8	0.7675675675675676	1.2769614836128107
1.433894895E8	1.790990990990991	2.175208388070332
1.433905995E8	0.0	0.0
1.43391709E8	0.5121731289449954	0.777269503437418
1.43392818E8	0.0	0.0
1.43393927E8	2.0072137060414788	2.4060338938358172
1.43395036E8	0.2560865644724977	0.5060499624271281
1.433961445E8	5.386281588447654	4.107095207921458
1.433972525E8	0.0	0.0
1.4339836E8	0.25564588979223124	0.6063500171271535
1.43399467E8	0.6964769647696477	1.1675374218569246
1.43400574E8	0.2565492321589883	0.5188410404869552
1.434016805E8	58.46021699819168	40.520516982933415
1.434027865E8	1.027124773960217	1.7476411381975516
1.43403892E8	1.0072398190045249	1.8578438336973429
1.43404997E8	0.0	0.0
1.43406102E8	0.0	0.0
1.43407207E8	0.0	0.0
1.43408312E8	0.19366515837104073	0.44007403737444084
1.43409417E8	0.25701357466063346	0.6150451552418126
1.43410521E8	0.0	0.0
1.43411624E8	0.0	0.0
1.43412727E8	0.0	0.0
1.434138295E8	0.0	0.0
1.434149315E8	0.0	0.0
1.434160335E8	2.3185117967332123	2.6508910257666227
1.43417135E8	2.2116257947320617	3.0504388392027497
1.43418236E8	0.0	0.0
1.43419337E8	0.20435967302452315	0.5433104033319771
1.434204375E8	767.0054545454545	1116.9518570238786
1.434215375E8	0.0	0.0
1.43422637E8	0.0	0.0
1.43423736E8	1.8662420382165605	3.521027437115598
1.434248345E8	11.639344262295081	13.278507498372518
1.434259325E8	0.0	0.0
1.434270305E8	0.0	0.0
1.43428128E8	0.0	0.0
1.43429225E8	0.0	0.0
1.43430322E8	0.0	0.0
1.434314185E8	0.0	0.0
1.434325145E8	0.0	0.0
1.434336095E8	0.0	0.0
1.43434703E8	0.0	0.0
1.434357955E8	0.0	0.0
1.43436887E8	0.0	0.0
1.43437978E8	1.301558203483043	2.3905941566128557
1.434390685E8	0.5211009174311927	1.0208828702953074
1.434401585E8	0.0	0.0
1.434412485E8	3.138532110091743	3.1159547994036445
1.434423385E8	5.626605504587156	6.95793389137158
1.434434285E8	0.0	0.0
1.43444518E8	0.0	0.0
1.43445607E8	1.5647382920110193	3.917538441166408
1.434466955E8	0.0	0.0
1.434477835E8	1.0441176470588236	1.8043044936712742
1.434488715E8	1.0441176470588236	1.6616345602342009
1.434499595E8	2.349264705882353	4.095145978867578
1.43451047E8	0.0	0.0
1.43452134E8	29.022079116835325	31.322887399934846
1.43453221E8	11.282428702851886	6.652845224865565
1.434543075E8	17.000920810313076	11.929813158174367
1.434553935E8	3.6298342541436464	6.196595037215892
1.434564795E8	4.968692449355433	4.640481654050988
1.434575655E8	0.0	0.0
1.434586505E8	0.0	0.0
1.434597345E8	0.5239852398523985	1.0237042930967892
1.434608185E8	0.0	0.0
1.434619025E8	0.0	0.0
1.434629865E8	1.2269372693726937	2.4641338680268965
1.4346407E8	0.0	0.0
1.43465153E8	0.7082179132040628	1.1470786693528088
1.43466236E8	550.3157894736842	357.80774742617047
1.434673185E8	0.0	0.0
1.434684005E8	0.26155268022181144	0.5114222132659193
1.43469482E8	0.0	0.0
1.43470563E8	15.407030527289546	11.127633927199499
1.434716435E8	1.1712962962962963	2.0113106101172864
1.434727235E8	1.05	2.3353166174426336
1.434738035E8	4.17962962962963	4.311483374534673
1.43474883E8	0.0	0.0
1.43475962E8	0.0	0.0
1.434770405E8	0.0	0.0
1.434781185E8	291.44619666048237	591.0899847991591
1.434791965E8	0.0	0.0
1.434802745E8	0.0	0.0
1.43481352E8	0.5273909006499535	1.1195900562931138
1.43482429E8	0.0	0.0
1.434835055E8	0.0	0.0
1.434845815E8	0.0	0.0
1.434856575E8	0.0	0.0
1.434867335E8	0.26301115241635686	0.5128461293764016
1.43487809E8	0.0	0.0
1.43488884E8	7.2158139534883725	5.444177602488907
1.43489959E8	37.47720930232558	54.56480678546277
1.43491034E8	0.25302325581395346	0.6023210918392436
1.434921085E8	0.0	0.0
1.434931825E8	10.310055865921788	16.09535713848158
1.434942565E8	36.47951582867784	83.83817657263431
1.434953305E8	0.0	0.0
1.43496404E8	0.0	0.0
1.434974765E8	151.6445895522388	44.13335245035735
1.434985485E8	0.0	0.0
1.4349962E8	0.0	0.0
1.43500691E8	9.736694677871148	10.211169073921416
1.435017615E8	0.0	0.0
1.435028315E8	0.0	0.0
1.435039015E8	0.0	0.0
1.43504971E8	0.0	0.0
1.4350604E8	0.0	0.0
1.435071085E8	0.0	0.0
1.43508176E8	0.0	0.0
1.43509243E8	0.0	0.0
1.4351031E8	0.450796626054358	0.8920139277137096
1.435113765E8	0.5328330206378987	1.0503282788887462
1.435124415E8	1.237781954887218	1.737739002872774
1.435135055E8	0.0	0.0
1.435145695E8	7.463345864661654	5.011171729771707
1.43515633E8	0.0	0.0
1.43516696E8	0.0	0.0
1.43517759E8	0.20978363123236124	0.4580214309749722
1.43518822E8	9.194731890874882	7.193142443508666
1.43519885E8	0.0	0.0
1.43520948E8	0.2671683913452493	0.5168833440392999
1.43522011E8	0.0	0.0
1.43523074E8	0.2671683913452493	0.5168833440392999
1.435241365E8	82.1647834274953	33.89673583938388
1.435251985E8	0.0	0.0
1.435262605E8	0.8022598870056498	1.5525933593055519
1.435273225E8	0.2674199623352166	0.5506373639622879
1.435283845E8	0.0	0.0
1.43529446E8	0.8011310084825636	2.0521017478214563
1.435305065E8	252.8141509433962	423.0461737143354
1.435315665E8	269.22264150943397	251.07356097141715
1.435326265E8	0.0	0.0
1.43533686E8	4.827195467422096	4.429065302331125
1.43534745E8	0.0	0.0
1.43535804E8	0.0	0.0
1.435368625E8	0.0	0.0
1.435379205E8	6199.59168241966	5770.051726645641
1.435389785E8	0.2684310018903592	0.5618629557965255
1.435400365E8	11.459357277882798	16.410437455074703
1.43541094E8	0.0	0.0
1.435421505E8	1.3446969696969697	2.8962488801478328
1.435432065E8	1.5776515151515151	2.811300249156801
1.435442625E8	1.5738636363636365	2.828092300581093
1.435453185E8	0.0	0.0
1.43546374E8	0.0	0.0
1.43547429E8	0.0	0.0
1.43548484E8	0.0	0.0
1.435495385E8	7.813092979127135	6.563006554046933
1.435505925E8	0.2077798861480076	0.455828790389558
1.43551646E8	0.0	0.0
1.43552699E8	2.157644824311491	1.789491325008088
1.43553752E8	28.269705603038936	33.605272502704196
1.43554805E8	49.08452041785375	65.62180485596694
1.43555858E8	7.6590693257359925	4.243088341110204
1.435569105E8	0.0	0.0
1.435579625E8	259.52471482889734	376.1093628875929
1.435590145E8	1.6197718631178708	2.910254584920266
1.43560066E8	0.0	0.0
1.43561117E8	0.269267364414843	0.6608531809232981
1.43562168E8	0.2559467174119886	0.5059117684062989
1.43563219E8	0.263558515699334	0.7253727018662542
1.4356427E8	2.4319695528068506	5.557587111370881
1.435653205E8	0.0	0.0
1.435663705E8	1.081904761904762	1.7315008628629782
1.4356742E8	0.0	0.0
1.43568469E8	0.0	0.0
1.43569518E8	0.0	0.0
1.43570567E8	0.0	0.0
1.43571616E8	0.23736892278360344	0.5338851609753058
1.435726645E8	0.0	0.0
1.435737125E8	14.57442748091603	12.948665527045547
1.435747605E8	0.0	0.0
1.435758085E8	0.0	0.0
1.435768565E8	7.208015267175573	5.507021888129361
1.43577904E8	2378.68958930277	3554.67816795641
1.43578951E8	0.0	0.0
1.43579998E8	0.0	0.0
1.43581045E8	0.271251193887297	0.5208178125672134
1.435820915E8	0.0	0.0
1.43583137E8	0.7483253588516746	1.4581892159365615
1.43584182E8	0.27177033492822966	0.5213159645821617
1.43585227E8	3.510047846889952	4.37117570380016
1.43586272E8	0.0	0.0
1.435873165E8	0.0	0.0
1.435883605E8	74.92528735632185	118.7858919342081
1.435894045E8	11.96455938697318	19.61758437877196
1.43590448E8	1.361457334611697	2.079208124209206
1.43591491E8	0.5445829338446788	0.8658870057965339
1.435925335E8	0.0	0.0
1.435935755E8	0.0	0.0
1.435946175E8	57.62092130518234	54.43951899499948
1.435956595E8	2.746641074856046	2.5230225909099273
1.435967015E8	0.21880998080614203	0.6164725360597428
1.43597743E8	3.0009606147934678	4.108635268019053
1.43598784E8	0.0	0.0
1.43599825E8	0.0	0.0
1.436008655E8	0.0	0.0
1.436019055E8	0.0	0.0
1.436029455E8	0.0	0.0
1.436039855E8	0.49423076923076925	0.9854713827168429
1.43605025E8	1.093358999037536	2.0445001224558164
1.43606064E8	2.981713185755534	4.4505625732573755
1.43607103E8	0.0	0.0
1.436081415E8	0.0	0.0
1.436091795E8	0.27360308285163776	0.6671481883377277
1.436102175E8	0.0	0.0
1.43611255E8	0.0	0.0
1.43612292E8	0.0	0.0
1.43613329E8	0.0	0.0
1.43614366E8	169.6586306653809	68.48914349911266
1.436154025E8	0.0	0.0
1.436164385E8	37.72393822393823	62.32040606080011
1.43617474E8	0.0	0.0
1.43618509E8	1.2946859903381642	1.6315133308656324
1.43619544E8	0.8231884057971014	1.8113970907257897
1.43620579E8	0.0	0.0
1.43621614E8	0.0	0.0
1.43622648E8	0.7473378509196515	1.1355387307792322
1.43623681E8	1.4636979670861567	4.393848555729626
1.43624714E8	0.4995159728944821	0.9975769288354763
1.43625747E8	4.3223620522749275	3.396798219108093
1.436267795E8	0.0	0.0
1.436278115E8	3.0319767441860463	4.266895282150385
1.436288435E8	0.2751937984496124	0.5756694788133285
1.43629875E8	0.0	0.0
1.43630906E8	0.0	0.0
1.43631937E8	2.4791464597478177	4.975985005014192
1.436329675E8	4.094174757281554	2.9144767553167332
1.436339975E8	0.0	0.0
1.436350275E8	0.0	0.0
1.43636057E8	1.9319727891156462	2.5945670979290507
1.43637086E8	0.21865889212827988	0.4948716593053935
1.43638115E8	7308.572400388727	6964.589805675684
1.43639144E8	134.66472303206996	192.56661916923755
1.43640173E8	0.0	0.0
1.43641202E8	0.0	0.0
1.43642231E8	0.0	0.0
1.436432595E8	0.0	0.0
1.436442875E8	0.0	0.0
1.43645315E8	0.0	0.0
1.43646342E8	0.0	0.0
1.43647369E8	0.0	0.0
1.436483955E8	0.0	0.0
1.436494215E8	0.0	0.0
1.43650447E8	0.17658536585365853	0.5818389685865443
1.43651472E8	0.0	0.0
1.43652497E8	0.0	0.0
1.43653522E8	0.0	0.0
1.43654546E8	0.0	0.0
1.43655569E8	0.0	0.0
1.436565915E8	0.0	0.0
1.436576135E8	1.3894324853228963	1.9016935494880303
1.436586355E8	8.36105675146771	12.116847936402204
1.436596575E8	0.0	0.0
1.43660679E8	10.287952987267385	5.821706149210651
1.436617E8	2.7766895200783543	3.6012023239824518
1.43662721E8	0.0	0.0
1.436637415E8	345.7352941176471	270.5125726482677
1.436647615E8	0.0	0.0
1.436657815E8	0.0	0.0
1.43666801E8	0.0	0.0
1.4366782E8	0.0	0.0
1.43668839E8	0.2787046123650638	0.5279248169626654
1.43669858E8	0.0	0.0
1.43670877E8	1.0480863591756624	1.2946633119332405
1.436718955E8	50.33104125736739	77.39113654493705
1.436729135E8	0.0	0.0
1.436739315E8	0.0	0.0
1.436749495E8	0.0	0.0
1.436759665E8	0.0	0.0
1.436769825E8	0.2795275590551181	0.7043173944508145
1.436779985E8	0.0	0.0
1.43679014E8	0.0	0.0
1.43680029E8	0.0	0.0
1.436810435E8	0.0	0.0
1.436820575E8	58.44575936883629	74.2457404857419
1.436830715E8	0.0	0.0
1.436840855E8	0.21104536489151873	0.649685100477945
1.436850995E8	0.0	0.0
1.43686113E8	3.08390918065153	3.9434552224928985
1.43687126E8	0.0	0.0
1.43688139E8	0.28035538005923	0.5294859583211154
1.436891515E8	0.22134387351778656	0.49303448556117163
1.436901635E8	0.0	0.0
1.436911755E8	2.236166007905138	1.7510584038223391
1.436921875E8	33.96442687747036	35.05639161244887
1.436931995E8	19.117588932806324	17.677138492879518
1.43694211E8	0.0	0.0
1.43695222E8	56.65776458951533	58.21579793814286
1.43696233E8	0.0	0.0
1.43697244E8	0.8417408506429278	1.5847317995042693
1.436982545E8	8.220792079207921	8.546089372593551
1.436992645E8	0.0	0.0
1.437002745E8	0.0	0.0
1.437012845E8	1.0683168316831684	1.6047577775952593
1.437022935E8	0.0	0.0
1.437033015E8	0.0	0.0
1.437043095E8	0.8452380952380952	1.7627089541790095
1.43705317E8	0.0	0.0
1.43706324E8	0.0	0.0
1.437073305E8	1.2176938369781312	3.0728400421195503
1.437083365E8	2.823061630218688	4.4993924926795295
1.437093425E8	0.25944333996023855	0.5093558088019008
1.43710348E8	0.0	0.0
1.43711353E8	0.0	0.0
1.43712358E8	170.0	245.70971021012232
1.43713363E8	1186.5144278606965	1478.6779428619566
1.43714368E8	2.5233830845771146	3.2836092264821657
1.437153725E8	0.0	0.0
1.437163765E8	0.0	0.0
1.437173805E8	0.0	0.0
1.437183845E8	0.0	0.0
1.43719388E8	0.0	0.0
1.4372039E8	1.126873126873127	1.3561566425604525
1.43721391E8	0.5674325674325674	1.030018961446371
1.43722392E8	0.2837162837162837	0.6177526864517723
1.43723393E8	0.0	0.0
1.43724394E8	4.887112887112887	5.446589269013652
1.437251765E8	14.120567375886525	20.76387001193035
1.437257305E8	0.0	0.0
