#Position (bp)	insert size	chromosomes
179658.5	469.36971062484713	0.0
538974.5	508.13177728464797	42221.30915229959
898290.5	769.6833146296168	0.0
1257606.5	619.7507208472233	0.0
1616922.5	588.3729133010231	42221.30915229959
1976238.5	448.5725173558708	0.0
2335554.5	591.7140805113656	0.0
2694870.5	576.3676619854	42221.30915229959
3054186.5	691.7170371511708	0.0
3413502.5	412.4625883996391	0.0
3772818.5	749.7383386758041	42221.30915229959
4132134.5	489.3480120785103	0.0
4491450.5	395.3677294751795	0.0
4850766.5	490.1966509344169	42221.30915229959
5210082.5	556.6874550172355	0.0
5569398.5	624.6546948433244	0.0
5928714.5	1121.4671777900144	42221.30915229959
6288030.5	480.4496534794258	0.0
6647346.5	557.8042004131108	0.0
7006662.5	430.6551060762101	42221.30915229959
7365978.5	1155.3182020105628	0.0
7725294.5	503.0809790368272	0.0
8084610.5	669.1599799775565	42221.30915229959
8443926.5	806.3422468886647	0.0
8803242.5	873.1386575954508	0.0
9162558.5	462.3346732203107	42221.30915229959
9521874.5	640.4556885600895	0.0
9881190.5	384.66445652443923	0.0
1.02405065E7	422.3452157721509	42221.30915229959
1.05998225E7	533.0486071914738	0.0
1.09591385E7	481.18634513080735	0.0
1.13184545E7	415.4697032838806	42221.30915229959
1.16777705E7	473.63807921780955	0.0
1.20370865E7	809.5207203328032	0.0
1.23964025E7	2278.460489743413	42221.30915229959
1.27557185E7	674.3093240891324	0.0
1.31150345E7	479.8409218094202	0.0
1.34743505E7	464.55662576754264	42221.30915229959
1.38336665E7	401.39163683503205	0.0
1.41929825E7	756.2575365366985	0.0
1.45522985E7	967.2641812967755	42221.30915229959
1.49116145E7	1040.0239109327465	0.0
1.52709305E7	378.94135215856636	0.0
1.56302465E7	701.0044746595994	42221.30915229959
1.59895625E7	1153.838733163451	0.0
1.63488785E7	902.6425099396357	0.0
1.67081945E7	710.5079274102837	42221.30915229959
1.70675105E7	762.7666583229036	0.0
1.74268265E7	714.652119147907	0.0
1.77861425E7	4613.962218649518	42221.30915229959
1.81454585E7	1311.7812420785806	0.0
1.85047745E7	468.195617891204	0.0
1.88640905E7	544.2843135833612	42221.30915229959
1.92234065E7	595.2674039772232	0.0
1.95827225E7	649.6140277194456	0.0
1.99420385E7	2530.2305229330996	42221.30915229959
2.03013545E7	8520.097438063473	0.0
2.06606705E7	889.4972892934927	0.0
2.10199865E7	834.4960128110292	42221.30915229959
2.13793025E7	1172.5598151132897	0.0
2.17386185E7	483.2709974885451	0.0
2.20979345E7	2515.141643044047	42221.30915229959
2.24572505E7	553.8471622540746	0.0
2.28165665E7	1844.9523986473932	0.0
2.31758825E7	1225.7271855138506	42221.30915229959
2.34346265E7	479.64262205156336	0.0
2.36142845E7	10276.803418803418	0.0
2.38945145E7	2587.3206245461147	42221.30915229959
2.42538305E7	1818.8257196752236	0.0
2.46131465E7	4703.4677731435695	0.0
2.49724625E7	1966.7773331891424	42221.30915229959
2.53317785E7	17738.97622305141	0.0
2.56910945E7	3167.2248599439777	0.0
2.60504105E7	12160.770597243492	42221.30915229959
2.64097265E7	3088.0356109906	0.0
2.67690425E7	2178.1685264663806	0.0
2.71283585E7	2535.976797454931	42221.30915229959
2.74876745E7	3679.681989107884	0.0
2.78469905E7	6879.762882833539	0.0
2.82063065E7	632.1951315644263	42221.30915229959
2.85656225E7	871.3476998439568	0.0
2.89249385E7	973.0893336223951	0.0
2.92842545E7	535.5144828478008	42221.30915229959
2.96435705E7	635.6491403141232	0.0
3.00028865E7	718.1898421884539	0.0
3.03622025E7	865.3949084632224	42221.30915229959
3.07215185E7	554.3750098129007	0.0
3.10808345E7	521.6666515599225	0.0
3.14401505E7	400.5349916554081	42221.30915229959
3.17994665E7	494.9640696143673	0.0
3.21587825E7	563.8551270496765	0.0
3.25180985E7	384.9259350702441	42221.30915229959
3.28774145E7	524.8193629377124	0.0
3.32367305E7	401.46191448216587	0.0
3.35960465E7	707.6605572443042	42221.30915229959
3.39553625E7	1503.3898377610662	0.0
3.43146785E7	459.4202982997782	0.0
3.46739945E7	655.5023210723541	42221.30915229959
3.50333105E7	1010.2160491990279	0.0
3.53926265E7	432.28080631963724	0.0
3.57519425E7	1058.0902039001328	42221.30915229959
3.61112585E7	531.1192939956735	0.0
3.64705745E7	458.0620880646057	0.0
3.68298905E7	492.4477808624838	42221.30915229959
3.71892065E7	657.0207253299527	0.0
3.75485225E7	914.5609530206382	0.0
3.79078385E7	526.3713692745789	42221.30915229959
3.82671545E7	412.42542480628146	0.0
3.86264705E7	675.8683678581918	0.0
3.89857865E7	396.1500080636157	42221.30915229959
3.93451025E7	643.306602771853	0.0
3.97044185E7	613.6131867304289	0.0
4.00637345E7	497.0409617388107	42221.30915229959
4.04230505E7	381.95944160871187	0.0
4.07823665E7	844.5658678119665	0.0
4.11416825E7	401.2377717900246	42221.30915229959
4.15009985E7	463.74428195670043	0.0
4.18603145E7	582.3479720260119	0.0
4.22196305E7	638.884234862341	42221.30915229959
4.25789465E7	757.7005230001189	0.0
4.29382625E7	724.2179836186643	0.0
4.32975785E7	483.33479370275865	42221.30915229959
4.36568945E7	390.61124133367144	0.0
4.40162105E7	831.4364639744185	0.0
4.43755265E7	445.55458601557484	42221.30915229959
4.47348425E7	806.2512893318653	0.0
4.50941585E7	852.0886359775777	0.0
4.54534745E7	837.6865560519038	42221.30915229959
4.58127905E7	638.8214922697737	0.0
4.61721065E7	653.7430443031403	0.0
4.65314225E7	802.2783845391905	42221.30915229959
4.68907385E7	619.0427194954732	0.0
4.72500545E7	488.7574415057223	0.0
4.76093705E7	580.3399260331242	42221.30915229959
4.79686865E7	583.0077163854957	0.0
4.83280025E7	406.06866263434694	0.0
4.86541545E7	1497.7364245956962	42221.30915229959
4.88338125E7	5743.462068965518	0.0
4.90466345E7	442.46441615836954	0.0
4.94059505E7	771.1220605000133	42221.30915229959
4.97652665E7	592.453396857655	0.0
5.01245825E7	558.2125257301241	0.0
5.04838985E7	466.7080022666894	42221.30915229959
5.08432145E7	574.1397934737712	0.0
5.12025305E7	860.3781593112229	0.0
5.15618465E7	438.77292567048494	42221.30915229959
5.19211625E7	466.0449700033582	0.0
5.22804785E7	1081.2705285282207	0.0
5.26397945E7	579.3108633244643	42221.30915229959
5.29991105E7	741.0134977891553	0.0
5.33584265E7	736.3903341007559	0.0
5.37177425E7	393.55782718997165	42221.30915229959
5.40770585E7	849.4321662114063	0.0
5.44363745E7	561.9999707894444	0.0
5.47956905E7	435.2262152409255	42221.30915229959
5.51550065E7	462.587723963953	0.0
5.55143225E7	546.844082222843	0.0
5.58736385E7	557.8883337405326	42221.30915229959
5.62329545E7	440.5023175936084	0.0
5.65922705E7	938.782445703109	0.0
5.69515865E7	491.3958517231128	42221.30915229959
5.73109025E7	519.9888413377714	0.0
5.76702185E7	405.71838423971525	0.0
5.80295345E7	653.7941004672897	42221.30915229959
5.83888505E7	601.5931788162545	0.0
5.87481665E7	486.27231621627357	0.0
5.91074825E7	1884.2920133111481	42221.30915229959
5.94667985E7	354.4386695942378	0.0
5.98261145E7	493.2833270312138	0.0
6.01854305E7	901.3063070484727	42221.30915229959
6.05447465E7	518.2937947104531	0.0
6.09040625E7	569.1326166639698	0.0
6.12633785E7	669.7079742565735	42221.30915229959
6.16226945E7	573.7900690800043	0.0
6.19820105E7	673.9154563251983	0.0
6.23413265E7	489.17766529183854	42221.30915229959
6.27006425E7	473.212344611245	0.0
6.30599585E7	1295.3104538368266	0.0
6.34192745E7	576.3080990265355	42221.30915229959
6.37785905E7	612.7511789342306	0.0
6.41379065E7	464.33492042786327	0.0
6.44972225E7	490.0290021415674	42221.30915229959
6.48565385E7	547.8385254657467	0.0
6.52158545E7	569.5253249663828	0.0
6.55751705E7	658.5348028032628	42221.30915229959
6.59344865E7	744.647640206215	0.0
6.62938025E7	592.84485621066	0.0
6.66531185E7	493.87544076010494	42221.30915229959
6.70124345E7	593.0331164991129	0.0
6.73717505E7	492.07662116596015	0.0
6.77310665E7	490.32130139899914	42221.30915229959
6.80903825E7	849.4717406715215	0.0
6.84496985E7	475.5190817313026	0.0
6.88090145E7	569.8411927800104	42221.30915229959
6.91683305E7	557.877259231501	0.0
6.95276465E7	524.0478058868523	0.0
6.98869625E7	541.719918557124	42221.30915229959
7.02462785E7	497.97699158561903	0.0
7.06055945E7	625.7229832015738	0.0
7.09649105E7	349.51676075779136	42221.30915229959
7.13242265E7	663.9362116991643	0.0
7.16835425E7	642.6294352621535	0.0
7.20428585E7	725.624464244162	42221.30915229959
7.24021745E7	9768.918915825378	0.0
7.27614905E7	958.4363319585665	0.0
7.31208065E7	1777.9532398129593	42221.30915229959
7.34801225E7	2346.2954785446864	0.0
7.38394385E7	2085.801920909877	0.0
7.41987545E7	4068.1255291198363	42221.30915229959
7.45580705E7	18005.237537071036	0.0
7.49173865E7	6328.594825594826	0.0
7.52767025E7	4319.197769197769	42221.30915229959
7.56360185E7	8195.115885416666	0.0
7.59953345E7	1924.746410552689	0.0
7.63546505E7	32473.349110320283	42221.30915229959
7.67139665E7	1588.611230674088	0.0
7.690225E7	403.19354838709677	0.0
7.7081908E7	6216.968408960368	42221.30915229959
7.74325985E7	12670.973684210527	0.0
7.77919145E7	1610.2465408100386	0.0
7.81512305E7	7187.051058530511	42221.30915229959
7.85105465E7	2799.454415274463	0.0
7.88698625E7	3052.844372990354	0.0
7.92291785E7	2471.336448598131	42221.30915229959
7.95884945E7	2493.073151380514	0.0
7.99478105E7	1622.3071783716593	0.0
8.03071265E7	9804.742954492955	42221.30915229959
8.06664425E7	2380.341955979124	0.0
8.10257585E7	523.4899142650037	0.0
8.13850745E7	424.716542062632	42221.30915229959
8.17443905E7	577.334067567209	0.0
8.21037065E7	1025.4346822443115	0.0
8.24630225E7	542.2212270705948	42221.30915229959
8.28223385E7	608.0212702907379	0.0
8.31816545E7	645.3087161040398	0.0
8.35409705E7	415.6204213938412	42221.30915229959
8.39002865E7	1036.7713904121206	0.0
8.42596025E7	502.7744469381212	0.0
8.46189185E7	464.5315862924484	42221.30915229959
8.49782345E7	594.1725166669319	0.0
8.53375505E7	370.3974691134978	0.0
8.56968665E7	529.7180697327391	42221.30915229959
8.60561825E7	672.8447270867147	0.0
8.64154985E7	483.335623080105	0.0
8.67748145E7	462.59769105886596	42221.30915229959
8.71341305E7	601.4029038587312	0.0
8.74934465E7	481.3142713459535	0.0
8.78527625E7	457.8602999062793	42221.30915229959
8.82120785E7	467.1224979344949	0.0
8.85713945E7	1708.3796884091894	0.0
8.89307105E7	1723.982041685621	42221.30915229959
8.92900265E7	450.07728599172333	0.0
8.96493425E7	529.5075301377562	0.0
9.00086585E7	839.1515983141741	42221.30915229959
9.03679745E7	648.3867706857952	0.0
9.07272905E7	675.7129109092239	0.0
9.10866065E7	425.5709126870195	42221.30915229959
9.14459225E7	472.4735220847417	0.0
9.18052385E7	631.9586154732748	0.0
9.21645545E7	544.3184397091189	42221.30915229959
9.25238705E7	394.45992977497076	0.0
9.28831865E7	415.15946443147624	0.0
9.32425025E7	625.7037102214401	42221.30915229959
9.36018185E7	824.5186511489107	0.0
9.39611345E7	579.5488431261896	0.0
9.43204505E7	542.9893544496302	42221.30915229959
9.46797665E7	518.4747971518464	0.0
9.50390825E7	1073.0824752934461	0.0
9.53983985E7	890.8404236514156	42221.30915229959
9.57577145E7	543.9771844014599	0.0
9.61170305E7	646.822668208455	0.0
9.64763465E7	853.9524779361847	42221.30915229959
9.68356625E7	745.4148022956082	0.0
9.71949785E7	731.6434488147955	0.0
9.75542945E7	608.1182615730792	42221.30915229959
9.79136105E7	749.3097514963785	0.0
9.82729265E7	787.9093793243106	0.0
9.86322425E7	1045.6738598795343	42221.30915229959
9.89915585E7	852.7772599366866	0.0
9.93508745E7	480.2734411818229	0.0
9.97101905E7	633.7017813138069	42221.30915229959
1.000695065E8	670.366910175944	0.0
1.004288225E8	406.88408908367956	0.0
1.007881385E8	472.04864476123504	42221.30915229959
1.011474545E8	533.4791671585828	0.0
1.015067705E8	522.0544882763724	0.0
1.018660865E8	382.61845339470653	42221.30915229959
1.022254025E8	655.965498441699	0.0
1.025847185E8	442.6736221885468	0.0
1.029440345E8	459.51681819837097	42221.30915229959
1.033033505E8	1228.5815343264803	0.0
1.036626665E8	802.2771565957939	0.0
1.040219825E8	480.2582918254878	42221.30915229959
1.043812985E8	578.7415916250358	0.0
1.047406145E8	413.833513399958	0.0
1.050999305E8	703.7375330562901	42221.30915229959
1.054592465E8	651.0935808043474	0.0
1.058185625E8	780.4626882074954	0.0
1.061778785E8	436.8561873451998	42221.30915229959
1.065371945E8	484.9128902008167	0.0
1.068965105E8	630.365051007836	0.0
1.072558265E8	703.9533137568301	42221.30915229959
1.076151425E8	938.597734475086	0.0
1.079744585E8	656.6896773118167	0.0
1.083337745E8	661.2096431702657	42221.30915229959
1.086930905E8	782.5599935232786	0.0
1.089314775E8	479.0390631904551	0.0
1.091111355E8	480.5927806224641	42221.30915229959
1.094117225E8	845.6921647428537	0.0
1.097710385E8	674.9092173939202	0.0
1.101303545E8	692.0758366388108	42221.30915229959
1.10324175E8	525.4039983899102	0.0
1.10503833E8	1389.6629280029613	0.0
1.108489865E8	432.24138430428087	42221.30915229959
1.112083025E8	585.9889583030655	0.0
1.115676185E8	686.8842288067867	0.0
1.119269345E8	456.11887460607966	42221.30915229959
1.122862505E8	544.7645397039857	0.0
1.126455665E8	542.9791199909973	0.0
1.130048825E8	1050.0984867778768	42221.30915229959
1.133641985E8	1336.6087369420702	0.0
1.137235145E8	793.8596730245232	0.0
1.140828305E8	852.1433822469513	42221.30915229959
1.144421465E8	952.8059312380065	0.0
1.148014625E8	1110.2909539220218	0.0
1.151607785E8	1109.8079167250153	42221.30915229959
1.155200945E8	593.8144990976461	0.0
1.158794105E8	483.4873110940873	0.0
1.162387265E8	523.0501633657694	42221.30915229959
1.165980425E8	558.7529799584358	0.0
1.169573585E8	628.709972638297	0.0
1.173166745E8	577.7259421096974	42221.30915229959
1.176759905E8	643.7449697875786	0.0
1.180353065E8	562.296967788375	0.0
1.183946225E8	555.949675657221	42221.30915229959
1.187539385E8	671.2920727610548	0.0
1.191132545E8	1236.095081292447	0.0
1.194725705E8	686.3182830924351	42221.30915229959
1.198318865E8	407.4249424752766	0.0
1.201912025E8	559.8476215217643	0.0
1.205505185E8	1415.6126354700496	42221.30915229959
1.209098345E8	681.9164498218281	0.0
1.212691505E8	755.9473714851255	0.0
1.216284665E8	516.9297492793103	42221.30915229959
1.219877825E8	601.5183771935687	0.0
1.223470985E8	364.48163713644396	0.0
1.227064145E8	1079.9639275179097	42221.30915229959
1.230657305E8	1023.9429453617935	0.0
1.234250465E8	452.2431070303599	0.0
1.237843625E8	701.8781499123825	42221.30915229959
1.241436785E8	756.302590589135	0.0
1.245029945E8	784.0858279119027	0.0
1.248623105E8	1113.4393349403547	42221.30915229959
1.252216265E8	1919.3141429100333	0.0
1.255809425E8	435.6020380105135	0.0
1.259402585E8	410.6732515224211	42221.30915229959
1.262995745E8	530.572984978387	0.0
1.266588905E8	603.2500924436556	0.0
1.270182065E8	480.76984222497686	42221.30915229959
1.273775225E8	1037.6930906649334	0.0
1.277368385E8	593.1357458036764	0.0
1.280961545E8	554.1934524829501	42221.30915229959
1.284554705E8	750.9941490528779	0.0
1.288147865E8	543.2500242530074	0.0
1.291741025E8	919.0234713083767	42221.30915229959
1.295334185E8	626.0491544036898	0.0
1.298927345E8	380.83690241841333	0.0
1.302520505E8	588.1222561736093	42221.30915229959
1.306113665E8	627.5924193572802	0.0
1.309706825E8	648.6190034927649	0.0
1.313299985E8	879.0913819071825	42221.30915229959
1.316893145E8	1013.7775126972219	0.0
1.320486305E8	1105.3099045782492	0.0
1.324079465E8	2150.738647189584	42221.30915229959
1.327672625E8	558.7335359020774	0.0
1.331265785E8	945.1880439435012	0.0
1.334858945E8	1080.3167868807839	42221.30915229959
1.337730805E8	1183.7034486869952	0.0
1.339527385E8	3865.854051054384	0.0
1.342045265E8	21034.480537974683	42221.30915229959
1.345638425E8	42221.30915229959	0.0
1.349231585E8	14964.426848874598	0.0
1.352824745E8	4573.720240295748	42221.30915229959
1.356417905E8	2350.9384594606763	0.0
1.360011065E8	8643.864693877551	0.0
1.363604225E8	7168.480588440111	42221.30915229959
1.367197385E8	18928.019077646557	0.0
1.370790545E8	3424.0986771314642	0.0
1.374033365E8	497.3766583004661	42221.30915229959
1.375577225E8	261.02510936525414	0.0
1.375927565E8	3314.3052479537796	0.0
1.376371405E8	457.3518987341772	42221.30915229959
1.37699935E8	465.30797101449275	0.0
1.37786751E8	279.65372670807454	0.0
1.37868371E8	1505.8970901601374	42221.30915229959
1.37942101E8	389.0343392299688	0.0
1.37980213E8	341.8008658008658	0.0
1.38019627E8	323.8488372093023	42221.30915229959
1.38089538E8	1316.9319727891157	0.0
1.38156123E8	1912.0690051753882	0.0
1.382206275E8	587.160621761658	42221.30915229959
1.38280805E8	549.0223048327138	0.0
1.38323179E8	160.0	0.0
1.383484915E8	180.5	42221.30915229959
1.38384028E8	1283.1767554479418	0.0
1.384312265E8	2082.730769230769	0.0
1.384772795E8	984.3333333333334	42221.30915229959
1.38522045E8	588.4981751824818	0.0
1.385663025E8	403.650539201399	0.0
1.38610046E8	3788.3846153846152	42221.30915229959
1.38651258E8	1345.120253164557	0.0
1.386833775E8	617.643216080402	0.0
1.387019305E8	609.6111111111111	42221.30915229959
1.38726341E8	447.0	0.0
1.387630385E8	299.20304568527916	0.0
1.3879854E8	837.2772727272727	42221.30915229959
1.3883298E8	605.6981132075472	0.0
1.388668195E8	205.0	0.0
1.389001375E8	1971.2239583333333	42221.30915229959
1.389325255E8	273.1115058759224	0.0
1.38963047E8	273.3478260869565	0.0
1.38991991E8	610.975	42221.30915229959
1.390198715E8	242.97058823529412	0.0
1.39044446E8	251.64741641337386	0.0
1.390581695E8	184.625	42221.30915229959
1.39074104E8	519.6666666666666	0.0
1.391000815E8	272.0810810810811	0.0
1.39125904E8	1404.7099236641222	42221.30915229959
1.391516555E8	522.1165048543689	0.0
1.391772845E8	279.33290322580643	0.0
1.39202833E8	2960.989010989011	42221.30915229959
1.39227853E8	0.0	0.0
1.392522945E8	1391.699214365881	0.0
1.392761035E8	0.0	42221.30915229959
1.392991635E8	0.0	0.0
1.393219065E8	295.875	0.0
1.39344169E8	258.02119205298015	42221.30915229959
1.393656665E8	0.0	0.0
1.39386585E8	695.3496143958869	0.0
1.394057875E8	207.0	42221.30915229959
1.394157655E8	187.33333333333334	0.0
1.39426072E8	1085.8275862068965	0.0
1.394433E8	260.0	42221.30915229959
1.394591395E8	348.0	0.0
1.39474609E8	0.0	0.0
1.394898515E8	195.5	42221.30915229959
1.39504877E8	272.40845070422534	0.0
1.39519712E8	210.25	0.0
1.39534307E8	0.0	42221.30915229959
1.39548658E8	308.6666666666667	0.0
1.395628065E8	304.0	0.0
1.395768695E8	278.85714285714283	42221.30915229959
1.395908865E8	0.0	0.0
1.396048595E8	300.84615384615387	0.0
1.39618797E8	247.4	42221.30915229959
1.396327175E8	266.22222222222223	0.0
1.39646447E8	166.0	0.0
1.39659998E8	274.4203296703297	42221.30915229959
1.39673523E8	0.0	0.0
1.39687001E8	245.28571428571428	0.0
1.39700456E8	294.0	42221.30915229959
1.397138915E8	0.0	0.0
1.397272965E8	0.0	0.0
1.39740652E8	239.75	42221.30915229959
1.397539385E8	0.0	0.0
1.397671835E8	318.3	0.0
1.397738625E8	0.0	42221.30915229959
1.39780441E8	304.41379310344826	0.0
1.397935115E8	226.33333333333334	0.0
1.39806605E8	0.0	42221.30915229959
1.398195725E8	271.26701570680626	0.0
1.398324245E8	0.0	0.0
1.39845262E8	262.4	42221.30915229959
1.398580325E8	214.0	0.0
1.3987073E8	246.0	0.0
1.398833975E8	0.0	42221.30915229959
1.398960405E8	732.2674418604652	0.0
1.399086725E8	0.0	0.0
1.399212565E8	280.3333333333333	42221.30915229959
1.39933781E8	366.4514934584053	0.0
1.39946267E8	258.5	0.0
1.399587085E8	294.38461538461536	42221.30915229959
1.399711325E8	0.0	0.0
1.39983544E8	285.14285714285717	0.0
1.399959275E8	271.39629629629627	42221.30915229959
1.400082885E8	233.9047619047619	0.0
1.40020559E8	241.0	0.0
1.400327265E8	198.0	42221.30915229959
1.400448715E8	0.0	0.0
1.4005699E8	0.0	0.0
1.400690545E8	0.0	42221.30915229959
1.40081085E8	228.0	0.0
1.400930995E8	300.77777777777777	0.0
1.40105101E8	480.0	42221.30915229959
1.40117094E8	262.1666666666667	0.0
1.401281635E8	0.0	0.0
1.40134155E8	0.0	42221.30915229959
1.401410485E8	252.765625	0.0
1.40153003E8	265.15384615384613	0.0
1.40164882E8	0.0	42221.30915229959
1.40176667E8	287.0	0.0
1.4018842E8	369.35409898719666	0.0
1.40200076E8	261.88461538461536	42221.30915229959
1.402116215E8	0.0	0.0
1.402231315E8	198.0	0.0
1.402345955E8	295.5	42221.30915229959
1.402459205E8	210.0	0.0
1.402571045E8	0.0	0.0
1.402682415E8	0.0	42221.30915229959
1.4027885E8	289.6738816738817	0.0
1.40288828E8	226.9	0.0
1.402984445E8	0.0	42221.30915229959
1.40307799E8	0.0	0.0
1.403166425E8	289.0	0.0
1.40324819E8	0.0	42221.30915229959
1.403326835E8	259.25	0.0
1.403402015E8	0.0	0.0
1.4034742E8	0.0	42221.30915229959
1.40354483E8	425.5	0.0
1.403614525E8	285.87857142857143	0.0
1.403683705E8	269.3558282208589	42221.30915229959
1.403752505E8	257.5692307692308	0.0
1.403821105E8	352.0	0.0
1.40388953E8	256.65	42221.30915229959
1.403957145E8	0.0	0.0
1.404023365E8	250.0	0.0
1.404088075E8	219.66666666666666	42221.30915229959
1.404151525E8	209.66666666666666	0.0
1.40421418E8	294.7142857142857	0.0
1.40427633E8	270.19383259911893	42221.30915229959
1.404337675E8	246.6315789473684	0.0
1.404398365E8	0.0	0.0
1.40445888E8	251.5164835164835	42221.30915229959
1.404519085E8	0.0	0.0
1.404579005E8	338.0	0.0
1.404638765E8	248.23287671232876	42221.30915229959
1.404698365E8	200.75	0.0
1.4047577E8	273.0	0.0
1.40481673E8	247.81724137931033	42221.30915229959
1.404875345E8	0.0	0.0
1.404915035E8	0.0	0.0
1.404943895E8	0.0	42221.30915229959
1.404990715E8	220.0	0.0
1.405047025E8	365.5666423889293	0.0
1.40510262E8	0.0	42221.30915229959
1.405157995E8	258.5925925925926	0.0
1.40521292E8	264.0	0.0
1.40526756E8	285.81569560047564	42221.30915229959
1.40532181E8	0.0	0.0
1.40537566E8	265.3206278026906	0.0
1.405429375E8	268.0	42221.30915229959
1.405482795E8	0.0	0.0
1.40553603E8	0.0	0.0
1.405589225E8	274.625	42221.30915229959
1.40564221E8	0.0	0.0
1.405694775E8	275.0	0.0
1.40574688E8	286.0	42221.30915229959
1.405798735E8	256.8333333333333	0.0
1.405850135E8	235.75	0.0
1.40590093E8	0.0	42221.30915229959
1.405951535E8	0.0	0.0
1.40600212E8	0.0	0.0
1.406052535E8	0.0	42221.30915229959
1.406102665E8	262.68	0.0
1.406152645E8	264.0	0.0
1.406202595E8	270.4	42221.30915229959
1.406252495E8	337.0	0.0
1.40630226E8	333.0	0.0
1.40635179E8	0.0	42221.30915229959
1.40640115E8	0.0	0.0
1.4064504E8	415.0	0.0
1.4064995E8	282.12035225048925	42221.30915229959
1.406548455E8	0.0	0.0
1.40659729E8	193.0472972972973	0.0
1.40664601E8	328.4	42221.30915229959
1.406694435E8	979.0	0.0
1.40674261E8	0.0	0.0
1.40679061E8	274.8181818181818	42221.30915229959
1.40683806E8	0.0	0.0
1.40688509E8	0.0	0.0
1.406931635E8	146.0	42221.30915229959
1.40697758E8	0.0	0.0
1.40702335E8	0.0	0.0
1.40706898E8	0.0	42221.30915229959
1.40711432E8	143.0	0.0
1.40715925E8	428.3076923076923	0.0
1.40720393E8	230.6	42221.30915229959
1.407248515E8	0.0	0.0
1.407292955E8	256.0	0.0
1.407337135E8	0.0	42221.30915229959
1.40738111E8	0.0	0.0
1.40742499E8	0.0	0.0
1.407468785E8	0.0	42221.30915229959
1.40751256E8	0.0	0.0
1.407556295E8	0.0	0.0
1.40759995E8	177.75	42221.30915229959
1.407643435E8	256.0	0.0
1.407686665E8	271.15909090909093	0.0
1.407729765E8	268.6307692307692	42221.30915229959
1.40777284E8	0.0	0.0
1.40781584E8	272.8556034482759	0.0
1.40785876E8	298.63733333333334	42221.30915229959
1.40790157E8	0.0	0.0
1.407944295E8	257.0	0.0
1.407986935E8	0.0	42221.30915229959
1.40802937E8	0.0	0.0
1.40807165E8	302.0	0.0
1.408113885E8	0.0	42221.30915229959
1.408156105E8	232.0909090909091	0.0
1.408198225E8	386.14285714285717	0.0
1.40824022E8	273.6666666666667	42221.30915229959
1.408282145E8	294.45454545454544	0.0
1.408324E8	278.0	0.0
1.408365825E8	0.0	42221.30915229959
1.40840755E8	0.0	0.0
1.408449115E8	0.0	0.0
1.40849054E8	0.0	42221.30915229959
1.40851497E8	0.0	0.0
1.408535395E8	225.0	0.0
1.40857247E8	0.0	42221.30915229959
1.408613235E8	255.0	0.0
1.40865389E8	299.3333333333333	0.0
1.408694335E8	0.0	42221.30915229959
1.40873455E8	150.0	0.0
1.408774675E8	0.0	0.0
1.408814765E8	319.5	42221.30915229959
1.40885475E8	276.2142857142857	0.0
1.408894625E8	206.5	0.0
1.408934395E8	213.16666666666666	42221.30915229959
1.408974065E8	140.0	0.0
1.409013685E8	353.9047619047619	0.0
1.409053235E8	282.69767441860466	42221.30915229959
1.40909269E8	0.0	0.0
1.409132055E8	0.0	0.0
1.409171345E8	259.0	42221.30915229959
1.409210595E8	248.88888888888889	0.0
1.40924982E8	0.0	0.0
1.40928899E8	0.0	42221.30915229959
1.40932812E8	0.0	0.0
1.409367215E8	295.625	0.0
1.4094061E8	0.0	42221.30915229959
1.409444775E8	251.97058823529412	0.0
1.409483385E8	283.33435582822085	0.0
1.409521765E8	0.0	42221.30915229959
1.40955989E8	288.23595505617976	0.0
1.409597955E8	0.0	0.0
1.409636015E8	231.14285714285714	42221.30915229959
1.40967392E8	0.0	0.0
1.40971157E8	281.57142857142856	0.0
1.40974907E8	278.75	42221.30915229959
1.40978648E8	0.0	0.0
1.409823815E8	278.5	0.0
1.40986105E8	162.33333333333334	42221.30915229959
1.409898215E8	232.66666666666666	0.0
1.40993536E8	0.0	0.0
1.409972465E8	0.0	42221.30915229959
1.41000941E8	0.0	0.0
1.410046115E8	240.7	0.0
1.410082665E8	211.0	42221.30915229959
1.41011916E8	0.0	0.0
1.410155645E8	0.0	0.0
1.410192115E8	0.0	42221.30915229959
1.410228535E8	246.16666666666666	0.0
1.410264835E8	274.0	0.0
1.410301055E8	0.0	42221.30915229959
1.41033718E8	333.6875	0.0
1.41037321E8	0.0	0.0
1.410409235E8	0.0	42221.30915229959
1.41044521E8	0.0	0.0
1.410481085E8	0.0	0.0
1.410516865E8	0.0	42221.30915229959
1.41055252E8	279.0	0.0
1.410588075E8	278.0921985815603	0.0
1.41062361E8	258.4	42221.30915229959
1.41065914E8	875.0	0.0
1.41069467E8	249.02564102564102	0.0
1.41073012E8	273.63157894736844	42221.30915229959
1.41076544E8	141.0	0.0
1.41080071E8	255.0	0.0
1.41083596E8	0.0	42221.30915229959
1.41087117E8	0.0	0.0
1.41090628E8	0.0	0.0
1.410941305E8	279.3132434575734	42221.30915229959
1.41097631E8	276.5208333333333	0.0
1.411011295E8	0.0	0.0
1.411046235E8	243.6	42221.30915229959
1.411081075E8	0.0	0.0
1.41111585E8	0.0	0.0
1.4111506E8	0.0	42221.30915229959
1.411185295E8	256.1860465116279	0.0
1.41121994E8	0.0	0.0
1.411254545E8	283.19736842105266	42221.30915229959
1.411289005E8	245.0	0.0
1.411323185E8	0.0	0.0
1.411357175E8	0.0	42221.30915229959
1.4113911E8	264.0	0.0
1.411424975E8	289.0	0.0
1.41145878E8	334.0	42221.30915229959
1.411492525E8	285.3954648526077	0.0
1.41152626E8	406.2631578947368	0.0
1.41155995E8	288.0	42221.30915229959
1.411593515E8	346.0	0.0
1.41162699E8	248.5	0.0
1.41166043E8	329.0	42221.30915229959
1.4116937E8	0.0	0.0
1.411726805E8	157.66666666666666	0.0
1.411759855E8	0.0	42221.30915229959
1.41179286E8	226.75	0.0
1.411825805E8	0.0	0.0
1.411858675E8	227.5	42221.30915229959
1.41189148E8	0.0	0.0
1.41192424E8	244.0	0.0
1.411956955E8	334.5	42221.30915229959
1.411989605E8	194.0	0.0
1.41202221E8	334.0	0.0
1.4120548E8	314.43338480977116	42221.30915229959
1.412087365E8	0.0	0.0
1.41210776E8	0.0	0.0
1.41212402E8	0.0	42221.30915229959
1.412152325E8	0.0	0.0
1.41218463E8	296.0	0.0
1.41221688E8	225.0	42221.30915229959
1.412249085E8	255.25688073394497	0.0
1.41228124E8	326.0	0.0
1.41231335E8	848.0	42221.30915229959
1.412345425E8	288.4	0.0
1.41237746E8	0.0	0.0
1.41240947E8	0.0	42221.30915229959
1.41244146E8	0.0	0.0
1.412473425E8	397.6666666666667	0.0
1.41250538E8	258.8154170430593	42221.30915229959
1.412537305E8	263.3563902885937	0.0
1.412569125E8	0.0	0.0
1.41260086E8	246.0	42221.30915229959
1.41263258E8	285.0	0.0
1.412664245E8	0.0	0.0
1.41269585E8	0.0	42221.30915229959
1.41272743E8	0.0	0.0
1.412758995E8	0.0	0.0
1.412790545E8	270.75	42221.30915229959
1.412822035E8	0.0	0.0
1.4128534E8	295.96676737160124	0.0
1.41288466E8	0.0	42221.30915229959
1.41291589E8	0.0	0.0
1.412947105E8	188.0	0.0
1.412978215E8	305.6666666666667	42221.30915229959
1.413009225E8	0.0	0.0
1.413040225E8	238.78571428571428	0.0
1.41307117E8	0.0	42221.30915229959
1.41310204E8	237.57894736842104	0.0
1.413132865E8	0.0	0.0
1.413163665E8	45.0	42221.30915229959
1.41319445E8	261.7586206896552	0.0
1.413225215E8	171.57834757834758	0.0
1.41325596E8	0.0	42221.30915229959
1.41328669E8	206.66666666666666	0.0
1.41331738E8	233.0	0.0
1.413348E8	0.0	42221.30915229959
1.413378585E8	251.4537037037037	0.0
1.413409105E8	319.2857142857143	0.0
1.413439555E8	0.0	42221.30915229959
1.41346999E8	0.0	0.0
1.41350033E8	0.0	0.0
1.413530575E8	304.0	42221.30915229959
1.41356076E8	435.0	0.0
1.413590875E8	0.0	0.0
1.41362097E8	0.0	42221.30915229959
1.413651025E8	0.0	0.0
1.41368103E8	744.0	0.0
1.41371102E8	235.34146341463415	42221.30915229959
1.413740995E8	263.8	0.0
1.41377093E8	223.75	0.0
1.413800805E8	260.6666666666667	42221.30915229959
1.413830635E8	279.2857142857143	0.0
1.413860455E8	278.7	0.0
1.41389022E8	345.77777777777777	42221.30915229959
1.413919895E8	0.0	0.0
1.4139495E8	0.0	0.0
1.413979065E8	0.0	42221.30915229959
1.41400857E8	0.0	0.0
1.41403801E8	0.0	0.0
1.41406741E8	270.1666666666667	42221.30915229959
1.41409678E8	0.0	0.0
1.414126105E8	0.0	0.0
1.41415538E8	270.0127388535032	42221.30915229959
1.414184645E8	0.0	0.0
1.414213895E8	157.5	0.0
1.414243125E8	285.7487684729064	42221.30915229959
1.414272345E8	280.8987341772152	0.0
1.41430155E8	0.0	0.0
1.414330725E8	173.54744525547446	42221.30915229959
1.414359875E8	421.0	0.0
1.414389E8	236.3469387755102	0.0
1.414418105E8	0.0	42221.30915229959
1.41444718E8	279.46666666666664	0.0
1.414476225E8	240.82339449541286	0.0
1.41450526E8	0.0	42221.30915229959
1.41453427E8	306.0304693933571	0.0
1.41456323E8	309.5	0.0
1.41459214E8	215.5	42221.30915229959
1.414621005E8	275.96153846153845	0.0
1.414649835E8	301.75821414766136	0.0
1.414678655E8	0.0	42221.30915229959
1.414707475E8	269.0	0.0
1.41473629E8	334.90909090909093	0.0
1.41476508E8	0.0	42221.30915229959
1.414793845E8	284.3939393939394	0.0
1.41482258E8	0.0	0.0
1.414851235E8	0.0	42221.30915229959
1.414879835E8	185.0	0.0
1.414908425E8	0.0	0.0
1.41493699E8	252.0	42221.30915229959
1.41496551E8	287.4172380019589	0.0
1.414993995E8	0.0	0.0
1.415022465E8	230.0	42221.30915229959
1.415050915E8	0.0	0.0
1.41507934E8	0.0	0.0
1.415107725E8	1631.0	42221.30915229959
1.415136075E8	0.0	0.0
1.41516441E8	0.0	0.0
1.415192725E8	0.0	42221.30915229959
1.41522102E8	0.0	0.0
1.415249305E8	1473.5	0.0
1.41527757E8	232.5	42221.30915229959
1.41530581E8	0.0	0.0
1.415334035E8	0.0	0.0
1.415362255E8	0.0	42221.30915229959
1.415390465E8	0.0	0.0
1.41541866E8	0.0	0.0
1.41544683E8	337.9387755102041	42221.30915229959
1.415474975E8	0.0	0.0
1.4155031E8	0.0	0.0
1.415531175E8	0.0	42221.30915229959
1.41555919E8	285.8333333333333	0.0
1.415587165E8	0.0	0.0
1.41561512E8	0.0	42221.30915229959
1.41564307E8	253.75	0.0
1.415671015E8	0.0	0.0
1.415695015E8	273.5079365079365	42221.30915229959
1.41570898E8	251.6	0.0
1.41572688E8	0.0	0.0
1.4157548E8	0.0	42221.30915229959
1.415782705E8	226.3125	0.0
1.415810595E8	0.0	0.0
1.41583847E8	262.1111111111111	42221.30915229959
1.415866325E8	0.0	0.0
1.41589416E8	298.17091295116774	0.0
1.41592198E8	0.0	42221.30915229959
1.41594971E8	200.0	0.0
1.415977345E8	214.5	0.0
1.41600491E8	169.0	42221.30915229959
1.416032415E8	0.0	0.0
1.41605989E8	321.2	0.0
1.416087335E8	281.0	42221.30915229959
1.416114735E8	0.0	0.0
1.41614208E8	195.33333333333334	0.0
1.416169385E8	263.8359469240048	42221.30915229959
1.41619657E8	293.51785714285717	0.0
1.416223655E8	0.0	0.0
1.41625071E8	243.5	42221.30915229959
1.416277715E8	0.0	0.0
1.41630469E8	0.0	0.0
1.416331645E8	294.8687381103361	42221.30915229959
1.41635856E8	0.0	0.0
1.416385445E8	258.625	0.0
1.416412325E8	0.0	42221.30915229959
1.416439195E8	247.9387755102041	0.0
1.41646598E8	307.17241379310343	0.0
1.416492685E8	0.0	42221.30915229959
1.41651938E8	267.5	0.0
1.416546065E8	0.0	0.0
1.41657273E8	276.0551248923342	42221.30915229959
1.416599375E8	0.0	0.0
1.41662593E8	262.3611111111111	0.0
1.416652385E8	0.0	42221.30915229959
1.416678815E8	288.14806201550385	0.0
1.41670523E8	0.0	0.0
1.41673163E8	0.0	42221.30915229959
1.41675801E8	0.0	0.0
1.416784375E8	271.1276595744681	0.0
1.41681073E8	0.0	42221.30915229959
1.41683705E8	252.0	0.0
1.416863335E8	250.66666666666666	0.0
1.416889605E8	0.0	42221.30915229959
1.416915825E8	0.0	0.0
1.416942E8	260.0	0.0
1.416968145E8	0.0	42221.30915229959
1.41699426E8	0.0	0.0
1.41702034E8	0.0	0.0
1.41704638E8	0.0	42221.30915229959
1.41707241E8	278.46153846153845	0.0
1.41709838E8	0.0	0.0
1.417124275E8	271.0	42221.30915229959
1.417150135E8	0.0	0.0
1.41717597E8	112.0	0.0
1.41720177E8	0.0	42221.30915229959
1.41722754E8	0.0	0.0
1.417253305E8	164.41176470588235	0.0
1.41727906E8	213.0	42221.30915229959
1.41730481E8	0.0	0.0
1.41733056E8	178.5	0.0
1.417356305E8	285.14285714285717	42221.30915229959
1.417382025E8	0.0	0.0
1.4174077E8	216.75	0.0
1.41743333E8	0.0	42221.30915229959
1.41745892E8	0.0	0.0
1.417484485E8	0.0	0.0
1.41751004E8	237.0597014925373	42221.30915229959
1.41753556E8	163.0	0.0
1.41756104E8	388.9952761627907	0.0
1.41758648E8	207.0	42221.30915229959
1.41761189E8	183.0	0.0
1.417637275E8	0.0	0.0
1.4176626E8	0.0	42221.30915229959
1.41768789E8	0.0	0.0
1.417713145E8	0.0	0.0
1.41773836E8	274.7919075144509	42221.30915229959
1.41776357E8	0.0	0.0
1.417788775E8	0.0	0.0
1.417813975E8	282.2352941176471	42221.30915229959
1.41783916E8	272.9072847682119	0.0
1.417864325E8	0.0	0.0
1.41788946E8	241.35714285714286	42221.30915229959
1.41791457E8	231.65352697095435	0.0
1.417939675E8	0.0	0.0
1.417964765E8	0.0	42221.30915229959
1.41798983E8	0.0	0.0
1.418014855E8	0.0	0.0
1.41803981E8	275.3893805309734	42221.30915229959
1.4180647E8	212.0	0.0
1.41808953E8	298.0	0.0
1.41811431E8	285.39846416382255	42221.30915229959
1.418139075E8	256.60493827160496	0.0
1.41816383E8	0.0	0.0
1.41818857E8	0.0	42221.30915229959
1.418213285E8	0.0	0.0
1.418237955E8	258.0	0.0
1.41826259E8	260.3666666666667	42221.30915229959
1.418287215E8	0.0	0.0
1.41831178E8	201.0	0.0
1.41833627E8	240.14285714285714	42221.30915229959
1.418360715E8	0.0	0.0
1.41838512E8	0.0	0.0
1.418409505E8	234.25	42221.30915229959
1.418433885E8	0.0	0.0
1.418458265E8	267.6875	0.0
1.41848263E8	0.0	42221.30915229959
1.418506975E8	0.0	0.0
1.418531305E8	0.0	0.0
1.41855562E8	0.0	42221.30915229959
1.41857992E8	228.8	0.0
1.418604205E8	272.64285714285717	0.0
1.41862847E8	0.0	42221.30915229959
1.41865272E8	0.0	0.0
1.41867695E8	240.0	0.0
1.41870116E8	258.6842105263158	42221.30915229959
1.418725365E8	0.0	0.0
1.41874956E8	0.0	0.0
1.41877374E8	0.0	42221.30915229959
1.41879789E8	0.0	0.0
1.418822015E8	0.0	0.0
1.418846075E8	0.0	42221.30915229959
1.418870045E8	0.0	0.0
1.418893965E8	279.7391304347826	0.0
1.418917865E8	0.0	42221.30915229959
1.41894176E8	655.0	0.0
1.41896563E8	262.0	0.0
1.41898948E8	0.0	42221.30915229959
1.41901333E8	279.56944444444446	0.0
1.419037175E8	305.45736828709596	0.0
1.41906101E8	273.20588235294116	42221.30915229959
1.41908484E8	267.0491452991453	0.0
1.419108665E8	258.5	0.0
1.41913248E8	0.0	42221.30915229959
1.41915629E8	280.1574117647059	0.0
1.41918009E8	258.5982905982906	0.0
1.41920388E8	257.9	42221.30915229959
1.419227665E8	0.0	0.0
1.41925143E8	0.0	0.0
1.419275165E8	0.0	42221.30915229959
1.419292615E8	257.42857142857144	0.0
1.41930446E8	0.0	0.0
1.419322555E8	0.0	42221.30915229959
1.419346225E8	0.0	0.0
1.41936987E8	0.0	0.0
1.41939347E8	0.0	42221.30915229959
1.41941703E8	264.0	0.0
1.419440575E8	0.0	0.0
1.41946411E8	0.0	42221.30915229959
1.419487635E8	0.0	0.0
1.419511115E8	0.0	0.0
1.419534545E8	0.0	42221.30915229959
1.419557965E8	264.98275862068965	0.0
1.41958135E8	0.0	0.0
1.419604675E8	233.3913043478261	42221.30915229959
1.419627965E8	0.0	0.0
1.419651245E8	298.9637426900585	0.0
1.419674515E8	280.8908706166868	42221.30915229959
1.41969777E8	0.0	0.0
1.419721005E8	237.0	0.0
1.419744205E8	0.0	42221.30915229959
1.41976738E8	0.0	0.0
1.419790505E8	306.3225806451613	0.0
1.41981358E8	0.0	42221.30915229959
1.419836635E8	275.04407713498625	0.0
1.41985967E8	265.59550561797755	0.0
1.41988266E8	254.4	42221.30915229959
1.4199056E8	0.0	0.0
1.41992852E8	256.5	0.0
1.41995142E8	0.0	42221.30915229959
1.4199743E8	0.0	0.0
1.419997165E8	0.0	0.0
1.420020015E8	272.6666666666667	42221.30915229959
1.42004285E8	0.0	0.0
1.420065675E8	0.0	0.0
1.42008845E8	0.0	42221.30915229959
1.420111165E8	268.9375	0.0
1.42013386E8	0.0	0.0
1.420156535E8	0.0	42221.30915229959
1.42017916E8	0.0	0.0
1.42020175E8	0.0	0.0
1.42022431E8	0.0	42221.30915229959
1.420246815E8	0.0	0.0
1.42026929E8	243.0	0.0
1.42029171E8	338.0	42221.30915229959
1.420314065E8	251.0	0.0
1.420336395E8	204.0	0.0
1.420358715E8	267.7382075471698	42221.30915229959
1.420381015E8	0.0	0.0
1.42040329E8	353.0	0.0
1.42042554E8	0.0	42221.30915229959
1.42044776E8	0.0	0.0
1.420469965E8	0.0	0.0
1.42049215E8	0.0	42221.30915229959
1.420514315E8	0.0	0.0
1.420536445E8	0.0	0.0
1.42055854E8	0.0	42221.30915229959
1.42058062E8	0.0	0.0
1.420602685E8	264.3174061433447	0.0
1.42062474E8	0.0	42221.30915229959
1.42064677E8	0.0	0.0
1.420668775E8	0.0	0.0
1.420690765E8	0.0	42221.30915229959
1.420712745E8	0.0	0.0
1.420734715E8	0.0	0.0
1.420756655E8	0.0	42221.30915229959
1.420778565E8	271.38726790450926	0.0
1.42080046E8	0.0	0.0
1.42082235E8	0.0	42221.30915229959
1.42084423E8	0.0	0.0
1.42086609E8	0.0	0.0
1.4208879E8	0.0	42221.30915229959
1.420909665E8	0.0	0.0
1.42093141E8	313.0	0.0
1.420953105E8	0.0	42221.30915229959
1.42097474E8	0.0	0.0
1.42099635E8	0.0	0.0
1.42101794E8	280.875	42221.30915229959
1.42103946E8	168.0	0.0
1.42106089E8	0.0	0.0
1.421082245E8	0.0	42221.30915229959
1.42110355E8	0.0	0.0
1.421124825E8	0.0	0.0
1.421146075E8	265.0	42221.30915229959
1.421167315E8	276.38461538461536	0.0
1.42118853E8	259.82608695652175	0.0
1.42120971E8	249.75	42221.30915229959
1.421230865E8	0.0	0.0
1.421252E8	0.0	0.0
1.42127313E8	0.0	42221.30915229959
1.42129426E8	0.0	0.0
1.421315385E8	0.0	0.0
1.42133649E8	0.0	42221.30915229959
1.421357575E8	0.0	0.0
1.42137864E8	257.0	0.0
1.42139969E8	234.8181818181818	42221.30915229959
1.42142073E8	0.0	0.0
1.421441755E8	313.0	0.0
1.421462745E8	0.0	42221.30915229959
1.421483705E8	288.0	0.0
1.421504655E8	0.0	0.0
1.421525595E8	0.0	42221.30915229959
1.421546525E8	295.2	0.0
1.421567435E8	271.8888888888889	0.0
1.42158833E8	0.0	42221.30915229959
1.421609215E8	324.5	0.0
1.42163009E8	228.88235294117646	0.0
1.42165096E8	0.0	42221.30915229959
1.421671825E8	174.25	0.0
1.421692675E8	0.0	0.0
1.4217135E8	263.65625	42221.30915229959
1.4217343E8	0.0	0.0
1.42175509E8	0.0	0.0
1.421775875E8	0.0	42221.30915229959
1.421796645E8	274.8181818181818	0.0
1.421817365E8	371.0	0.0
1.421838025E8	262.633423180593	42221.30915229959
1.42185866E8	336.0	0.0
1.42187929E8	316.03333333333336	0.0
1.421899915E8	298.25	42221.30915229959
1.421920525E8	0.0	0.0
1.421941125E8	0.0	0.0
1.421961725E8	212.5	42221.30915229959
1.42198232E8	237.0	0.0
1.422002865E8	234.0	0.0
1.422023345E8	0.0	42221.30915229959
1.422043795E8	0.0	0.0
1.42206423E8	207.0	0.0
1.42208462E8	0.0	42221.30915229959
1.42210496E8	249.0	0.0
1.42212529E8	0.0	0.0
1.422145605E8	0.0	42221.30915229959
1.42216589E8	256.9922480620155	0.0
1.42218613E8	0.0	0.0
1.422206335E8	113.0	42221.30915229959
1.42222652E8	171.0	0.0
1.422246675E8	0.0	0.0
1.422266795E8	228.0	42221.30915229959
1.42228689E8	0.0	0.0
1.422306975E8	262.3333333333333	0.0
1.422327045E8	0.0	42221.30915229959
1.422347105E8	761.0	0.0
1.42236716E8	333.6363636363636	0.0
1.42238721E8	248.33333333333334	42221.30915229959
1.422407225E8	0.0	0.0
1.422427205E8	334.4166666666667	0.0
1.422447185E8	0.0	42221.30915229959
1.42246715E8	0.0	0.0
1.42248709E8	0.0	0.0
1.422507005E8	0.0	42221.30915229959
1.422526905E8	254.1883116883117	0.0
1.422546795E8	305.3333333333333	0.0
1.422566665E8	0.0	42221.30915229959
1.422586525E8	0.0	0.0
1.422606355E8	0.0	0.0
1.422626145E8	0.0	42221.30915229959
1.422645915E8	263.3333333333333	0.0
1.422665675E8	309.0	0.0
1.42268543E8	305.8333333333333	42221.30915229959
1.422705175E8	268.0	0.0
1.422724895E8	0.0	0.0
1.422744575E8	260.25	42221.30915229959
1.422764235E8	427.0	0.0
1.422783895E8	0.0	0.0
1.422803545E8	0.0	42221.30915229959
1.42282318E8	257.09555574084885	0.0
1.422842805E8	0.0	0.0
1.422862425E8	270.2142857142857	42221.30915229959
1.4228818E8	238.66666666666666	0.0
1.42289161E8	0.0	0.0
1.42290166E8	0.0	42221.30915229959
1.42292127E8	0.0	0.0
1.42294088E8	0.0	0.0
1.422960465E8	0.0	42221.30915229959
1.422980025E8	297.05940594059405	0.0
1.42299954E8	0.0	0.0
1.42301901E8	228.5	42221.30915229959
1.42303848E8	263.0	0.0
1.423057945E8	229.5	0.0
1.4230774E8	292.0	42221.30915229959
1.423096845E8	0.0	0.0
1.42311628E8	0.0	0.0
1.42313569E8	0.0	42221.30915229959
1.423155065E8	218.25	0.0
1.423174425E8	0.0	0.0
1.42319378E8	0.0	42221.30915229959
1.42321312E8	224.5	0.0
1.42323245E8	0.0	0.0
1.42325177E8	0.0	42221.30915229959
1.42327107E8	314.969696969697	0.0
1.423290355E8	0.0	0.0
1.423309635E8	374.1666666666667	42221.30915229959
1.42332891E8	0.0	0.0
1.423348175E8	252.01694915254237	0.0
1.423367435E8	0.0	42221.30915229959
1.423386685E8	0.0	0.0
1.423405905E8	0.0	0.0
1.42342509E8	0.0	42221.30915229959
1.423444255E8	0.0	0.0
1.423463415E8	0.0	0.0
1.42348253E8	354.0	42221.30915229959
1.423501595E8	0.0	0.0
1.42352065E8	230.42857142857142	0.0
1.423539695E8	0.0	42221.30915229959
1.42355873E8	0.0	0.0
1.42357776E8	625.0	0.0
1.42359679E8	264.3333333333333	42221.30915229959
1.423615815E8	0.0	0.0
1.42363483E8	282.0	0.0
1.423653835E8	0.0	42221.30915229959
1.423672835E8	0.0	0.0
1.42369183E8	0.0	0.0
1.4237108E8	0.0	42221.30915229959
1.42372975E8	0.0	0.0
1.42374869E8	217.5	0.0
1.42376761E8	0.0	42221.30915229959
1.423786515E8	1196.0	0.0
1.423805415E8	260.85185185185185	0.0
1.423824305E8	223.33333333333334	42221.30915229959
1.423843155E8	0.0	0.0
1.423861925E8	0.0	0.0
1.423880645E8	0.0	42221.30915229959
1.42389936E8	0.0	0.0
1.423918065E8	0.0	0.0
1.423936765E8	0.0	42221.30915229959
1.42395546E8	0.0	0.0
1.42397415E8	0.0	0.0
1.42399284E8	0.0	42221.30915229959
1.424011525E8	0.0	0.0
1.42403019E8	0.0	0.0
1.42404883E8	299.30777288916823	42221.30915229959
1.42406746E8	0.0	0.0
1.424086055E8	0.0	0.0
1.424104605E8	276.5	42221.30915229959
1.42412313E8	0.0	0.0
1.42414163E8	0.0	0.0
1.42416009E8	0.0	42221.30915229959
1.42417852E8	0.0	0.0
1.42419695E8	0.0	0.0
1.42421538E8	253.5	42221.30915229959
1.424233805E8	0.0	0.0
1.42425222E8	0.0	0.0
1.42427063E8	0.0	42221.30915229959
1.424288995E8	0.0	0.0
1.424307315E8	0.0	0.0
1.424325625E8	0.0	42221.30915229959
1.42434392E8	0.0	0.0
1.42436221E8	0.0	0.0
1.424380485E8	173.4	42221.30915229959
1.42439871E8	0.0	0.0
1.424416895E8	0.0	0.0
1.424435075E8	0.0	42221.30915229959
1.42445323E8	310.0	0.0
1.42447136E8	225.1496663489037	0.0
1.424489455E8	264.0	42221.30915229959
1.4245075E8	294.0	0.0
1.424525525E8	0.0	0.0
1.42454354E8	0.0	42221.30915229959
1.424561545E8	0.0	0.0
1.424579545E8	270.3333333333333	0.0
1.424597535E8	0.0	42221.30915229959
1.42461551E8	0.0	0.0
1.42463346E8	0.0	0.0
1.424651385E8	0.0	42221.30915229959
1.42466928E8	423.0	0.0
1.424687145E8	0.0	0.0
1.424705E8	0.0	42221.30915229959
1.42472285E8	249.2	0.0
1.424740655E8	0.0	0.0
1.42475841E8	0.0	42221.30915229959
1.42477616E8	235.0	0.0
1.42479391E8	311.0	0.0
1.424811635E8	0.0	42221.30915229959
1.42482933E8	0.0	0.0
1.424847005E8	280.28058727569334	0.0
1.42486464E8	0.0	42221.30915229959
1.424882225E8	267.25	0.0
1.424899775E8	252.2173913043478	0.0
1.4249173E8	214.66666666666666	42221.30915229959
1.42493479E8	0.0	0.0
1.42495226E8	0.0	0.0
1.42496973E8	0.0	42221.30915229959
1.42498718E8	0.0	0.0
1.4250046E8	0.0	0.0
1.425021995E8	315.0	42221.30915229959
1.42503937E8	0.0	0.0
1.425056725E8	0.0	0.0
1.42507406E8	0.0	42221.30915229959
1.425091385E8	283.0	0.0
1.425108685E8	0.0	0.0
1.425125945E8	200.33333333333334	42221.30915229959
1.425143185E8	228.75	0.0
1.4251604E8	238.33333333333334	0.0
1.42517759E8	256.2631578947368	42221.30915229959
1.425194765E8	242.0	0.0
1.425211925E8	0.0	0.0
1.42522908E8	0.0	42221.30915229959
1.425246225E8	0.0	0.0
1.42526336E8	0.0	0.0
1.425280485E8	218.0	42221.30915229959
1.425297595E8	285.0	0.0
1.425314695E8	227.28571428571428	0.0
1.42533179E8	0.0	42221.30915229959
1.425348875E8	0.0	0.0
1.425365935E8	0.0	0.0
1.42538297E8	320.0	42221.30915229959
1.4254E8	294.0	0.0
1.425416995E8	0.0	0.0
1.425433925E8	250.4878048780488	42221.30915229959
1.425450825E8	257.0	0.0
1.42546771E8	0.0	0.0
1.42548457E8	406.0	42221.30915229959
1.42550141E8	0.0	0.0
1.42551824E8	241.78709677419354	0.0
1.42553507E8	258.0344827586207	42221.30915229959
1.425551885E8	206.0	0.0
1.42556868E8	341.5	0.0
1.425585465E8	0.0	42221.30915229959
1.42560223E8	0.0	0.0
1.42561894E8	287.7142857142857	0.0
1.42563556E8	0.0	42221.30915229959
1.425652095E8	162.0	0.0
1.42566857E8	0.0	0.0
1.42568501E8	161.0	42221.30915229959
1.42570144E8	0.0	0.0
1.42571786E8	0.0	0.0
1.42573425E8	0.0	42221.30915229959
1.42575062E8	0.0	0.0
1.42576699E8	302.30013192612137	0.0
1.425783355E8	0.0	42221.30915229959
1.425799685E8	0.0	0.0
1.42581598E8	0.0	0.0
1.42583225E8	228.33333333333334	42221.30915229959
1.4258485E8	0.0	0.0
1.42586474E8	0.0	0.0
1.425880965E8	0.0	42221.30915229959
1.42589717E8	257.2439024390244	0.0
1.425913335E8	253.125	0.0
1.42592946E8	361.9230769230769	42221.30915229959
1.425945565E8	323.0	0.0
1.425961665E8	285.0	0.0
1.425977755E8	264.125	42221.30915229959
1.42599378E8	0.0	0.0
1.42600974E8	0.0	0.0
1.426025685E8	309.22222222222223	42221.30915229959
1.426041585E8	0.0	0.0
1.426057445E8	0.0	0.0
1.426073305E8	0.0	42221.30915229959
1.42608914E8	0.0	0.0
1.42610493E8	0.0	0.0
1.4261207E8	0.0	42221.30915229959
1.42613646E8	0.0	0.0
1.4261522E8	0.0	0.0
1.42616792E8	0.0	42221.30915229959
1.42618361E8	0.0	0.0
1.426199275E8	261.86206896551727	0.0
1.426214905E8	0.0	42221.30915229959
1.426230505E8	0.0	0.0
1.426246095E8	0.0	0.0
1.426261665E8	0.0	42221.30915229959
1.426277225E8	0.0	0.0
1.42629278E8	297.0	0.0
1.42630832E8	0.0	42221.30915229959
1.426323845E8	304.25	0.0
1.426339355E8	0.0	0.0
1.426354855E8	415.5	42221.30915229959
1.42637035E8	0.0	0.0
1.426385825E8	0.0	0.0
1.426401275E8	0.0	42221.30915229959
1.42641671E8	273.3695652173913	0.0
1.42643213E8	0.0	0.0
1.426447535E8	0.0	42221.30915229959
1.426462925E8	0.0	0.0
1.42647757E8	0.0	0.0
1.42648524E8	0.0	42221.30915229959
1.42649362E8	288.0	0.0
1.42650895E8	0.0	0.0
1.426524275E8	237.75	42221.30915229959
1.42653958E8	0.0	0.0
1.42655486E8	179.76190476190476	0.0
1.42657012E8	140.0	42221.30915229959
1.42658537E8	0.0	0.0
1.42660062E8	243.61940298507463	0.0
1.42661585E8	0.0	42221.30915229959
1.426631055E8	0.0	0.0
1.42664625E8	0.0	0.0
1.426661435E8	0.0	42221.30915229959
1.426676605E8	322.6666666666667	0.0
1.426691735E8	0.0	0.0
1.42670683E8	0.0	42221.30915229959
1.426721915E8	0.0	0.0
1.426736975E8	260.98979591836735	0.0
1.426752015E8	0.0	42221.30915229959
1.426767045E8	0.0	0.0
1.426782025E8	0.0	0.0
1.426796955E8	0.0	42221.30915229959
1.426811875E8	257.2	0.0
1.426826785E8	146.0	0.0
1.42684168E8	304.0	42221.30915229959
1.426856565E8	0.0	0.0
1.42687144E8	273.5	0.0
1.42688631E8	165.12	42221.30915229959
1.42690117E8	300.3333333333333	0.0
1.426916015E8	0.0	0.0
1.426930845E8	0.0	42221.30915229959
1.426945645E8	0.0	0.0
1.426960415E8	0.0	0.0
1.42697517E8	189.55555555555554	42221.30915229959
1.42698991E8	0.0	0.0
1.42700463E8	0.0	0.0
1.427019325E8	0.0	42221.30915229959
1.427034E8	0.0	0.0
1.427048665E8	0.0	0.0
1.427063315E8	0.0	42221.30915229959
1.427077945E8	296.0	0.0
1.42709256E8	0.0	0.0
1.42710717E8	0.0	42221.30915229959
1.42712177E8	0.0	0.0
1.427136355E8	273.15384615384613	0.0
1.427150925E8	0.0	42221.30915229959
1.42716547E8	0.0	0.0
1.427179995E8	0.0	0.0
1.427194515E8	0.0	42221.30915229959
1.42720903E8	169.0	0.0
1.427223515E8	0.0	0.0
1.427237975E8	0.0	42221.30915229959
1.42725243E8	0.0	0.0
1.42726687E8	316.8333333333333	0.0
1.42728129E8	0.0	42221.30915229959
1.427295695E8	277.32109808760026	0.0
1.427310075E8	0.0	0.0
1.427324415E8	0.0	42221.30915229959
1.427338735E8	104.2	0.0
1.427353055E8	0.0	0.0
1.427367365E8	314.0	42221.30915229959
1.42738166E8	317.0	0.0
1.42739595E8	258.19718309859155	0.0
1.42741022E8	0.0	42221.30915229959
1.427424465E8	0.0	0.0
1.427438705E8	0.0	0.0
1.427452945E8	0.0	42221.30915229959
1.42746718E8	0.0	0.0
1.427481405E8	241.33333333333334	0.0
1.42749562E8	0.0	42221.30915229959
1.42750982E8	0.0	0.0
1.427523995E8	254.54545454545453	0.0
1.427538155E8	223.5	42221.30915229959
1.427552315E8	210.66666666666666	0.0
1.42756647E8	250.0	0.0
1.427580605E8	0.0	42221.30915229959
1.427594725E8	0.0	0.0
1.42760884E8	0.0	0.0
1.427622945E8	0.0	42221.30915229959
1.427637035E8	0.0	0.0
1.427651115E8	253.0	0.0
1.42766519E8	162.57142857142858	42221.30915229959
1.427679255E8	0.0	0.0
1.427693305E8	0.0	0.0
1.427707335E8	0.0	42221.30915229959
1.42772132E8	0.0	0.0
1.427735265E8	0.0	0.0
1.4277492E8	276.9032258064516	42221.30915229959
1.42776312E8	0.0	0.0
1.42777703E8	0.0	0.0
1.42779094E8	358.0	42221.30915229959
1.427804825E8	212.0	0.0
1.427818685E8	0.0	0.0
1.42783254E8	0.0	42221.30915229959
1.427846385E8	243.13333333333333	0.0
1.42786022E8	295.1463414634146	0.0
1.427874045E8	257.2	42221.30915229959
1.42788786E8	0.0	0.0
1.42790167E8	370.0	0.0
1.427915475E8	247.0	42221.30915229959
1.427929275E8	280.54545454545456	0.0
1.42794307E8	276.8139534883721	0.0
1.427956855E8	234.0	42221.30915229959
1.42797063E8	0.0	0.0
1.4279844E8	241.66666666666666	0.0
1.42799817E8	0.0	42221.30915229959
1.42801194E8	250.66666666666666	0.0
1.428025705E8	0.0	0.0
1.42803946E8	0.0	42221.30915229959
1.428053205E8	0.0	0.0
1.428066945E8	0.0	0.0
1.42808068E8	489.0	42221.30915229959
1.4280944E8	0.0	0.0
1.4281081E8	0.0	0.0
1.428121785E8	0.0	42221.30915229959
1.428135455E8	259.0	0.0
1.42814909E8	0.0	0.0
1.428162695E8	284.84202190486417	42221.30915229959
1.428176275E8	263.18918918918916	0.0
1.428189835E8	235.20833333333334	0.0
1.42820339E8	298.0	42221.30915229959
1.42821694E8	0.0	0.0
1.428230475E8	0.0	0.0
1.42824399E8	0.0	42221.30915229959
1.42825748E8	0.0	0.0
1.42827095E8	253.55555555555554	0.0
1.428284415E8	0.0	42221.30915229959
1.428297865E8	0.0	0.0
1.4283113E8	131.89473684210526	0.0
1.42832472E8	244.26116838487974	42221.30915229959
1.428338125E8	246.53333333333333	0.0
1.428351525E8	0.0	0.0
1.428364925E8	0.0	42221.30915229959
1.42837832E8	195.66666666666666	0.0
1.42839171E8	218.0	0.0
1.42840509E8	0.0	42221.30915229959
1.42841846E8	0.0	0.0
1.428431825E8	0.0	0.0
1.428445175E8	112.25	42221.30915229959
1.42845851E8	0.0	0.0
1.42847184E8	260.0506329113924	0.0
1.42848517E8	0.0	42221.30915229959
1.428498495E8	293.3333333333333	0.0
1.428511805E8	185.71428571428572	0.0
1.428525105E8	224.0	42221.30915229959
1.428538395E8	207.0	0.0
1.42855167E8	0.0	0.0
1.428564935E8	0.0	42221.30915229959
1.428578195E8	0.0	0.0
1.42859144E8	0.0	0.0
1.42860467E8	0.0	42221.30915229959
1.428617895E8	277.0	0.0
1.428631085E8	0.0	0.0
1.42864424E8	0.0	42221.30915229959
1.42865739E8	0.0	0.0
1.42867054E8	0.0	0.0
1.42868369E8	236.44444444444446	42221.30915229959
1.428696825E8	0.0	0.0
1.42870994E8	0.0	0.0
1.42872305E8	0.0	42221.30915229959
1.428736155E8	0.0	0.0
1.428749255E8	423.6470588235294	0.0
1.42876235E8	261.55555555555554	42221.30915229959
1.428775435E8	0.0	0.0
1.428788505E8	0.0	0.0
1.428801555E8	262.3703703703704	42221.30915229959
1.428814595E8	0.0	0.0
1.428827635E8	251.42857142857142	0.0
1.428840675E8	260.0	42221.30915229959
1.42885371E8	0.0	0.0
1.42886674E8	0.0	0.0
1.428879765E8	0.0	42221.30915229959
1.42889278E8	0.0	0.0
1.42890579E8	223.66666666666666	0.0
1.42891879E8	249.66101694915255	42221.30915229959
1.42893177E8	408.0	0.0
1.42894474E8	294.3333333333333	0.0
1.42895771E8	221.0	42221.30915229959
1.428970675E8	0.0	0.0
1.42898363E8	0.0	0.0
1.428996575E8	0.0	42221.30915229959
1.429009515E8	0.0	0.0
1.429022455E8	230.5	0.0
1.42903539E8	323.6	42221.30915229959
1.42904831E8	0.0	0.0
1.429061215E8	0.0	0.0
1.42907411E8	315.0	42221.30915229959
1.42908699E8	264.35	0.0
1.429099855E8	0.0	0.0
1.42911271E8	0.0	42221.30915229959
1.429125555E8	0.0	0.0
1.429138395E8	291.01020408163265	0.0
1.42915123E8	0.0	42221.30915229959
1.42916406E8	318.27777777777777	0.0
1.429176885E8	245.3913043478261	0.0
1.4291897E8	0.0	42221.30915229959
1.429202505E8	0.0	0.0
1.429215305E8	0.0	0.0
1.4292281E8	0.0	42221.30915229959
1.429240885E8	220.0	0.0
1.429253665E8	284.0	0.0
1.429266445E8	0.0	42221.30915229959
1.42927922E8	282.19803232607165	0.0
1.42929199E8	270.61851332398317	0.0
1.42930476E8	166.8	42221.30915229959
1.429317525E8	0.0	0.0
1.42933028E8	272.89306930693067	0.0
1.42934303E8	0.0	42221.30915229959
1.429355775E8	0.0	0.0
1.429368515E8	184.0	0.0
1.429381245E8	0.0	42221.30915229959
1.42939396E8	0.0	0.0
1.42940667E8	0.0	0.0
1.42941938E8	0.0	42221.30915229959
1.42943209E8	189.0	0.0
1.4294448E8	515.0	0.0
1.429457505E8	264.5906862745098	42221.30915229959
1.429470205E8	201.52173913043478	0.0
1.429482905E8	264.8235294117647	0.0
1.4294956E8	215.8	42221.30915229959
1.429508285E8	0.0	0.0
1.429520965E8	310.0	0.0
1.429533635E8	253.63513513513513	42221.30915229959
1.42954629E8	0.0	0.0
1.429558935E8	229.4	0.0
1.42957157E8	0.0	42221.30915229959
1.4295842E8	0.0	0.0
1.42959683E8	217.625	0.0
1.429609455E8	0.0	42221.30915229959
1.429622075E8	0.0	0.0
1.429634695E8	0.0	0.0
1.42964731E8	0.0	42221.30915229959
1.42965992E8	265.7295081967213	0.0
1.429672525E8	272.6970108695652	0.0
1.429685125E8	0.0	42221.30915229959
1.429697725E8	236.55555555555554	0.0
1.429710325E8	287.46153846153845	0.0
1.42972292E8	219.8846153846154	42221.30915229959
1.429735505E8	294.2	0.0
1.429748085E8	190.83333333333334	0.0
1.429760665E8	233.53233830845772	42221.30915229959
1.42977324E8	0.0	0.0
1.42978579E8	0.0	0.0
1.42979832E8	250.25581395348837	42221.30915229959
1.429810845E8	0.0	0.0
1.42982336E8	0.0	0.0
1.42983587E8	226.66666666666666	42221.30915229959
1.42984838E8	0.0	0.0
1.42986089E8	381.0	0.0
1.429873395E8	305.0	42221.30915229959
1.42988589E8	0.0	0.0
1.429898375E8	0.0	0.0
1.42991085E8	252.71428571428572	42221.30915229959
1.429923315E8	0.0	0.0
1.429935775E8	205.125	0.0
1.429948225E8	808.0	42221.30915229959
1.42996066E8	203.04005340453938	0.0
1.429973085E8	236.05555555555554	0.0
1.4299855E8	0.0	42221.30915229959
1.42999791E8	217.28571428571428	0.0
1.43001032E8	189.5	0.0
1.430022725E8	203.0	42221.30915229959
1.430035125E8	0.0	0.0
1.430047525E8	266.34635879218473	0.0
1.43005992E8	210.88235294117646	42221.30915229959
1.4300719E8	0.0	0.0
1.43007809E8	0.0	0.0
1.430084685E8	0.0	42221.30915229959
1.430097065E8	225.0316622691293	0.0
1.430109445E8	213.0	0.0
1.43012182E8	0.0	42221.30915229959
1.430134185E8	0.0	0.0
1.43014654E8	0.0	0.0
1.43015889E8	265.14285714285717	42221.30915229959
1.430171235E8	130.5	0.0
1.430183575E8	269.75714285714287	0.0
1.430195915E8	0.0	42221.30915229959
1.43020825E8	0.0	0.0
1.43022058E8	294.0	0.0
1.430232905E8	238.8	42221.30915229959
1.43024522E8	238.0	0.0
1.43025753E8	257.0	0.0
1.43026984E8	212.0	42221.30915229959
1.43028215E8	209.5	0.0
1.430294455E8	319.77777777777777	0.0
1.43030675E8	263.5	42221.30915229959
1.43031904E8	292.0	0.0
1.430331325E8	0.0	0.0
1.4303436E8	0.0	42221.30915229959
1.43035587E8	268.1536496350365	0.0
1.43036814E8	0.0	0.0
1.43038041E8	0.0	42221.30915229959
1.430392675E8	249.0	0.0
1.430404935E8	0.0	0.0
1.430417195E8	151.0	42221.30915229959
1.43042945E8	275.2	0.0
1.4304417E8	0.0	0.0
1.43045395E8	0.0	42221.30915229959
1.4304662E8	0.0	0.0
1.43047845E8	0.0	0.0
1.4304907E8	164.5	42221.30915229959
1.430502945E8	280.4193548387097	0.0
1.430515185E8	232.16666666666666	0.0
1.430527425E8	0.0	42221.30915229959
1.430539665E8	259.3333333333333	0.0
1.4305519E8	0.0	0.0
1.43056413E8	0.0	42221.30915229959
1.43057636E8	0.0	0.0
1.430588585E8	254.99122807017545	0.0
1.430600805E8	0.0	42221.30915229959
1.43061302E8	0.0	0.0
1.430625225E8	322.0	0.0
1.430637425E8	0.0	42221.30915229959
1.43064962E8	0.0	0.0
1.43066181E8	0.0	0.0
1.430674E8	0.0	42221.30915229959
1.430686185E8	227.15384615384616	0.0
1.430698365E8	0.0	0.0
1.430710525E8	311.2	42221.30915229959
1.43072266E8	0.0	0.0
1.430734785E8	0.0	0.0
1.430746905E8	272.0	42221.30915229959
1.43075902E8	0.0	0.0
1.43077113E8	0.0	0.0
1.430783235E8	0.0	42221.30915229959
1.43079533E8	0.0	0.0
1.43080742E8	163.0	0.0
1.43081951E8	0.0	42221.30915229959
1.430831595E8	0.0	0.0
1.430843675E8	0.0	0.0
1.430855755E8	344.0	42221.30915229959
1.430867835E8	151.0	0.0
1.43087991E8	227.5	0.0
1.430891975E8	247.5	42221.30915229959
1.43090403E8	258.65	0.0
1.43091608E8	0.0	0.0
1.43092813E8	248.66666666666666	42221.30915229959
1.43094017E8	0.0	0.0
1.4309522E8	0.0	0.0
1.43096423E8	0.0	42221.30915229959
1.430976255E8	264.0	0.0
1.430988275E8	222.0	0.0
1.43100029E8	314.0	42221.30915229959
1.431012295E8	255.23131672597864	0.0
1.431024295E8	193.4	0.0
1.431036295E8	263.0	42221.30915229959
1.43104829E8	0.0	0.0
1.43106028E8	216.0	0.0
1.431072265E8	211.0	42221.30915229959
1.431084245E8	329.0	0.0
1.43109622E8	0.0	0.0
1.43110819E8	0.0	42221.30915229959
1.43112015E8	0.0	0.0
1.4311321E8	0.0	0.0
1.43114405E8	270.0833333333333	42221.30915229959
1.431156E8	0.0	0.0
1.43116795E8	249.300803673938	0.0
1.431179895E8	354.0	42221.30915229959
1.43119183E8	0.0	0.0
1.43120376E8	0.0	0.0
1.43121569E8	283.0	42221.30915229959
1.43122762E8	299.0	0.0
1.431239545E8	0.0	0.0
1.431251465E8	261.5808383233533	42221.30915229959
1.431263385E8	215.5	0.0
1.4312753E8	0.0	0.0
1.43128721E8	0.0	42221.30915229959
1.431299115E8	0.0	0.0
1.431311015E8	0.0	0.0
1.431322915E8	305.0	42221.30915229959
1.43133481E8	272.0	0.0
1.4313467E8	0.0	0.0
1.43135859E8	0.0	42221.30915229959
1.43137048E8	0.0	0.0
1.43138237E8	0.0	0.0
1.43139426E8	238.0	42221.30915229959
1.431406145E8	230.0	0.0
1.431418015E8	262.0	0.0
1.431429875E8	0.0	42221.30915229959
1.431441735E8	267.25	0.0
1.431453595E8	163.0	0.0
1.431465455E8	115.0	42221.30915229959
1.43147731E8	0.0	0.0
1.43148916E8	0.0	0.0
1.43150101E8	214.72727272727272	42221.30915229959
1.43151286E8	0.0	0.0
1.431524705E8	649.0	0.0
1.431536545E8	0.0	42221.30915229959
1.431548385E8	261.0	0.0
1.431560225E8	0.0	0.0
1.431572055E8	0.0	42221.30915229959
1.431583875E8	261.1349480968858	0.0
1.43159569E8	0.0	0.0
1.4316075E8	245.84931506849315	42221.30915229959
1.43161931E8	0.0	0.0
1.43163111E8	0.0	0.0
1.4316429E8	232.0	42221.30915229959
1.43165469E8	296.0	0.0
1.431666475E8	0.0	0.0
1.431678255E8	0.0	42221.30915229959
1.431690035E8	0.0	0.0
1.431701815E8	212.5	0.0
1.431713595E8	237.5	42221.30915229959
1.431725375E8	0.0	0.0
1.43173715E8	0.0	0.0
1.431748915E8	309.8502403846154	42221.30915229959
1.43176067E8	0.0	0.0
1.43177242E8	218.5	0.0
1.431784165E8	0.0	42221.30915229959
1.431795905E8	0.0	0.0
1.43180764E8	0.0	0.0
1.43181937E8	0.0	42221.30915229959
1.4318311E8	205.375	0.0
1.43184282E8	0.0	0.0
1.43185453E8	270.72727272727275	42221.30915229959
1.43186624E8	278.0	0.0
1.43187795E8	0.0	0.0
1.431889655E8	147.0	42221.30915229959
1.43190135E8	177.0	0.0
1.43191304E8	274.0	0.0
1.431924725E8	0.0	42221.30915229959
1.4319364E8	0.0	0.0
1.43194807E8	0.0	0.0
1.43195974E8	0.0	42221.30915229959
1.431971405E8	0.0	0.0
1.431983065E8	264.83048780487803	0.0
1.431994725E8	300.53237074988357	42221.30915229959
1.432006385E8	0.0	0.0
1.43201804E8	0.0	0.0
1.43202969E8	0.0	42221.30915229959
1.432041335E8	0.0	0.0
1.43205297E8	0.0	0.0
1.4320646E8	249.61823802163832	42221.30915229959
1.43207623E8	249.0	0.0
1.43208786E8	271.125	0.0
1.43209949E8	0.0	42221.30915229959
1.43211112E8	226.20915032679738	0.0
1.432122745E8	258.294964028777	0.0
1.432134365E8	190.0	42221.30915229959
1.432145985E8	236.71629778672033	0.0
1.4321576E8	0.0	0.0
1.43216921E8	0.0	42221.30915229959
1.43218082E8	0.0	0.0
1.432192425E8	0.0	0.0
1.432204025E8	268.8	42221.30915229959
1.432215625E8	0.0	0.0
1.43222722E8	0.0	0.0
1.43223881E8	0.0	42221.30915229959
1.4322504E8	281.0	0.0
1.43226199E8	269.5	0.0
1.43227358E8	279.12	42221.30915229959
1.432285165E8	0.0	0.0
1.432296745E8	249.03671328671328	0.0
1.432308325E8	227.57142857142858	42221.30915229959
1.4323199E8	270.75	0.0
1.43233147E8	282.45454545454544	0.0
1.432343035E8	0.0	42221.30915229959
1.432354595E8	0.0	0.0
1.43236615E8	0.0	0.0
1.4323777E8	239.14285714285714	42221.30915229959
1.43238925E8	0.0	0.0
1.4324008E8	214.88824662813101	0.0
1.432412345E8	0.0	42221.30915229959
1.432423885E8	207.75	0.0
1.432435425E8	287.6666666666667	0.0
1.432446965E8	267.9	42221.30915229959
1.4324585E8	0.0	0.0
1.43247003E8	318.0	0.0
1.43248156E8	290.8	42221.30915229959
1.432493085E8	245.33333333333334	0.0
1.432504605E8	0.0	0.0
1.432516125E8	0.0	42221.30915229959
1.432527645E8	0.0	0.0
1.43253916E8	228.0	0.0
1.432550665E8	214.5	42221.30915229959
1.432562165E8	0.0	0.0
1.432573655E8	0.0	0.0
1.432585135E8	0.0	42221.30915229959
1.432596615E8	324.0	0.0
1.432608095E8	249.01960784313727	0.0
1.432619575E8	0.0	42221.30915229959
1.432631055E8	240.0	0.0
1.43264253E8	252.0	0.0
1.432654E8	259.1289456010745	42221.30915229959
1.43266547E8	270.0	0.0
1.432676935E8	386.6666666666667	0.0
1.432688395E8	0.0	42221.30915229959
1.432699855E8	0.0	0.0
1.43271131E8	254.5	0.0
1.432722755E8	249.0943396226415	42221.30915229959
1.432734195E8	248.75	0.0
1.432745635E8	243.92542372881357	0.0
1.432757075E8	319.1475409836066	42221.30915229959
1.432768515E8	234.0	0.0
1.43277995E8	0.0	0.0
1.43279138E8	256.5	42221.30915229959
1.432802805E8	0.0	0.0
1.432814225E8	271.0	0.0
1.432825645E8	226.4839137645108	42221.30915229959
1.43283706E8	262.0	0.0
1.43284847E8	291.82334384858046	0.0
1.432859875E8	330.1489361702128	42221.30915229959
1.432871275E8	0.0	0.0
1.432882675E8	0.0	0.0
1.432894075E8	0.0	42221.30915229959
1.43290547E8	242.52173913043478	0.0
1.43291686E8	0.0	0.0
1.43292825E8	0.0	42221.30915229959
1.43293964E8	283.0	0.0
1.43295103E8	0.0	0.0
1.432962415E8	0.0	42221.30915229959
1.43297379E8	287.0	0.0
1.432985155E8	242.67373486728326	0.0
1.432996515E8	0.0	42221.30915229959
1.433007875E8	344.86382978723407	0.0
1.433019235E8	209.5	0.0
1.43303059E8	0.0	42221.30915229959
1.43304194E8	0.0	0.0
1.43305329E8	214.5	0.0
1.433064635E8	0.0	42221.30915229959
1.433075975E8	257.8605769230769	0.0
1.433087315E8	240.77349184267106	0.0
1.433098655E8	0.0	42221.30915229959
1.43310999E8	0.0	0.0
1.43312132E8	0.0	0.0
1.43313265E8	174.0	42221.30915229959
1.433143975E8	258.99527254494666	0.0
1.433155295E8	225.0	0.0
1.433166615E8	0.0	42221.30915229959
1.433177935E8	0.0	0.0
1.43318925E8	0.0	0.0
1.43320056E8	95.35476510067114	42221.30915229959
1.43321187E8	0.0	0.0
1.433223175E8	0.0	0.0
1.433234475E8	455.0	42221.30915229959
1.433245775E8	223.875	0.0
1.43325707E8	0.0	0.0
1.43326836E8	341.3333333333333	42221.30915229959
1.43327965E8	294.22222222222223	0.0
1.43329094E8	184.25	0.0
1.43330222E8	261.42857142857144	42221.30915229959
1.43331349E8	0.0	0.0
1.433324755E8	221.09714285714287	0.0
1.433336015E8	0.0	42221.30915229959
1.433347275E8	215.0	0.0
1.433358535E8	0.0	0.0
1.433369795E8	206.13636363636363	42221.30915229959
1.43338105E8	270.32835820895525	0.0
1.4333923E8	0.0	0.0
1.433403545E8	313.6666666666667	42221.30915229959
1.433414785E8	0.0	0.0
1.43342602E8	0.0	0.0
1.43343725E8	193.4485596707819	42221.30915229959
1.43344848E8	113.66666666666667	0.0
1.43345971E8	238.0	0.0
1.43347094E8	281.8333333333333	42221.30915229959
1.433482165E8	297.8305882352941	0.0
1.43349338E8	0.0	0.0
1.433504585E8	231.66666666666666	42221.30915229959
1.43351578E8	242.77777777777777	0.0
1.43352697E8	246.86666666666667	0.0
1.433538155E8	263.57142857142856	42221.30915229959
1.433549335E8	0.0	0.0
1.433560515E8	0.0	0.0
1.433571695E8	0.0	42221.30915229959
1.43358287E8	0.0	0.0
1.43359404E8	0.0	0.0
1.43360521E8	236.3	42221.30915229959
1.43361638E8	200.8	0.0
1.43362755E8	287.44444444444446	0.0
1.43363872E8	259.375	42221.30915229959
1.433649885E8	0.0	0.0
1.433661045E8	242.20833333333334	0.0
1.433668735E8	240.23076923076923	42221.30915229959
1.433674315E8	260.3333333333333	0.0
1.433683365E8	282.25	0.0
1.433694525E8	285.5	42221.30915229959
1.433705685E8	0.0	0.0
1.43371684E8	221.33333333333334	0.0
1.43372799E8	197.5	42221.30915229959
1.43373914E8	233.0	0.0
1.433750285E8	0.0	0.0
1.433761425E8	0.0	42221.30915229959
1.433772565E8	0.0	0.0
1.433783705E8	244.0	0.0
1.433794845E8	0.0	42221.30915229959
1.433805985E8	0.0	0.0
1.433817115E8	249.0	0.0
1.433828235E8	0.0	42221.30915229959
1.433839355E8	0.0	0.0
1.433850475E8	270.826968973747	0.0
1.43386159E8	313.1363636363636	42221.30915229959
1.433872695E8	0.0	0.0
1.433883795E8	263.6666666666667	0.0
1.433894895E8	232.42857142857142	42221.30915229959
1.433905995E8	0.0	0.0
1.43391709E8	286.5	0.0
1.43392818E8	0.0	42221.30915229959
1.43393927E8	268.5	0.0
1.43395036E8	303.0	0.0
1.433961445E8	259.9047619047619	42221.30915229959
1.433972525E8	0.0	0.0
1.4339836E8	221.0	0.0
1.43399467E8	210.33333333333334	42221.30915229959
1.43400574E8	277.0	0.0
1.434016805E8	238.44871794871796	0.0
1.434027865E8	329.5	42221.30915229959
1.43403892E8	300.25	0.0
1.43404997E8	0.0	0.0
1.43406102E8	0.0	42221.30915229959
1.43407207E8	0.0	0.0
1.43408312E8	240.0	0.0
1.43409417E8	217.0	42221.30915229959
1.43410521E8	0.0	0.0
1.43411624E8	0.0	0.0
1.43412727E8	0.0	42221.30915229959
1.434138295E8	0.0	0.0
1.434149315E8	0.0	0.0
1.434160335E8	283.25	42221.30915229959
1.43417135E8	245.22222222222223	0.0
1.43418236E8	0.0	0.0
1.43419337E8	175.0	42221.30915229959
1.434204375E8	271.7308981233244	0.0
1.434215375E8	0.0	0.0
1.43422637E8	0.0	42221.30915229959
1.43423736E8	256.125	0.0
1.434248345E8	238.88888888888889	0.0
1.434259325E8	0.0	42221.30915229959
1.434270305E8	0.0	0.0
1.43428128E8	0.0	0.0
1.43429225E8	0.0	42221.30915229959
1.43430322E8	0.0	0.0
1.434314185E8	0.0	0.0
1.434325145E8	0.0	42221.30915229959
1.434336095E8	0.0	0.0
1.43434703E8	0.0	0.0
1.434357955E8	0.0	42221.30915229959
1.43436887E8	0.0	0.0
1.43437978E8	220.8	0.0
1.434390685E8	309.0	42221.30915229959
1.434401585E8	0.0	0.0
1.434412485E8	336.1	0.0
1.434423385E8	281.5	42221.30915229959
1.434434285E8	0.0	0.0
1.43444518E8	0.0	0.0
1.43445607E8	168.5	42221.30915229959
1.434466955E8	0.0	0.0
1.434477835E8	288.5	0.0
1.434488715E8	216.0	42221.30915229959
1.434499595E8	277.44444444444446	0.0
1.43451047E8	0.0	0.0
1.43452134E8	289.5263157894737	42221.30915229959
1.43453221E8	265.3636363636364	0.0
1.434543075E8	255.2153846153846	0.0
1.434553935E8	260.35714285714283	42221.30915229959
1.434564795E8	217.68421052631578	0.0
1.434575655E8	0.0	0.0
1.434586505E8	0.0	42221.30915229959
1.434597345E8	291.0	0.0
1.434608185E8	0.0	0.0
1.434619025E8	0.0	42221.30915229959
1.434629865E8	226.6	0.0
1.4346407E8	0.0	0.0
1.43465153E8	249.33333333333334	42221.30915229959
1.43466236E8	266.0600189035917	0.0
1.434673185E8	0.0	0.0
1.434684005E8	311.0	42221.30915229959
1.43469482E8	0.0	0.0
1.43470563E8	253.8	0.0
1.434716435E8	255.4	42221.30915229959
1.434727235E8	204.5	0.0
1.434738035E8	359.8	0.0
1.43474883E8	0.0	42221.30915229959
1.43475962E8	0.0	0.0
1.434770405E8	0.0	0.0
1.434781185E8	206.6242095754291	42221.30915229959
1.434791965E8	0.0	0.0
1.434802745E8	0.0	0.0
1.43481352E8	248.5	42221.30915229959
1.43482429E8	0.0	0.0
1.434835055E8	0.0	0.0
1.434845815E8	0.0	42221.30915229959
1.434856575E8	0.0	0.0
1.434867335E8	298.0	0.0
1.43487809E8	0.0	42221.30915229959
1.43488884E8	311.0952380952381	0.0
1.43489959E8	256.1478873239437	0.0
1.43491034E8	213.0	42221.30915229959
1.434921085E8	0.0	0.0
1.434931825E8	241.74358974358975	0.0
1.434942565E8	162.4855072463768	42221.30915229959
1.434953305E8	0.0	0.0
1.43496404E8	0.0	0.0
1.434974765E8	263.098976109215	42221.30915229959
1.434985485E8	0.0	0.0
1.4349962E8	0.0	0.0
1.43500691E8	252.6153846153846	42221.30915229959
1.435017615E8	0.0	0.0
1.435028315E8	0.0	0.0
1.435039015E8	0.0	42221.30915229959
1.43504971E8	0.0	0.0
1.4350604E8	0.0	0.0
1.435071085E8	0.0	42221.30915229959
1.43508176E8	0.0	0.0
1.43509243E8	0.0	0.0
1.4351031E8	250.5	42221.30915229959
1.435113765E8	260.0	0.0
1.435124415E8	253.4	0.0
1.435135055E8	0.0	42221.30915229959
1.435145695E8	274.0	0.0
1.43515633E8	0.0	0.0
1.43516696E8	0.0	42221.30915229959
1.43517759E8	394.0	0.0
1.43518822E8	351.8333333333333	0.0
1.43519885E8	0.0	42221.30915229959
1.43520948E8	312.0	0.0
1.43522011E8	0.0	0.0
1.43523074E8	288.0	42221.30915229959
1.435241365E8	284.2450331125828	0.0
1.435251985E8	0.0	0.0
1.435262605E8	183.33333333333334	42221.30915229959
1.435273225E8	265.0	0.0
1.435283845E8	0.0	0.0
1.43529446E8	172.33333333333334	42221.30915229959
1.435305065E8	257.52542372881356	0.0
1.435315665E8	264.5742574257426	0.0
1.435326265E8	0.0	42221.30915229959
1.43533686E8	246.44444444444446	0.0
1.43534745E8	0.0	0.0
1.43535804E8	0.0	42221.30915229959
1.435368625E8	0.0	0.0
1.435379205E8	269.35382653061225	0.0
1.435389785E8	259.0	42221.30915229959
1.435400365E8	241.70731707317074	0.0
1.43541094E8	0.0	0.0
1.435421505E8	211.4	42221.30915229959
1.435432065E8	230.0	0.0
1.435442625E8	254.83333333333334	0.0
1.435453185E8	0.0	42221.30915229959
1.43546374E8	0.0	0.0
1.43547429E8	0.0	0.0
1.43548484E8	0.0	42221.30915229959
1.435495385E8	268.8965517241379	0.0
1.435505925E8	444.0	0.0
1.43551646E8	0.0	42221.30915229959
1.43552699E8	259.625	0.0
1.43553752E8	287.4952380952381	0.0
1.43554805E8	284.4945054945055	42221.30915229959
1.43555858E8	258.0689655172414	0.0
1.435569105E8	0.0	0.0
1.435579625E8	250.94927536231884	42221.30915229959
1.435590145E8	274.3333333333333	0.0
1.43560066E8	0.0	0.0
1.43561117E8	195.0	42221.30915229959
1.43562168E8	313.0	0.0
1.43563219E8	139.0	0.0
1.4356427E8	192.77777777777777	42221.30915229959
1.435653205E8	0.0	0.0
1.435663705E8	294.75	0.0
1.4356742E8	0.0	42221.30915229959
1.43568469E8	0.0	0.0
1.43569518E8	0.0	0.0
1.43570567E8	0.0	42221.30915229959
1.43571616E8	224.0	0.0
1.435726645E8	0.0	0.0
1.435737125E8	236.57894736842104	42221.30915229959
1.435747605E8	0.0	0.0
1.435758085E8	0.0	0.0
1.435768565E8	470.6666666666667	42221.30915229959
1.43577904E8	255.9760438056126	0.0
1.43578951E8	0.0	0.0
1.43579998E8	0.0	42221.30915229959
1.43581045E8	362.0	0.0
1.435820915E8	0.0	0.0
1.43583137E8	266.0	42221.30915229959
1.43584182E8	301.0	0.0
1.43585227E8	270.46153846153845	0.0
1.43586272E8	0.0	42221.30915229959
1.435873165E8	0.0	0.0
1.435883605E8	227.2644927536232	0.0
1.435894045E8	281.75	42221.30915229959
1.43590448E8	258.8	0.0
1.43591491E8	230.5	0.0
1.435925335E8	0.0	42221.30915229959
1.435935755E8	0.0	0.0
1.435946175E8	245.91284403669724	0.0
1.435956595E8	298.7	42221.30915229959
1.435967015E8	144.0	0.0
1.43597743E8	290.0	0.0
1.43598784E8	0.0	42221.30915229959
1.43599825E8	0.0	0.0
1.436008655E8	0.0	0.0
1.436019055E8	0.0	42221.30915229959
1.436029455E8	0.0	0.0
1.436039855E8	281.0	0.0
1.43605025E8	194.25	42221.30915229959
1.43606064E8	293.0	0.0
1.43607103E8	0.0	0.0
1.436081415E8	0.0	42221.30915229959
1.436091795E8	195.0	0.0
1.436102175E8	0.0	0.0
1.43611255E8	0.0	42221.30915229959
1.43612292E8	0.0	0.0
1.43613329E8	0.0	0.0
1.43614366E8	382.92063492063494	42221.30915229959
1.436154025E8	0.0	0.0
1.436164385E8	256.2536231884058	0.0
1.43617474E8	0.0	42221.30915229959
1.43618509E8	255.2	0.0
1.43619544E8	205.66666666666666	0.0
1.43620579E8	0.0	42221.30915229959
1.43621614E8	0.0	0.0
1.43622648E8	341.6666666666667	0.0
1.43623681E8	108.0	42221.30915229959
1.43624714E8	389.0	0.0
1.43625747E8	228.1875	0.0
1.436267795E8	0.0	42221.30915229959
1.436278115E8	253.41666666666666	0.0
1.436288435E8	255.0	0.0
1.43629875E8	0.0	42221.30915229959
1.43630906E8	0.0	0.0
1.43631937E8	221.33333333333334	0.0
1.436329675E8	252.33333333333334	42221.30915229959
1.436339975E8	0.0	0.0
1.436350275E8	0.0	0.0
1.43636057E8	259.14285714285717	42221.30915229959
1.43637086E8	210.0	0.0
1.43638115E8	260.8791617179418	0.0
1.43639144E8	227.0952380952381	42221.30915229959
1.43640173E8	0.0	0.0
1.43641202E8	0.0	0.0
1.43642231E8	0.0	42221.30915229959
1.436432595E8	0.0	0.0
1.436442875E8	0.0	0.0
1.43645315E8	0.0	42221.30915229959
1.43646342E8	0.0	0.0
1.43647369E8	0.0	0.0
1.436483955E8	0.0	42221.30915229959
1.436494215E8	0.0	0.0
1.43650447E8	88.0	0.0
1.43651472E8	0.0	42221.30915229959
1.43652497E8	0.0	0.0
1.43653522E8	0.0	0.0
1.43654546E8	0.0	42221.30915229959
1.43655569E8	0.0	0.0
1.436565915E8	0.0	0.0
1.436576135E8	238.6	42221.30915229959
1.436586355E8	235.16666666666666	0.0
1.436596575E8	0.0	0.0
1.43660679E8	236.78378378378378	42221.30915229959
1.436617E8	263.4	0.0
1.43662721E8	0.0	0.0
1.436637415E8	262.5286059629331	42221.30915229959
1.436647615E8	0.0	0.0
1.436657815E8	0.0	0.0
1.43666801E8	0.0	42221.30915229959
1.4366782E8	0.0	0.0
1.43668839E8	373.0	0.0
1.43669858E8	0.0	42221.30915229959
1.43670877E8	321.0	0.0
1.436718955E8	266.21546961325964	0.0
1.436729135E8	0.0	42221.30915229959
1.436739315E8	0.0	0.0
1.436749495E8	0.0	0.0
1.436759665E8	0.0	42221.30915229959
1.436769825E8	174.0	0.0
1.436779985E8	0.0	0.0
1.43679014E8	0.0	42221.30915229959
1.43680029E8	0.0	0.0
1.436810435E8	0.0	0.0
1.436820575E8	272.8423645320197	42221.30915229959
1.436830715E8	0.0	0.0
1.436840855E8	107.0	0.0
1.436850995E8	0.0	42221.30915229959
1.43686113E8	295.0	0.0
1.43687126E8	0.0	0.0
1.43688139E8	361.0	42221.30915229959
1.436891515E8	213.0	0.0
1.436901635E8	0.0	0.0
1.436911755E8	284.625	42221.30915229959
1.436921875E8	286.6302521008403	0.0
1.436931995E8	243.56338028169014	0.0
1.43694211E8	0.0	42221.30915229959
1.43695222E8	273.73267326732673	0.0
1.43696233E8	0.0	0.0
1.43697244E8	226.66666666666666	42221.30915229959
1.436982545E8	285.15384615384613	0.0
1.436992645E8	0.0	0.0
1.437002745E8	0.0	42221.30915229959
1.437012845E8	230.25	0.0
1.437022935E8	0.0	0.0
1.437033015E8	0.0	42221.30915229959
1.437043095E8	252.0	0.0
1.43705317E8	0.0	0.0
1.43706324E8	0.0	42221.30915229959
1.437073305E8	109.57142857142857	0.0
1.437083365E8	256.5	0.0
1.437093425E8	275.0	42221.30915229959
1.43710348E8	0.0	0.0
1.43711353E8	0.0	0.0
1.43712358E8	770.9701492537314	42221.30915229959
1.43713363E8	252.44156153296834	0.0
1.43714368E8	277.8888888888889	0.0
1.437153725E8	0.0	42221.30915229959
1.437163765E8	0.0	0.0
1.437173805E8	0.0	0.0
1.437183845E8	0.0	42221.30915229959
1.43719388E8	0.0	0.0
1.4372039E8	221.0	0.0
1.43721391E8	344.5	42221.30915229959
1.43722392E8	235.0	0.0
1.43723393E8	0.0	0.0
1.43724394E8	281.77777777777777	42221.30915229959
1.437251765E8	133.12121212121212	0.0
1.437257305E8	0.0	0.0
