#Position (bp)	mapping quality
179658.5	146.90800293589746
538974.5	144.4689141593197
898290.5	83.96308015406352
1257606.5	110.4602295233053
1616922.5	120.07225158477537
1976238.5	141.2112420525291
2335554.5	119.55910086863389
2694870.5	141.9870099931882
3054186.5	119.18557021760992
3413502.5	150.6363265063459
3772818.5	92.64213541663636
4132134.5	134.6650492961386
4491450.5	174.1984563740827
4850766.5	142.92531586262476
5210082.5	123.98807930387704
5569398.5	120.15532919218357
5928714.5	76.33136399950752
6288030.5	40.1454408750929
6647346.5	127.18843641266042
7006662.5	151.34390555961787
7365978.5	60.96365183903717
7725294.5	141.3361824030822
8084610.5	110.15753327438344
8443926.5	75.99347074135684
8803242.5	82.91761827729314
9162558.5	134.9151017797096
9521874.5	106.95266545038848
9881190.5	181.61715477123323
1.02405065E7	159.59467783846856
1.05998225E7	131.30024681305528
1.09591385E7	141.2774017486711
1.13184545E7	153.87754331537707
1.16777705E7	146.2637599469633
1.20370865E7	118.3907018500311
1.23964025E7	25.497040232141796
1.27557185E7	113.2047786574068
1.31150345E7	143.8027895480007
1.34743505E7	143.25561620028628
1.38336665E7	167.8443917172467
1.41929825E7	88.94182925828082
1.45522985E7	73.46835960019617
1.49116145E7	71.86115979168872
1.52709305E7	135.4494633702594
1.56302465E7	98.7427424915576
1.59895625E7	29.228876945653184
1.63488785E7	74.39361738540163
1.67081945E7	94.56026975488075
1.70675105E7	112.36827313642557
1.74268265E7	109.643479190289
1.77861425E7	8.842117248450528
1.81454585E7	105.40262634391489
1.85047745E7	119.47647211449522
1.88640905E7	130.0985607256553
1.92234065E7	116.67766901495722
1.95827225E7	104.03975832382308
1.99420385E7	143.39323361499817
2.03013545E7	58.72938735664162
2.06606705E7	94.2513916081548
2.10199865E7	68.210650755698
2.13793025E7	57.12926191215959
2.17386185E7	145.5420560741352
2.20979345E7	166.4675430734774
2.24572505E7	125.49354066832991
2.28165665E7	38.64077640274329
2.31758825E7	63.1888109774757
2.34346265E7	32.752270328122776
2.36142845E7	25.00876928488869
2.38945145E7	15.881684986102682
2.42538305E7	23.90427922740424
2.46131465E7	13.504710096489719
2.49724625E7	51.1409725169077
2.53317785E7	2.9895147441570473
2.56910945E7	10.9720935159943
2.60504105E7	4.156715426288948
2.64097265E7	7.006631637802382
2.67690425E7	7.107445067083619
2.71283585E7	55.70994381895539
2.74876745E7	19.143605716037207
2.78469905E7	9.996983879683166
2.82063065E7	73.51162894248255
2.85656225E7	70.66595008415919
2.89249385E7	68.37108209139627
2.92842545E7	124.22898437199737
2.96435705E7	111.18817258483679
3.00028865E7	96.1202506846478
3.03622025E7	74.15686677676092
3.07215185E7	119.88816469134993
3.10808345E7	134.1727543546562
3.14401505E7	150.6320076010103
3.17994665E7	141.1210660987321
3.21587825E7	122.95731451881637
3.25180985E7	176.23920325088633
3.28774145E7	135.9989683267401
3.32367305E7	172.8466077457612
3.35960465E7	91.86819366261885
3.39553625E7	46.17364347055047
3.43146785E7	145.64139823546452
3.46739945E7	106.59292363745526
3.50333105E7	70.14968069299145
3.53926265E7	161.6448701546309
3.57519425E7	61.762730020680976
3.61112585E7	132.244950362302
3.64705745E7	148.40775186059025
3.68298905E7	134.90624920362546
3.71892065E7	134.9040435472347
3.75485225E7	72.17590639522625
3.79078385E7	117.3501905044197
3.82671545E7	164.98807301482637
3.86264705E7	102.63634968317633
3.89857865E7	169.68492618257233
3.93451025E7	114.28522685385583
3.97044185E7	107.5745335988808
4.00637345E7	141.26926295572682
4.04230505E7	170.3571788450768
4.07823665E7	80.34699090932665
4.11416825E7	171.32854231208745
4.15009985E7	150.57734017025265
4.18603145E7	114.95223771781595
4.22196305E7	92.86079406424432
4.25789465E7	92.31908235840295
4.29382625E7	90.16468723426364
4.32975785E7	69.79399866168443
4.36568945E7	183.0809789133128
4.40162105E7	81.83514080332753
4.43755265E7	154.0058214624008
4.47348425E7	136.55579494681086
4.50941585E7	51.160567368381805
4.54534745E7	84.55877218202902
4.58127905E7	115.36883907680466
4.61721065E7	102.1898130853145
4.65314225E7	126.99634864850569
4.68907385E7	115.41714135592805
4.72500545E7	144.0685163310399
4.76093705E7	113.08138106199098
4.79686865E7	119.32080942449421
4.83280025E7	155.0421403111932
4.86541545E7	43.88245761883604
4.88338125E7	39.85028836251287
4.90466345E7	155.28233247604848
4.94059505E7	94.56105622937265
4.97652665E7	117.56972317505198
5.01245825E7	126.9645736060103
5.04838985E7	147.99914458968033
5.08432145E7	116.5128163655969
5.12025305E7	86.52063354954687
5.15618465E7	149.24876921259022
5.19211625E7	144.37290877869097
5.22804785E7	61.458866625162415
5.26397945E7	98.70747640335348
5.29991105E7	97.43008536205687
5.33584265E7	89.6230877702607
5.37177425E7	173.24035161082884
5.40770585E7	63.22297564337582
5.44363745E7	117.06471475991339
5.47956905E7	141.18892840742203
5.51550065E7	152.58708374232398
5.55143225E7	120.47204816049597
5.58736385E7	127.75590253292674
5.62329545E7	148.15603340947686
5.65922705E7	77.29789476134856
5.69515865E7	138.77710848420335
5.73109025E7	127.67652208284606
5.76702185E7	167.6471796109217
5.80295345E7	100.54763111258166
5.83888505E7	113.60130971489555
5.87481665E7	136.96695327723384
5.91074825E7	48.331310399510826
5.94667985E7	171.9255526114481
5.98261145E7	140.63179822442902
6.01854305E7	78.88706838231293
6.05447465E7	131.18855348611442
6.09040625E7	121.52991696394635
6.12633785E7	116.14833432020123
6.16226945E7	98.20450770203661
6.19820105E7	103.41892527498172
6.23413265E7	139.8406141706075
6.27006425E7	150.95083663884364
6.30599585E7	63.42693709184402
6.34192745E7	105.75847843059576
6.37785905E7	115.75253591841408
6.41379065E7	125.42703982760466
6.44972225E7	139.12507556227217
6.48565385E7	125.257077781035
6.52158545E7	126.82561786183439
6.55751705E7	100.4676902086202
6.59344865E7	92.3590588175326
6.62938025E7	119.44903328020008
6.66531185E7	133.6121905794605
6.70124345E7	115.85182755807067
6.73717505E7	150.2040815664074
6.77310665E7	137.94862821661283
6.80903825E7	130.07589756968866
6.84496985E7	151.14315123875633
6.88090145E7	116.01750461369507
6.91683305E7	126.16781961191485
6.95276465E7	131.15473821695684
6.98869625E7	127.34473784547849
7.02462785E7	148.11489867108259
7.06055945E7	104.75911457186312
7.09649105E7	173.7416305706121
7.13242265E7	49.19037440151294
7.16835425E7	112.13673431974634
7.20428585E7	93.8198639290556
7.24021745E7	6.72715894331424
7.27614905E7	20.92615761630191
7.31208065E7	23.99774832923916
7.34801225E7	14.626534979384843
7.38394385E7	80.45751059873385
7.41987545E7	12.494794504601686
7.45580705E7	3.890988164140881
7.49173865E7	6.127973166278434
7.52767025E7	24.65667818062138
7.56360185E7	3.7431197719180993
7.59953345E7	39.99972424106194
7.63546505E7	1.5013011725652952
7.67139665E7	26.311563933064903
7.690225E7	58.914948333099545
7.7081908E7	13.130650763829527
7.74325985E7	6.406299144714594
7.77919145E7	85.26625622619957
7.81512305E7	18.3306804702097
7.85105465E7	14.480675367543036
7.88698625E7	33.51903765244535
7.92291785E7	29.257336408707488
7.95884945E7	114.96813358727688
7.99478105E7	31.040978299527957
8.03071265E7	6.528758391555818
8.06664425E7	24.735544735558875
8.10257585E7	111.28436752400351
8.13850745E7	168.23437249327787
8.17443905E7	119.67628797087143
8.21037065E7	70.97597564713972
8.24630225E7	127.59721909235728
8.28223385E7	115.27352589816051
8.31816545E7	105.56410356115485
8.35409705E7	169.74849093703835
8.39002865E7	150.82203431570403
8.42596025E7	123.16541422795343
8.46189185E7	146.10610739619108
8.49782345E7	117.49645846859696
8.53375505E7	184.96193567254545
8.56968665E7	129.72156258433301
8.60561825E7	102.57864562203484
8.64154985E7	140.52964251060266
8.67748145E7	138.62466046388212
8.71341305E7	110.14507848813119
8.74934465E7	145.4092239589937
8.78527625E7	147.92156106095163
8.82120785E7	149.43323780813583
8.85713945E7	41.977356400783215
8.89307105E7	62.74730768686301
8.92900265E7	103.57307028641831
8.96493425E7	128.4208677156004
9.00086585E7	81.85642076589868
9.03679745E7	121.99563265323863
9.07272905E7	113.81039169071843
9.10866065E7	89.71914164153614
9.14459225E7	140.17067218241127
9.18052385E7	105.00879895002403
9.21645545E7	121.89357310812004
9.25238705E7	176.45454403806508
9.28831865E7	163.62567984897737
9.32425025E7	110.14306592626166
9.36018185E7	87.32808374251051
9.39611345E7	117.5010861922349
9.43204505E7	124.33143096172739
9.46797665E7	152.94671129763165
9.50390825E7	65.6484272525277
9.53983985E7	80.03978854841466
9.57577145E7	123.97119842849821
9.61170305E7	111.47362120925223
9.64763465E7	74.91302456623859
9.68356625E7	91.60820143026496
9.71949785E7	97.78803537516681
9.75542945E7	115.49173951119393
9.79136105E7	95.77954593001638
9.82729265E7	80.78153204216783
9.86322425E7	76.60824845368838
9.89915585E7	77.88285261375383
9.93508745E7	133.66399026954335
9.97101905E7	112.72051726813854
1.000695065E8	104.39287322193144
1.004288225E8	165.06464174111122
1.007881385E8	147.65998282136175
1.011474545E8	127.01562501153505
1.015067705E8	130.4805420726707
1.018660865E8	179.25642859202702
1.022254025E8	107.17999064762655
1.025847185E8	147.7353373667598
1.029440345E8	144.28628642970378
1.033033505E8	58.541094159762466
1.036626665E8	86.90696437183426
1.040219825E8	136.79803129860096
1.043812985E8	122.62786629802919
1.047406145E8	163.94811566287453
1.050999305E8	162.82126162838244
1.054592465E8	108.02457143109167
1.058185625E8	92.41033363716728
1.061778785E8	162.11913028733443
1.065371945E8	137.0440758017311
1.068965105E8	106.29718543382205
1.072558265E8	96.31330440104007
1.076151425E8	71.19906045921499
1.079744585E8	99.85773377818155
1.083337745E8	121.97111175506541
1.086930905E8	82.88653159539935
1.089314775E8	112.85105122281219
1.091111355E8	146.70855197831577
1.094117225E8	81.69522184896006
1.097710385E8	110.7074266228409
1.101303545E8	97.63053662281374
1.10324175E8	3.738043667293798
1.10503833E8	60.74173341213601
1.108489865E8	145.21882594439847
1.112083025E8	109.32065785751288
1.115676185E8	102.90776270482601
1.119269345E8	150.9521143730627
1.122862505E8	128.11735827444514
1.126455665E8	135.6663279823893
1.130048825E8	69.56795073072108
1.133641985E8	45.32759938781635
1.137235145E8	65.76771540152292
1.140828305E8	74.4204418500466
1.144421465E8	65.07484366449435
1.148014625E8	71.06734264072072
1.151607785E8	56.00309722869803
1.155200945E8	105.06544538834692
1.158794105E8	130.27074336490801
1.162387265E8	126.30473719048078
1.165980425E8	117.32895434925888
1.169573585E8	106.3093801437072
1.173166745E8	118.03213732108799
1.176759905E8	108.56541550549538
1.180353065E8	133.92935448635586
1.183946225E8	136.0816649159876
1.187539385E8	98.91928307874586
1.191132545E8	60.245514588037864
1.194725705E8	90.99274768900372
1.198318865E8	166.9851262836567
1.201912025E8	126.7184466332766
1.205505185E8	64.67455863548793
1.209098345E8	91.07230948590681
1.212691505E8	88.70080944622191
1.216284665E8	130.59839722957247
1.219877825E8	115.5665072947868
1.223470985E8	173.08277813495522
1.227064145E8	56.258571708868644
1.230657305E8	65.76883764355007
1.234250465E8	146.6248767838133
1.237843625E8	96.64372554656764
1.241436785E8	88.03356523243104
1.245029945E8	99.53726993606647
1.248623105E8	60.305205822581534
1.252216265E8	37.34701084674606
1.255809425E8	159.4490459114569
1.259402585E8	167.907162220709
1.262995745E8	139.07212791117462
1.266588905E8	105.01867308751685
1.270182065E8	140.37986603744525
1.273775225E8	67.45044479428738
1.277368385E8	108.44432169690747
1.280961545E8	119.64521939170663
1.284554705E8	88.23588885153185
1.288147865E8	128.9305188346317
1.291741025E8	71.37712152788721
1.295334185E8	129.3598053088866
1.298927345E8	139.66315376340663
1.302520505E8	115.08540781664979
1.306113665E8	119.46287197621452
1.309706825E8	113.82459324783419
1.313299985E8	86.81434800493152
1.316893145E8	65.01603779400034
1.320486305E8	87.24667758385323
1.324079465E8	26.780900721285732
1.327672625E8	140.36366261702
1.331265785E8	81.7410445657897
1.334858945E8	90.03784413141295
1.337730805E8	1.5451391252543203
1.339527385E8	11.9993037713729
1.342045265E8	9.578097382102227
1.345638425E8	38.301606685653354
1.349231585E8	3.4070734094468107
1.352824745E8	7.262126748471825
1.356417905E8	12.683654610916427
1.360011065E8	3.4731529222751165
1.363604225E8	23.529652709226863
1.367197385E8	11.876615219397788
1.370790545E8	47.62816921064665
1.374033365E8	14.51115338714189
1.375577225E8	254.28298659606983
1.375927565E8	62.633864600634084
1.376371405E8	118.82241104410892
1.37699935E8	29.03416935890833
1.37786751E8	60.12663476626623
1.37868371E8	6.404450963230125
1.37942101E8	22.736805166999254
1.37980213E8	40.288747166899746
1.38019627E8	73.32171957835675
1.38089538E8	43.643629627832105
1.38156123E8	25.200775280488585
1.382206275E8	94.9129532654876
1.38280805E8	2.6183261373209774
1.38323179E8	0.0
1.383484915E8	255.0
1.38384028E8	129.58215998895676
1.384312265E8	26.249960191082803
1.384772795E8	56.80167503937537
1.38522045E8	104.79847190911413
1.385663025E8	0.6011890671934178
1.38610046E8	23.631575768192278
1.38651258E8	25.925721388979458
1.386833775E8	27.98903118771111
1.387019305E8	3.508211015840721
1.38726341E8	1.0
1.387630385E8	131.9126517946201
1.3879854E8	131.36293281870675
1.3883298E8	10.108779386372692
1.388668195E8	119.90066225165563
1.389001375E8	112.86891695697308
1.389325255E8	8.866060261218601
1.38963047E8	1.5313704331740403
1.38991991E8	105.30695819705184
1.390198715E8	24.50604509312711
1.39044446E8	0.5366796610715552
1.390581695E8	31.875
1.39074104E8	153.95298416565166
1.391000815E8	244.44369311997778
1.39125904E8	34.13721053903795
1.391516555E8	55.920015444474146
1.391772845E8	9.865624119345553
1.39202833E8	40.16604967500323
1.39227853E8	0.0
1.392522945E8	142.88475793001766
1.392761035E8	0.0
1.392991635E8	0.0
1.393219065E8	98.64055505819158
1.39344169E8	134.00775618256787
1.393656665E8	0.0
1.39386585E8	114.18727001360436
1.394057875E8	0.0
1.394157655E8	2.9893491124260354
1.39426072E8	237.52521059699671
1.394433E8	0.5
1.394591395E8	0.0
1.39474609E8	0.0
1.394898515E8	0.5
1.39504877E8	14.81698410772777
1.39519712E8	152.22441542666263
1.39534307E8	0.0
1.39548658E8	102.05672426746807
1.395628065E8	255.0
1.395768695E8	144.72573189522342
1.395908865E8	0.0
1.396048595E8	17.56907894736842
1.39618797E8	255.0
1.396327175E8	184.77033898305083
1.39646447E8	3.0
1.39659998E8	22.13640272476931
1.39673523E8	0.0
1.39687001E8	1.2857142857142858
1.39700456E8	255.0
1.397138915E8	0.0
1.397272965E8	0.0
1.39740652E8	118.82325141776937
1.397539385E8	0.0
1.397671835E8	9.535905680600214
1.397738625E8	0.0
1.39780441E8	9.005682859761686
1.397935115E8	1.0
1.39806605E8	0.0
1.398195725E8	236.3746449780532
1.398324245E8	0.0
1.39845262E8	217.81110833124845
1.398580325E8	101.99553571428571
1.3987073E8	1.0
1.398833975E8	0.0
1.398960405E8	172.67937496083061
1.399086725E8	0.0
1.399212565E8	2.4876728803367407
1.39933781E8	161.67396313663852
1.39946267E8	255.0
1.399587085E8	79.23076923076923
1.399711325E8	0.0
1.39983544E8	254.87095141700405
1.399959275E8	162.83352267533724
1.400082885E8	167.82251973910058
1.40020559E8	0.0
1.400327265E8	1.5
1.400448715E8	0.0
1.4005699E8	0.0
1.400690545E8	0.0
1.40081085E8	255.0
1.400930995E8	78.23781388478582
1.40105101E8	2.4029666254635353
1.40117094E8	171.0
1.401281635E8	0.0
1.40134155E8	0.0
1.401410485E8	1.0365974282888228
1.40153003E8	59.15384615384615
1.40164882E8	0.0
1.40176667E8	207.80844155844156
1.4018842E8	214.17619193600186
1.40200076E8	1.1823336521382704
1.402116215E8	0.0
1.402231315E8	1.0
1.402345955E8	3.0
1.402459205E8	1.0
1.402571045E8	0.0
1.402682415E8	0.0
1.4027885E8	55.54598358401251
1.40288828E8	255.0
1.402984445E8	0.0
1.40307799E8	0.0
1.403166425E8	14.020972699331043
1.40324819E8	0.0
1.403326835E8	3.0
1.403402015E8	0.0
1.4034742E8	0.0
1.40354483E8	103.28003784295176
1.403614525E8	16.484389631152222
1.403683705E8	239.3743351496863
1.403752505E8	2.5993706255764746
1.403821105E8	0.0
1.40388953E8	241.73963545389563
1.403957145E8	0.0
1.404023365E8	2.7565281353438764
1.404088075E8	255.0
1.404151525E8	2.5437751004016063
1.40421418E8	1.0
1.40427633E8	76.0301592834518
1.404337675E8	172.2423260247855
1.404398365E8	0.0
1.40445888E8	255.0
1.404519085E8	0.0
1.404579005E8	228.69955156950672
1.404638765E8	235.97463235294117
1.404698365E8	255.0
1.4047577E8	255.0
1.40481673E8	162.28553775094707
1.404875345E8	0.0
1.404915035E8	0.0
1.404943895E8	0.0
1.404990715E8	170.33333333333334
1.405047025E8	97.03266294717695
1.40510262E8	0.0
1.405157995E8	219.26574050471578
1.40521292E8	229.4390001655355
1.40526756E8	165.36053506750724
1.40532181E8	0.0
1.40537566E8	243.4843507303529
1.405429375E8	255.0
1.405482795E8	0.0
1.40553603E8	0.0
1.405589225E8	1.9995596653456627
1.40564221E8	0.0
1.405694775E8	255.0
1.40574688E8	255.0
1.405798735E8	255.0
1.405850135E8	255.0
1.40590093E8	0.0
1.405951535E8	0.0
1.40600212E8	0.0
1.406052535E8	0.0
1.406102665E8	0.0
1.406152645E8	129.0
1.406202595E8	3.0
1.406252495E8	3.0
1.40630226E8	3.0
1.40635179E8	0.0
1.40640115E8	0.0
1.4064504E8	255.0
1.4064995E8	236.19905731242682
1.406548455E8	0.0
1.40659729E8	24.822452993092863
1.40664601E8	2.6
1.406694435E8	253.21678321678323
1.40674261E8	0.0
1.40679061E8	197.22515703011757
1.40683806E8	0.0
1.40688509E8	0.0
1.406931635E8	1.0
1.40697758E8	0.0
1.40702335E8	0.0
1.40706898E8	0.0
1.40711432E8	1.0
1.40715925E8	212.67047112331588
1.40720393E8	51.0
1.407248515E8	0.0
1.407292955E8	0.0
1.407337135E8	0.0
1.40738111E8	0.0
1.40742499E8	0.0
1.407468785E8	0.0
1.40751256E8	0.0
1.407556295E8	0.0
1.40759995E8	65.0
1.407643435E8	255.0
1.407686665E8	111.82332127060715
1.407729765E8	4.205361003026373
1.40777284E8	0.0
1.40781584E8	230.4535103257834
1.40785876E8	12.33470817769786
1.40790157E8	0.0
1.407944295E8	68.80992509363296
1.407986935E8	0.0
1.40802937E8	0.0
1.40807165E8	255.0
1.408113885E8	0.0
1.408156105E8	158.1580354159706
1.408198225E8	0.5967819720285852
1.40824022E8	253.36747759282972
1.408282145E8	2.875516614316416
1.408324E8	1.0
1.408365825E8	0.0
1.40840755E8	0.0
1.408449115E8	0.0
1.40849054E8	0.0
1.40851497E8	0.0
1.408535395E8	255.0
1.40857247E8	0.0
1.408613235E8	170.33333333333334
1.40865389E8	173.1652042059211
1.408694335E8	0.0
1.40873455E8	255.0
1.408774675E8	0.0
1.408814765E8	0.0
1.40885475E8	164.50351053159477
1.408894625E8	113.89328063241106
1.408934395E8	0.0
1.408974065E8	1.0
1.409013685E8	161.5030238349342
1.409053235E8	228.6254117525955
1.40909269E8	0.0
1.409132055E8	0.0
1.409171345E8	2.989399293286219
1.409210595E8	254.072004159085
1.40924982E8	0.0
1.40928899E8	0.0
1.40932812E8	0.0
1.409367215E8	65.24437582708426
1.4094061E8	0.0
1.409444775E8	1.8809860577894524
1.409483385E8	210.6552149832435
1.409521765E8	0.0
1.40955989E8	0.0
1.409597955E8	0.0
1.409636015E8	255.0
1.40967392E8	0.0
1.40971157E8	3.0
1.40974907E8	3.0
1.40978648E8	0.0
1.409823815E8	2.0
1.40986105E8	0.0
1.409898215E8	61.57297297297297
1.40993536E8	0.0
1.409972465E8	0.0
1.41000941E8	0.0
1.410046115E8	0.6
1.410082665E8	255.0
1.41011916E8	0.0
1.410155645E8	0.0
1.410192115E8	0.0
1.410228535E8	0.41147889462496207
1.410264835E8	255.0
1.410301055E8	0.0
1.41033718E8	240.1980423400865
1.41037321E8	0.0
1.410409235E8	0.0
1.41044521E8	0.0
1.410481085E8	0.0
1.410516865E8	0.0
1.41055252E8	3.0
1.410588075E8	200.2897964655153
1.41062361E8	1.5820256776034236
1.41065914E8	1.0
1.41069467E8	221.8311508668388
1.41073012E8	229.20905874026894
1.41076544E8	3.0
1.41080071E8	255.0
1.41083596E8	0.0
1.41087117E8	0.0
1.41090628E8	0.0
1.410941305E8	238.879359790394
1.41097631E8	50.71620285351038
1.411011295E8	0.0
1.411046235E8	96.53705062362435
1.411081075E8	0.0
1.41111585E8	0.0
1.4111506E8	0.0
1.411185295E8	200.5774128686327
1.41121994E8	0.0
1.411254545E8	42.73570019723866
1.411289005E8	127.5
1.411323185E8	0.0
1.411357175E8	0.0
1.4113911E8	255.0
1.411424975E8	255.0
1.41145878E8	143.11904761904762
1.411492525E8	227.8507323422769
1.41152626E8	242.9806375904557
1.41155995E8	255.0
1.411593515E8	127.04946996466431
1.41162699E8	193.63636363636363
1.41166043E8	1.0
1.4116937E8	0.0
1.411726805E8	255.0
1.411759855E8	0.0
1.41179286E8	3.0
1.411825805E8	0.0
1.411858675E8	3.0
1.41189148E8	0.0
1.41192424E8	3.0
1.411956955E8	255.0
1.411989605E8	73.94857834240774
1.41202221E8	255.0
1.4120548E8	223.61375755712302
1.412087365E8	0.0
1.41210776E8	0.0
1.41212402E8	0.0
1.412152325E8	0.0
1.41218463E8	3.0
1.41221688E8	52.83116883116883
1.412249085E8	230.8687899051721
1.41228124E8	197.18757810547362
1.41231335E8	0.23253275109170304
1.412345425E8	255.0
1.41237746E8	0.0
1.41240947E8	0.0
1.41244146E8	0.0
1.412473425E8	163.36363636363637
1.41250538E8	223.85232177627134
1.412537305E8	244.82902911192377
1.412569125E8	0.0
1.41260086E8	255.0
1.41263258E8	255.0
1.412664245E8	0.0
1.41269585E8	0.0
1.41272743E8	0.0
1.412758995E8	0.0
1.412790545E8	235.2300350762705
1.412822035E8	0.0
1.4128534E8	206.86248847839582
1.41288466E8	0.0
1.41291589E8	0.0
1.412947105E8	1.0
1.412978215E8	35.568833764401596
1.413009225E8	0.0
1.413040225E8	254.74333165576246
1.41307117E8	0.0
1.41310204E8	229.13470919324578
1.413132865E8	0.0
1.413163665E8	0.0
1.41319445E8	45.206896551724135
1.413225215E8	228.96123265685384
1.41325596E8	0.0
1.41328669E8	2.3407098121085594
1.41331738E8	0.0
1.413348E8	0.0
1.413378585E8	168.06570745021398
1.413409105E8	140.09519230769232
1.413439555E8	0.0
1.41346999E8	0.0
1.41350033E8	0.0
1.413530575E8	255.0
1.41356076E8	3.0
1.413590875E8	0.0
1.41362097E8	0.0
1.413651025E8	0.0
1.41368103E8	255.0
1.41371102E8	39.28122045552213
1.413740995E8	72.78390113560454
1.41377093E8	255.0
1.413800805E8	183.14451547779274
1.413830635E8	219.0
1.413860455E8	1.0
1.41389022E8	82.87878787878788
1.413919895E8	0.0
1.4139495E8	0.0
1.413979065E8	0.0
1.41400857E8	0.0
1.41403801E8	0.0
1.41406741E8	163.79093198992445
1.41409678E8	0.0
1.414126105E8	0.0
1.41415538E8	229.65415543257177
1.414184645E8	0.0
1.414213895E8	255.0
1.414243125E8	216.91952233466387
1.414272345E8	12.908515663294862
1.41430155E8	0.0
1.414330725E8	3.6787655529508747
1.414359875E8	128.25
1.414389E8	10.408163265306122
1.414418105E8	0.0
1.41444718E8	189.74702604434256
1.414476225E8	0.21088842841416824
1.41450526E8	0.0
1.41453427E8	185.31467886424696
1.41456323E8	1.0
1.41459214E8	127.98237367802585
1.414621005E8	141.39554098360657
1.414649835E8	179.8005579517386
1.414678655E8	0.0
1.414707475E8	255.0
1.41473629E8	0.0
1.41476508E8	0.0
1.414793845E8	255.0
1.41482258E8	0.0
1.414851235E8	0.0
1.414879835E8	3.0
1.414908425E8	0.0
1.41493699E8	246.4385890352741
1.41496551E8	224.60168955734105
1.414993995E8	0.0
1.415022465E8	1.0
1.415050915E8	0.0
1.41507934E8	0.0
1.415107725E8	0.0
1.415136075E8	0.0
1.41516441E8	0.0
1.415192725E8	0.0
1.41522102E8	0.0
1.415249305E8	255.0
1.41527757E8	15.37169885691762
1.41530581E8	0.0
1.415334035E8	0.0
1.415362255E8	0.0
1.415390465E8	0.0
1.41541866E8	0.0
1.41544683E8	185.55206286836935
1.415474975E8	0.0
1.4155031E8	0.0
1.415531175E8	0.0
1.41555919E8	224.54914703493094
1.415587165E8	0.0
1.41561512E8	0.0
1.41564307E8	65.16477272727273
1.415671015E8	0.0
1.415695015E8	233.67263931195126
1.41570898E8	255.0
1.41572688E8	0.0
1.4157548E8	0.0
1.415782705E8	199.96635216551098
1.415810595E8	0.0
1.41583847E8	115.0
1.415866325E8	0.0
1.41589416E8	212.57657549440034
1.41592198E8	0.0
1.41594971E8	255.0
1.415977345E8	255.0
1.41600491E8	255.0
1.416032415E8	0.0
1.41605989E8	255.0
1.416087335E8	255.0
1.416114735E8	0.0
1.41614208E8	180.744
1.416169385E8	114.13446042366292
1.41619657E8	223.74970673390047
1.416223655E8	0.0
1.41625071E8	255.0
1.416277715E8	0.0
1.41630469E8	0.0
1.416331645E8	223.3598991375726
1.41635856E8	0.0
1.416385445E8	1.9187027987561085
1.416412325E8	0.0
1.416439195E8	249.71839166046166
1.41646598E8	180.89122978931897
1.416492685E8	0.0
1.41651938E8	36.748335291813554
1.416546065E8	0.0
1.41657273E8	42.19559784339662
1.416599375E8	0.0
1.41662593E8	240.7332670313277
1.416652385E8	0.0
1.416678815E8	207.81303540958288
1.41670523E8	0.0
1.41673163E8	0.0
1.41675801E8	0.0
1.416784375E8	163.56537049524238
1.41681073E8	0.0
1.41683705E8	251.45833333333334
1.416863335E8	87.0
1.416889605E8	0.0
1.416915825E8	0.0
1.416942E8	1.0
1.416968145E8	0.0
1.41699426E8	0.0
1.41702034E8	0.0
1.41704638E8	0.0
1.41707241E8	160.45645562620956
1.41709838E8	0.0
1.417124275E8	255.0
1.417150135E8	0.0
1.41717597E8	3.0
1.41720177E8	0.0
1.41722754E8	0.0
1.417253305E8	58.428707450607
1.41727906E8	170.33333333333334
1.41730481E8	0.0
1.41733056E8	0.75
1.417356305E8	255.0
1.417382025E8	0.0
1.4174077E8	3.0
1.41743333E8	0.0
1.41745892E8	0.0
1.417484485E8	0.0
1.41751004E8	251.1880948540087
1.41753556E8	3.0
1.41756104E8	126.96093322119678
1.41758648E8	3.0
1.41761189E8	255.0
1.417637275E8	0.0
1.4176626E8	0.0
1.41768789E8	0.0
1.417713145E8	0.0
1.41773836E8	138.1786658575701
1.41776357E8	0.0
1.417788775E8	0.0
1.417813975E8	74.97345132743362
1.41783916E8	0.05960542885126627
1.417864325E8	0.0
1.41788946E8	0.9143317068262992
1.41791457E8	0.2983837409879399
1.417939675E8	0.0
1.417964765E8	0.0
1.41798983E8	0.0
1.418014855E8	0.0
1.41803981E8	69.92778798837968
1.4180647E8	255.0
1.41808953E8	254.05204460966542
1.41811431E8	194.24368520411505
1.418139075E8	232.79679992947504
1.41816383E8	0.0
1.41818857E8	0.0
1.418213285E8	0.0
1.418237955E8	1.0
1.41826259E8	102.43018203170875
1.418287215E8	0.0
1.41831178E8	3.0
1.41833627E8	146.01319796954314
1.418360715E8	0.0
1.41838512E8	0.0
1.418409505E8	201.42833012988527
1.418433885E8	0.0
1.418458265E8	111.22292268827238
1.41848263E8	0.0
1.418506975E8	0.0
1.418531305E8	0.0
1.41855562E8	0.0
1.41857992E8	1.8012684989429175
1.418604205E8	164.59315206445115
1.41862847E8	0.0
1.41865272E8	0.0
1.41867695E8	2.0
1.41870116E8	254.90545050055619
1.418725365E8	0.0
1.41874956E8	0.0
1.41877374E8	0.0
1.41879789E8	0.0
1.418822015E8	0.0
1.418846075E8	0.0
1.418870045E8	0.0
1.418893965E8	2.327256153144941
1.418917865E8	0.0
1.41894176E8	0.4416796267496112
1.41896563E8	255.0
1.41898948E8	0.0
1.41901333E8	183.8740767108659
1.419037175E8	192.324917534119
1.41906101E8	76.0785498489426
1.41908484E8	194.67777790066248
1.419108665E8	129.0
1.41913248E8	0.0
1.41915629E8	90.07014041577962
1.41918009E8	16.37181933842239
1.41920388E8	178.14821365405024
1.419227665E8	0.0
1.41925143E8	0.0
1.419275165E8	0.0
1.419292615E8	17.13742885838634
1.41930446E8	255.0
1.419322555E8	0.0
1.419346225E8	0.0
1.41936987E8	0.0
1.41939347E8	0.0
1.41941703E8	2.0
1.419440575E8	0.0
1.41946411E8	0.0
1.419487635E8	0.0
1.419511115E8	0.0
1.419534545E8	0.0
1.419557965E8	222.9570336966053
1.41958135E8	0.0
1.419604675E8	254.52320244773074
1.419627965E8	0.0
1.419651245E8	225.09349684839944
1.419674515E8	230.08753497816872
1.41969777E8	0.0
1.419721005E8	255.0
1.419744205E8	0.0
1.41976738E8	0.0
1.419790505E8	0.0
1.41981358E8	0.0
1.419836635E8	231.97161021995439
1.41985967E8	166.4841320724475
1.41988266E8	1.6
1.4199056E8	0.0
1.41992852E8	3.0
1.41995142E8	0.0
1.4199743E8	0.0
1.419997165E8	0.0
1.420020015E8	255.0
1.42004285E8	0.0
1.420065675E8	0.0
1.42008845E8	0.0
1.420111165E8	215.337321536296
1.42013386E8	0.0
1.420156535E8	0.0
1.42017916E8	0.0
1.42020175E8	0.0
1.42022431E8	0.0
1.420246815E8	0.0
1.42026929E8	0.0
1.42029171E8	255.0
1.420314065E8	0.0
1.420336395E8	129.0
1.420358715E8	191.0488499134985
1.420381015E8	0.0
1.42040329E8	255.0
1.42042554E8	0.0
1.42044776E8	0.0
1.420469965E8	0.0
1.42049215E8	0.0
1.420514315E8	0.0
1.420536445E8	0.0
1.42055854E8	0.0
1.42058062E8	0.0
1.420602685E8	165.3016030368239
1.42062474E8	0.0
1.42064677E8	0.0
1.420668775E8	0.0
1.420690765E8	0.0
1.420712745E8	0.0
1.420734715E8	0.0
1.420756655E8	0.0
1.420778565E8	231.6150514076889
1.42080046E8	0.0
1.42082235E8	0.0
1.42084423E8	0.0
1.42086609E8	0.0
1.4208879E8	0.0
1.420909665E8	0.0
1.42093141E8	255.0
1.420953105E8	0.0
1.42097474E8	0.0
1.42099635E8	0.0
1.42101794E8	254.31665922286734
1.42103946E8	1.0
1.42106089E8	0.0
1.421082245E8	0.0
1.42110355E8	0.0
1.421124825E8	0.0
1.421146075E8	254.10526315789474
1.421167315E8	211.68375065206052
1.42118853E8	199.63122352116713
1.42120971E8	223.6942731277533
1.421230865E8	0.0
1.421252E8	0.0
1.42127313E8	0.0
1.42129426E8	0.0
1.421315385E8	0.0
1.42133649E8	0.0
1.421357575E8	0.0
1.42137864E8	255.0
1.42139969E8	162.94106342088403
1.42142073E8	0.0
1.421441755E8	255.0
1.421462745E8	0.0
1.421483705E8	130.57971014492753
1.421504655E8	0.0
1.421525595E8	0.0
1.421546525E8	27.573885573885573
1.421567435E8	119.27196323046618
1.42158833E8	0.0
1.421609215E8	3.0
1.42163009E8	0.7644490644490645
1.42165096E8	0.0
1.421671825E8	78.17833553500661
1.421692675E8	0.0
1.4217135E8	207.1875
1.4217343E8	0.0
1.42175509E8	0.0
1.421775875E8	0.0
1.421796645E8	255.0
1.421817365E8	255.0
1.421838025E8	30.222883751548945
1.42185866E8	255.0
1.42187929E8	201.2991651562586
1.421899915E8	254.50292397660817
1.421920525E8	0.0
1.421941125E8	0.0
1.421961725E8	127.5
1.42198232E8	142.89473684210526
1.422002865E8	255.0
1.422023345E8	0.0
1.422043795E8	0.0
1.42206423E8	3.0
1.42208462E8	0.0
1.42210496E8	255.0
1.42212529E8	0.0
1.422145605E8	0.0
1.42216589E8	11.897354526304271
1.42218613E8	0.0
1.422206335E8	255.0
1.42222652E8	255.0
1.422246675E8	0.0
1.422266795E8	0.0
1.42228689E8	0.0
1.422306975E8	255.0
1.422327045E8	0.0
1.422347105E8	245.7942238267148
1.42236716E8	23.953175112251444
1.42238721E8	212.5
1.422407225E8	0.0
1.422427205E8	0.171342383107089
1.422447185E8	0.0
1.42246715E8	0.0
1.42248709E8	0.0
1.422507005E8	0.0
1.422526905E8	191.99101768246803
1.422546795E8	255.0
1.422566665E8	0.0
1.422586525E8	0.0
1.422606355E8	0.0
1.422626145E8	0.0
1.422645915E8	210.0260223048327
1.422665675E8	64.5
1.42268543E8	79.09426888055704
1.422705175E8	204.6
1.422724895E8	0.0
1.422744575E8	127.5
1.422764235E8	174.92753623188406
1.422783895E8	0.0
1.422803545E8	0.0
1.42282318E8	1.1137593536206105
1.422842805E8	0.0
1.422862425E8	225.18247298919567
1.4228818E8	169.60187353629976
1.42289161E8	0.0
1.42290166E8	0.0
1.42292127E8	0.0
1.42294088E8	0.0
1.422960465E8	0.0
1.422980025E8	35.68962047153536
1.42299954E8	0.0
1.42301901E8	255.0
1.42303848E8	64.2360570687419
1.423057945E8	255.0
1.4230774E8	255.0
1.423096845E8	0.0
1.42311628E8	0.0
1.42313569E8	0.0
1.423155065E8	2.239955357142857
1.423174425E8	0.0
1.42319378E8	0.0
1.42321312E8	255.0
1.42323245E8	0.0
1.42325177E8	0.0
1.42327107E8	79.15646551724137
1.423290355E8	0.0
1.423309635E8	0.0
1.42332891E8	0.0
1.423348175E8	242.17145116165918
1.423367435E8	0.0
1.423386685E8	0.0
1.423405905E8	0.0
1.42342509E8	0.0
1.423444255E8	0.0
1.423463415E8	0.0
1.42348253E8	0.0
1.423501595E8	0.0
1.42352065E8	35.92094861660079
1.423539695E8	0.0
1.42355873E8	0.0
1.42357776E8	255.0
1.42359679E8	0.4212328767123288
1.423615815E8	0.0
1.42363483E8	255.0
1.423653835E8	0.0
1.423672835E8	0.0
1.42369183E8	0.0
1.4237108E8	0.0
1.42372975E8	0.0
1.42374869E8	255.0
1.42376761E8	0.0
1.423786515E8	255.0
1.423805415E8	253.4783842577767
1.423824305E8	0.7271505376344086
1.423843155E8	0.0
1.423861925E8	0.0
1.423880645E8	0.0
1.42389936E8	0.0
1.423918065E8	0.0
1.423936765E8	0.0
1.42395546E8	0.0
1.42397415E8	0.0
1.42399284E8	0.0
1.424011525E8	0.0
1.42403019E8	0.0
1.42404883E8	207.83055513303063
1.42406746E8	0.0
1.424086055E8	0.0
1.424104605E8	129.0
1.42412313E8	0.0
1.42414163E8	0.0
1.42416009E8	0.0
1.42417852E8	0.0
1.42419695E8	0.0
1.42421538E8	128.0
1.424233805E8	0.0
1.42425222E8	0.0
1.42427063E8	0.0
1.424288995E8	0.0
1.424307315E8	0.0
1.424325625E8	0.0
1.42434392E8	0.0
1.42436221E8	0.0
1.424380485E8	1.6666666666666667
1.42439871E8	0.0
1.424416895E8	0.0
1.424435075E8	0.0
1.42445323E8	120.22033898305085
1.42447136E8	2.656882713356732
1.424489455E8	3.0
1.4245075E8	1.0
1.424525525E8	0.0
1.42454354E8	0.0
1.424561545E8	0.0
1.424579545E8	1.5602027883396705
1.424597535E8	0.0
1.42461551E8	0.0
1.42463346E8	0.0
1.424651385E8	0.0
1.42466928E8	255.0
1.424687145E8	0.0
1.424705E8	0.0
1.42472285E8	229.07256076083127
1.424740655E8	0.0
1.42475841E8	0.0
1.42477616E8	2.797338792221085
1.42479391E8	214.92295839753467
1.424811635E8	0.0
1.42482933E8	0.0
1.424847005E8	203.17461972953336
1.42486464E8	0.0
1.424882225E8	215.0597014925373
1.424899775E8	250.152134315356
1.4249173E8	171.0
1.42493479E8	0.0
1.42495226E8	0.0
1.42496973E8	0.0
1.42498718E8	0.0
1.4250046E8	0.0
1.425021995E8	0.0
1.42503937E8	0.0
1.425056725E8	0.0
1.42507406E8	0.0
1.425091385E8	255.0
1.425108685E8	0.0
1.425125945E8	255.0
1.425143185E8	2.5
1.4251604E8	255.0
1.42517759E8	251.6831348194837
1.425194765E8	254.10526315789474
1.425211925E8	0.0
1.42522908E8	0.0
1.425246225E8	0.0
1.42526336E8	0.0
1.425280485E8	254.14786967418547
1.425297595E8	255.0
1.425314695E8	18.223452440865625
1.42533179E8	0.0
1.425348875E8	0.0
1.425365935E8	0.0
1.42538297E8	1.0
1.4254E8	255.0
1.425416995E8	0.0
1.425433925E8	197.06072408604055
1.425450825E8	255.0
1.42546771E8	0.0
1.42548457E8	3.0
1.42550141E8	0.0
1.42551824E8	115.79344135988251
1.42553507E8	167.95230582524272
1.425551885E8	255.0
1.42556868E8	0.7513227513227513
1.425585465E8	0.0
1.42560223E8	0.0
1.42561894E8	0.0
1.42563556E8	0.0
1.425652095E8	255.0
1.42566857E8	0.0
1.42568501E8	255.0
1.42570144E8	0.0
1.42571786E8	0.0
1.42573425E8	0.0
1.42575062E8	0.0
1.42576699E8	159.27323161983267
1.425783355E8	0.0
1.425799685E8	0.0
1.42581598E8	0.0
1.42583225E8	255.0
1.4258485E8	0.0
1.42586474E8	0.0
1.425880965E8	0.0
1.42589717E8	82.99659874160947
1.425913335E8	0.37434094903339193
1.42592946E8	170.63659641520584
1.425945565E8	84.05594213514009
1.425961665E8	3.0
1.425977755E8	255.0
1.42599378E8	0.0
1.42600974E8	0.0
1.426025685E8	208.7694125590817
1.426041585E8	0.0
1.426057445E8	0.0
1.426073305E8	0.0
1.42608914E8	0.0
1.42610493E8	0.0
1.4261207E8	0.0
1.42613646E8	0.0
1.4261522E8	0.0
1.42616792E8	0.0
1.42618361E8	0.0
1.426199275E8	162.9746247319514
1.426214905E8	0.0
1.426230505E8	0.0
1.426246095E8	0.0
1.426261665E8	0.0
1.426277225E8	0.0
1.42629278E8	0.0
1.42630832E8	0.0
1.426323845E8	2.0
1.426339355E8	0.0
1.426354855E8	121.15185185185184
1.42637035E8	0.0
1.426385825E8	0.0
1.426401275E8	0.0
1.42641671E8	85.84309415768577
1.42643213E8	0.0
1.426447535E8	0.0
1.426462925E8	0.0
1.42647757E8	0.0
1.42648524E8	0.0
1.42649362E8	235.12987012987014
1.42650895E8	0.0
1.426524275E8	189.12237442922375
1.42653958E8	0.0
1.42655486E8	178.85313531353134
1.42657012E8	0.0
1.42658537E8	0.0
1.42660062E8	211.51446809668988
1.42661585E8	0.0
1.426631055E8	0.0
1.42664625E8	0.0
1.426661435E8	0.0
1.426676605E8	166.65217391304347
1.426691735E8	0.0
1.42670683E8	0.0
1.426721915E8	0.0
1.426736975E8	2.942813544542944
1.426752015E8	0.0
1.426767045E8	0.0
1.426782025E8	0.0
1.426796955E8	0.0
1.426811875E8	229.8
1.426826785E8	0.0
1.42684168E8	0.0
1.426856565E8	0.0
1.42687144E8	255.0
1.42688631E8	174.3301618858279
1.42690117E8	175.54600484261502
1.426916015E8	0.0
1.426930845E8	0.0
1.426945645E8	0.0
1.426960415E8	0.0
1.42697517E8	108.36061381074168
1.42698991E8	0.0
1.42700463E8	0.0
1.427019325E8	0.0
1.427034E8	0.0
1.427048665E8	0.0
1.427063315E8	0.0
1.427077945E8	255.0
1.42709256E8	0.0
1.42710717E8	0.0
1.42712177E8	0.0
1.427136355E8	222.25445114257676
1.427150925E8	0.0
1.42716547E8	0.0
1.427179995E8	0.0
1.427194515E8	0.0
1.42720903E8	0.0
1.427223515E8	0.0
1.427237975E8	0.0
1.42725243E8	0.0
1.42726687E8	198.55049223586724
1.42728129E8	0.0
1.427295695E8	231.9382593969804
1.427310075E8	0.0
1.427324415E8	0.0
1.427338735E8	201.96168582375478
1.427353055E8	0.0
1.427367365E8	3.0
1.42738166E8	255.0
1.42739595E8	163.54072835571347
1.42741022E8	0.0
1.427424465E8	0.0
1.427438705E8	0.0
1.427452945E8	0.0
1.42746718E8	0.0
1.427481405E8	255.0
1.42749562E8	0.0
1.42750982E8	0.0
1.427523995E8	209.29692470837753
1.427538155E8	254.0267175572519
1.427552315E8	0.0
1.42756647E8	3.0
1.427580605E8	0.0
1.427594725E8	0.0
1.42760884E8	0.0
1.427622945E8	0.0
1.427637035E8	0.0
1.427651115E8	255.0
1.42766519E8	0.9285534591194968
1.427679255E8	0.0
1.427693305E8	0.0
1.427707335E8	0.0
1.42772132E8	0.0
1.427735265E8	0.0
1.4277492E8	229.00448324681454
1.42776312E8	0.0
1.42777703E8	0.0
1.42779094E8	255.0
1.427804825E8	255.0
1.427818685E8	0.0
1.42783254E8	0.0
1.427846385E8	189.17522586780788
1.42786022E8	250.80409082928543
1.427874045E8	2.856945404284727
1.42788786E8	0.0
1.42790167E8	3.0
1.427915475E8	255.0
1.427929275E8	139.36363636363637
1.42794307E8	61.5660440293529
1.427956855E8	0.0
1.42797063E8	0.0
1.4279844E8	67.10898775753957
1.42799817E8	0.0
1.42801194E8	254.06441092539748
1.428025705E8	0.0
1.42803946E8	0.0
1.428053205E8	0.0
1.428066945E8	0.0
1.42808068E8	1.0
1.4280944E8	0.0
1.4281081E8	0.0
1.428121785E8	0.0
1.428135455E8	182.9937888198758
1.42814909E8	0.0
1.428162695E8	200.38928327757574
1.428176275E8	144.70100913022586
1.428189835E8	255.0
1.42820339E8	3.0
1.42821694E8	0.0
1.428230475E8	0.0
1.42824399E8	0.0
1.42825748E8	0.0
1.42827095E8	142.7219397731717
1.428284415E8	0.0
1.428297865E8	0.0
1.4283113E8	21.787563667232597
1.42832472E8	231.55421950153038
1.428338125E8	254.82054890921887
1.428351525E8	0.0
1.428364925E8	0.0
1.42837832E8	254.85043988269794
1.42839171E8	255.0
1.42840509E8	0.0
1.42841846E8	0.0
1.428431825E8	0.0
1.428445175E8	102.6113074204947
1.42845851E8	0.0
1.42847184E8	13.00897559528225
1.42848517E8	0.0
1.428498495E8	198.73925501432666
1.428511805E8	238.27626233313987
1.428525105E8	255.0
1.428538395E8	0.0
1.42855167E8	0.0
1.428564935E8	0.0
1.428578195E8	0.0
1.42859144E8	0.0
1.42860467E8	0.0
1.428617895E8	1.0
1.428631085E8	0.0
1.42864424E8	0.0
1.42865739E8	0.0
1.42867054E8	0.0
1.42868369E8	0.9359514346166775
1.428696825E8	0.0
1.42870994E8	0.0
1.42872305E8	0.0
1.428736155E8	0.0
1.428749255E8	179.24703557312253
1.42876235E8	71.92837573385519
1.428775435E8	0.0
1.428788505E8	0.0
1.428801555E8	253.35730088495575
1.428814595E8	0.0
1.428827635E8	210.3165137614679
1.428840675E8	255.0
1.42885371E8	0.0
1.42886674E8	0.0
1.428879765E8	0.0
1.42889278E8	0.0
1.42890579E8	255.0
1.42891879E8	235.09611538694625
1.42893177E8	0.0
1.42894474E8	85.2
1.42895771E8	255.0
1.428970675E8	0.0
1.42898363E8	0.0
1.428996575E8	0.0
1.429009515E8	0.0
1.429022455E8	255.0
1.42903539E8	204.6302046577276
1.42904831E8	0.0
1.429061215E8	0.0
1.42907411E8	255.0
1.42908699E8	224.15557252805357
1.429099855E8	0.0
1.42911271E8	0.0
1.429125555E8	0.0
1.429138395E8	222.5788990825688
1.42915123E8	0.0
1.42916406E8	180.5406224659227
1.429176885E8	244.27888072534
1.4291897E8	0.0
1.429202505E8	0.0
1.429215305E8	0.0
1.4292281E8	0.0
1.429240885E8	0.0
1.429253665E8	180.6164383561644
1.429266445E8	0.0
1.42927922E8	235.56396784375858
1.42929199E8	0.1845490275516733
1.42930476E8	52.8
1.429317525E8	0.0
1.42933028E8	1.605357064718674
1.42934303E8	0.0
1.429355775E8	0.0
1.429368515E8	255.0
1.429381245E8	0.0
1.42939396E8	0.0
1.42940667E8	0.0
1.42941938E8	0.0
1.42943209E8	78.91874180865007
1.4294448E8	255.0
1.429457505E8	234.22401359565515
1.429470205E8	1.0
1.429482905E8	221.41684793355745
1.4294956E8	2.9957805907172994
1.429508285E8	0.0
1.429520965E8	26.309263825290596
1.429533635E8	241.41729359108658
1.42954629E8	0.0
1.429558935E8	1.3001056710109193
1.42957157E8	0.0
1.4295842E8	0.0
1.42959683E8	160.1781193490054
1.429609455E8	0.0
1.429622075E8	0.0
1.429634695E8	0.0
1.42964731E8	0.0
1.42965992E8	158.292631760446
1.429672525E8	210.94224806011076
1.429685125E8	0.0
1.429697725E8	248.89566395663957
1.429710325E8	3.0
1.42972292E8	36.46782161180501
1.429735505E8	255.0
1.429748085E8	0.0
1.429760665E8	2.0595481088372587
1.42977324E8	0.0
1.42978579E8	0.0
1.42979832E8	248.65137940211125
1.429810845E8	0.0
1.42982336E8	0.0
1.42983587E8	255.0
1.42984838E8	0.0
1.42986089E8	0.0
1.429873395E8	73.4308943089431
1.42988589E8	0.0
1.429898375E8	0.0
1.42991085E8	246.56614785992218
1.429923315E8	0.0
1.429935775E8	220.68594217347956
1.429948225E8	255.0
1.42996066E8	233.77717653163336
1.429973085E8	184.54424432263116
1.4299855E8	0.0
1.42999791E8	182.59939301972685
1.43001032E8	0.0
1.430022725E8	1.0
1.430035125E8	0.0
1.430047525E8	237.09675520975296
1.43005992E8	3.0
1.4300719E8	0.0
1.43007809E8	0.0
1.430084685E8	0.0
1.430097065E8	6.299179029372298
1.430109445E8	3.0
1.43012182E8	0.0
1.430134185E8	0.0
1.43014654E8	0.0
1.43015889E8	255.0
1.430171235E8	255.0
1.430183575E8	164.40350607411963
1.430195915E8	0.0
1.43020825E8	0.0
1.43022058E8	255.0
1.430232905E8	202.00836820083683
1.43024522E8	87.0
1.43025753E8	251.25
1.43026984E8	255.0
1.43028215E8	254.54706927175843
1.430294455E8	255.0
1.43030675E8	255.0
1.43031904E8	3.0
1.430331325E8	0.0
1.4303436E8	0.0
1.43035587E8	223.61578438513658
1.43036814E8	0.0
1.43038041E8	0.0
1.430392675E8	170.0
1.430404935E8	0.0
1.430417195E8	255.0
1.43042945E8	252.41210583544762
1.4304417E8	0.0
1.43045395E8	0.0
1.4304662E8	0.0
1.43047845E8	0.0
1.4304907E8	255.0
1.430502945E8	195.65125815990626
1.430515185E8	87.0
1.430527425E8	0.0
1.430539665E8	57.38660737640596
1.4305519E8	0.0
1.43056413E8	0.0
1.43057636E8	0.0
1.430588585E8	178.55571304319815
1.430600805E8	0.0
1.43061302E8	0.0
1.430625225E8	1.0
1.430637425E8	0.0
1.43064962E8	0.0
1.43066181E8	0.0
1.430674E8	0.0
1.430686185E8	235.26165167620604
1.430698365E8	0.0
1.430710525E8	229.14450867052022
1.43072266E8	0.0
1.430734785E8	0.0
1.430746905E8	3.0
1.43075902E8	0.0
1.43077113E8	0.0
1.430783235E8	0.0
1.43079533E8	0.0
1.43080742E8	255.0
1.43081951E8	0.0
1.430831595E8	0.0
1.430843675E8	0.0
1.430855755E8	1.0
1.430867835E8	0.9858657243816255
1.43087991E8	1.9929078014184398
1.430891975E8	0.0
1.43090403E8	95.554821664465
1.43091608E8	0.0
1.43092813E8	246.73309734513273
1.43094017E8	0.0
1.4309522E8	0.0
1.43096423E8	0.0
1.430976255E8	3.0
1.430988275E8	3.0
1.43100029E8	254.10526315789474
1.431012295E8	0.9145890058596936
1.431024295E8	0.0
1.431036295E8	3.0
1.43104829E8	0.0
1.43106028E8	255.0
1.431072265E8	255.0
1.431084245E8	0.5
1.43109622E8	0.0
1.43110819E8	0.0
1.43112015E8	0.0
1.4311321E8	0.0
1.43114405E8	218.49698095680446
1.431156E8	0.0
1.43116795E8	19.721059977764973
1.431179895E8	255.0
1.43119183E8	0.0
1.43120376E8	0.0
1.43121569E8	255.0
1.43122762E8	255.0
1.431239545E8	0.0
1.431251465E8	238.4317644301451
1.431263385E8	0.0
1.4312753E8	0.0
1.43128721E8	0.0
1.431299115E8	0.0
1.431311015E8	0.0
1.431322915E8	0.0
1.43133481E8	255.0
1.4313467E8	0.0
1.43135859E8	0.0
1.43137048E8	0.0
1.43138237E8	0.0
1.43139426E8	251.43356643356643
1.431406145E8	2.989399293286219
1.431418015E8	0.0
1.431429875E8	0.0
1.431441735E8	209.42076742823667
1.431453595E8	255.0
1.431465455E8	1.0
1.43147731E8	0.0
1.43148916E8	0.0
1.43150101E8	207.65472312703582
1.43151286E8	0.0
1.431524705E8	255.0
1.431536545E8	0.0
1.431548385E8	1.0
1.431560225E8	0.0
1.431572055E8	0.0
1.431583875E8	242.20999757464352
1.43159569E8	0.0
1.4316075E8	243.82305927759975
1.43161931E8	0.0
1.43163111E8	0.0
1.4316429E8	0.0
1.43165469E8	255.0
1.431666475E8	0.0
1.431678255E8	0.0
1.431690035E8	0.0
1.431701815E8	255.0
1.431713595E8	0.0
1.431725375E8	0.0
1.43173715E8	0.0
1.431748915E8	11.314945296565591
1.43176067E8	0.0
1.43177242E8	255.0
1.431784165E8	0.0
1.431795905E8	0.0
1.43180764E8	0.0
1.43181937E8	0.0
1.4318311E8	32.6920704845815
1.43184282E8	0.0
1.43185453E8	59.53881937760667
1.43186624E8	255.0
1.43187795E8	0.0
1.431889655E8	3.0
1.43190135E8	3.0
1.43191304E8	255.0
1.431924725E8	0.0
1.4319364E8	0.0
1.43194807E8	0.0
1.43195974E8	0.0
1.431971405E8	0.0
1.431983065E8	248.11871681094055
1.431994725E8	186.8333654055857
1.432006385E8	0.0
1.43201804E8	0.0
1.43202969E8	0.0
1.432041335E8	0.0
1.43205297E8	0.0
1.4320646E8	231.60403305412189
1.43207623E8	3.0
1.43208786E8	0.375
1.43209949E8	0.0
1.43211112E8	232.2896322315011
1.432122745E8	201.17741085091882
1.432134365E8	255.0
1.432145985E8	129.30667678412246
1.4321576E8	0.0
1.43216921E8	0.0
1.43218082E8	0.0
1.432192425E8	0.0
1.432204025E8	83.37557339449542
1.432215625E8	0.0
1.43222722E8	0.0
1.43223881E8	0.0
1.4322504E8	255.0
1.43226199E8	254.09893992932862
1.43227358E8	0.0
1.432285165E8	0.0
1.432296745E8	26.82780383585865
1.432308325E8	37.59779614325069
1.4323199E8	80.91346153846153
1.43233147E8	255.0
1.432343035E8	0.0
1.432354595E8	0.0
1.43236615E8	0.0
1.4323777E8	95.21998123827392
1.43238925E8	0.0
1.4324008E8	0.89263288228531
1.432412345E8	0.0
1.432423885E8	255.0
1.432435425E8	61.605898123324394
1.432446965E8	242.3955618175414
1.4324585E8	0.0
1.43247003E8	3.0
1.43248156E8	0.0
1.432493085E8	255.0
1.432504605E8	0.0
1.432516125E8	0.0
1.432527645E8	0.0
1.43253916E8	129.0
1.432550665E8	2.0
1.432562165E8	0.0
1.432573655E8	0.0
1.432585135E8	0.0
1.432596615E8	212.62839879154077
1.432608095E8	55.560099474993095
1.432619575E8	0.0
1.432631055E8	254.10211267605635
1.43264253E8	102.87033121916843
1.432654E8	237.52218508617366
1.43266547E8	3.0
1.432676935E8	99.43064985451018
1.432688395E8	0.0
1.432699855E8	0.0
1.43271131E8	255.0
1.432722755E8	77.77625509726586
1.432734195E8	255.0
1.432745635E8	235.49891263805387
1.432757075E8	4.167532917532918
1.432768515E8	0.0
1.43277995E8	0.0
1.43279138E8	254.5518453427065
1.432802805E8	0.0
1.432814225E8	255.0
1.432825645E8	0.48509243461799145
1.43283706E8	228.83558258886143
1.43284847E8	226.87545962565179
1.432859875E8	184.63761901759253
1.432871275E8	0.0
1.432882675E8	0.0
1.432894075E8	0.0
1.43290547E8	243.91187135424877
1.43291686E8	0.0
1.43292825E8	0.0
1.43293964E8	255.0
1.43295103E8	0.0
1.432962415E8	0.0
1.43297379E8	1.2857142857142858
1.432985155E8	2.715304782302517
1.432996515E8	0.0
1.433007875E8	138.24719124774379
1.433019235E8	3.0
1.43303059E8	0.0
1.43304194E8	0.0
1.43305329E8	254.95834694544266
1.433064635E8	0.0
1.433075975E8	164.77472205968402
1.433087315E8	2.1757510248091014
1.433098655E8	0.0
1.43310999E8	0.0
1.43312132E8	0.0
1.43313265E8	255.0
1.433143975E8	226.22667589392174
1.433155295E8	2.271951219512195
1.433166615E8	0.0
1.433177935E8	0.0
1.43318925E8	0.0
1.43320056E8	228.58408094071524
1.43321187E8	0.0
1.433223175E8	0.0
1.433234475E8	166.48957055214723
1.433245775E8	74.42711518858307
1.43325707E8	0.0
1.43326836E8	96.33289124668435
1.43327965E8	71.93740831295844
1.43329094E8	0.0
1.43330222E8	234.3928215353938
1.43331349E8	0.0
1.433324755E8	230.59686066659873
1.433336015E8	0.0
1.433347275E8	255.0
1.433358535E8	0.0
1.433369795E8	34.95244215938303
1.43338105E8	0.0
1.4333923E8	0.0
1.433403545E8	0.0
1.433414785E8	0.0
1.43342602E8	0.0
1.43343725E8	19.837945928651415
1.43344848E8	255.0
1.43345971E8	255.0
1.43347094E8	213.12331180270112
1.433482165E8	220.3068780316007
1.43349338E8	0.0
1.433504585E8	255.0
1.43351578E8	16.238645418326694
1.43352697E8	105.89123573682933
1.433538155E8	182.4684435504149
1.433549335E8	0.0
1.433560515E8	0.0
1.433571695E8	0.0
1.43358287E8	0.0
1.43359404E8	0.0
1.43360521E8	255.0
1.43361638E8	147.47216035634744
1.43362755E8	196.04796675571387
1.43363872E8	129.22222222222223
1.433649885E8	0.0
1.433661045E8	245.20871350364965
1.433668735E8	211.28001329676724
1.433674315E8	251.47615632843312
1.433683365E8	66.05550660792952
1.433694525E8	255.0
1.433705685E8	0.0
1.43371684E8	1.6666666666666667
1.43372799E8	127.5
1.43373914E8	3.0
1.433750285E8	0.0
1.433761425E8	0.0
1.433772565E8	0.0
1.433783705E8	255.0
1.433794845E8	0.0
1.433805985E8	0.0
1.433817115E8	255.0
1.433828235E8	0.0
1.433839355E8	0.0
1.433850475E8	242.150837495214
1.43386159E8	169.64206887381997
1.433872695E8	0.0
1.433883795E8	85.66666666666667
1.433894895E8	38.714285714285715
1.433905995E8	0.0
1.43391709E8	255.0
1.43392818E8	0.0
1.43393927E8	163.75471698113208
1.43395036E8	255.0
1.433961445E8	2.522117962466488
1.433972525E8	0.0
1.4339836E8	255.0
1.43399467E8	255.0
1.43400574E8	1.0
1.434016805E8	237.60148166478496
1.434027865E8	3.0
1.43403892E8	188.63611859838275
1.43404997E8	0.0
1.43406102E8	0.0
1.43407207E8	0.0
1.43408312E8	0.0
1.43409417E8	255.0
1.43410521E8	0.0
1.43411624E8	0.0
1.43412727E8	0.0
1.434138295E8	0.0
1.434149315E8	0.0
1.434160335E8	85.36673189823875
1.43417135E8	108.04312114989733
1.43418236E8	0.0
1.43419337E8	1.0
1.434204375E8	105.42980493204979
1.434215375E8	0.0
1.43422637E8	0.0
1.43423736E8	106.16089712335446
1.434248345E8	102.0
1.434259325E8	0.0
1.434270305E8	0.0
1.43428128E8	0.0
1.43429225E8	0.0
1.43430322E8	0.0
1.434314185E8	0.0
1.434325145E8	0.0
1.434336095E8	0.0
1.43434703E8	0.0
1.434357955E8	0.0
1.43436887E8	0.0
1.43437978E8	255.0
1.434390685E8	255.0
1.434401585E8	0.0
1.434412485E8	190.54866997953815
1.434423385E8	152.91293005054624
1.434434285E8	0.0
1.43444518E8	0.0
1.43445607E8	0.0
1.434466955E8	0.0
1.434477835E8	255.0
1.434488715E8	255.0
1.434499595E8	255.0
1.43451047E8	0.0
1.43452134E8	200.50689447491044
1.43453221E8	255.0
1.434543075E8	159.7653685749878
1.434553935E8	236.45662100456622
1.434564795E8	1.5789473684210527
1.434575655E8	0.0
1.434586505E8	0.0
1.434597345E8	255.0
1.434608185E8	0.0
1.434619025E8	0.0
1.434629865E8	2.2451127819548873
1.4346407E8	0.0
1.43465153E8	0.7301173402868318
1.43466236E8	239.18151921502303
1.434673185E8	0.0
1.434684005E8	255.0
1.43469482E8	0.0
1.43470563E8	250.71804262984088
1.434716435E8	251.37154150197628
1.434727235E8	255.0
1.434738035E8	112.30394328754984
1.43474883E8	0.0
1.43475962E8	0.0
1.434770405E8	0.0
1.434781185E8	1.1631172038869562
1.434791965E8	0.0
1.434802745E8	0.0
1.43481352E8	0.0
1.43482429E8	0.0
1.434835055E8	0.0
1.434845815E8	0.0
1.434856575E8	0.0
1.434867335E8	255.0
1.43487809E8	0.0
1.43488884E8	155.97640840531133
1.43489959E8	23.988234710087372
1.43491034E8	255.0
1.434921085E8	0.0
1.434931825E8	6.540232999187213
1.434942565E8	7.393756859542101
1.434953305E8	0.0
1.43496404E8	0.0
1.434974765E8	246.48578704871343
1.434985485E8	0.0
1.4349962E8	0.0
1.43500691E8	148.77828922132719
1.435017615E8	0.0
1.435028315E8	0.0
1.435039015E8	0.0
1.43504971E8	0.0
1.4350604E8	0.0
1.435071085E8	0.0
1.43508176E8	0.0
1.43509243E8	0.0
1.4351031E8	255.0
1.435113765E8	0.0
1.435124415E8	255.0
1.435135055E8	0.0
1.435145695E8	255.0
1.43515633E8	0.0
1.43516696E8	0.0
1.43517759E8	255.0
1.43518822E8	194.72252915899324
1.43519885E8	0.0
1.43520948E8	1.0
1.43522011E8	0.0
1.43523074E8	3.0
1.435241365E8	231.6732027641848
1.435251985E8	0.0
1.435262605E8	171.0
1.435273225E8	0.0
1.435283845E8	0.0
1.43529446E8	1.0
1.435305065E8	0.017754857584249748
1.435315665E8	228.37714804328326
1.435326265E8	0.0
1.43533686E8	199.0
1.43534745E8	0.0
1.43535804E8	0.0
1.435368625E8	0.0
1.435379205E8	230.54509260930655
1.435389785E8	3.0
1.435400365E8	158.22797756516002
1.43541094E8	0.0
1.435421505E8	255.0
1.435432065E8	217.48019207683072
1.435442625E8	255.0
1.435453185E8	0.0
1.43546374E8	0.0
1.43547429E8	0.0
1.43548484E8	0.0
1.435495385E8	89.90710382513662
1.435505925E8	3.0
1.43551646E8	0.0
1.43552699E8	255.0
1.43553752E8	32.696251007793606
1.43554805E8	51.84816004333862
1.43555858E8	255.0
1.435569105E8	0.0
1.435579625E8	250.34037066881547
1.435590145E8	128.0
1.43560066E8	0.0
1.43561117E8	255.0
1.43562168E8	255.0
1.43563219E8	0.0
1.4356427E8	0.0
1.435653205E8	0.0
1.435663705E8	1.0
1.4356742E8	0.0
1.43568469E8	0.0
1.43569518E8	0.0
1.43570567E8	0.0
1.43571616E8	255.0
1.435726645E8	0.0
1.435737125E8	193.7432237789708
1.435747605E8	0.0
1.435758085E8	0.0
1.435768565E8	112.53256552819698
1.43577904E8	0.9430645720838647
1.43578951E8	0.0
1.43579998E8	0.0
1.43581045E8	1.0
1.435820915E8	0.0
1.43583137E8	93.24552429667519
1.43584182E8	1.0
1.43585227E8	118.31788440567067
1.43586272E8	0.0
1.435873165E8	0.0
1.435883605E8	0.0
1.435894045E8	0.0
1.43590448E8	255.0
1.43591491E8	255.0
1.435925335E8	0.0
1.435935755E8	0.0
1.435946175E8	242.86809013840542
1.435956595E8	177.05904961565338
1.435967015E8	255.0
1.43597743E8	186.27272727272728
1.43598784E8	0.0
1.43599825E8	0.0
1.436008655E8	0.0
1.436019055E8	0.0
1.436029455E8	0.0
1.436039855E8	140.89494163424123
1.43605025E8	63.75
1.43606064E8	255.0
1.43607103E8	0.0
1.436081415E8	0.0
1.436091795E8	255.0
1.436102175E8	0.0
1.43611255E8	0.0
1.43612292E8	0.0
1.43613329E8	0.0
1.43614366E8	169.17866724263368
1.436154025E8	0.0
1.436164385E8	0.0
1.43617474E8	0.0
1.43618509E8	255.0
1.43619544E8	87.0
1.43620579E8	0.0
1.43621614E8	0.0
1.43622648E8	0.36787564766839376
1.43623681E8	255.0
1.43624714E8	254.01162790697674
1.43625747E8	192.18342665173572
1.436267795E8	0.0
1.436278115E8	254.34803451581976
1.436288435E8	255.0
1.43629875E8	0.0
1.43630906E8	0.0
1.43631937E8	199.0
1.436329675E8	215.7085605880958
1.436339975E8	0.0
1.436350275E8	0.0
1.43636057E8	255.0
1.43637086E8	251.6
1.43638115E8	126.54684642194337
1.43639144E8	224.13706429963196
1.43640173E8	0.0
1.43641202E8	0.0
1.43642231E8	0.0
1.436432595E8	0.0
1.436442875E8	0.0
1.43645315E8	0.0
1.43646342E8	0.0
1.43647369E8	0.0
1.436483955E8	0.0
1.436494215E8	0.0
1.43650447E8	146.40331491712706
1.43651472E8	0.0
1.43652497E8	0.0
1.43653522E8	0.0
1.43654546E8	0.0
1.43655569E8	0.0
1.436565915E8	0.0
1.436576135E8	255.0
1.436586355E8	235.0953774136922
1.436596575E8	0.0
1.43660679E8	137.8903274942879
1.436617E8	254.64021164021165
1.43662721E8	0.0
1.436637415E8	213.5940479228697
1.436647615E8	0.0
1.436657815E8	0.0
1.43666801E8	0.0
1.4366782E8	0.0
1.43668839E8	255.0
1.43669858E8	0.0
1.43670877E8	0.5318352059925093
1.436718955E8	253.57661455588735
1.436729135E8	0.0
1.436739315E8	0.0
1.436749495E8	0.0
1.436759665E8	0.0
1.436769825E8	3.0
1.436779985E8	0.0
1.43679014E8	0.0
1.43680029E8	0.0
1.436810435E8	0.0
1.436820575E8	204.85610151187905
1.436830715E8	0.0
1.436840855E8	255.0
1.436850995E8	0.0
1.43686113E8	139.9090909090909
1.43687126E8	0.0
1.43688139E8	1.0
1.436891515E8	255.0
1.436901635E8	0.0
1.436911755E8	191.7070260715864
1.436921875E8	220.02053997439776
1.436931995E8	176.47154597612032
1.43694211E8	0.0
1.43695222E8	1.2917721408494964
1.43696233E8	0.0
1.43697244E8	170.90129259694478
1.436982545E8	205.7559918101891
1.436992645E8	0.0
1.437002745E8	0.0
1.437012845E8	254.52734012974977
1.437022935E8	0.0
1.437033015E8	0.0
1.437043095E8	1.0
1.43705317E8	0.0
1.43706324E8	0.0
1.437073305E8	117.49224489795918
1.437083365E8	0.5
1.437093425E8	3.0
1.43710348E8	0.0
1.43711353E8	0.0
1.43712358E8	0.4113666959321042
1.43713363E8	0.9122719919627456
1.43714368E8	113.64826498422713
1.437153725E8	0.0
1.437163765E8	0.0
1.437173805E8	0.0
1.437183845E8	0.0
1.43719388E8	0.0
1.4372039E8	255.0
1.43721391E8	3.0
1.43722392E8	1.0
1.43723393E8	0.0
1.43724394E8	95.19235486508586
1.437251765E8	161.5445755901557
1.437257305E8	0.0
