#Position (bp)	Coverage	Std
179658.5	295.07105166482984	407.82503146536783
538974.5	319.8766962784847	2696.0632831480675
898290.5	260.467148693629	599.8506353848611
1257606.5	182.02225895868818	319.15872992613737
1616922.5	113.23343797659999	293.28170107058935
1976238.5	115.74049304790212	259.2187934871788
2335554.5	202.10745972904073	331.527772655981
2694870.5	231.600415790001	1232.6514259704968
3054186.5	262.03728751294125	328.177940903562
3413502.5	99.18709436818845	215.29890682999698
3772818.5	70.58212826592748	84.35452499135845
4132134.5	104.20815660866758	1517.5506300263835
4491450.5	212.46331919536007	2285.325450955193
4850766.5	231.4441522225562	440.6218101110986
5210082.5	309.6578137349854	1649.4661074206863
5569398.5	175.8484759932761	424.01537920743914
5928714.5	881.2069682396553	1764.8598542311704
6288030.5	229.6356744481181	259.4751080165347
6647346.5	241.57727738258245	452.37907918580527
7006662.5	287.11768471206403	1165.916014511026
7365978.5	208.5021791403667	248.80951441779007
7725294.5	320.9849603134845	1996.338980205418
8084610.5	534.0083408476105	1689.2359764541784
8443926.5	820.8327294080976	2037.974531194324
8803242.5	51.622204410602365	85.75731924347491
9162558.5	73.57305268899799	312.86980132230167
9521874.5	221.1790012134166	553.6071000108913
9881190.5	516.4061021496399	3278.0423173680997
1.02405065E7	722.7895696267352	3707.667788603611
1.05998225E7	285.84757984615214	443.72240401243437
1.09591385E7	486.6950678511394	2428.9363036098653
1.13184545E7	33.37533535940509	87.73349435721633
1.16777705E7	105.83058923064935	275.6948689824785
1.20370865E7	238.7376988500373	456.19274236957494
1.23964025E7	808.8256854690579	500.96220669342927
1.27557185E7	126.3174336795467	345.961311379114
1.31150345E7	200.5021819234323	330.63714879644937
1.34743505E7	237.79829453739885	1453.8785638631384
1.38336665E7	111.26603880706676	239.89850222598344
1.41929825E7	84.51983490854846	168.53922336384315
1.45522985E7	25.166366095581605	68.53839191036799
1.49116145E7	204.92117801600818	461.3522023373473
1.52709305E7	46.24345701276871	184.79578775178373
1.56302465E7	93.56956550779815	201.40025386572262
1.59895625E7	15.970769461977758	46.53829034988836
1.63488785E7	405.3012779837246	400.7094826339602
1.67081945E7	288.21856527402065	493.9285251637905
1.70675105E7	38.30292555856126	112.14689895190119
1.74268265E7	164.88978225294727	309.19709803185333
1.77861425E7	26.11756504024313	11.381279210134947
1.81454585E7	49.04518307005533	86.68714932173803
1.85047745E7	330.28237261908737	1886.3354742593076
1.88640905E7	316.07668458960916	1413.4882030092076
1.92234065E7	201.69542964966772	352.2908477796027
1.95827225E7	312.15886851684866	439.6892351754246
1.99420385E7	121.88917276158034	357.94385558261223
2.03013545E7	149.3513202863218	338.30757735938215
2.06606705E7	248.97202740763007	340.64315787904434
2.10199865E7	338.87183426287726	419.0654971825717
2.13793025E7	264.7489786149239	413.00224479237676
2.17386185E7	590.6097446259004	2842.0593604532146
2.20979345E7	190.46975364303287	2380.1544325912278
2.24572505E7	278.635318215721	2769.447683260799
2.28165665E7	107.7034838415211	113.2471086804715
2.31758825E7	85.1382265192755	205.5764545884593
2.34346265E7	59.99613711655666	387.49027797465016
2.36142845E7	4.627918307282345	3.017119616181607
2.38945145E7	14.37850527112625	32.17942088889442
2.42538305E7	62.745257656213475	81.73676806080108
2.46131465E7	297.2419541573434	158.7084539193407
2.49724625E7	122.0420576873838	230.25541322408682
2.53317785E7	80.76701844615881	557.1881883799643
2.56910945E7	55.99526878847588	19.87625921415338
2.60504105E7	142.53914381769806	27.281969636719836
2.64097265E7	184.53454341025727	129.87733059362694
2.67690425E7	12.52978993420833	28.370921384759363
2.71283585E7	50.70928096717096	90.64718276606072
2.74876745E7	273.1612062919547	152.6724396716285
2.78469905E7	685.126134099233	315.2381048770572
2.82063065E7	421.0302213093767	1592.7542336865074
2.85656225E7	133.24607031136938	234.12313608862817
2.89249385E7	217.71648910708123	356.03290148769236
2.92842545E7	176.44228756860258	346.97556223144363
2.96435705E7	300.7107058967594	1181.6880854148967
3.00028865E7	276.9094279130348	718.4104191406532
3.03622025E7	473.07664840975633	591.6336378344696
3.07215185E7	68.53894343697469	116.60039939118893
3.10808345E7	360.5878919947901	434.75455793259545
3.14401505E7	315.5781429159848	647.0175963167062
3.17994665E7	125.96737690500841	240.1902854583814
3.21587825E7	128.15803638023357	275.8231960517283
3.25180985E7	294.0862694675439	585.4118644997592
3.28774145E7	145.45124903984237	346.10424314645434
3.32367305E7	346.06670451635887	2014.9781616244265
3.35960465E7	474.17719222077505	890.3759197000461
3.39553625E7	468.6329442607621	324.5939637628358
3.43146785E7	152.5559785815271	353.02936765763263
3.46739945E7	101.95906667111957	173.960058680298
3.50333105E7	331.6012033975665	414.67745684970504
3.53926265E7	826.1186420866312	6196.091358504904
3.57519425E7	1155.7187740039408	2268.2058116905628
3.61112585E7	300.2273681105211	685.9415242831469
3.64705745E7	240.33312738647876	1362.1624815765585
3.68298905E7	212.44984637477876	323.1608497904751
3.71892065E7	143.4376231506529	389.60616842191894
3.75485225E7	726.0530702779726	1158.7478055572994
3.79078385E7	552.1373303721515	3388.249089526424
3.82671545E7	138.9531164768616	389.6844171583077
3.86264705E7	115.3307645637823	169.5406484899338
3.89857865E7	98.94441383072282	230.45292034969137
3.93451025E7	218.87171180799075	313.30927520724777
3.97044185E7	488.55231328412873	606.030122705649
4.00637345E7	316.2887625377105	2930.572878544198
4.04230505E7	229.32644246290172	892.5645335156431
4.07823665E7	609.476115731	2342.467469147001
4.11416825E7	471.41284273452897	2066.101385484001
4.15009985E7	566.1018518518518	2426.446476752526
4.18603145E7	239.46746596310768	437.98690623993207
4.22196305E7	318.5183348361888	586.2255049499468
4.25789465E7	159.91828084471607	224.96805794213734
4.29382625E7	935.1972525576373	2692.4180264045663
4.32975785E7	42.99591445969564	92.2889686370531
4.36568945E7	155.373851985439	1926.6021916521102
4.40162105E7	217.4253080853622	262.5979904718443
4.43755265E7	80.18672700352893	284.9241885258138
4.47348425E7	332.2128822540605	893.330025934645
4.50941585E7	670.4739449398302	1028.7607876910708
4.54534745E7	73.68798216611562	119.86315648337617
4.58127905E7	203.7464293268321	315.16759894516883
4.61721065E7	586.1603936367989	2547.9655042783747
4.65314225E7	325.74200981865545	1852.9456393274459
4.68907385E7	360.02445479744847	1400.0112184835498
4.72500545E7	332.0777532868005	911.2185829552205
4.76093705E7	881.375833528148	3152.7807333201195
4.79686865E7	300.28923565886294	687.7059368626886
4.83280025E7	513.3097496354184	3766.6867334208273
4.86541545E7	90.41141616721504	95.32049341048862
4.88338125E7	3.6533892172234954	2.2412805625097927
4.90466345E7	275.32587750058445	477.1117245171065
4.94059505E7	145.08678990081154	173.37616794606507
4.97652665E7	189.27347515835643	409.7842059489785
5.01245825E7	207.4956222378074	374.2090164726662
5.04838985E7	472.38395729664137	2262.2611171032318
5.08432145E7	112.4502527023567	233.09472578172117
5.12025305E7	203.12509044963207	252.50805588198097
5.15618465E7	311.9268137238531	2604.0370374378776
5.19211625E7	541.6468818532991	2103.660250938788
5.22804785E7	341.82769484242283	285.8764327418856
5.26397945E7	203.8419190907168	495.2491261299762
5.29991105E7	397.2457780894811	485.569288889254
5.33584265E7	123.09825334802792	270.792455663652
5.37177425E7	28.392103329659687	96.74494212069148
5.40770585E7	287.9060437052622	529.6184274267924
5.44363745E7	341.52556245755824	622.7164849456555
5.47956905E7	66.71844838526533	191.63431724610956
5.51550065E7	91.97879304010954	274.43059200157825
5.55143225E7	98.49254973338232	301.91999161401264
5.58736385E7	257.1750659586548	1662.5616477585097
5.62329545E7	243.78735708958132	480.4816250241879
5.65922705E7	112.14559051085952	168.9604338026649
5.69515865E7	324.6118736710862	520.058092516277
5.73109025E7	377.63553251177234	2129.7471304550468
5.76702185E7	146.02075888632848	463.69627588963925
5.80295345E7	467.3700614500885	1134.463616729921
5.83888505E7	664.6282408798941	2602.3020638457697
5.87481665E7	165.12520455532177	296.8876253702504
5.91074825E7	58.24405258880763	111.31312985608557
5.94667985E7	621.6102344454464	14444.3545479598
5.98261145E7	222.24385777421546	534.2006605342156
6.01854305E7	128.56255218248003	150.10570067845617
6.05447465E7	308.6414437431119	1798.392397237258
6.09040625E7	237.76434113704929	523.4826053808741
6.12633785E7	175.8162842734529	298.7377875083059
6.16226945E7	140.2859822551737	229.40067685923913
6.19820105E7	449.1970132139955	2492.4097531802986
6.23413265E7	85.46832593037882	155.78819400240474
6.27006425E7	192.88805118614255	494.7212244776651
6.30599585E7	68.2014076745817	101.45220185023666
6.34192745E7	152.51042258068108	432.2829858940371
6.37785905E7	270.8092709481348	731.1106974888659
6.41379065E7	45.185032116577055	148.4845944736399
6.44972225E7	189.27958120428815	344.3316136733423
6.48565385E7	236.61011199055983	308.46903523538697
6.52158545E7	228.25869708000758	482.06666559412224
6.55751705E7	347.7106057063977	489.62363778145755
6.59344865E7	180.3417938527647	221.96321609547542
6.62938025E7	236.02086742588696	467.25583277398215
6.66531185E7	95.43303944160571	215.69390427869075
6.70124345E7	32.34378374467043	88.60248367282072
6.73717505E7	109.47699796279598	361.42666903062866
6.77310665E7	273.5804111144508	2152.6107763685627
6.80903825E7	62.83572955281702	182.43730095146893
6.84496985E7	157.11910964165247	313.2000723319733
6.88090145E7	288.56252713488965	477.9984404094128
6.91683305E7	309.88070389295217	492.38806274162465
6.95276465E7	119.26829587327032	194.75779752034578
6.98869625E7	99.37048447606007	199.4332948432951
7.02462785E7	239.20318327043606	460.50511474455607
7.06055945E7	237.9286533302163	493.782629834052
7.09649105E7	290.1263734428748	2707.640384160758
7.13242265E7	12.207522069710228	24.742879711250115
7.16835425E7	211.2685129523873	615.341814968826
7.20428585E7	500.3012278885438	3569.0973890751616
7.24021745E7	1035.799176769195	245.64157178331055
7.27614905E7	179.49353215553998	413.61166017276906
7.31208065E7	9.828593772612408	26.046544181374937
7.34801225E7	49.32827928619933	93.88475197328535
7.38394385E7	80.41333812020616	390.71502024884836
7.41987545E7	58.35417571162987	28.878558571643325
7.45580705E7	214.7194335904886	32.74267754127458
7.49173865E7	106.88574124169254	26.560080661752885
7.52767025E7	16.604459584321322	9.6760735058424
7.56360185E7	16.687289182780617	3.0611274351868603
7.59953345E7	685.6932978214162	2325.533352838185
7.63546505E7	293.9677080898151	64.08855504376383
7.67139665E7	174.94986863930356	210.7732270488868
7.690225E7	0.631847429134543	1.5112086773738609
7.7081908E7	1.4398813091079181	30.4661064702987
7.74325985E7	22.57563259081143	5.984306410074095
7.77919145E7	36.913983791425935	94.17077673139742
7.81512305E7	4.966330472341894	2.422255174516119
7.85105465E7	3.5507825980474013	27.683789493798635
7.88698625E7	13.616927718220174	13.386415392735708
7.92291785E7	7.253375858575739	61.301767969366566
7.95884945E7	22.875825178951118	92.30140687507308
7.99478105E7	42.66289282970978	59.586649419416894
8.03071265E7	368.6737273041	108.572974257275
8.06664425E7	364.55741464337797	381.039730660355
8.10257585E7	63.32917265025771	149.52657416478885
8.13850745E7	298.90355007848245	806.4780313680008
8.17443905E7	180.78864843202084	417.40145446208805
8.21037065E7	322.12475091562857	383.20801548703184
8.24630225E7	683.8501124358503	2483.060014861022
8.28223385E7	292.81141112558305	714.9691252374882
8.31816545E7	133.27422101993787	218.9046530584934
8.35409705E7	49.168283627781676	244.03642171350813
8.39002865E7	411.08037771766357	2635.8720315864894
8.42596025E7	57.00994667646306	109.32956965172575
8.46189185E7	53.775537409967825	232.62128576778744
8.49782345E7	208.3420192810785	271.2246577174872
8.53375505E7	141.4810361909851	530.4168574264313
8.56968665E7	313.6792934353049	539.5595832276216
8.60561825E7	347.35184906878624	449.4758696317819
8.64154985E7	399.3700336194325	1411.0311382314749
8.67748145E7	420.96535639938105	2620.7744080745406
8.71341305E7	258.0627442140066	466.3294604298157
8.74934465E7	33.09668648209376	119.23731312899686
8.78527625E7	138.51271860980307	396.9351385578134
8.82120785E7	636.923376637834	3515.606037570985
8.85713945E7	1302.4621614400694	1080.5652123217824
8.89307105E7	238.73700586670228	405.2855569628069
8.92900265E7	316.1554397800265	758.6002538889142
8.96493425E7	150.26786728116755	383.201194806838
9.00086585E7	367.7796424317314	478.9374868990626
9.03679745E7	135.3315660866758	464.3234340982159
9.07272905E7	475.6701288002761	752.4085494517238
9.10866065E7	225.6427935299291	504.77492509010557
9.14459225E7	123.86928497478543	737.1329288478994
9.18052385E7	330.00926760845607	1446.1497216429823
9.21645545E7	788.2273653274555	2412.4758430853503
9.25238705E7	64.55160081933451	414.8093736601247
9.28831865E7	383.36957441360806	2985.470789271293
9.32425025E7	242.03937481214308	363.95643770682454
9.36018185E7	174.49032049783477	377.9076538700362
9.39611345E7	168.82809560386957	313.7651467350358
9.43204505E7	81.19926471406784	191.29540708617998
9.46797665E7	78.15242015384787	158.84465287263825
9.50390825E7	888.8938984069732	1554.7245011905807
9.53983985E7	189.96352514221465	212.84455971249338
9.57577145E7	108.77427389818433	196.2254143882621
9.61170305E7	171.75500116888756	458.003058995126
9.64763465E7	116.6031682418818	251.23790126421812
9.68356625E7	184.54303176034466	233.71060017876673
9.71949785E7	40.492215765510025	74.69099049375369
9.75542945E7	325.0466608778902	1463.485890544337
9.79136105E7	461.21339433813137	1266.6530265675271
9.82729265E7	224.3212492624876	314.8647054927423
9.86322425E7	92.85179897360541	104.35438297610489
9.89915585E7	188.00716361086063	272.2033904907809
9.93508745E7	334.9086319562725	624.9234173031965
9.97101905E7	143.31380177893553	184.6019738888264
1.000695065E8	151.546424317314	189.6511116072203
1.004288225E8	237.09529773235815	2302.632667022008
1.007881385E8	457.7596516715092	775.0799450740174
1.011474545E8	358.2640266506362	334.902974492404
1.015067705E8	179.3785498001759	245.37426054664914
1.018660865E8	258.2298450389073	599.4135017352535
1.022254025E8	396.3602010486591	2009.9955091669428
1.025847185E8	246.5511416135101	2493.519132199538
1.029440345E8	119.54943281123023	456.3368685153284
1.033033505E8	119.61712809894355	168.85213427386537
1.036626665E8	246.76518718899243	680.7799575462612
1.040219825E8	191.54776297186876	281.4894902214325
1.043812985E8	122.70040298789922	470.9460793516398
1.047406145E8	364.9750999120551	2245.8869475213496
1.050999305E8	40.84654176268243	148.27954254785988
1.054592465E8	81.91381124135859	214.10125910301218
1.058185625E8	157.96239800064566	151.8945553928344
1.061778785E8	321.65408164401254	1765.4295474016749
1.065371945E8	191.11688875530174	466.1816176473634
1.068965105E8	722.9348623495753	3387.2725447051566
1.072558265E8	416.54822217769316	2560.078781763194
1.076151425E8	139.40441561188482	324.0415271026244
1.079744585E8	340.27525910340756	1150.23150252633
1.083337745E8	342.3860139821216	1930.8293746006702
1.086930905E8	438.08898295650624	1093.0716103294917
1.089314775E8	362.5506393774796	753.1443375976888
1.091111355E8	490.0030720505421	3350.751409623854
1.094117225E8	319.51526233176367	329.1549739647718
1.097710385E8	254.45490320497834	347.9122704728032
1.101303545E8	378.68801277983727	869.042688863931
1.10324175E8	103.00917917034423	141.59047880885348
1.10503833E8	111.61712554117786	112.09550773270993
1.108489865E8	187.87277493905086	1357.8521627024884
1.112083025E8	162.22579011232452	471.13150945372666
1.115676185E8	113.22994244620334	152.00108732336312
1.119269345E8	245.63796769417448	2553.272377949425
1.122862505E8	210.52888822095315	272.73077100075704
1.126455665E8	139.93190673390552	205.47297301704018
1.130048825E8	243.36999187344844	242.8819479374106
1.133641985E8	32.481406338710215	69.40841979137265
1.137235145E8	80.25061505749814	222.88792852524358
1.140828305E8	139.84863462801545	246.6526868661783
1.144421465E8	353.0928959467433	671.753275470168
1.148014625E8	93.69660688641753	141.10025622168627
1.151607785E8	427.00348718119983	683.3600420263549
1.155200945E8	112.96405670774472	320.2399733364784
1.158794105E8	194.8076846007414	1578.1929755697797
1.162387265E8	380.92101103207204	1920.689042442456
1.165980425E8	244.6477418205702	502.4961400725683
1.169573585E8	551.785406160594	2643.99772663757
1.173166745E8	112.35548375246302	150.10947771566634
1.176759905E8	47.674072404234714	115.89102774845828
1.180353065E8	27.687600886128088	102.09001775748361
1.183946225E8	470.27548453172136	2222.9054087982477
1.187539385E8	230.59223914326108	288.05083258956216
1.191132545E8	247.11161762905076	295.9647821022304
1.194725705E8	445.8239877990404	966.8525174326093
1.198318865E8	186.03275389907492	1652.7701017174888
1.201912025E8	59.91686426432444	238.09495564448588
1.205505185E8	185.31210967504927	200.05019251702706
1.209098345E8	129.759415110933	222.78385018661723
1.212691505E8	307.9341944138307	600.5454890485004
1.216284665E8	234.15001558516738	613.6495211655642
1.219877825E8	238.39069231539926	312.00765292176516
1.223470985E8	98.78946108717675	233.5952870860542
1.227064145E8	32.922580681071814	64.19236498928817
1.230657305E8	194.1901362588919	139.74795056085395
1.234250465E8	102.75797904908214	308.18483567663156
1.237843625E8	313.1097334936379	1497.2266455151334
1.241436785E8	289.7885064956751	561.9178975539847
1.245029945E8	93.53289583542063	200.39029469472652
1.248623105E8	59.66341047991183	104.2041317657145
1.252216265E8	133.24232708813412	82.2254067416625
1.255809425E8	148.33965367531644	1567.353794178823
1.259402585E8	272.22354974451457	508.81514895548077
1.262995745E8	294.6905648509947	459.4804390508411
1.266588905E8	418.28303498870076	888.391632456516
1.270182065E8	230.88227910808314	1036.283411544707
1.273775225E8	439.6361308708769	1388.7889314877273
1.277368385E8	91.95250698549467	232.59418867368825
1.280961545E8	202.7322997027686	229.7837351694022
1.284554705E8	58.559565953088644	140.02793377483928
1.288147865E8	166.6837101604159	587.1319851407043
1.291741025E8	162.559507508711	280.46520885759116
1.295334185E8	105.11505471506975	198.67157990510648
1.298927345E8	458.1283438533213	1989.0503441625824
1.302520505E8	122.66012089636978	323.1197573108072
1.306113665E8	107.61838882766145	229.97241903133335
1.309706825E8	25.35242238030035	46.44480101170443
1.313299985E8	97.5749034276236	201.2015709525122
1.316893145E8	207.06316723997818	279.24373403938006
1.320486305E8	48.66005688586091	143.96850179025742
1.324079465E8	7.1347003751572435	4.883379299292322
1.327672625E8	64.40676451925324	139.74987041313665
1.331265785E8	15.972639682062585	29.078869340276896
1.334858945E8	34.29705607320576	133.65838571423905
1.337730805E8	123.75431515512238	467.91532848513503
1.339527385E8	7.983716900041592	33.780364592844606
1.342045265E8	25.276695165258435	51.156032573919084
1.345638425E8	63.89909995658417	371.34637918885517
1.349231585E8	526.2581488160839	131.8860329473227
1.352824745E8	63.36945195872157	53.84108579275037
1.356417905E8	53.96956161150631	109.89343679391386
1.360011065E8	56.48567556134433	34.01712365592293
1.363604225E8	66.35517204911554	67.38521044762709
1.367197385E8	84.4610509968941	122.81057679791344
1.370790545E8	122.72376125750036	858.0113524500813
1.374033365E8	31.877416611350814	136.27473449709032
1.375577225E8	35963.6700983405	129036.75360057481
1.375927565E8	18.20934235517569	63.350953464358405
1.376371405E8	7.86123901213897	25.644277657193424
1.37699935E8	2.1888513706862014	7.087199595039327
1.37786751E8	3.6049937983238087	24.250971864268216
1.37868371E8	2340.134163927611	2475.4008632178306
1.37942101E8	2.6192347525075546	11.550371547907806
1.37980213E8	16.039219104061356	34.537099261216454
1.38019627E8	0.5088998645524073	2.420669478024602
1.38089538E8	1.7961517135963796	10.319749036799482
1.38156123E8	37.618582459097816	183.21268072100625
1.382206275E8	0.3877736934633211	2.7239547864749496
1.38280805E8	1.498156961149087	12.302856030416205
1.38323179E8	0.010532952564625598	0.10263017375326614
1.383484915E8	0.022652353985292875	0.20964810666490694
1.38384028E8	2.4773786673978613	6.208606360395837
1.384312265E8	0.2556506193334185	0.8745054120244103
1.384772795E8	1.8918661347517731	4.29736074785014
1.38522045E8	6.221724347571548	11.317538059024029
1.385663025E8	20.09076274260838	118.86824690189945
1.38610046E8	1.2244427540741765	1.184226600900028
1.38651258E8	3.130170846033657	2.107476922536058
1.386833775E8	1.7177553774109056	7.342212741639102
1.387019305E8	0.9629660732280819	2.129321664069628
1.38726341E8	0.0	0.0
1.387630385E8	2.1462090894139574	6.055191310966205
1.3879854E8	484.51840908432547	869.4117454782046
1.3883298E8	0.5221339387060159	1.7569841258992003
1.388668195E8	0.05957382953181273	0.3073235739601579
1.389001375E8	8.83902629367271	7.951212821222355
1.389325255E8	33.200731087094724	228.4389956417591
1.38963047E8	0.11418720210931954	0.5065237123464731
1.38991991E8	0.4587528705175764	1.9599234994389614
1.390198715E8	0.10831876456876458	0.8723945558474452
1.39044446E8	3.8592633568432215	15.936284072781921
1.390581695E8	0.1411192214111922	0.40590017624549135
1.39074104E8	0.1838789967451656	0.8438263371272323
1.391000815E8	1.8427244582043343	4.137651814580305
1.39125904E8	3.1648130207324163	4.277825015473523
1.391516555E8	2.135924974706203	2.7232021639391615
1.391772845E8	22.64827856025039	172.16100811501997
1.39202833E8	1.460390805497905	2.202943134182441
1.39227853E8	0.0	0.0
1.392522945E8	6.543068088597211	12.49922064838697
1.392761035E8	0.0	0.0
1.392991635E8	0.0	0.0
1.393219065E8	0.16028136612988853	0.6747722896615294
1.39344169E8	16.456730988549793	86.24680796169766
1.393656665E8	0.0	0.0
1.39386585E8	10.088956316524587	30.150324942025325
1.394057875E8	0.03219589615689831	0.19516895090380995
1.394157655E8	0.0	0.0
1.39426072E8	0.1989726214547243	0.8463911295317039
1.394433E8	0.017329949866930743	0.18043156231267113
1.394591395E8	0.16466950135291844	1.0571846950502664
1.39474609E8	0.0	0.0
1.394898515E8	0.07300238916910008	0.3970959085727983
1.39504877E8	1.3646799706333845	4.0699352520668945
1.39519712E8	0.15428610335671	1.040933844947945
1.39534307E8	0.0	0.0
1.39548658E8	0.4594689766884992	1.5367645188124055
1.395628065E8	0.527592566321464	1.4014158983234668
1.395768695E8	0.12147134302822926	0.6525814589712916
1.395908865E8	0.06083107239754391	0.4271922485165569
1.396048595E8	0.284648493543759	1.5343508153864904
1.39618797E8	0.06114101184068891	0.5739219781721758
1.396327175E8	0.17474471451172155	0.6034561754376285
1.39646447E8	0.0	0.0
1.39659998E8	7.057864049007307	41.53679852145459
1.39673523E8	0.0	0.0
1.39687001E8	0.337718320327016	0.7694462723027576
1.39700456E8	0.20698625046451133	0.7393489960372475
1.397138915E8	0.050760286225402504	0.12270553686602333
1.397272965E8	0.0	0.0
1.39740652E8	0.08237591049035067	0.3118399013147029
1.397539385E8	0.0	0.0
1.397671835E8	0.34320689134048665	1.928838279237144
1.397738625E8	0.0	0.0
1.39780441E8	1.3473490370597714	3.5598919235243778
1.397935115E8	0.06499847421422032	0.37951834949243857
1.39806605E8	0.0	0.0
1.398195725E8	5.604775980087119	11.222848033535017
1.398324245E8	0.0	0.0
1.39845262E8	0.11959148670772589	0.7325847662199325
1.398580325E8	0.19120654396728015	0.8448085176493206
1.3987073E8	0.043608548221749074	0.26625826308430967
1.398833975E8	0.022443496127706655	0.195976600339204
1.398960405E8	3.576947435085497	4.272604084374221
1.399086725E8	0.0	0.0
1.399212565E8	0.17342054881940014	0.6223860462407564
1.39933781E8	111.50299688324142	216.2470290924364
1.39946267E8	0.04558953367043904	0.3164941592721089
1.399587085E8	0.2742273019961365	0.9865890820102309
1.399711325E8	0.0	0.0
1.39983544E8	0.20098395031857408	0.7717071320997936
1.399959275E8	5.229382276843467	13.607966286055829
1.400082885E8	0.16075764934434192	0.771853910269793
1.40020559E8	0.0	0.0
1.400327265E8	0.09902864669081331	0.49211765125859547
1.400448715E8	0.0	0.0
1.4005699E8	0.0	0.0
1.400690545E8	0.0	0.0
1.40081085E8	0.09445414484077493	0.5519491603519328
1.400930995E8	0.36985502416263955	2.018040613734079
1.40105101E8	0.1029080909924173	0.2498228686713663
1.40117094E8	0.14217772215269087	0.5547233371775024
1.401281635E8	0.0	0.0
1.40134155E8	0.0	0.0
1.401410485E8	5.037882589061716	24.053471542093295
1.40153003E8	0.0712911053468329	0.5508226327552436
1.40164882E8	0.0	0.0
1.40176667E8	0.2533367338264048	1.075726634526576
1.4018842E8	167.26935195435578	435.08922121574267
1.40200076E8	0.9658570317227072	3.386312209645046
1.402116215E8	0.0	0.0
1.402231315E8	0.025134806053226648	0.1813154231108141
1.402345955E8	0.0	0.0
1.402459205E8	0.0	0.0
1.402571045E8	0.0	0.0
1.402682415E8	0.0	0.0
1.4027885E8	16.241700525220494	41.389472038189126
1.40288828E8	0.08575772934617334	0.38602028104046104
1.402984445E8	0.0	0.0
1.40307799E8	0.0	0.0
1.403166425E8	0.06805655403786245	0.38885750675016545
1.40324819E8	0.0	0.0
1.403326835E8	0.5148925148925149	1.3229001285300226
1.403402015E8	0.0	0.0
1.4034742E8	0.0	0.0
1.40354483E8	0.04055404826502927	0.24078030132392567
1.403614525E8	3.148068050749712	5.224087476813335
1.403683705E8	6.441014492753623	6.145930667369747
1.403752505E8	2.1090379008746356	5.1258790044745615
1.403821105E8	0.08279883381924198	0.40693693324455565
1.40388953E8	0.4247619047619048	1.0732170664850946
1.403957145E8	0.0	0.0
1.404023365E8	0.21677360219981667	0.5794631775109166
1.404088075E8	0.0	0.0
1.404151525E8	0.5759453447727995	2.0059096040670905
1.40421418E8	1.5481802148468815	4.2160469765392135
1.40427633E8	8.411432262231552	9.669209990019848
1.404337675E8	0.7992100065832785	2.568034113871267
1.404398365E8	0.0	0.0
1.40445888E8	2.5990730011587484	8.057595601645424
1.404519085E8	0.0	0.0
1.404579005E8	0.9192847593582888	2.4688229783432676
1.404638765E8	2.363941018766756	5.003082159948576
1.404698365E8	0.38810483870967744	0.952765499361828
1.4047577E8	0.9531699070160609	1.8235799370968766
1.40481673E8	41.01341028687829	175.95929424259288
1.404875345E8	0.0	0.0
1.404915035E8	0.0	0.0
1.404943895E8	0.07746863066012002	0.36634167018318065
1.404990715E8	0.0	0.0
1.405047025E8	437.8341121495327	592.147348391467
1.40510262E8	0.0	0.0
1.405157995E8	1.747282608695652	2.6343604674500734
1.40521292E8	1.2117108874656908	2.7280857697409604
1.40526756E8	59.86875343218012	123.05239906633365
1.40532181E8	0.0	0.0
1.40537566E8	34.272524614527214	32.78460885453344
1.405429375E8	0.05298507462686567	0.2301848705429305
1.405482795E8	0.05334335086401202	0.23096179524763835
1.40553603E8	0.0	0.0
1.405589225E8	0.05342362678705794	0.25438220948532064
1.40564221E8	0.0	0.0
1.405694775E8	0.054281345565749234	0.2346185661017325
1.40574688E8	0.10946232414723453	0.46789384297559317
1.405798735E8	0.43844075646468544	1.1328231572816143
1.405850135E8	0.1114162416633974	0.37318936490640614
1.40590093E8	0.0	0.0
1.405951535E8	0.0	0.0
1.40600212E8	0.0	0.0
1.406052535E8	0.0	0.0
1.406102665E8	1.5908	5.322818802101007
1.406152645E8	0.0	0.0
1.406202595E8	0.4549459351221466	1.4292835343996821
1.406252495E8	0.0	0.0
1.40630226E8	0.0	0.0
1.40635179E8	0.05750151852601741	0.27517963357590003
1.40640115E8	0.0	0.0
1.4064504E8	0.0	0.0
1.4064995E8	47.75586375688354	42.313118051127454
1.406548455E8	0.0	0.0
1.40659729E8	13.976634556261528	46.10479788248054
1.40664601E8	0.058376156217882835	0.266683795270382
1.406694435E8	0.052904564315352696	0.27892800123960065
1.40674261E8	0.0	0.0
1.40679061E8	0.8723092998955068	2.049033209855033
1.40683806E8	0.0	0.0
1.40688509E8	0.0	0.0
1.406931635E8	0.0	0.0
1.40697758E8	0.0	0.0
1.40702335E8	0.0	0.0
1.40706898E8	0.0	0.0
1.40711432E8	0.0	0.0
1.40715925E8	1.6604786401252516	2.195591443059388
1.40720393E8	0.1908174692049272	0.7130207964814249
1.407248515E8	0.0	0.0
1.407292955E8	0.12804328223624886	0.5876701257812906
1.407337135E8	0.0	0.0
1.40738111E8	0.0	0.0
1.40742499E8	0.0	0.0
1.407468785E8	0.0	0.0
1.40751256E8	0.0	0.0
1.407556295E8	0.06498855835240275	0.25492853577503394
1.40759995E8	0.2515478101352901	0.9192332028738761
1.407643435E8	0.19603321033210333	0.8945818871224297
1.407686665E8	2.7672853828306265	4.384612410017434
1.407729765E8	4.150348027842227	14.973727959406775
1.40777284E8	0.0	0.0
1.40781584E8	121.98905704307334	224.69520372070096
1.40785876E8	23.819538353928653	54.686124029254174
1.40790157E8	0.0	0.0
1.407944295E8	0.06647940074906367	0.31578331356104855
1.407986935E8	0.13345864661654136	0.5484084971070817
1.40802937E8	0.0	0.0
1.40807165E8	0.06059171597633136	0.2574338543181771
1.408113885E8	0.0	0.0
1.408156105E8	0.40360018948365706	0.6697779915982385
1.408198225E8	5.769395525940029	16.069584823563847
1.40824022E8	0.0681439123183226	0.2601295474623168
1.408282145E8	0.8605539637058262	2.2923818021105395
1.408324E8	0.33946928042075064	1.0188282470034793
1.408365825E8	0.0	0.0
1.40840755E8	0.0	0.0
1.408449115E8	0.30048192771084337	0.35736653924716283
1.40849054E8	0.0	0.0
1.40851497E8	0.0	0.0
1.408535395E8	0.0	0.0
1.40857247E8	0.0	0.0
1.408613235E8	0.0	0.0
1.40865389E8	13.919684651391968	30.471639567562686
1.408694335E8	0.0	0.0
1.40873455E8	0.0	0.0
1.408774675E8	0.0	0.0
1.408814765E8	0.0	0.0
1.40885475E8	0.35580055124029064	0.8547771340443023
1.408894625E8	0.21385542168674698	0.7984674074771073
1.408934395E8	0.5722921914357683	2.0459457975589475
1.408974065E8	0.0	0.0
1.409013685E8	3.1891414141414143	6.008621751577924
1.409053235E8	62.21544303797469	101.44977431646045
1.40909269E8	0.0	0.0
1.409132055E8	0.0	0.0
1.409171345E8	0.0	0.0
1.409210595E8	0.7237512742099899	1.467278159987655
1.40924982E8	0.0	0.0
1.40928899E8	0.0	0.0
1.40932812E8	0.0	0.0
1.409367215E8	0.2910906298003072	0.6926577117026542
1.4094061E8	0.0	0.0
1.409444775E8	2.6700310559006213	5.675124609863128
1.409483385E8	93.74209434940384	82.02481480411619
1.409521765E8	0.0	0.0
1.40955989E8	4.400315208825847	12.710326646758418
1.409597955E8	0.0	0.0
1.409636015E8	0.0	0.0
1.40967392E8	0.0	0.0
1.40971157E8	0.4748335552596538	1.2698490636583684
1.40974907E8	0.30333778371161546	1.0932490985385142
1.40978648E8	0.0	0.0
1.409823815E8	0.4434316353887399	1.232273776202929
1.40986105E8	0.6112456281947808	2.446522461569417
1.409898215E8	0.7454251883745964	2.306038779960661
1.40993536E8	0.07648801508214383	0.30526398883878647
1.409972465E8	0.0	0.0
1.41000941E8	0.0	0.0
1.410046115E8	1.5122950819672132	3.2444151257502054
1.410082665E8	0.3084931506849315	0.6208699155658893
1.41011916E8	0.15565908468073444	0.6299373356629642
1.410155645E8	0.0	0.0
1.410192115E8	0.0	0.0
1.410228535E8	0.857064321055525	2.7028988978311133
1.410264835E8	0.07840971838763114	0.28001735372585596
1.410301055E8	0.0	0.0
1.41033718E8	0.6169858451290591	1.070768203773109
1.41037321E8	0.07438245906189286	0.26914611949391815
1.410409235E8	0.0	0.0
1.41044521E8	0.47843028110214303	0.28114512764742816
1.410481085E8	0.0	0.0
1.410516865E8	0.0	0.0
1.41055252E8	0.5490581951082373	1.116114993727826
1.410588075E8	13.365785030951042	13.757394287443802
1.41062361E8	0.47959470869687587	1.6260267058991416
1.41065914E8	0.0	0.0
1.41069467E8	3.179285111173656	5.184222313010127
1.41073012E8	4.267741023466214	7.3075922656861065
1.41076544E8	0.0	0.0
1.41080071E8	0.0	0.0
1.41083596E8	0.0	0.0
1.41087117E8	0.0	0.0
1.41090628E8	0.0	0.0
1.410941305E8	173.00028555111365	94.85350603473583
1.41097631E8	4.184052586453272	6.2798188355262745
1.411011295E8	0.0	0.0
1.411046235E8	1.382808022922636	2.263197525018372
1.411081075E8	0.0	0.0
1.41111585E8	0.0	0.0
1.4111506E8	0.0	0.0
1.411185295E8	2.2628390075014426	3.0940722880560014
1.41121994E8	0.07825584753104245	0.2792258594148888
1.411254545E8	11.712550607287449	10.981410761004645
1.411289005E8	0.0	0.0
1.411323185E8	0.0	0.0
1.411357175E8	0.0	0.0
1.4113911E8	0.3349070522277958	1.0436052090704309
1.411424975E8	0.0	0.0
1.41145878E8	0.5466666666666666	1.2401911441685407
1.411492525E8	188.45465323058684	241.41258492229
1.41152626E8	1.3041802549659056	4.585583048474422
1.41155995E8	0.0	0.0
1.411593515E8	0.08482676224611709	0.3110855084191276
1.41162699E8	0.20555721541679114	0.5825876976521491
1.41166043E8	0.2553127806046094	0.7204209085966693
1.4116937E8	0.0	0.0
1.411726805E8	1.0380894800483675	1.0793768635388319
1.411759855E8	0.0	0.0
1.41179286E8	0.0	0.0
1.411825805E8	0.0	0.0
1.411858675E8	1.0377588306942753	2.972468062479463
1.41189148E8	0.0	0.0
1.41192424E8	0.43206106870229005	1.0024397718482672
1.411956955E8	0.27968176254589966	0.6711396252441272
1.411989605E8	0.45003065603923975	1.1134317342588589
1.41202221E8	0.08714329548941394	0.41674081369518506
1.4120548E8	668.0619822031298	1017.5804443502973
1.412087365E8	0.0	0.0
1.41210776E8	0.0	0.0
1.41212402E8	0.0	0.0
1.412152325E8	0.0	0.0
1.41218463E8	0.08800743724821816	0.39598230170828536
1.41221688E8	0.4402730375426621	1.0695631116335762
1.412249085E8	8.567433188315723	19.202204917935312
1.41228124E8	9.84593837535014	11.177667143182077
1.41231335E8	0.0	0.0
1.412345425E8	0.08858390517779165	0.2976304842884741
1.41237746E8	0.0	0.0
1.41240947E8	0.08778506716651047	0.3552612548537343
1.41244146E8	0.0	0.0
1.412473425E8	0.5438047559449312	1.6751141780149594
1.41250538E8	427.2053208137715	208.2244515474161
1.412537305E8	110.8398119122257	207.6404808292373
1.412569125E8	0.0	0.0
1.41260086E8	0.0	0.0
1.41263258E8	0.0	0.0
1.412664245E8	0.0	0.0
1.41269585E8	0.0	0.0
1.41272743E8	0.0	0.0
1.412758995E8	0.0	0.0
1.412790545E8	2.661699429296132	2.849145206613788
1.412822035E8	0.0	0.0
1.4128534E8	62.95046340683925	122.8113382398208
1.41288466E8	0.0	0.0
1.41291589E8	0.0	0.0
1.412947105E8	0.0	0.0
1.412978215E8	4.212121212121212	5.1236169526012185
1.413009225E8	0.0	0.0
1.413040225E8	0.6283870967741936	1.9727171371551995
1.41307117E8	0.0	0.0
1.41310204E8	2.3714748784440842	3.4069240203428337
1.413132865E8	0.0	0.0
1.413163665E8	0.29577922077922075	1.407885953173359
1.41319445E8	2.7656808579785506	6.104016589470976
1.413225215E8	37.63816644993498	151.1309865564612
1.41325596E8	0.0	0.0
1.41328669E8	0.5284738041002278	1.2338115418994013
1.41331738E8	0.0	0.0
1.413348E8	0.0	0.0
1.413378585E8	28.808044473512098	45.933365876227974
1.413409105E8	1.0183847669074195	3.1418635603170393
1.413439555E8	0.0	0.0
1.41346999E8	0.0	0.0
1.41350033E8	0.0	0.0
1.413530575E8	0.28174603174603174	0.9193683131575153
1.41356076E8	0.0	0.0
1.413590875E8	0.0	0.0
1.41362097E8	0.0	0.0
1.413651025E8	0.0	0.0
1.41368103E8	0.28409469823274425	0.6881069420673217
1.41371102E8	1.4184728242747582	4.7620610812875945
1.413740995E8	0.8531375166889186	2.129173040670052
1.41377093E8	0.08157806753594116	0.2856187450710145
1.413800805E8	1.7925603217158177	2.8243365018360005
1.413830635E8	0.9503688799463448	1.5834701130513624
1.413860455E8	0.6666666666666666	1.411840320958656
1.41389022E8	0.7647256815886907	2.0574056987762814
1.413919895E8	0.0	0.0
1.4139495E8	0.0	0.0
1.413979065E8	0.0	0.0
1.41400857E8	0.0	0.0
1.41403801E8	0.0	0.0
1.41406741E8	0.38678924072182497	1.1049768245404679
1.41409678E8	0.0	0.0
1.414126105E8	0.0	0.0
1.41415538E8	21.708916979842844	40.05377748148588
1.414184645E8	0.0	0.0
1.414213895E8	0.38850889192886456	1.2918771800859448
1.414243125E8	65.24880219028063	45.12529518542263
1.414272345E8	4.952429842573579	11.042246668996908
1.41430155E8	0.0	0.0
1.414330725E8	10.092935528120714	40.250948919111075
1.414359875E8	2.06726149622512	2.6309232286411235
1.414389E8	1.5609756097560976	5.570601786136267
1.414418105E8	0.19518900343642612	0.6248023742535332
1.41444718E8	10.462650602409639	22.845270152275827
1.414476225E8	17.871900826446282	43.55614469907584
1.41450526E8	0.0	0.0
1.41453427E8	370.44601586754055	395.2141965118734
1.41456323E8	0.09816799170411337	0.40392132515713436
1.41459214E8	0.2945655936310142	0.778519154152159
1.414621005E8	2.3703190013869624	3.7819833498116338
1.414649835E8	570.4729354614851	791.3847647891128
1.414678655E8	0.21859819569743233	1.145246337773928
1.414707475E8	0.1970853573907009	0.627830163962677
1.41473629E8	0.591461298160361	1.3831936143578805
1.41476508E8	0.09871393812999653	0.31418774344330574
1.414793845E8	2.07336578581363	2.7131652450102575
1.41482258E8	0.0	0.0
1.414851235E8	0.0	0.0
1.414879835E8	0.0	0.0
1.414908425E8	0.0	0.0
1.41493699E8	1.2928196147110333	1.8472301411561574
1.41496551E8	348.56265356265357	587.908718496895
1.414993995E8	0.0	0.0
1.415022465E8	0.0	0.0
1.415050915E8	0.09563994374120956	0.3092570835748303
1.41507934E8	0.0	0.0
1.415107725E8	0.2789139633286319	0.6757433351554806
1.415136075E8	0.0	0.0
1.41516441E8	0.0	0.0
1.415192725E8	0.0	0.0
1.41522102E8	0.0	0.0
1.415249305E8	1.0297029702970297	1.5179268225956428
1.41527757E8	0.6028318584070796	1.7355216501761332
1.41530581E8	0.0	0.0
1.415334035E8	0.0	0.0
1.415362255E8	0.0	0.0
1.415390465E8	0.0	0.0
1.41541866E8	0.0	0.0
1.41544683E8	15.512255772646537	20.37896732071119
1.415474975E8	0.0	0.0
1.4155031E8	0.0	0.0
1.415531175E8	0.0	0.0
1.41555919E8	5.246516613076099	6.046059957910448
1.415587165E8	0.10157367668097282	0.36279001520977455
1.41561512E8	0.0	0.0
1.41564307E8	0.30483005366726296	0.9165541753495132
1.415671015E8	0.0	0.0
1.415695015E8	27.051345962113658	38.027067024955244
1.41570898E8	8.57687420584498	6.555015926695954
1.41572688E8	0.0	0.0
1.4157548E8	0.0	0.0
1.415782705E8	2.673835125448029	4.5327165930887015
1.415810595E8	0.0	0.0
1.41583847E8	2.2378902045209905	5.395814933963058
1.415866325E8	0.0	0.0
1.41589416E8	161.20768954365792	166.05227780776008
1.41592198E8	0.0	0.0
1.41594971E8	0.5135623869801085	1.6592117782656992
1.415977345E8	0.8591600289645185	1.6178091048645902
1.41600491E8	0.0	0.0
1.416032415E8	0.0	0.0
1.41605989E8	0.20692167577413478	0.6433065766399948
1.416087335E8	0.0	0.0
1.416114735E8	0.0	0.0
1.41614208E8	0.10391511159897548	0.41995591565548385
1.416169385E8	123.70637829912023	119.62938706382668
1.41619657E8	243.98855666297527	80.88930315609947
1.416223655E8	0.0	0.0
1.41625071E8	0.1024787273399926	0.4039208502592307
1.416277715E8	0.0	0.0
1.41630469E8	0.0	0.0
1.416331645E8	246.6425389755011	395.70061253266095
1.41635856E8	0.0	0.0
1.416385445E8	1.052827380952381	1.8308289171327625
1.416412325E8	0.0	0.0
1.416439195E8	5.198436336559941	9.745189927918224
1.41646598E8	4.735679520778735	5.020810305995509
1.416492685E8	0.0	0.0
1.41651938E8	1.479955039340577	2.595497152803979
1.416546065E8	0.0	0.0
1.41657273E8	222.4532833020638	215.53226666495573
1.416599375E8	0.0	0.0
1.41662593E8	9.695882130714017	6.713692598245773
1.416652385E8	0.0	0.0
1.416678815E8	74.85919757759274	107.16983345195422
1.41670523E8	0.0	0.0
1.41673163E8	0.0	0.0
1.41675801E8	0.10769814182783466	0.32817395056255555
1.416784375E8	7.325493171471927	17.070726747399195
1.41681073E8	0.0	0.0
1.41683705E8	0.10802586534804108	0.38810773641189056
1.416863335E8	0.1080669710806697	0.36284853081773744
1.416889605E8	0.0	0.0
1.416915825E8	0.0	0.0
1.416942E8	0.0	0.0
1.416968145E8	0.0	0.0
1.41699426E8	0.0	0.0
1.41702034E8	0.0	0.0
1.41704638E8	0.0	0.0
1.41707241E8	0.9819439108720707	1.9568923280439918
1.41709838E8	0.0	0.0
1.417124275E8	0.768160741885626	1.9617674899688313
1.417150135E8	0.0	0.0
1.41717597E8	0.0	0.0
1.41720177E8	0.0	0.0
1.41722754E8	0.0	0.0
1.417253305E8	0.08928571428571429	0.4225771273642583
1.41727906E8	0.7658252427184467	1.1899253464386275
1.41730481E8	0.0	0.0
1.41733056E8	0.661747572815534	1.4346610844323011
1.417356305E8	1.6138306138306138	2.4781876727588936
1.417382025E8	0.0	0.0
1.4174077E8	0.0	0.0
1.41743333E8	0.0	0.0
1.41745892E8	0.0	0.0
1.417484485E8	0.0	0.0
1.41751004E8	5.995303326810176	12.02959494741306
1.41753556E8	0.33385641428010987	0.8149736389414557
1.41756104E8	416.6179819395367	547.7851588812332
1.41758648E8	0.2235340417158599	0.5533341393905074
1.41761189E8	0.2235340417158599	0.5715269494221433
1.417637275E8	0.0	0.0
1.4176626E8	0.0	0.0
1.41768789E8	0.0	0.0
1.417713145E8	0.0	0.0
1.41773836E8	9.86037286790956	22.113685205853365
1.41776357E8	0.0	0.0
1.417788775E8	0.0	0.0
1.417813975E8	0.8253968253968254	1.992844341996778
1.41783916E8	13.990464839094159	28.274767113168824
1.417864325E8	0.0	0.0
1.41788946E8	3.4595778574273197	6.6591355310960125
1.41791457E8	136.0230983671844	255.4452068131076
1.417939675E8	0.0	0.0
1.417964765E8	0.3405103668261563	0.9831109688298126
1.41798983E8	0.0	0.0
1.418014855E8	0.0	0.0
1.41803981E8	17.18105178643115	10.930825155443847
1.4180647E8	0.11419380780056293	0.337925743027315
1.41808953E8	0.11375554659136748	0.3372766617946867
1.41811431E8	96.73031893419459	145.1836279669048
1.418139075E8	2.8505654281098547	4.303368707117978
1.41816383E8	0.0	0.0
1.41818857E8	0.09179134654266073	0.30297086748177743
1.418213285E8	0.0	0.0
1.418237955E8	0.0	0.0
1.41826259E8	4.381648396264718	6.955808539055219
1.418287215E8	0.6921202274573518	1.2838432351645042
1.41831178E8	0.2317421460628315	0.7843845217285822
1.41833627E8	0.5803024111156518	1.4462159804244819
1.418360715E8	0.0	0.0
1.41838512E8	0.0	0.0
1.418409505E8	5.45611156685808	6.424803249956863
1.418433885E8	0.0	0.0
1.418458265E8	19.189909762100083	28.968930486852493
1.41848263E8	0.0	0.0
1.418506975E8	0.0	0.0
1.418531305E8	0.0	0.0
1.41855562E8	0.0	0.0
1.41857992E8	1.8703170028818443	4.294049805245628
1.418604205E8	0.4744645799011532	1.0252174599555421
1.41862847E8	0.0	0.0
1.41865272E8	0.0	0.0
1.41867695E8	0.0	0.0
1.41870116E8	2.6873192895497726	3.68072106507135
1.418725365E8	0.0	0.0
1.41874956E8	0.0	0.0
1.41877374E8	0.0	0.0
1.41879789E8	0.0	0.0
1.418822015E8	0.0	0.0
1.418846075E8	0.0	0.0
1.418870045E8	0.0	0.0
1.418893965E8	12.365271966527196	15.132538579147003
1.418917865E8	0.0	0.0
1.41894176E8	0.0	0.0
1.41896563E8	0.0	0.0
1.41898948E8	0.0	0.0
1.41901333E8	17.927044025157233	13.82541639028568
1.419037175E8	454.65562080536915	555.6473411268539
1.41906101E8	14.94880402853546	22.9636451170655
1.41908484E8	150.63994964330675	153.28531484306635
1.419108665E8	0.0	0.0
1.41913248E8	0.0	0.0
1.41915629E8	569.9890802183957	429.74777723329674
1.41918009E8	26.240857503152586	65.26189680390115
1.41920388E8	1.4186633039092056	2.2613963405372743
1.419227665E8	0.0	0.0
1.41925143E8	0.0	0.0
1.419275165E8	0.3591905564924115	0.8187309721280573
1.419292615E8	9.511627906976743	15.013351243593359
1.41930446E8	0.0	0.0
1.419322555E8	0.0	0.0
1.419346225E8	0.0	0.0
1.41936987E8	0.0	0.0
1.41939347E8	0.0	0.0
1.41941703E8	0.24118895966029724	0.6945343183173849
1.419440575E8	0.0	0.0
1.41946411E8	0.0	0.0
1.419487635E8	0.0	0.0
1.419511115E8	0.0	0.0
1.419534545E8	0.0	0.0
1.419557965E8	5.823654995730145	8.35066231259078
1.41958135E8	0.0	0.0
1.419604675E8	2.8201716738197424	7.690387512072256
1.419627965E8	0.0	0.0
1.419651245E8	112.78565292096219	49.49304421953492
1.419674515E8	435.4969905417025	387.8401577482234
1.41969777E8	0.0	0.0
1.419721005E8	0.0	0.0
1.419744205E8	0.2450388265746333	0.7104544110869884
1.41976738E8	0.13983599482088907	0.3622211248515683
1.419790505E8	4.675909878682842	8.273016839439522
1.41981358E8	0.0	0.0
1.419836635E8	36.03038194444444	25.796537975623355
1.41985967E8	9.61962657403387	22.470543269061693
1.41988266E8	2.1028322440087144	3.4976493818359042
1.4199056E8	0.0	0.0
1.41992852E8	0.12396333478830206	0.43323315275294916
1.41995142E8	0.0	0.0
1.4199743E8	0.0	0.0
1.419997165E8	0.0	0.0
1.420020015E8	3.8546409807355517	3.8054712202835415
1.42004285E8	0.0	0.0
1.420065675E8	0.0	0.0
1.42008845E8	0.0	0.0
1.420111165E8	4.901762114537445	4.51868368030372
1.42013386E8	0.0	0.0
1.420156535E8	0.0	0.0
1.42017916E8	0.0	0.0
1.42020175E8	0.0	0.0
1.42022431E8	0.0	0.0
1.420246815E8	0.0	0.0
1.42026929E8	0.0	0.0
1.42029171E8	0.0	0.0
1.420314065E8	0.0	0.0
1.420336395E8	1.2701612903225807	1.8997028630135648
1.420358715E8	32.86021505376344	29.47032405658275
1.420381015E8	0.0	0.0
1.42040329E8	0.6335877862595419	1.230688272353737
1.42042554E8	0.0	0.0
1.42044776E8	0.0	0.0
1.420469965E8	0.0	0.0
1.42049215E8	0.0	0.0
1.420514315E8	0.0	0.0
1.420536445E8	0.0	0.0
1.42055854E8	0.0	0.0
1.42058062E8	0.2573629361123697	0.8144592720046949
1.420602685E8	42.36990027198549	29.127653829108777
1.42062474E8	0.0	0.0
1.42064677E8	0.12766924125397547	0.42896068517171776
1.420668775E8	0.0	0.0
1.420690765E8	0.0	0.0
1.420712745E8	0.0	0.0
1.420734715E8	0.0	0.0
1.420756655E8	0.0	0.0
1.420778565E8	50.59178082191781	62.79768195122722
1.42080046E8	0.0	0.0
1.42082235E8	0.0	0.0
1.42084423E8	0.0	0.0
1.42086609E8	0.0	0.0
1.4208879E8	0.0	0.0
1.420909665E8	0.0	0.0
1.42093141E8	0.0	0.0
1.420953105E8	0.0	0.0
1.42097474E8	0.0	0.0
1.42099635E8	0.0	0.0
1.42101794E8	0.5238757533611498	1.0437797297546254
1.42103946E8	0.0	0.0
1.42106089E8	0.0	0.0
1.421082245E8	0.0	0.0
1.42110355E8	0.13339596054485675	0.40313473418106877
1.421124825E8	0.0	0.0
1.421146075E8	0.6685499058380414	1.9725040248527412
1.421167315E8	3.6167608286252353	5.474044215690038
1.42118853E8	10.299669655497876	13.351882645327986
1.42120971E8	0.7982994803967879	1.3373031753164217
1.421230865E8	0.0	0.0
1.421252E8	0.0	0.0
1.42127313E8	0.0	0.0
1.42129426E8	0.0	0.0
1.421315385E8	0.0	0.0
1.42133649E8	0.0	0.0
1.421357575E8	0.0	0.0
1.42137864E8	0.0	0.0
1.42139969E8	0.539667458432304	1.5723259923210156
1.42142073E8	0.0	0.0
1.421441755E8	0.16793529971455756	0.38402941530215734
1.421462745E8	0.0	0.0
1.421483705E8	0.0	0.0
1.421504655E8	0.0	0.0
1.421525595E8	0.0	0.0
1.421546525E8	1.0860420650095601	1.7201427305268366
1.421567435E8	4.8	8.495706768293205
1.42158833E8	0.0	0.0
1.421609215E8	0.1360153256704981	0.4834423182715653
1.42163009E8	2.302347867752755	6.450913026013467
1.42165096E8	0.2721609966459032	0.8886226508594679
1.421671825E8	0.0	0.0
1.421692675E8	0.0	0.0
1.4217135E8	3.7645362806343106	8.139845695004981
1.4217343E8	0.0	0.0
1.42175509E8	0.0	0.0
1.421775875E8	0.0	0.0
1.421796645E8	1.3680154142581888	3.084081823434913
1.421817365E8	0.0	0.0
1.421838025E8	53.11434108527132	116.88288380738979
1.42185866E8	0.25981580222976247	0.7208547734873683
1.42187929E8	50.73921473582162	67.6297087712404
1.421899915E8	0.3564500484966052	0.7077922944655111
1.421920525E8	0.0	0.0
1.421941125E8	0.0	0.0
1.421961725E8	0.1378640776699029	0.41336882611992765
1.42198232E8	0.13793103448275862	0.39051403839252896
1.422002865E8	0.5453658536585366	1.1403893216257546
1.422023345E8	0.0	0.0
1.422043795E8	0.0	0.0
1.42206423E8	0.13901125795398922	0.43803503749966993
1.42208462E8	0.0	0.0
1.42210496E8	0.0	0.0
1.42212529E8	0.0	0.0
1.422145605E8	0.0	0.0
1.42216589E8	10.367044893931919	15.42312284535498
1.42218613E8	0.0	0.0
1.422206335E8	0.0	0.0
1.42222652E8	0.0	0.0
1.422246675E8	0.0	0.0
1.422266795E8	0.0	0.0
1.42228689E8	0.0	0.0
1.422306975E8	0.9880478087649402	2.0740763796652377
1.422327045E8	0.0	0.0
1.422347105E8	0.0	0.0
1.42236716E8	0.8354114713216958	1.0761527485234674
1.42238721E8	1.2758104738154614	1.7808905278874394
1.422407225E8	0.0	0.0
1.422427205E8	0.14214214214214213	0.43265134599026406
1.422447185E8	0.5685685685685685	1.5593047910628093
1.42246715E8	0.0	0.0
1.42248709E8	0.0	0.0
1.422507005E8	0.0	0.0
1.422526905E8	24.731155778894472	20.419974948183018
1.422546795E8	0.14285714285714285	0.3779644730092272
1.422566665E8	0.0	0.0
1.422586525E8	0.10574018126888217	0.32517715366993755
1.422606355E8	0.0	0.0
1.422626145E8	0.1435793731041456	0.4254302526841359
1.422645915E8	0.1437246963562753	0.46540218121899773
1.422665675E8	0.0	0.0
1.42268543E8	0.0	0.0
1.422705175E8	0.5754812563323202	1.2393415907330674
1.422724895E8	0.0	0.0
1.422744575E8	0.5778229908443541	1.5517522009599762
1.422764235E8	0.0	0.0
1.422783895E8	0.0	0.0
1.422803545E8	0.0	0.0
1.42282318E8	1192.888436067244	1615.041504933912
1.422842805E8	0.49133537206931704	1.2423055741859226
1.422862425E8	3.329255861365953	5.400994736030952
1.4228818E8	0.8891792995295348	2.103689537615837
1.42289161E8	0.0	0.0
1.42290166E8	0.0	0.0
1.42292127E8	0.0	0.0
1.42294088E8	0.0	0.0
1.422960465E8	0.0	0.0
1.422980025E8	20.842535787321065	36.646852798581484
1.42299954E8	0.0	0.0
1.42301901E8	2.042116076014381	2.7428760974716213
1.42303848E8	0.14586543400102722	0.381923335240238
1.423057945E8	0.0	0.0
1.4230774E8	0.0	0.0
1.423096845E8	0.0	0.0
1.42311628E8	0.43849716932578486	0.9125419920681456
1.42313569E8	0.0	0.0
1.423155065E8	0.5712809917355371	1.2369149840170708
1.423174425E8	0.0	0.0
1.42319378E8	0.0	0.0
1.42321312E8	0.735644076564925	1.3820218811881282
1.42323245E8	1.4676668391101915	2.7240759455005343
1.42325177E8	0.0	0.0
1.42327107E8	1.3027475375842406	1.6012566345673582
1.423290355E8	0.0	0.0
1.423309635E8	0.8122406639004149	1.5653138563494762
1.42332891E8	0.0	0.0
1.423348175E8	8.412253374870197	8.617943559468515
1.423367435E8	0.0	0.0
1.423386685E8	0.0	0.0
1.423405905E8	0.0	0.0
1.42342509E8	0.4444444444444444	1.1547005383792515
1.423444255E8	0.0	0.0
1.423463415E8	0.0	0.0
1.42348253E8	0.14892501310959622	0.40963743929575636
1.423501595E8	0.0	0.0
1.42352065E8	0.16850393700787403	0.4513031582898736
1.423539695E8	0.0	0.0
1.42355873E8	0.14923804519180242	0.3863134028115028
1.42357776E8	0.0	0.0
1.42359679E8	0.10404624277456648	0.32741282690554535
1.423615815E8	0.0	0.0
1.42363483E8	0.29037348763808524	0.6188346619001467
1.423653835E8	0.0	0.0
1.423672835E8	0.0	0.0
1.42369183E8	0.0	0.0
1.4237108E8	0.0	0.0
1.42372975E8	0.0	0.0
1.42374869E8	0.0	0.0
1.42376761E8	0.0	0.0
1.423786515E8	0.0	0.0
1.423805415E8	41.161904761904765	33.83390804109589
1.423824305E8	1.0582627118644068	2.919288571332383
1.423843155E8	0.0	0.0
1.423861925E8	0.0	0.0
1.423880645E8	0.0	0.0
1.42389936E8	0.0	0.0
1.423918065E8	0.0	0.0
1.423936765E8	0.0	0.0
1.42395546E8	0.15195291599785982	0.3898113851567958
1.42397415E8	0.0	0.0
1.42399284E8	0.0	0.0
1.424011525E8	0.0	0.0
1.42403019E8	0.0	0.0
1.42404883E8	1011.6800858829845	1093.9329663848875
1.42406746E8	0.0	0.0
1.424086055E8	0.0	0.0
1.424104605E8	0.15318230852211434	0.4218927914862858
1.42412313E8	0.1842247433819557	0.3917021547884442
1.42414163E8	0.0	0.0
1.42416009E8	0.0	0.0
1.42417852E8	0.0	0.0
1.42419695E8	0.0	0.0
1.42421538E8	0.0	0.0
1.424233805E8	0.0	0.0
1.42425222E8	0.0	0.0
1.42427063E8	0.0	0.0
1.424288995E8	0.0	0.0
1.424307315E8	0.0	0.0
1.424325625E8	0.0	0.0
1.42434392E8	0.0	0.0
1.42436221E8	0.0	0.0
1.424380485E8	0.9079956188389924	2.0266569627561153
1.42439871E8	0.468389224848818	1.2464352689185982
1.424416895E8	0.0	0.0
1.424435075E8	0.0	0.0
1.42445323E8	0.0	0.0
1.42447136E8	173.1969111969112	437.15396748189613
1.424489455E8	0.0	0.0
1.4245075E8	0.0	0.0
1.424525525E8	0.0	0.0
1.42454354E8	1.0738478622987229	1.4045614592595486
1.424561545E8	0.0	0.0
1.424579545E8	1.1044444444444443	2.900957696271277
1.424597535E8	0.0	0.0
1.42461551E8	0.06121313299944352	0.24741287961511527
1.42463346E8	0.0	0.0
1.424651385E8	0.0	0.0
1.42466928E8	0.0	0.0
1.424687145E8	0.0	0.0
1.424705E8	0.0	0.0
1.42472285E8	1.1131652661064426	1.891303997860981
1.424740655E8	0.0	0.0
1.42475841E8	0.0	0.0
1.42477616E8	4.335211267605634	5.347106628427626
1.42479391E8	0.16	0.4
1.424811635E8	0.0	0.0
1.42482933E8	0.0	0.0
1.424847005E8	59.77916194790487	65.35257197422807
1.42486464E8	0.0	0.0
1.424882225E8	2.3479498861047836	4.476336160456708
1.424899775E8	6.897377423033067	6.733821779514722
1.4249173E8	0.9731581953169617	1.7774525370361747
1.42493479E8	0.16256439610761306	0.40319275304451224
1.42495226E8	0.0	0.0
1.42496973E8	0.0	0.0
1.42498718E8	0.0	0.0
1.4250046E8	0.0	0.0
1.425021995E8	0.4890678941311853	0.9177949258368286
1.42503937E8	0.0	0.0
1.425056725E8	0.0	0.0
1.42507406E8	0.1321407963069821	0.3635117553903616
1.425091385E8	0.0	0.0
1.425108685E8	0.16435185185185186	0.4054033199812896
1.425125945E8	0.0	0.0
1.425143185E8	0.16473317865429235	0.4308304181321637
1.4251604E8	0.4956369982547993	1.2406720016615214
1.42517759E8	14.034322280395578	19.60893113704583
1.425194765E8	0.0	0.0
1.425211925E8	0.0	0.0
1.42522908E8	0.0	0.0
1.425246225E8	0.0	0.0
1.42526336E8	0.0	0.0
1.425280485E8	0.9754672897196262	1.6551392634181605
1.425297595E8	1.6608187134502923	2.7777309937580728
1.425314695E8	1.1625730994152046	2.2305691194157666
1.42533179E8	0.0	0.0
1.425348875E8	0.0	0.0
1.425365935E8	0.0	0.0
1.42538297E8	0.0	0.0
1.4254E8	0.0	0.0
1.425416995E8	0.0	0.0
1.425433925E8	5.584615384615384	9.282005241421443
1.425450825E8	1.8485207100591716	2.082613287797059
1.42546771E8	0.0	0.0
1.42548457E8	0.3370919881305638	1.1280086705477315
1.42550141E8	0.0	0.0
1.42551824E8	26.51812240047534	25.41282443709218
1.42553507E8	2.5311942959001783	3.313308836888539
1.425551885E8	0.16904761904761906	0.41115400891590376
1.42556868E8	0.5074449076831448	1.2182843657011007
1.425585465E8	0.0	0.0
1.42560223E8	0.0	0.0
1.42561894E8	3.9184163167366526	5.00743298736742
1.42563556E8	0.0	0.0
1.425652095E8	0.0	0.0
1.42566857E8	0.0	0.0
1.42568501E8	0.0	0.0
1.42570144E8	0.3457090687766281	0.6747331024828431
1.42571786E8	0.0	0.0
1.42573425E8	0.0	0.0
1.42575062E8	0.0	0.0
1.42576699E8	241.49602932193037	308.08018654876497
1.425783355E8	0.0	0.0
1.425799685E8	0.0	0.0
1.42581598E8	0.0	0.0
1.42583225E8	0.699076923076923	1.3922864426767714
1.4258485E8	0.0	0.0
1.42586474E8	0.0	0.0
1.425880965E8	0.0	0.0
1.42589717E8	57.10500308832613	87.37533075733491
1.425913335E8	0.7038413878562577	1.3939149044481256
1.42592946E8	3.9584109248913717	3.970327559672967
1.425945565E8	5.781366459627329	10.737118528064887
1.425961665E8	1.058385093167702	1.2102050542333416
1.425977755E8	0.8805970149253731	1.3830890511399057
1.42599378E8	0.17783343769567939	0.5225054040940165
1.42600974E8	0.0	0.0
1.426025685E8	1.0094102885821832	1.3141923874063064
1.426041585E8	0.0	0.0
1.426057445E8	0.0	0.0
1.426073305E8	0.0	0.0
1.42608914E8	0.3377609108159393	0.8219013454374428
1.42610493E8	0.0	0.0
1.4261207E8	0.0	0.0
1.42613646E8	0.0	0.0
1.4261522E8	0.0	0.0
1.42616792E8	0.0	0.0
1.42618361E8	0.0	0.0
1.426199275E8	9.08492975734355	9.178136328379765
1.426214905E8	0.0	0.0
1.426230505E8	0.0	0.0
1.426246095E8	0.0	0.0
1.426261665E8	0.0	0.0
1.426277225E8	0.0	0.0
1.42629278E8	0.0	0.0
1.42630832E8	0.1828718609143593	0.5310694600616513
1.426323845E8	2.0128865979381443	2.669510940189947
1.426339355E8	0.0	0.0
1.426354855E8	0.0	0.0
1.42637035E8	0.0	0.0
1.426385825E8	0.0	0.0
1.426401275E8	0.0	0.0
1.42641671E8	6.6623460790667535	9.496392192785446
1.42643213E8	0.0	0.0
1.426447535E8	0.0	0.0
1.426462925E8	0.0	0.0
1.42647757E8	0.20416966211358734	0.5308593470003402
1.42648524E8	0.0	0.0
1.42649362E8	1.289628180039139	2.05406379701113
1.42650895E8	0.0	0.0
1.426524275E8	0.0	0.0
1.42653958E8	0.0	0.0
1.42655486E8	2.203012442698101	5.293791695689801
1.42657012E8	0.0	0.0
1.42658537E8	0.0	0.0
1.42660062E8	35.33311475409836	37.71013691608012
1.42661585E8	0.0	0.0
1.426631055E8	0.0	0.0
1.42664625E8	0.0	0.0
1.426661435E8	0.0	0.0
1.426676605E8	0.0	0.0
1.426691735E8	0.0	0.0
1.42670683E8	0.0	0.0
1.426721915E8	0.0	0.0
1.426736975E8	24.12101063829787	42.248772486259824
1.426752015E8	0.0	0.0
1.426767045E8	0.0	0.0
1.426782025E8	0.19009370816599733	0.5251378349055262
1.426796955E8	0.0	0.0
1.426811875E8	5.105898123324397	4.522360293845001
1.426826785E8	0.3812080536912752	1.0793982912442188
1.42684168E8	0.3801208865010074	0.8719184440083917
1.426856565E8	0.0	0.0
1.42687144E8	0.19098856758574312	0.47957614103543256
1.42688631E8	3.991257565568258	9.676613701269911
1.42690117E8	3.6121212121212123	4.428633492714724
1.426916015E8	0.0	0.0
1.426930845E8	0.0	0.0
1.426945645E8	0.0	0.0
1.426960415E8	0.0	0.0
1.42697517E8	0.7708474576271186	1.2391905504558138
1.42698991E8	0.0	0.0
1.42700463E8	0.0	0.0
1.427019325E8	0.0	0.0
1.427034E8	0.0	0.0
1.427048665E8	0.0	0.0
1.427063315E8	0.0	0.0
1.427077945E8	0.0	0.0
1.42709256E8	0.9705681040383299	1.491247565579924
1.42710717E8	0.0	0.0
1.42712177E8	0.0	0.0
1.427136355E8	28.641975308641975	31.593971139217036
1.427150925E8	0.19505494505494506	0.5358058529802675
1.42716547E8	0.0	0.0
1.427179995E8	0.0	0.0
1.427194515E8	0.0	0.0
1.42720903E8	0.0	0.0
1.427223515E8	0.0	0.0
1.427237975E8	0.0	0.0
1.42725243E8	0.0	0.0
1.42726687E8	6.48024948024948	7.250875159261161
1.42728129E8	0.0	0.0
1.427295695E8	1626.1715277777778	1682.1577894098466
1.427310075E8	0.0	0.0
1.427324415E8	0.0	0.0
1.427338735E8	0.0	0.0
1.427353055E8	0.0	0.0
1.427367365E8	0.1986013986013986	0.5341485610901571
1.42738166E8	0.0	0.0
1.42739595E8	15.558432470258923	16.30560143657809
1.42741022E8	0.0	0.0
1.427424465E8	0.0	0.0
1.427438705E8	0.0	0.0
1.427452945E8	0.0	0.0
1.42746718E8	0.0	0.0
1.427481405E8	2.4571026722925455	3.007257980717302
1.42749562E8	0.0	0.0
1.42750982E8	0.0	0.0
1.427523995E8	1.853813559322034	4.26877706458403
1.427538155E8	0.20127118644067796	0.44784480766378487
1.427552315E8	1.002824858757062	1.4853331913296548
1.42756647E8	0.7978798586572439	1.4746383637647997
1.427580605E8	0.0	0.0
1.427594725E8	0.0	0.0
1.42760884E8	0.0	0.0
1.427622945E8	0.0	0.0
1.427637035E8	0.0	0.0
1.427651115E8	0.0	0.0
1.42766519E8	1.1343283582089552	2.9044239960982945
1.427679255E8	0.0	0.0
1.427693305E8	0.0	0.0
1.427707335E8	0.0	0.0
1.42772132E8	0.0	0.0
1.427735265E8	0.0	0.0
1.4277492E8	5.478822684852836	5.555889756239668
1.42776312E8	0.0	0.0
1.42777703E8	0.0	0.0
1.42779094E8	0.0	0.0
1.427804825E8	0.2049062049062049	0.5909368402852788
1.427818685E8	0.0	0.0
1.42783254E8	0.0	0.0
1.427846385E8	0.8164739884393064	1.5495197838987542
1.42786022E8	15.464208242950109	9.780083647560993
1.427874045E8	0.6729377713458755	0.9706249944670834
1.42788786E8	0.0	0.0
1.42790167E8	0.0	0.0
1.427915475E8	0.0	0.0
1.427929275E8	0.4115942028985507	0.6415560793091674
1.42794307E8	5.69108049311095	9.442970304932684
1.427956855E8	0.6182873730043541	1.0741723110591492
1.42797063E8	0.8249818445896877	1.8165702238996297
1.4279844E8	4.713144517066086	7.176729521383238
1.42799817E8	0.0	0.0
1.42801194E8	0.6180101670297748	1.4236818490316452
1.428025705E8	0.0	0.0
1.42803946E8	0.0	0.0
1.428053205E8	0.0	0.0
1.428066945E8	0.0	0.0
1.42808068E8	0.0	0.0
1.4280944E8	0.0	0.0
1.4281081E8	0.0	0.0
1.428121785E8	0.0	0.0
1.428135455E8	0.8125915080527086	1.8174362906498291
1.42814909E8	0.0	0.0
1.428162695E8	7832.102205882353	6132.350011055161
1.428176275E8	8.82448377581121	9.49433148691791
1.428189835E8	3.0272861356932155	3.5086282186064084
1.42820339E8	0.0	0.0
1.42821694E8	0.2095940959409594	0.5082347715631332
1.428230475E8	0.0	0.0
1.42824399E8	0.0	0.0
1.42825748E8	0.0	0.0
1.42827095E8	5.060133630289532	5.0149738663800765
1.428284415E8	0.0	0.0
1.428297865E8	0.0	0.0
1.4283113E8	0.7014147431124349	2.1520739274311227
1.42832472E8	52.62639821029083	88.03749794262112
1.428338125E8	6.3373134328358205	5.477702427167527
1.428351525E8	0.0	0.0
1.428364925E8	0.0	0.0
1.42837832E8	0.6362957430918595	1.1399461486435747
1.42839171E8	0.0	0.0
1.42840509E8	0.42483171278982795	0.9217718945485678
1.42841846E8	0.0	0.0
1.428431825E8	0.0	0.0
1.428445175E8	0.24737631184407796	0.8286474954189917
1.42845851E8	0.0	0.0
1.42847184E8	75.42835708927232	62.335117844832716
1.42848517E8	0.0	0.0
1.428498495E8	1.8858858858858858	2.8858409654861576
1.428511805E8	1.5142857142857142	2.3810025057380404
1.428525105E8	0.0	0.0
1.428538395E8	0.21385542168674698	0.5769153536708871
1.42855167E8	0.0	0.0
1.428564935E8	0.0	0.0
1.428578195E8	0.0	0.0
1.42859144E8	0.0	0.0
1.42860467E8	0.0	0.0
1.428617895E8	1.0763993948562784	1.3507436176884837
1.428631085E8	0.0	0.0
1.42864424E8	0.0	0.0
1.42865739E8	0.0	0.0
1.42867054E8	0.0	0.0
1.42868369E8	245.33155893536122	436.2024166473329
1.428696825E8	0.0	0.0
1.42870994E8	0.0	0.0
1.42872305E8	0.5690312738367659	1.1320179021960954
1.428736155E8	0.0	0.0
1.428749255E8	8.42824427480916	11.43100778283777
1.42876235E8	1.8036669213139802	2.7770476928681793
1.428775435E8	0.0	0.0
1.428788505E8	0.0	0.0
1.428801555E8	18.717791411042946	21.037105693296315
1.428814595E8	0.0	0.0
1.428827635E8	0.0	0.0
1.428840675E8	1.2453987730061349	1.8331474157450516
1.42885371E8	0.21795855717574827	0.551283996242103
1.42886674E8	0.0	0.0
1.428879765E8	0.0	0.0
1.42889278E8	0.0	0.0
1.42890579E8	0.6548808608762491	1.2261561392360756
1.42891879E8	8.066204772902232	10.708719548335184
1.42893177E8	0.2189668465690054	0.46793893465815106
1.42894474E8	0.8727833461835004	1.7170737690764104
1.42895771E8	0.0	0.0
1.428970675E8	0.0	0.0
1.42898363E8	0.0	0.0
1.428996575E8	0.0	0.0
1.429009515E8	0.0	0.0
1.429022455E8	0.0	0.0
1.42903539E8	1.0734725444702242	1.5451443290773241
1.42904831E8	0.0	0.0
1.429061215E8	0.0	0.0
1.42907411E8	0.42979053529868116	0.8281322044346073
1.42908699E8	112.52913752913753	60.302887397190425
1.429099855E8	0.0	0.0
1.42911271E8	0.0	0.0
1.429125555E8	0.0	0.0
1.429138395E8	19.065420560747665	11.274989552460777
1.42915123E8	0.0	0.0
1.42916406E8	33.45206547155105	37.78232770526119
1.429176885E8	8.089703588143525	7.873413467206268
1.4291897E8	0.0	0.0
1.429202505E8	0.0	0.0
1.429215305E8	0.0	0.0
1.4292281E8	0.0	0.0
1.429240885E8	0.6682316118935837	1.3386046036152839
1.429253665E8	1.449921752738654	1.6701840817645388
1.429266445E8	0.0	0.0
1.42927922E8	1139.9209083790133	695.6720361150216
1.42929199E8	238.43774471417385	406.37676023705814
1.42930476E8	0.0	0.0
1.429317525E8	0.0	0.0
1.42933028E8	837.8839215686274	1131.982092285431
1.42934303E8	0.0	0.0
1.429355775E8	0.0	0.0
1.429368515E8	0.0	0.0
1.429381245E8	0.22327044025157233	0.5551361100027009
1.42939396E8	0.0	0.0
1.42940667E8	0.0	0.0
1.42941938E8	0.0	0.0
1.42943209E8	0.0	0.0
1.4294448E8	0.8339889850511408	1.2823316685870358
1.429457505E8	125.61732283464566	112.89350078585143
1.429470205E8	0.8944881889763779	2.297550904219603
1.429482905E8	4.946456692913386	7.105116266842812
1.4294956E8	0.22379826635145783	0.5557919118970528
1.429508285E8	0.0	0.0
1.429520965E8	1.1190851735015772	2.0233261181632685
1.429533635E8	14.124012638230647	17.15170209268297
1.42954629E8	0.0	0.0
1.429558935E8	2.9026898734177213	5.187542892914022
1.42957157E8	0.0	0.0
1.4295842E8	0.0	0.0
1.42959683E8	2.400633412509897	3.834667054290436
1.429609455E8	0.0	0.0
1.429622075E8	0.22503961965134706	0.4743834099663974
1.429634695E8	0.0	0.0
1.42964731E8	0.0	0.0
1.42965992E8	60.04916732751784	31.575382153324284
1.429672525E8	141.8515873015873	115.12068546626284
1.429685125E8	0.0	0.0
1.429697725E8	1.3928571428571428	2.799234589260837
1.429710325E8	0.2253968253968254	0.48304589153964794
1.42972292E8	164.0087370929309	333.59005509907036
1.429735505E8	0.0	0.0
1.429748085E8	7.4427662957074725	17.147656701883783
1.429760665E8	20.08108108108108	36.68771015355968
1.42977324E8	0.0	0.0
1.42978579E8	0.0	0.0
1.42979832E8	9.774940143655227	7.985071866020165
1.429810845E8	0.0	0.0
1.42982336E8	0.0	0.0
1.42983587E8	0.2270183852917666	0.5583463078774531
1.42984838E8	0.0	0.0
1.42986089E8	0.0	0.0
1.429873395E8	5.9704	9.636223326594294
1.42988589E8	0.0	0.0
1.429898375E8	0.0	0.0
1.42991085E8	3.416198877305533	4.0676910730287075
1.429923315E8	0.0	0.0
1.429935775E8	1.079454253611557	1.7145866509534036
1.429948225E8	0.0	0.0
1.42996066E8	158.7787610619469	195.21279929154377
1.429973085E8	11.884057971014492	21.150294173823955
1.4299855E8	0.0	0.0
1.42999791E8	0.22884770346494762	0.5747858095266436
1.43001032E8	0.22884770346494762	0.5648871586560491
1.430022725E8	0.9161290322580645	2.3400441131766945
1.430035125E8	0.0	0.0
1.430047525E8	114.03709677419354	102.31259815846474
1.43005992E8	6.182405165456013	10.915553763454849
1.4300719E8	0.0	0.0
1.43007809E8	0.0	0.0
1.430084685E8	0.0	0.0
1.430097065E8	106.7988691437803	174.42265020542766
1.430109445E8	0.0	0.0
1.43012182E8	0.0	0.0
1.430134185E8	0.0	0.0
1.43014654E8	0.0	0.0
1.43015889E8	0.4348178137651822	0.9233805168766387
1.430171235E8	0.0	0.0
1.430183575E8	24.487034035656404	18.284200652941266
1.430195915E8	0.0	0.0
1.43020825E8	0.0	0.0
1.43022058E8	0.20194647201946472	0.551485496673632
1.430232905E8	1.6006493506493507	2.8694539957570733
1.43024522E8	1.8456539398862712	2.8037632827857712
1.43025753E8	0.21770917952883834	0.46572183956094354
1.43026984E8	0.0	0.0
1.43028215E8	0.0	0.0
1.430294455E8	1.5845528455284552	2.453800768477774
1.43030675E8	1.128559804719284	1.3260241754635362
1.43031904E8	0.23108218063466232	0.5873635430053089
1.430331325E8	0.0	0.0
1.4303436E8	0.0	0.0
1.43035587E8	774.4254278728606	837.7996878928845
1.43036814E8	0.0	0.0
1.43038041E8	0.0	0.0
1.430392675E8	2.742251223491028	2.6672443637435426
1.430404935E8	0.0	0.0
1.430417195E8	0.4632952691680261	0.7556205923666208
1.43042945E8	2.1020408163265305	2.351031037390938
1.4304417E8	0.0	0.0
1.43045395E8	0.0	0.0
1.4304662E8	0.0	0.0
1.43047845E8	0.0	0.0
1.4304907E8	0.1926530612244898	0.47979587496419046
1.430502945E8	38.95424836601307	55.29698487212221
1.430515185E8	2.3088235294117645	3.63466426423755
1.430527425E8	0.46405228758169936	1.2654276706088277
1.430539665E8	2.09640522875817	1.7850138682385417
1.4305519E8	0.0	0.0
1.43056413E8	0.0	0.0
1.43057636E8	0.0	0.0
1.430588585E8	84.3633387888707	61.87535646874454
1.430600805E8	0.23240589198036007	0.49216446361672217
1.43061302E8	0.0	0.0
1.430625225E8	0.0	0.0
1.430637425E8	0.46557377049180326	0.9901150785905944
1.43064962E8	0.21821164889253486	0.543437242094393
1.43066181E8	0.0	0.0
1.430674E8	0.0	0.0
1.430686185E8	9.931855500821017	9.922069080791896
1.430698365E8	0.0	0.0
1.430710525E8	0.6474464579901154	1.2101982900141666
1.43072266E8	0.0	0.0
1.430734785E8	0.0	0.0
1.430746905E8	1.8556105610561056	2.2612024021812736
1.43075902E8	0.21139554087530965	0.51884391591634
1.43077113E8	0.0	0.0
1.430783235E8	0.0	0.0
1.43079533E8	0.0	0.0
1.43080742E8	0.0	0.0
1.43081951E8	0.0	0.0
1.430831595E8	0.0	0.0
1.430843675E8	0.0	0.0
1.430855755E8	0.23509933774834438	0.6573577452940014
1.430867835E8	0.0	0.0
1.43087991E8	0.7025683512841756	1.1860833458896771
1.430891975E8	0.6401326699834162	1.396513070550686
1.43090403E8	9.790041493775934	12.246838867261376
1.43091608E8	0.23568464730290456	0.5496132174508547
1.43092813E8	2.120331950207469	2.1127944563865553
1.43094017E8	0.0	0.0
1.4309522E8	0.0	0.0
1.43096423E8	0.0	0.0
1.430976255E8	0.47254575707154745	0.8507606462482024
1.430988275E8	0.47254575707154745	0.9721581734178317
1.43100029E8	0.0	0.0
1.431012295E8	35.02583333333333	61.04634851214826
1.431024295E8	1.42	3.0967725134404045
1.431036295E8	0.6475	0.9802210635021742
1.43104829E8	0.23686405337781485	0.6858512909718645
1.43106028E8	0.0	0.0
1.431072265E8	0.0	0.0
1.431084245E8	2.8447412353923207	4.520219830073199
1.43109622E8	0.0	0.0
1.43110819E8	0.0	0.0
1.43112015E8	0.0	0.0
1.4311321E8	0.0	0.0
1.43114405E8	4.319665271966527	4.992546746155944
1.431156E8	0.0	0.0
1.43116795E8	173.73305439330545	208.0634800138678
1.431179895E8	0.2319932998324958	0.48512202958079487
1.43119183E8	0.7007544006705784	0.9228404709299723
1.43120376E8	0.0	0.0
1.43121569E8	0.9488683989941324	2.1712130176810214
1.43122762E8	0.23805532271584243	0.6460921278889208
1.431239545E8	0.0	0.0
1.431251465E8	22.010906040268456	19.15917079373102
1.431263385E8	0.714765100671141	1.5413756603029958
1.4312753E8	0.47858942065491183	0.9766372504976522
1.43128721E8	0.0	0.0
1.431299115E8	0.0	0.0
1.431311015E8	0.0	0.0
1.431322915E8	0.21512605042016808	0.4902408943099112
1.43133481E8	0.7165685449957948	1.2228549644530493
1.4313467E8	0.0	0.0
1.43135859E8	0.0	0.0
1.43137048E8	0.0	0.0
1.43138237E8	0.0	0.0
1.43139426E8	0.4247266610597141	0.7121438510526467
1.431406145E8	0.0	0.0
1.431418015E8	0.0	0.0
1.431429875E8	0.0	0.0
1.431441735E8	11.663575042158516	13.201129288910458
1.431453595E8	0.0	0.0
1.431465455E8	0.0	0.0
1.43147731E8	0.0	0.0
1.43148916E8	0.0	0.0
1.43150101E8	2.8354430379746836	3.1626779231482964
1.43151286E8	0.0	0.0
1.431524705E8	0.4797297297297297	0.9795200148335201
1.431536545E8	0.0	0.0
1.431548385E8	0.0	0.0
1.431560225E8	0.0	0.0
1.431572055E8	0.0	0.0
1.431583875E8	75.54399323181049	50.22499293576487
1.43159569E8	0.0	0.0
1.4316075E8	32.84674005080441	38.361410277463314
1.43161931E8	0.0	0.0
1.43163111E8	0.0	0.0
1.4316429E8	0.0	0.0
1.43165469E8	0.0	0.0
1.431666475E8	0.0	0.0
1.431678255E8	0.0	0.0
1.431690035E8	0.0	0.0
1.431701815E8	2.860780984719864	3.192201873528401
1.431713595E8	0.7232597623089984	1.2833000752715051
1.431725375E8	0.0	0.0
1.43173715E8	0.0	0.0
1.431748915E8	11895.955782312925	15462.614338827912
1.43176067E8	0.0	0.0
1.43177242E8	0.0	0.0
1.431784165E8	0.0	0.0
1.431795905E8	0.0	0.0
1.43180764E8	0.0	0.0
1.43181937E8	0.0	0.0
1.4318311E8	0.96845694799659	1.9897435221373303
1.43184282E8	0.4850555081127242	0.8997580090267919
1.43185453E8	5.322801024765158	7.8317054713031675
1.43186624E8	0.48590947907771137	0.7158090380767165
1.43187795E8	0.0	0.0
1.431889655E8	0.24273504273504273	0.6351525827852733
1.43190135E8	0.0	0.0
1.43191304E8	0.7288280581693756	1.455939723698037
1.431924725E8	0.0	0.0
1.4319364E8	0.0	0.0
1.43194807E8	0.0	0.0
1.43195974E8	0.7300771208226221	1.6983282268356839
1.431971405E8	0.0	0.0
1.431983065E8	269.3138936535163	157.81316438815364
1.431994725E8	442.0523156089194	480.1303666231577
1.432006385E8	0.24356775300171526	0.5842413091999258
1.43201804E8	0.0	0.0
1.43202969E8	0.0	0.0
1.432041335E8	0.0	0.0
1.43205297E8	0.0	0.0
1.4320646E8	233.4969905417025	185.8487374840615
1.43207623E8	0.0	0.0
1.43208786E8	1.942390369733448	3.2679164202911615
1.43209949E8	0.0	0.0
1.43211112E8	30.131556319862426	51.73436517425147
1.432122745E8	48.38037865748709	42.17654069738217
1.432134365E8	0.24440619621342513	0.4943745505317048
1.432145985E8	101.26161790017211	165.3752552319399
1.4321576E8	0.0	0.0
1.43216921E8	0.0	0.0
1.43218082E8	0.20844099913867356	0.4565533913341063
1.432192425E8	0.0	0.0
1.432204025E8	3.7017241379310346	5.528141172906695
1.432215625E8	0.0	0.0
1.43222722E8	0.0	0.0
1.43223881E8	0.0	0.0
1.4322504E8	2.823986194995686	4.419249601521982
1.43226199E8	0.4900776531492666	0.9900279320799658
1.43227358E8	17.14667817083693	14.836817298227528
1.432285165E8	0.0	0.0
1.432296745E8	163.3126079447323	184.3812272447397
1.432308325E8	0.9810017271157168	2.034673529846249
1.4323199E8	1.2549697493517717	1.8086988499522236
1.43233147E8	1.4719101123595506	2.5964539344474926
1.432343035E8	0.0	0.0
1.432354595E8	0.0	0.0
1.43236615E8	0.0	0.0
1.4323777E8	2.4389610389610388	2.384473586709294
1.43238925E8	0.0	0.0
1.4324008E8	60.628571428571426	105.08860825234856
1.432412345E8	0.0	0.0
1.432423885E8	0.24610051993067592	0.5232878328216726
1.432435425E8	0.24610051993067592	0.49608519422643116
1.432446965E8	6.535528596187175	4.229958352077707
1.4324585E8	0.0	0.0
1.43247003E8	0.0	0.0
1.43248156E8	0.49262792714657416	0.9926005512254908
1.432493085E8	0.2456597222222222	0.49913118961295583
1.432504605E8	0.0	0.0
1.432516125E8	0.7395833333333334	1.2211959074794037
1.432527645E8	0.22743055555555555	0.4768967975941499
1.43253916E8	0.950477845351868	1.633702388017817
1.432550665E8	0.49391304347826087	1.093061118463031
1.432562165E8	0.24782608695652175	0.586811576306191
1.432573655E8	0.0	0.0
1.432585135E8	0.0	0.0
1.432596615E8	0.0	0.0
1.432608095E8	13.354529616724738	12.810771001721037
1.432619575E8	0.0	0.0
1.432631055E8	0.0	0.0
1.43264253E8	0.990409764603313	2.1283980984680326
1.432654E8	284.3539668700959	193.72179604601942
1.43266547E8	0.7419354838709677	1.0699183943328678
1.432676935E8	0.0	0.0
1.432688395E8	0.0	0.0
1.432699855E8	0.0	0.0
1.43271131E8	1.6	2.046404878259479
1.432722755E8	9.433566433566433	5.4891819865184726
1.432734195E8	0.9903846153846154	1.6748342992875236
1.432745635E8	192.79982517482517	87.65951493956923
1.432757075E8	11.916083916083917	17.000411348375838
1.432768515E8	0.4965034965034965	0.9662124163797697
1.43277995E8	0.0	0.0
1.43279138E8	0.0	0.0
1.432802805E8	0.0	0.0
1.432814225E8	0.4973730297723292	0.8985296414907402
1.432825645E8	407.14973730297726	570.9114881665024
1.43283706E8	34.4601226993865	40.107305674262506
1.43284847E8	76.83172655565293	65.75171741907798
1.432859875E8	6.478070175438597	5.930962467380289
1.432871275E8	0.0	0.0
1.432882675E8	0.0	0.0
1.432894075E8	0.0	0.0
1.43290547E8	5.214223002633889	4.67222379104892
1.43291686E8	0.0	0.0
1.43292825E8	0.0	0.0
1.43293964E8	0.4881474978050922	1.272385163192283
1.43295103E8	0.0	0.0
1.432962415E8	0.7486818980667839	1.1511436965875814
1.43297379E8	1.4986807387862797	2.128873416355983
1.432985155E8	2225.75088028169	3251.8319897578776
1.432996515E8	0.0	0.0
1.433007875E8	532.4771126760563	431.17045704473884
1.433019235E8	0.5	1.1444907841173635
1.43303059E8	0.0	0.0
1.43304194E8	0.0	0.0
1.43305329E8	4.00352422907489	3.9039119654983554
1.433064635E8	0.0	0.0
1.433075975E8	38.75220458553792	28.41803399400909
1.433087315E8	1428.4444444444443	2204.683584979156
1.433098655E8	0.0	0.0
1.43310999E8	0.0	0.0
1.43312132E8	0.0	0.0
1.43313265E8	0.0	0.0
1.433143975E8	9422.760600706713	10476.43190816901
1.433155295E8	0.4796819787985866	1.1243372606199507
1.433166615E8	0.0	0.0
1.433177935E8	0.0	0.0
1.43318925E8	0.0	0.0
1.43320056E8	1108.8267020335986	1798.0049632640598
1.43321187E8	0.0	0.0
1.433223175E8	0.0	0.0
1.433234475E8	2.2486725663716816	2.7822127820498865
1.433245775E8	1.4716814159292035	2.1523808591492024
1.43325707E8	0.0	0.0
1.43326836E8	0.0	0.0
1.43327965E8	2.925597874224978	4.704933994994426
1.43329094E8	1.0062001771479185	2.34549112328076
1.43330222E8	1.002661934338953	0.9059597606096162
1.43331349E8	0.0	0.0
1.433324755E8	64.95470692717585	84.3693720575508
1.433336015E8	0.0	0.0
1.433347275E8	0.0	0.0
1.433358535E8	0.0	0.0
1.433369795E8	4.792184724689165	8.861175220462815
1.43338105E8	8.835555555555555	15.989607736137732
1.4333923E8	0.0	0.0
1.433403545E8	0.2508896797153025	0.5008888895905983
1.433414785E8	0.0	0.0
1.43342602E8	0.0	0.0
1.43343725E8	71.55654496883348	146.18556072891667
1.43344848E8	0.20213713268032057	0.6238078568023735
1.43345971E8	3.2751558325912735	4.966943263059341
1.43347094E8	0.7586821015138023	1.560875156944158
1.433482165E8	264.83778966131905	167.12859693792234
1.43349338E8	0.0	0.0
1.433504585E8	0.0	0.0
1.43351578E8	1.0151921358355676	1.3088684919511662
1.43352697E8	1.3842716711349419	1.6225621019852916
1.433538155E8	1.779964221824687	2.748556296922516
1.433549335E8	0.0	0.0
1.433560515E8	0.0	0.0
1.433571695E8	0.35778175313059035	0.9644856443408242
1.43358287E8	0.0	0.0
1.43359404E8	0.0	0.0
1.43360521E8	0.41450313339301703	0.6465942730831178
1.43361638E8	1.7779767233661594	2.18462930321825
1.43362755E8	13.708146821844226	8.157524770723024
1.43363872E8	2.7591763652641004	2.6758644717999753
1.433649885E8	0.0	0.0
1.433661045E8	7.860215053763441	12.938162827375077
1.433668735E8	108.22037914691943	62.843444989903695
1.433674315E8	5.621037463976945	4.3158777963164985
1.433683365E8	0.25448028673835127	0.5742378461427393
1.433694525E8	2.5080645161290325	2.239471583858655
1.433705685E8	0.0	0.0
1.43371684E8	0.2547085201793722	0.5989527482354798
1.43372799E8	0.7623318385650224	1.0356861203619145
1.43373914E8	0.0	0.0
1.433750285E8	0.0	0.0
1.433761425E8	0.0	0.0
1.433772565E8	0.0	0.0
1.433783705E8	0.0	0.0
1.433794845E8	0.0	0.0
1.433805985E8	0.0	0.0
1.433817115E8	0.0	0.0
1.433828235E8	0.0	0.0
1.433839355E8	0.0	0.0
1.433850475E8	261.17625899280574	410.02584911496257
1.43386159E8	4.841584158415841	2.7540984924019303
1.433872695E8	0.0	0.0
1.433883795E8	0.22882882882882882	0.49410944551196767
1.433894895E8	1.2405405405405405	2.0823150664671366
1.433905995E8	0.0	0.0
1.43391709E8	0.0	0.0
1.43392818E8	0.0	0.0
1.43393927E8	1.4959422903516681	2.7936227776177813
1.43395036E8	0.4625788999098287	0.9604439911072914
1.433961445E8	6.407942238267148	4.069788310871569
1.433972525E8	0.0	0.0
1.4339836E8	0.0	0.0
1.43399467E8	0.1878952122854562	0.48089047182263056
1.43400574E8	0.0	0.0
1.434016805E8	70.71518987341773	44.36408220886668
1.434027865E8	0.5135623869801085	0.9990954317461298
1.43403892E8	0.22262443438914026	0.47183093835519124
1.43404997E8	0.0	0.0
1.43406102E8	0.0	0.0
1.43407207E8	0.0	0.0
1.43408312E8	0.5140271493212669	1.244717344206437
1.43409417E8	0.0	0.0
1.43410521E8	0.0	0.0
1.43411624E8	0.0	0.0
1.43412727E8	0.0	0.0
1.434138295E8	0.0	0.0
1.434149315E8	0.0	0.0
1.434160335E8	0.720508166969147	1.0153093097944852
1.43417135E8	4.516802906448683	4.013148236080909
1.43418236E8	0.0	0.0
1.43419337E8	0.2579473206176203	0.6725444790452733
1.434204375E8	497.3509090909091	716.8198055553179
1.434215375E8	0.42	1.0496752744626225
1.43422637E8	0.0	0.0
1.43423736E8	1.5468607825295724	2.247433072198756
1.434248345E8	3.8761384335154827	6.571451198639613
1.434259325E8	0.0	0.0
1.434270305E8	0.0	0.0
1.43428128E8	0.0	0.0
1.43429225E8	0.0	0.0
1.43430322E8	0.0	0.0
1.434314185E8	0.0	0.0
1.434325145E8	0.0	0.0
1.434336095E8	2.343692870201097	5.44189852880465
1.43434703E8	0.0	0.0
1.434357955E8	0.0	0.0
1.43436887E8	0.0	0.0
1.43437978E8	3.1063244729605866	5.536645686955063
1.434390685E8	0.26055045871559634	0.5452042795338444
1.434401585E8	0.0	0.0
1.434412485E8	2.030275229357798	1.8617344187266776
1.434423385E8	9.778899082568808	9.453653242690232
1.434434285E8	0.0	0.0
1.43444518E8	0.0	0.0
1.43445607E8	0.5215794306703397	1.318094737632215
1.434466955E8	0.0	0.0
1.434477835E8	1.5358455882352942	2.304686721086608
1.434488715E8	1.3051470588235294	2.027839331145635
1.434499595E8	3.9154411764705883	7.042283010501637
1.43451047E8	0.0	0.0
1.43452134E8	22.101195952161913	26.441113340799625
1.43453221E8	10.133394664213432	6.336689502780282
1.434543075E8	8.884898710865562	6.4762635022269
1.434553935E8	1.7320441988950277	2.1474212553390952
1.434564795E8	5.49171270718232	4.253911643718033
1.434575655E8	0.5230202578268877	1.1157667960994737
1.434586505E8	0.0	0.0
1.434597345E8	0.0	0.0
1.434608185E8	0.0	0.0
1.434619025E8	0.0	0.0
1.434629865E8	0.18726937269372693	0.5818598504870878
1.4346407E8	0.0	0.0
1.43465153E8	0.0	0.0
1.43466236E8	494.1828254847645	321.1445051174445
1.434673185E8	0.0	0.0
1.434684005E8	1.5425138632162663	2.1644497877171887
1.43469482E8	0.0	0.0
1.43470563E8	9.254394079555967	6.035280179537104
1.434716435E8	1.1962962962962962	1.875277757204694
1.434727235E8	0.0	0.0
1.434738035E8	3.6814814814814816	3.7898499921451987
1.43474883E8	0.0	0.0
1.43475962E8	0.0	0.0
1.434770405E8	0.0	0.0
1.434781185E8	143.10018552875695	286.07584428389936
1.434791965E8	0.0	0.0
1.434802745E8	0.0	0.0
1.43481352E8	1.054781801299907	1.7941926332475084
1.43482429E8	0.0	0.0
1.434835055E8	0.0	0.0
1.434845815E8	0.0	0.0
1.434856575E8	0.0	0.0
1.434867335E8	0.0	0.0
1.43487809E8	0.0	0.0
1.43488884E8	7.845581395348837	6.215958456656843
1.43489959E8	19.2846511627907	26.14542514119733
1.43491034E8	0.0	0.0
1.434921085E8	0.0	0.0
1.434931825E8	7.671322160148976	10.272225755595972
1.434942565E8	23.44413407821229	50.18998356895297
1.434953305E8	0.2644320297951583	0.5475525365302472
1.43496404E8	0.0	0.0
1.434974765E8	236.77518656716418	62.239591829034175
1.434985485E8	0.5289179104477612	1.0280578704891212
1.4349962E8	0.0	0.0
1.43500691E8	6.116713352007469	5.955013423490294
1.435017615E8	1.0841121495327102	3.119130000916413
1.435028315E8	0.0	0.0
1.435039015E8	0.0	0.0
1.43504971E8	0.0	0.0
1.4350604E8	0.0	0.0
1.435071085E8	0.26591760299625467	0.5642269578149325
1.43508176E8	0.0	0.0
1.43509243E8	0.0	0.0
1.4351031E8	0.0	0.0
1.435113765E8	0.5328330206378987	1.0759175149898406
1.435124415E8	1.7960526315789473	2.421900390965615
1.435135055E8	0.0	0.0
1.435145695E8	6.413533834586466	3.6678341727505885
1.43515633E8	0.0	0.0
1.43516696E8	0.0	0.0
1.43517759E8	2.2455315145813737	2.5492330021678065
1.43518822E8	9.657572906867356	7.552762043603657
1.43519885E8	0.0	0.0
1.43520948E8	0.0	0.0
1.43522011E8	0.2671683913452493	0.5622157481848543
1.43523074E8	0.2671683913452493	0.55208490491857
1.435241365E8	82.54048964218455	42.34097310840267
1.435251985E8	0.0	0.0
1.435262605E8	0.2674199623352166	0.5171266405197247
1.435273225E8	0.0	0.0
1.435283845E8	0.2495291902071563	0.4985855700092703
1.43529446E8	1.8737040527803959	4.708966320513299
1.435305065E8	131.01698113207547	214.26847028550551
1.435315665E8	342.8433962264151	246.22947381169647
1.435326265E8	0.0	0.0
1.43533686E8	6.97261567516525	5.678845990577887
1.43534745E8	0.534466477809254	1.1481396867633562
1.43535804E8	0.0	0.0
1.435368625E8	0.0	0.0
1.435379205E8	5753.151228733459	5328.104229421955
1.435389785E8	0.2684310018903592	0.5181032733831733
1.435400365E8	12.6531190926276	15.913934401289469
1.43541094E8	0.0	0.0
1.435421505E8	0.6392045454545454	1.3703433544520545
1.435432065E8	0.5473484848484849	1.4155521462623264
1.435442625E8	1.606060606060606	3.0338993810845896
1.435453185E8	0.8068181818181818	1.5557810081931664
1.43546374E8	0.0	0.0
1.43547429E8	0.0	0.0
1.43548484E8	0.0	0.0
1.435495385E8	3.5028462998102468	3.1855937578625477
1.435505925E8	0.0	0.0
1.43551646E8	0.0	0.0
1.43552699E8	5.297245963912631	3.759382059100511
1.43553752E8	10.788224121557455	12.480183722805757
1.43554805E8	29.128205128205128	40.1556563032333
1.43555858E8	5.067426400759734	2.5818049885787913
1.435569105E8	0.0	0.0
1.435579625E8	351.7319391634981	505.869382102781
1.435590145E8	1.079847908745247	1.7149532468214024
1.43560066E8	0.0	0.0
1.43561117E8	0.0	0.0
1.43562168E8	0.2702188392007612	0.652886440425394
1.43563219E8	0.0	0.0
1.4356427E8	1.0780209324452903	1.9722142187991374
1.435653205E8	0.0	0.0
1.435663705E8	1.3523809523809525	2.296581310183838
1.4356742E8	0.5414680648236415	1.0433867273098725
1.43568469E8	0.0	0.0
1.43569518E8	0.0	0.0
1.43570567E8	0.0	0.0
1.43571616E8	1.3012392755004767	1.3863009466148826
1.435726645E8	0.0	0.0
1.435737125E8	13.802480916030534	11.0196302981723
1.435747605E8	0.0	0.0
1.435758085E8	0.0	0.0
1.435768565E8	13.930343511450381	9.604686356149273
1.43577904E8	1540.8042024832855	2290.3448654458803
1.43578951E8	0.0	0.0
1.43579998E8	0.0	0.0
1.43581045E8	1.8987583572110793	2.6385214811509017
1.435820915E8	0.0	0.0
1.43583137E8	0.0	0.0
1.43584182E8	0.0	0.0
1.43585227E8	1.3588516746411483	2.302276801103534
1.43586272E8	0.0	0.0
1.435873165E8	0.0	0.0
1.435883605E8	43.252873563218394	71.29117080314195
1.435894045E8	13.596743295019158	21.54130399436807
1.43590448E8	0.8159156279961649	1.4394123654512623
1.43591491E8	0.0	0.0
1.435925335E8	0.0	0.0
1.435935755E8	0.0	0.0
1.435946175E8	99.41554702495202	98.72483036459589
1.435956595E8	1.3051823416506718	1.6538212600147502
1.435967015E8	0.7984644913627639	1.5352542975537928
1.43597743E8	6.1940441882804995	5.52072333731251
1.43598784E8	0.0	0.0
1.43599825E8	0.0	0.0
1.436008655E8	0.0	0.0
1.436019055E8	0.0	0.0
1.436029455E8	0.0	0.0
1.436039855E8	0.8192307692307692	1.6484258225069433
1.43605025E8	0.8200192492781521	1.6386806590100669
1.43606064E8	3.8296438883541866	3.7612839533679625
1.43607103E8	0.273339749759384	0.5228190411216714
1.436081415E8	0.0	0.0
1.436091795E8	2.4576107899807322	3.2326310740457718
1.436102175E8	0.0	0.0
1.43611255E8	0.0	0.0
1.43612292E8	0.0	0.0
1.43613329E8	0.0	0.0
1.43614366E8	126.07135969141756	52.74163294503475
1.436154025E8	0.0	0.0
1.436164385E8	6.581081081081081	10.084392926447318
1.43617474E8	0.548792270531401	1.1811727571043973
1.43618509E8	0.7739130434782608	1.116845107957716
1.43619544E8	0.548792270531401	1.1051045374295334
1.43620579E8	0.0	0.0
1.43621614E8	0.5198067632850242	0.7511665645710468
1.43622648E8	0.0	0.0
1.43623681E8	0.0	0.0
1.43624714E8	0.5382381413359149	0.9208775645368805
1.43625747E8	7.710551790900291	6.819552210546652
1.436267795E8	0.0	0.0
1.436278115E8	3.0348837209302326	4.250398978080554
1.436288435E8	0.0	0.0
1.43629875E8	0.0	0.0
1.43630906E8	0.0	0.0
1.43631937E8	1.652764306498545	2.525716423702054
1.436329675E8	7.669902912621359	5.918704922630038
1.436339975E8	0.0	0.0
1.436350275E8	0.0	0.0
1.43636057E8	2.207968901846453	2.186627793629204
1.43637086E8	0.5519922254616132	1.050706643608589
1.43638115E8	6967.572400388727	6193.733122849623
1.43639144E8	121.02526724975705	165.74229472421044
1.43640173E8	0.0	0.0
1.43641202E8	0.0	0.0
1.43642231E8	0.0	0.0
1.436432595E8	0.39883268482490275	0.8931211394037236
1.436442875E8	0.0	0.0
1.43645315E8	0.0	0.0
1.43646342E8	0.0	0.0
1.43647369E8	0.0	0.0
1.436483955E8	0.0	0.0
1.436494215E8	0.0	0.0
1.43650447E8	0.2370731707317073	0.6633249580710799
1.43651472E8	1.3853658536585365	2.682008712086394
1.43652497E8	0.0	0.0
1.43653522E8	0.3385365853658537	0.5263774033255106
1.43654546E8	0.0	0.0
1.43655569E8	0.0	0.0
1.436565915E8	0.0	0.0
1.436576135E8	3.599804305283757	3.046925883337476
1.436586355E8	15.344422700587085	16.603438448028047
1.436596575E8	0.0	0.0
1.43660679E8	3.059745347698335	2.594162058828105
1.436617E8	2.465230166503428	2.950788005446208
1.43662721E8	0.0	0.0
1.436637415E8	355.4950980392157	271.67661355542026
1.436647615E8	0.0	0.0
1.436657815E8	0.0	0.0
1.43666801E8	0.0	0.0
1.4366782E8	0.0	0.0
1.43668839E8	0.465161923454367	1.1155076032703122
1.43669858E8	0.0	0.0
1.43670877E8	6.466143277723258	8.477297512231893
1.436718955E8	28.390962671905697	45.405204690284144
1.436729135E8	0.0	0.0
1.436739315E8	0.23477406679764243	0.4845348973991888
1.436749495E8	0.0	0.0
1.436759665E8	0.0	0.0
1.436769825E8	0.0	0.0
1.436779985E8	0.6968503937007874	1.3273322958558822
1.43679014E8	0.0	0.0
1.43680029E8	0.0	0.0
1.436810435E8	0.0	0.0
1.436820575E8	55.55128205128205	68.74433812081283
1.436830715E8	0.0	0.0
1.436840855E8	0.21104536489151873	0.649685100477945
1.436850995E8	0.0	0.0
1.43686113E8	0.56071076011846	1.1544155326885277
1.43687126E8	0.0	0.0
1.43688139E8	1.12142152023692	1.863824047214046
1.436891515E8	0.0	0.0
1.436901635E8	0.0	0.0
1.436911755E8	1.116600790513834	1.1685943043765632
1.436921875E8	30.623517786561266	30.175081990319924
1.436931995E8	4.963438735177865	6.74698000074365
1.43694211E8	0.0	0.0
1.43695222E8	26.312561819980218	27.84345812282283
1.43696233E8	0.0	0.0
1.43697244E8	0.5608308605341247	1.0321249435556688
1.436982545E8	14.089108910891088	12.441188380409312
1.436992645E8	0.0	0.0
1.437002745E8	0.2811881188118812	0.5302717405367565
1.437012845E8	0.5267326732673268	1.0263845997162337
1.437022935E8	0.0	0.0
1.437033015E8	0.0	0.0
1.437043095E8	0.0	0.0
1.43705317E8	0.0	0.0
1.43706324E8	0.0	0.0
1.437073305E8	0.0	0.0
1.437083365E8	1.1292246520874751	1.647336545408065
1.437093425E8	0.5646123260437376	1.0626498257128145
1.43710348E8	0.0	0.0
1.43711353E8	0.0	0.0
1.43712358E8	61.94228855721393	92.03451115631078
1.43713363E8	1086.0427860696518	1368.847098511911
1.43714368E8	3.3900497512437813	3.645210856597287
1.437153725E8	0.0	0.0
1.437163765E8	0.0	0.0
1.437173805E8	0.0	0.0
1.437183845E8	0.0	0.0
1.43719388E8	0.0	0.0
1.4372039E8	1.8481518481518482	2.4122978297011377
1.43721391E8	0.5674325674325674	1.1183690136753839
1.43722392E8	1.1318681318681318	2.333785218599485
1.43723393E8	0.0	0.0
1.43724394E8	5.002997002997003	4.4724710175692595
1.437251765E8	1.8315602836879432	3.1558231664901677
1.437257305E8	0.0	0.0
