#Position (bp)	insert size	chromosomes
179658.5	522.689204619997	0.0
538974.5	484.8363484836166	36921.26545365134
898290.5	842.7634617972991	0.0
1257606.5	619.7367032790021	0.0
1616922.5	565.0331299514874	36921.26545365134
1976238.5	480.0683935870705	0.0
2335554.5	667.323238428786	0.0
2694870.5	570.6323414548111	36921.26545365134
3054186.5	637.7901044647967	0.0
3413502.5	414.13464691735896	0.0
3772818.5	761.0994762812944	36921.26545365134
4132134.5	455.5086204803186	0.0
4491450.5	410.30492956597857	0.0
4850766.5	538.4837597066021	36921.26545365134
5210082.5	577.9651576712365	0.0
5569398.5	737.8418553213635	0.0
5928714.5	1024.9730073451901	36921.26545365134
6288030.5	481.7711389568052	0.0
6647346.5	577.2538507304819	0.0
7006662.5	452.5858074617559	36921.26545365134
7365978.5	1154.5182706854416	0.0
7725294.5	534.2653494123806	0.0
8084610.5	702.7225949709758	36921.26545365134
8443926.5	760.8727801788694	0.0
8803242.5	864.517355206562	0.0
9162558.5	528.0219912758558	36921.26545365134
9521874.5	655.7222661221231	0.0
9881190.5	395.97655845924226	0.0
1.02405065E7	428.2420491141585	36921.26545365134
1.05998225E7	561.7253015898378	0.0
1.09591385E7	490.7868036933424	0.0
1.13184545E7	510.5081726829689	36921.26545365134
1.16777705E7	539.0751918435966	0.0
1.20370865E7	945.9241577123555	0.0
1.23964025E7	2788.44458363346	36921.26545365134
1.27557185E7	679.8032434244528	0.0
1.31150345E7	494.99931650706634	0.0
1.34743505E7	492.0694371133898	36921.26545365134
1.38336665E7	450.59493600814847	0.0
1.41929825E7	801.9244078893076	0.0
1.45522985E7	1037.131960244282	36921.26545365134
1.49116145E7	1007.0094554159186	0.0
1.52709305E7	378.1064978775777	0.0
1.56302465E7	694.1878211869283	36921.26545365134
1.59895625E7	1212.2799057159693	0.0
1.63488785E7	956.5593245266873	0.0
1.67081945E7	724.8550972017883	36921.26545365134
1.70675105E7	772.992891572131	0.0
1.74268265E7	697.9075641164376	0.0
1.77861425E7	4140.053231939163	36921.26545365134
1.81454585E7	2110.238598699392	0.0
1.85047745E7	508.49400820305533	0.0
1.88640905E7	581.2429167570732	36921.26545365134
1.92234065E7	601.9897263512643	0.0
1.95827225E7	682.3369569207052	0.0
1.99420385E7	2122.043991352935	36921.26545365134
2.03013545E7	6032.181137121822	0.0
2.06606705E7	888.6453403253955	0.0
2.10199865E7	870.1119100340856	36921.26545365134
2.13793025E7	1244.8573797028798	0.0
2.17386185E7	491.5098645126338	0.0
2.20979345E7	2099.157965327727	36921.26545365134
2.24572505E7	556.2707928349423	0.0
2.28165665E7	2257.405743474239	0.0
2.31758825E7	1193.197605664647	36921.26545365134
2.34346265E7	476.17117368274324	0.0
2.36142845E7	5428.759515570934	0.0
2.38945145E7	1970.6765437951879	36921.26545365134
2.42538305E7	2923.290111052353	0.0
2.46131465E7	4866.261028647457	0.0
2.49724625E7	1857.9037882626449	36921.26545365134
2.53317785E7	10304.27199475611	0.0
2.56910945E7	3120.891515591008	0.0
2.60504105E7	11591.10050736893	36921.26545365134
2.64097265E7	3903.0600731800555	0.0
2.67690425E7	1487.633027522936	0.0
2.71283585E7	1644.7737563712512	36921.26545365134
2.74876745E7	3745.5742574257424	0.0
2.78469905E7	6580.740988254354	0.0
2.82063065E7	799.5677818345914	36921.26545365134
2.85656225E7	803.6285536159601	0.0
2.89249385E7	1041.6507479401648	0.0
2.92842545E7	562.7428383828909	36921.26545365134
2.96435705E7	641.0382946102815	0.0
3.00028865E7	801.8666953309128	0.0
3.03622025E7	921.049811734726	36921.26545365134
3.07215185E7	555.9579826005173	0.0
3.10808345E7	577.1931133403885	0.0
3.14401505E7	426.04402491437133	36921.26545365134
3.17994665E7	550.989038419796	0.0
3.21587825E7	624.2131793332619	0.0
3.25180985E7	404.77833087368333	36921.26545365134
3.28774145E7	557.0640126124997	0.0
3.32367305E7	425.58787095624274	0.0
3.35960465E7	721.0796065464056	36921.26545365134
3.39553625E7	1590.6571465234367	0.0
3.43146785E7	490.8659300184162	0.0
3.46739945E7	720.2967563976081	36921.26545365134
3.50333105E7	1168.9597491641955	0.0
3.53926265E7	434.17972136110524	0.0
3.57519425E7	1104.4621882631745	36921.26545365134
3.61112585E7	553.4837870468127	0.0
3.64705745E7	488.1834863420662	0.0
3.68298905E7	522.578214496012	36921.26545365134
3.71892065E7	776.5598547499641	0.0
3.75485225E7	975.8968768252064	0.0
3.79078385E7	496.1777077938266	36921.26545365134
3.82671545E7	429.61099801789254	0.0
3.86264705E7	676.1409700033382	0.0
3.89857865E7	421.53553215209087	36921.26545365134
3.93451025E7	749.0544628686174	0.0
3.97044185E7	625.7882669810194	0.0
4.00637345E7	519.1732234459868	36921.26545365134
4.04230505E7	436.3258541124129	0.0
4.07823665E7	857.3743479642533	0.0
4.11416825E7	418.0799000049259	36921.26545365134
4.15009985E7	486.35864349140377	0.0
4.18603145E7	569.5798061840321	0.0
4.22196305E7	644.7401958232848	36921.26545365134
4.25789465E7	776.3815664361168	0.0
4.29382625E7	745.0726683566835	0.0
4.32975785E7	483.6219939577039	36921.26545365134
4.36568945E7	397.05082349663985	0.0
4.40162105E7	817.4048921446317	0.0
4.43755265E7	451.5140274008436	36921.26545365134
4.47348425E7	882.9607956649626	0.0
4.50941585E7	831.8052062962483	0.0
4.54534745E7	792.1680238331678	36921.26545365134
4.58127905E7	715.3999947138427	0.0
4.61721065E7	651.6267307748841	0.0
4.65314225E7	726.1119273231021	36921.26545365134
4.68907385E7	586.1606617113133	0.0
4.72500545E7	508.6333115875008	0.0
4.76093705E7	595.156243364509	36921.26545365134
4.79686865E7	629.4246623584723	0.0
4.83280025E7	430.62433314855593	0.0
4.86541545E7	1289.2092331317785	36921.26545365134
4.88338125E7	5566.472222222223	0.0
4.90466345E7	448.23890845150004	0.0
4.94059505E7	790.4790910937636	36921.26545365134
4.97652665E7	586.0825574667298	0.0
5.01245825E7	533.6529200205515	0.0
5.04838985E7	476.7523217357543	36921.26545365134
5.08432145E7	620.5574044852484	0.0
5.12025305E7	898.3851785313271	0.0
5.15618465E7	455.2280692019072	36921.26545365134
5.19211625E7	487.0619428086533	0.0
5.22804785E7	1238.645388530288	0.0
5.26397945E7	608.0485944650251	36921.26545365134
5.29991105E7	784.1558029374987	0.0
5.33584265E7	752.682734816024	0.0
5.37177425E7	409.965930520052	36921.26545365134
5.40770585E7	847.6916612992616	0.0
5.44363745E7	639.169195552299	0.0
5.47956905E7	452.23507492427865	36921.26545365134
5.51550065E7	516.5002443046479	0.0
5.55143225E7	593.1944490335371	0.0
5.58736385E7	543.2667492546337	36921.26545365134
5.62329545E7	480.7812467091954	0.0
5.65922705E7	799.0519115890083	0.0
5.69515865E7	516.3164254778843	36921.26545365134
5.73109025E7	543.3336519997351	0.0
5.76702185E7	421.8903160089447	0.0
5.80295345E7	764.7791045308121	36921.26545365134
5.83888505E7	632.3331803530356	0.0
5.87481665E7	582.8490168955636	0.0
5.91074825E7	1350.6212481344314	36921.26545365134
5.94667985E7	349.60183915903383	0.0
5.98261145E7	491.5381745662267	0.0
6.01854305E7	818.5956972320608	36921.26545365134
6.05447465E7	539.8020060277275	0.0
6.09040625E7	578.7800841724516	0.0
6.12633785E7	622.1221245266757	36921.26545365134
6.16226945E7	598.0321650956491	0.0
6.19820105E7	704.9042602749358	0.0
6.23413265E7	598.2306967452555	36921.26545365134
6.27006425E7	496.96468614194345	0.0
6.30599585E7	1259.4309856809857	0.0
6.34192745E7	600.5872801904206	36921.26545365134
6.37785905E7	635.5794973664799	0.0
6.41379065E7	488.25176793913596	0.0
6.44972225E7	498.7805982887279	36921.26545365134
6.48565385E7	556.0093340276725	0.0
6.52158545E7	631.722463231404	0.0
6.55751705E7	676.1318756824417	36921.26545365134
6.59344865E7	887.274254370929	0.0
6.62938025E7	644.8894454850373	0.0
6.66531185E7	536.9593507071676	36921.26545365134
6.70124345E7	640.1559322033899	0.0
6.73717505E7	456.797641161068	0.0
6.77310665E7	494.5220261356822	36921.26545365134
6.80903825E7	789.1768436102016	0.0
6.84496985E7	467.85600213353416	0.0
6.88090145E7	578.7549320448378	36921.26545365134
6.91683305E7	572.4135071090047	0.0
6.95276465E7	596.7219383137227	0.0
6.98869625E7	556.5008742497992	36921.26545365134
7.02462785E7	474.80297447186376	0.0
7.06055945E7	620.6186797386595	0.0
7.09649105E7	358.9952318230631	36921.26545365134
7.13242265E7	787.224418365246	0.0
7.16835425E7	652.297714387823	0.0
7.20428585E7	734.3103797720703	36921.26545365134
7.24021745E7	9897.283557907813	0.0
7.27614905E7	1226.1344727031117	0.0
7.31208065E7	1141.6273338312174	36921.26545365134
7.34801225E7	2772.747788900768	0.0
7.38394385E7	1514.578942754449	0.0
7.41987545E7	3947.705658655309	36921.26545365134
7.45580705E7	21613.512677798393	0.0
7.49173865E7	5578.79623669225	0.0
7.52767025E7	7073.862871287129	36921.26545365134
7.56360185E7	8189.157687253613	0.0
7.59953345E7	1885.743545081967	0.0
7.63546505E7	29659.837954939343	36921.26545365134
7.67139665E7	1367.9052374452187	0.0
7.690225E7	283.4736842105263	0.0
7.7081908E7	4850.574480712166	36921.26545365134
7.74325985E7	9826.215164943378	0.0
7.77919145E7	1935.8284646268864	0.0
7.81512305E7	6023.003205128205	36921.26545365134
7.85105465E7	4414.994892747702	0.0
7.88698625E7	2378.611256544503	0.0
7.92291785E7	1877.7203791469194	36921.26545365134
7.95884945E7	3264.389305246101	0.0
7.99478105E7	1805.33215046132	0.0
8.03071265E7	10203.955240478177	36921.26545365134
8.06664425E7	2466.8647814011306	0.0
8.10257585E7	511.75948419106464	0.0
8.13850745E7	420.9422512649503	36921.26545365134
8.17443905E7	576.9482522336525	0.0
8.21037065E7	1095.3042438243533	0.0
8.24630225E7	555.12189067236	36921.26545365134
8.28223385E7	632.5272622464686	0.0
8.31816545E7	663.1598932444646	0.0
8.35409705E7	416.5562787782358	36921.26545365134
8.39002865E7	844.6856205471918	0.0
8.42596025E7	525.6402816901408	0.0
8.46189185E7	467.5430855506503	36921.26545365134
8.49782345E7	585.8675611558356	0.0
8.53375505E7	393.88216478042983	0.0
8.56968665E7	553.3204104451767	36921.26545365134
8.60561825E7	791.9344657093213	0.0
8.64154985E7	493.1949918459677	0.0
8.67748145E7	469.2430433778293	36921.26545365134
8.71341305E7	616.5771378330676	0.0
8.74934465E7	455.79647501583634	0.0
8.78527625E7	477.215407139142	36921.26545365134
8.82120785E7	524.7047528760778	0.0
8.85713945E7	2027.6770138521906	0.0
8.89307105E7	1413.7532298523226	36921.26545365134
8.92900265E7	448.4850813743219	0.0
8.96493425E7	559.9483500115384	0.0
9.00086585E7	833.0593736152022	36921.26545365134
9.03679745E7	677.9281958787193	0.0
9.07272905E7	670.5819498296952	0.0
9.10866065E7	471.4163474327219	36921.26545365134
9.14459225E7	502.7047682926829	0.0
9.18052385E7	680.2252179107247	0.0
9.21645545E7	546.8969951147571	36921.26545365134
9.25238705E7	410.6377249166652	0.0
9.28831865E7	419.5546042859845	0.0
9.32425025E7	653.1526670523792	36921.26545365134
9.36018185E7	783.9757836641937	0.0
9.39611345E7	575.7634325248787	0.0
9.43204505E7	515.6298257420132	36921.26545365134
9.46797665E7	506.7267627671616	0.0
9.50390825E7	1192.5282722778736	0.0
9.53983985E7	978.1732058677129	36921.26545365134
9.57577145E7	546.1904614953008	0.0
9.61170305E7	661.0038301532061	0.0
9.64763465E7	859.5218872870249	36921.26545365134
9.68356625E7	756.0629298604991	0.0
9.71949785E7	772.0844614017666	0.0
9.75542945E7	595.7117893664538	36921.26545365134
9.79136105E7	793.3133755860802	0.0
9.82729265E7	791.8613586804585	0.0
9.86322425E7	1007.7554534122779	36921.26545365134
9.89915585E7	844.2595673014639	0.0
9.93508745E7	522.4042674837747	0.0
9.97101905E7	673.2877088273693	36921.26545365134
1.000695065E8	651.8296335532335	0.0
1.004288225E8	435.0619126360041	0.0
1.007881385E8	490.36510726746343	36921.26545365134
1.011474545E8	573.5514426882866	0.0
1.015067705E8	567.5327957741551	0.0
1.018660865E8	395.79110619793846	36921.26545365134
1.022254025E8	652.7296278808319	0.0
1.025847185E8	473.17268991495916	0.0
1.029440345E8	498.1035289645916	36921.26545365134
1.033033505E8	1327.1515255595627	0.0
1.036626665E8	876.1402476689119	0.0
1.040219825E8	488.93457732456403	36921.26545365134
1.043812985E8	565.8849993713064	0.0
1.047406145E8	443.63736453312447	0.0
1.050999305E8	852.6648148148148	36921.26545365134
1.054592465E8	691.4401090512541	0.0
1.058185625E8	785.9299725938627	0.0
1.061778785E8	439.68032943164445	36921.26545365134
1.065371945E8	496.9471710872342	0.0
1.068965105E8	671.880253949854	0.0
1.072558265E8	708.4354659355618	36921.26545365134
1.076151425E8	900.459694497483	0.0
1.079744585E8	670.522422558559	0.0
1.083337745E8	691.8343470061292	36921.26545365134
1.086930905E8	825.855263235633	0.0
1.089314775E8	492.4929474637152	0.0
1.091111355E8	488.51603622545815	36921.26545365134
1.094117225E8	912.972522171366	0.0
1.097710385E8	687.8033423449165	0.0
1.101303545E8	692.8748218611046	36921.26545365134
1.10324175E8	469.6267845003399	0.0
1.10503833E8	1275.0815693620564	0.0
1.108489865E8	459.9974569199592	36921.26545365134
1.112083025E8	570.90206699311	0.0
1.115676185E8	626.8923657615975	0.0
1.119269345E8	452.7423020829054	36921.26545365134
1.122862505E8	540.711905481059	0.0
1.126455665E8	519.6559531008189	0.0
1.130048825E8	972.1879075716593	36921.26545365134
1.133641985E8	948.0480150214593	0.0
1.137235145E8	729.0987382770957	0.0
1.140828305E8	917.281469115192	36921.26545365134
1.144421465E8	946.054285468306	0.0
1.148014625E8	830.5601691572812	0.0
1.151607785E8	1093.613311756334	36921.26545365134
1.155200945E8	519.6881838817981	0.0
1.158794105E8	499.48622325238694	0.0
1.162387265E8	526.5200073708204	36921.26545365134
1.165980425E8	581.7309596894743	0.0
1.169573585E8	635.3153207272089	0.0
1.173166745E8	555.6486087719054	36921.26545365134
1.176759905E8	622.8179632553466	0.0
1.180353065E8	435.9581199156372	0.0
1.183946225E8	576.6641263967814	36921.26545365134
1.187539385E8	669.6910527974522	0.0
1.191132545E8	1226.052417787696	0.0
1.194725705E8	688.0369107719686	36921.26545365134
1.198318865E8	457.19424500550684	0.0
1.201912025E8	539.162618223164	0.0
1.205505185E8	1564.728186412128	36921.26545365134
1.209098345E8	675.610768216176	0.0
1.212691505E8	834.071490504508	0.0
1.216284665E8	538.4544714922192	36921.26545365134
1.219877825E8	624.1862140514814	0.0
1.223470985E8	383.17119486883826	0.0
1.227064145E8	1206.7296282388284	36921.26545365134
1.230657305E8	1095.245840326061	0.0
1.234250465E8	487.8633727034121	0.0
1.237843625E8	709.6074601388835	36921.26545365134
1.241436785E8	776.0026492750143	0.0
1.245029945E8	772.8855146944314	0.0
1.248623105E8	1076.3309341178942	36921.26545365134
1.252216265E8	1972.1539959495249	0.0
1.255809425E8	446.8705976339407	0.0
1.259402585E8	424.37667385310465	36921.26545365134
1.262995745E8	581.1323881946082	0.0
1.266588905E8	620.2867389872933	0.0
1.270182065E8	522.0946645482036	36921.26545365134
1.273775225E8	1101.127397055628	0.0
1.277368385E8	616.0096286674501	0.0
1.280961545E8	615.3417607186066	36921.26545365134
1.284554705E8	741.7534551289064	0.0
1.288147865E8	526.9738976222043	0.0
1.291741025E8	935.2230357645734	36921.26545365134
1.295334185E8	696.9951231730316	0.0
1.298927345E8	406.29639358471917	0.0
1.302520505E8	626.2142793660198	36921.26545365134
1.306113665E8	600.5473089972267	0.0
1.309706825E8	664.842246188174	0.0
1.313299985E8	920.5441257518031	36921.26545365134
1.316893145E8	867.1109764012883	0.0
1.320486305E8	846.8006019036955	0.0
1.324079465E8	2539.869758576874	36921.26545365134
1.327672625E8	585.0452285158899	0.0
1.331265785E8	1171.8720040795513	0.0
1.334858945E8	809.7663796046891	36921.26545365134
1.337730805E8	1257.2285675651312	0.0
1.339527385E8	2501.799273387829	0.0
1.342045265E8	25647.676072234764	36921.26545365134
1.345638425E8	36921.26545365134	0.0
1.349231585E8	16751.460410557185	0.0
1.352824745E8	3125.440539961431	36921.26545365134
1.356417905E8	2082.6458902963004	0.0
1.360011065E8	7870.508657094595	0.0
1.363604225E8	7265.2733878292465	36921.26545365134
1.367197385E8	8970.772092559346	0.0
1.370790545E8	2280.8118766943485	0.0
1.374033365E8	546.2698483496878	36921.26545365134
1.375577225E8	273.03052010492684	0.0
1.375927565E8	2383.0471264367816	0.0
1.376371405E8	370.45714285714286	36921.26545365134
1.37699935E8	668.0075471698113	0.0
1.37786751E8	324.19646799117	0.0
1.37868371E8	1270.3464729373277	36921.26545365134
1.37942101E8	362.4815409309791	0.0
1.37980213E8	372.85069444444446	0.0
1.38019627E8	316.9166666666667	36921.26545365134
1.38089538E8	933.9482352941177	0.0
1.38156123E8	1576.4530770257643	0.0
1.382206275E8	363.43956043956047	36921.26545365134
1.38280805E8	529.2607260726072	0.0
1.38323179E8	354.0	0.0
1.383484915E8	354.5	36921.26545365134
1.38384028E8	964.4473684210526	0.0
1.384312265E8	1138.15625	0.0
1.384772795E8	1061.8235294117646	36921.26545365134
1.38522045E8	570.3908256880734	0.0
1.385663025E8	366.121805509459	0.0
1.38610046E8	1863.0	36921.26545365134
1.38651258E8	946.6964285714286	0.0
1.386833775E8	656.65	0.0
1.387019305E8	282.30555555555554	36921.26545365134
1.38726341E8	0.0	0.0
1.387630385E8	473.8607594936709	0.0
1.3879854E8	723.803714621426	36921.26545365134
1.3883298E8	440.25	0.0
1.388668195E8	344.42857142857144	0.0
1.389001375E8	2168.2599388379203	36921.26545365134
1.389325255E8	314.7111042375503	0.0
1.38963047E8	229.66666666666666	0.0
1.38991991E8	486.6808510638298	36921.26545365134
1.390198715E8	239.63636363636363	0.0
1.39044446E8	278.49666666666667	0.0
1.390581695E8	255.33333333333334	36921.26545365134
1.39074104E8	265.7647058823529	0.0
1.391000815E8	311.8476821192053	0.0
1.39125904E8	1448.5744680851064	36921.26545365134
1.391516555E8	670.7857142857143	0.0
1.391772845E8	277.71456692913387	0.0
1.39202833E8	2564.3	36921.26545365134
1.39227853E8	0.0	0.0
1.392522945E8	1594.584040747029	0.0
1.392761035E8	0.0	36921.26545365134
1.392991635E8	0.0	0.0
1.393219065E8	279.7692307692308	0.0
1.39344169E8	265.07082371054656	36921.26545365134
1.393656665E8	0.0	0.0
1.39386585E8	445.8175438596491	0.0
1.394057875E8	272.0	36921.26545365134
1.394157655E8	0.0	0.0
1.39426072E8	2006.076923076923	0.0
1.394433E8	157.0	36921.26545365134
1.394591395E8	335.8888888888889	0.0
1.39474609E8	0.0	0.0
1.394898515E8	223.75	36921.26545365134
1.39504877E8	275.72857142857146	0.0
1.39519712E8	237.25	0.0
1.39534307E8	0.0	36921.26545365134
1.39548658E8	303.35	0.0
1.395628065E8	320.04761904761904	0.0
1.395768695E8	326.1666666666667	36921.26545365134
1.395908865E8	359.0	0.0
1.396048595E8	297.2142857142857	0.0
1.39618797E8	171.0	36921.26545365134
1.396327175E8	256.44444444444446	0.0
1.39646447E8	0.0	0.0
1.39659998E8	287.2106824925816	36921.26545365134
1.39673523E8	0.0	0.0
1.39687001E8	303.6875	0.0
1.39700456E8	284.0	36921.26545365134
1.397138915E8	3448.0	0.0
1.397272965E8	0.0	0.0
1.39740652E8	249.5	36921.26545365134
1.397539385E8	0.0	0.0
1.397671835E8	341.75	0.0
1.397738625E8	0.0	36921.26545365134
1.39780441E8	270.66129032258067	0.0
1.397935115E8	372.3333333333333	0.0
1.39806605E8	0.0	36921.26545365134
1.398195725E8	283.84645669291336	0.0
1.398324245E8	0.0	0.0
1.39845262E8	226.0	36921.26545365134
1.398580325E8	240.33333333333334	0.0
1.3987073E8	313.5	0.0
1.398833975E8	183.0	36921.26545365134
1.398960405E8	381.6666666666667	0.0
1.399086725E8	0.0	0.0
1.399212565E8	274.5	36921.26545365134
1.39933781E8	372.73317046688385	0.0
1.39946267E8	270.0	0.0
1.399587085E8	283.4166666666667	36921.26545365134
1.399711325E8	0.0	0.0
1.39983544E8	236.22222222222223	0.0
1.399959275E8	284.83700440528634	36921.26545365134
1.400082885E8	267.14285714285717	0.0
1.40020559E8	0.0	0.0
1.400327265E8	293.75	36921.26545365134
1.400448715E8	0.0	0.0
1.4005699E8	0.0	0.0
1.400690545E8	0.0	36921.26545365134
1.40081085E8	312.0	0.0
1.400930995E8	239.73333333333332	0.0
1.40105101E8	542.0	36921.26545365134
1.40117094E8	300.1666666666667	0.0
1.401281635E8	0.0	0.0
1.40134155E8	0.0	36921.26545365134
1.401410485E8	266.14761904761906	0.0
1.40153003E8	213.66666666666666	0.0
1.40164882E8	0.0	36921.26545365134
1.40176667E8	280.3	0.0
1.4018842E8	408.16005917159765	0.0
1.40200076E8	253.6	36921.26545365134
1.402116215E8	0.0	0.0
1.402231315E8	242.0	0.0
1.402345955E8	0.0	36921.26545365134
1.402459205E8	0.0	0.0
1.402571045E8	0.0	0.0
1.402682415E8	0.0	36921.26545365134
1.4027885E8	292.4028268551237	0.0
1.40288828E8	313.3333333333333	0.0
1.402984445E8	0.0	36921.26545365134
1.40307799E8	0.0	0.0
1.403166425E8	206.5	0.0
1.40324819E8	0.0	36921.26545365134
1.403326835E8	252.85714285714286	0.0
1.403402015E8	0.0	0.0
1.4034742E8	0.0	36921.26545365134
1.40354483E8	223.0	0.0
1.403614525E8	283.14285714285717	0.0
1.403683705E8	264.09493670886076	36921.26545365134
1.403752505E8	270.2352941176471	0.0
1.403821105E8	331.0	0.0
1.40388953E8	239.45454545454547	36921.26545365134
1.403957145E8	0.0	0.0
1.404023365E8	260.0	0.0
1.404088075E8	0.0	36921.26545365134
1.404151525E8	215.35714285714286	0.0
1.40421418E8	302.47058823529414	0.0
1.40427633E8	286.11299435028246	36921.26545365134
1.404337675E8	243.22222222222223	0.0
1.404398365E8	0.0	0.0
1.40445888E8	264.864406779661	36921.26545365134
1.404519085E8	0.0	0.0
1.404579005E8	278.05	0.0
1.404638765E8	434.969696969697	36921.26545365134
1.404698365E8	275.625	0.0
1.4047577E8	249.9	0.0
1.40481673E8	254.56103286384976	36921.26545365134
1.404875345E8	0.0	0.0
1.404915035E8	0.0	0.0
1.404943895E8	180.0	36921.26545365134
1.404990715E8	0.0	0.0
1.405047025E8	354.70120059355185	0.0
1.40510262E8	0.0	36921.26545365134
1.405157995E8	255.25	0.0
1.40521292E8	264.68	0.0
1.40526756E8	306.7869318181818	36921.26545365134
1.40532181E8	0.0	0.0
1.40537566E8	274.2009063444109	0.0
1.405429375E8	311.0	36921.26545365134
1.405482795E8	411.0	0.0
1.40553603E8	0.0	0.0
1.405589225E8	254.0	36921.26545365134
1.40564221E8	0.0	0.0
1.405694775E8	282.0	0.0
1.40574688E8	286.0	36921.26545365134
1.405798735E8	315.0	0.0
1.405850135E8	248.5	0.0
1.40590093E8	0.0	36921.26545365134
1.405951535E8	0.0	0.0
1.40600212E8	0.0	0.0
1.406052535E8	0.0	36921.26545365134
1.406102665E8	265.85714285714283	0.0
1.406152645E8	0.0	0.0
1.406202595E8	229.125	36921.26545365134
1.406252495E8	0.0	0.0
1.40630226E8	0.0	0.0
1.40635179E8	239.0	36921.26545365134
1.40640115E8	0.0	0.0
1.4064504E8	0.0	0.0
1.4064995E8	284.62484624846246	36921.26545365134
1.406548455E8	0.0	0.0
1.40659729E8	209.72614107883817	0.0
1.40664601E8	253.0	36921.26545365134
1.406694435E8	195.0	0.0
1.40674261E8	0.0	0.0
1.40679061E8	270.8666666666667	36921.26545365134
1.40683806E8	0.0	0.0
1.40688509E8	0.0	0.0
1.406931635E8	0.0	36921.26545365134
1.40697758E8	0.0	0.0
1.40702335E8	0.0	0.0
1.40706898E8	0.0	36921.26545365134
1.40711432E8	0.0	0.0
1.40715925E8	439.81481481481484	0.0
1.40720393E8	288.6666666666667	36921.26545365134
1.407248515E8	0.0	0.0
1.407292955E8	204.0	0.0
1.407337135E8	0.0	36921.26545365134
1.40738111E8	0.0	0.0
1.40742499E8	0.0	0.0
1.407468785E8	0.0	36921.26545365134
1.40751256E8	0.0	0.0
1.407556295E8	315.0	0.0
1.40759995E8	297.75	36921.26545365134
1.407643435E8	204.66666666666666	0.0
1.407686665E8	263.5952380952381	0.0
1.407729765E8	258.6190476190476	36921.26545365134
1.40777284E8	0.0	0.0
1.40781584E8	284.2078947368421	0.0
1.40785876E8	305.4438202247191	36921.26545365134
1.40790157E8	0.0	0.0
1.407944295E8	213.0	0.0
1.407986935E8	251.5	36921.26545365134
1.40802937E8	0.0	0.0
1.40807165E8	244.0	0.0
1.408113885E8	0.0	36921.26545365134
1.408156105E8	274.5	0.0
1.408198225E8	383.987012987013	0.0
1.40824022E8	2696.0	36921.26545365134
1.408282145E8	311.7692307692308	0.0
1.408324E8	188.2	0.0
1.408365825E8	0.0	36921.26545365134
1.40840755E8	0.0	0.0
1.408449115E8	666.0	0.0
1.40849054E8	0.0	36921.26545365134
1.40851497E8	0.0	0.0
1.408535395E8	0.0	0.0
1.40857247E8	0.0	36921.26545365134
1.408613235E8	0.0	0.0
1.40865389E8	299.2362637362637	0.0
1.408694335E8	0.0	36921.26545365134
1.40873455E8	0.0	0.0
1.408774675E8	0.0	0.0
1.408814765E8	0.0	36921.26545365134
1.40885475E8	274.4	0.0
1.408894625E8	370.6666666666667	0.0
1.408934395E8	236.625	36921.26545365134
1.408974065E8	0.0	0.0
1.409013685E8	398.93548387096774	0.0
1.409053235E8	294.5847665847666	36921.26545365134
1.40909269E8	0.0	0.0
1.409132055E8	0.0	0.0
1.409171345E8	0.0	36921.26545365134
1.409210595E8	314.2	0.0
1.40924982E8	0.0	0.0
1.40928899E8	0.0	36921.26545365134
1.40932812E8	0.0	0.0
1.409367215E8	299.25	0.0
1.4094061E8	0.0	36921.26545365134
1.409444775E8	280.0857142857143	0.0
1.409483385E8	297.1471571906354	0.0
1.409521765E8	0.0	36921.26545365134
1.40955989E8	297.8474576271187	0.0
1.409597955E8	0.0	0.0
1.409636015E8	0.0	36921.26545365134
1.40967392E8	0.0	0.0
1.40971157E8	221.71428571428572	0.0
1.40974907E8	278.25	36921.26545365134
1.40978648E8	0.0	0.0
1.409823815E8	254.0	0.0
1.40986105E8	235.25	36921.26545365134
1.409898215E8	269.6	0.0
1.40993536E8	253.0	0.0
1.409972465E8	0.0	36921.26545365134
1.41000941E8	0.0	0.0
1.410046115E8	228.9	0.0
1.410082665E8	254.0	36921.26545365134
1.41011916E8	245.0	0.0
1.410155645E8	0.0	0.0
1.410192115E8	0.0	36921.26545365134
1.410228535E8	332.6363636363636	0.0
1.410264835E8	331.0	0.0
1.410301055E8	0.0	36921.26545365134
1.41033718E8	292.375	0.0
1.41037321E8	290.0	0.0
1.410409235E8	0.0	36921.26545365134
1.41044521E8	2512.0	0.0
1.410481085E8	0.0	0.0
1.410516865E8	0.0	36921.26545365134
1.41055252E8	313.2857142857143	0.0
1.410588075E8	306.4965986394558	0.0
1.41062361E8	192.83333333333334	36921.26545365134
1.41065914E8	0.0	0.0
1.41069467E8	274.609756097561	0.0
1.41073012E8	269.31481481481484	36921.26545365134
1.41076544E8	0.0	0.0
1.41080071E8	0.0	0.0
1.41083596E8	0.0	36921.26545365134
1.41087117E8	0.0	0.0
1.41090628E8	0.0	0.0
1.410941305E8	284.367941712204	36921.26545365134
1.41097631E8	294.0	0.0
1.411011295E8	0.0	0.0
1.411046235E8	290.52941176470586	36921.26545365134
1.411081075E8	0.0	0.0
1.41111585E8	0.0	0.0
1.4111506E8	0.0	36921.26545365134
1.411185295E8	264.82142857142856	0.0
1.41121994E8	283.0	0.0
1.411254545E8	320.0327868852459	36921.26545365134
1.411289005E8	0.0	0.0
1.411323185E8	0.0	0.0
1.411357175E8	0.0	36921.26545365134
1.4113911E8	347.0	0.0
1.411424975E8	0.0	0.0
1.41145878E8	369.85714285714283	36921.26545365134
1.411492525E8	299.27200745225895	0.0
1.41152626E8	321.125	0.0
1.41155995E8	0.0	36921.26545365134
1.411593515E8	264.0	0.0
1.41162699E8	372.0	0.0
1.41166043E8	233.33333333333334	36921.26545365134
1.4116937E8	0.0	0.0
1.411726805E8	641.6	0.0
1.411759855E8	0.0	36921.26545365134
1.41179286E8	0.0	0.0
1.411825805E8	0.0	0.0
1.411858675E8	261.3333333333333	36921.26545365134
1.41189148E8	0.0	0.0
1.41192424E8	302.4	0.0
1.411956955E8	287.6666666666667	36921.26545365134
1.411989605E8	254.8	0.0
1.41202221E8	143.0	0.0
1.4120548E8	333.7053533190578	36921.26545365134
1.412087365E8	0.0	0.0
1.41210776E8	0.0	0.0
1.41212402E8	0.0	36921.26545365134
1.412152325E8	0.0	0.0
1.41218463E8	173.0	0.0
1.41221688E8	306.6	36921.26545365134
1.412249085E8	259.55454545454546	0.0
1.41228124E8	422.7317073170732	0.0
1.41231335E8	0.0	36921.26545365134
1.412345425E8	319.0	0.0
1.41237746E8	0.0	0.0
1.41240947E8	219.0	36921.26545365134
1.41244146E8	0.0	0.0
1.412473425E8	242.28571428571428	0.0
1.41250538E8	270.28087812884695	36921.26545365134
1.412537305E8	279.5298013245033	0.0
1.412569125E8	0.0	0.0
1.41260086E8	0.0	36921.26545365134
1.41263258E8	0.0	0.0
1.412664245E8	0.0	0.0
1.41269585E8	0.0	36921.26545365134
1.41272743E8	0.0	0.0
1.412758995E8	0.0	0.0
1.412790545E8	291.46666666666664	36921.26545365134
1.412822035E8	0.0	0.0
1.4128534E8	305.49676375404533	0.0
1.41288466E8	0.0	36921.26545365134
1.41291589E8	0.0	0.0
1.412947105E8	0.0	0.0
1.412978215E8	304.7906976744186	36921.26545365134
1.413009225E8	0.0	0.0
1.413040225E8	245.57142857142858	0.0
1.41307117E8	0.0	36921.26545365134
1.41310204E8	255.15384615384616	0.0
1.413132865E8	0.0	0.0
1.413163665E8	81.83333333333333	36921.26545365134
1.41319445E8	252.46666666666667	0.0
1.413225215E8	174.12587412587413	0.0
1.41325596E8	0.0	36921.26545365134
1.41328669E8	287.1666666666667	0.0
1.41331738E8	0.0	0.0
1.413348E8	0.0	36921.26545365134
1.413378585E8	254.4503105590062	0.0
1.413409105E8	278.0	0.0
1.413439555E8	0.0	36921.26545365134
1.41346999E8	0.0	0.0
1.41350033E8	0.0	0.0
1.413530575E8	2185.0	36921.26545365134
1.41356076E8	0.0	0.0
1.413590875E8	0.0	0.0
1.41362097E8	0.0	36921.26545365134
1.413651025E8	0.0	0.0
1.41368103E8	568.6666666666666	0.0
1.41371102E8	234.4	36921.26545365134
1.413740995E8	290.6666666666667	0.0
1.41377093E8	248.0	0.0
1.413800805E8	250.57894736842104	36921.26545365134
1.413830635E8	300.3	0.0
1.413860455E8	265.2857142857143	0.0
1.41389022E8	314.25	36921.26545365134
1.413919895E8	0.0	0.0
1.4139495E8	0.0	0.0
1.413979065E8	0.0	36921.26545365134
1.41400857E8	0.0	0.0
1.41403801E8	0.0	0.0
1.41406741E8	286.0	36921.26545365134
1.41409678E8	0.0	0.0
1.414126105E8	0.0	0.0
1.41415538E8	278.0901287553648	36921.26545365134
1.414184645E8	0.0	0.0
1.414213895E8	254.5	0.0
1.414243125E8	302.547433903577	36921.26545365134
1.414272345E8	276.52941176470586	0.0
1.41430155E8	0.0	0.0
1.414330725E8	167.93269230769232	36921.26545365134
1.414359875E8	474.0	0.0
1.414389E8	227.75	0.0
1.414418105E8	334.0	36921.26545365134
1.41444718E8	287.49074074074076	0.0
1.414476225E8	244.44808743169398	0.0
1.41450526E8	0.0	36921.26545365134
1.41453427E8	322.9558864074993	0.0
1.41456323E8	190.0	0.0
1.41459214E8	239.33333333333334	36921.26545365134
1.414621005E8	240.64285714285714	0.0
1.414649835E8	312.0005792624059	0.0
1.414678655E8	105.0	36921.26545365134
1.414707475E8	286.0	0.0
1.41473629E8	318.3333333333333	0.0
1.41476508E8	329.0	36921.26545365134
1.414793845E8	275.14285714285717	0.0
1.41482258E8	0.0	0.0
1.414851235E8	0.0	36921.26545365134
1.414879835E8	0.0	0.0
1.414908425E8	0.0	0.0
1.41493699E8	276.0769230769231	36921.26545365134
1.41496551E8	303.8309990662932	0.0
1.414993995E8	0.0	0.0
1.415022465E8	0.0	36921.26545365134
1.415050915E8	333.0	0.0
1.41507934E8	0.0	0.0
1.415107725E8	324.3333333333333	36921.26545365134
1.415136075E8	0.0	0.0
1.41516441E8	0.0	0.0
1.415192725E8	0.0	36921.26545365134
1.41522102E8	0.0	0.0
1.415249305E8	586.25	0.0
1.41527757E8	255.33333333333334	36921.26545365134
1.41530581E8	0.0	0.0
1.415334035E8	0.0	0.0
1.415362255E8	0.0	36921.26545365134
1.415390465E8	0.0	0.0
1.41541866E8	0.0	0.0
1.41544683E8	284.61971830985914	36921.26545365134
1.415474975E8	0.0	0.0
1.4155031E8	0.0	0.0
1.415531175E8	0.0	36921.26545365134
1.41555919E8	324.1190476190476	0.0
1.415587165E8	242.0	0.0
1.41561512E8	0.0	36921.26545365134
1.41564307E8	341.6666666666667	0.0
1.415671015E8	0.0	0.0
1.415695015E8	284.63316582914575	36921.26545365134
1.41570898E8	264.94117647058823	0.0
1.41572688E8	0.0	0.0
1.4157548E8	0.0	36921.26545365134
1.415782705E8	300.6296296296296	0.0
1.415810595E8	0.0	0.0
1.41583847E8	263.40909090909093	36921.26545365134
1.415866325E8	0.0	0.0
1.41589416E8	319.68566392479437	0.0
1.41592198E8	0.0	36921.26545365134
1.41594971E8	251.6	0.0
1.415977345E8	243.33333333333334	0.0
1.41600491E8	0.0	36921.26545365134
1.416032415E8	0.0	0.0
1.41605989E8	378.0	0.0
1.416087335E8	0.0	36921.26545365134
1.416114735E8	0.0	0.0
1.41614208E8	185.0	0.0
1.416169385E8	277.85337726523886	36921.26545365134
1.41619657E8	315.29358237547893	0.0
1.416223655E8	0.0	0.0
1.41625071E8	195.0	36921.26545365134
1.416277715E8	0.0	0.0
1.41630469E8	0.0	0.0
1.416331645E8	321.8758915834522	36921.26545365134
1.41635856E8	0.0	0.0
1.416385445E8	227.27272727272728	0.0
1.416412325E8	0.0	36921.26545365134
1.416439195E8	246.88679245283018	0.0
1.41646598E8	477.7391304347826	0.0
1.416492685E8	0.0	36921.26545365134
1.41651938E8	282.0	0.0
1.416546065E8	0.0	0.0
1.41657273E8	282.6300607287449	36921.26545365134
1.416599375E8	0.0	0.0
1.41662593E8	276.4347826086956	0.0
1.416652385E8	0.0	36921.26545365134
1.416678815E8	304.1196850393701	0.0
1.41670523E8	0.0	0.0
1.41673163E8	0.0	36921.26545365134
1.41675801E8	616.0	0.0
1.416784375E8	279.8529411764706	0.0
1.41681073E8	0.0	36921.26545365134
1.41683705E8	228.0	0.0
1.416863335E8	253.0	0.0
1.416889605E8	0.0	36921.26545365134
1.416915825E8	0.0	0.0
1.416942E8	0.0	0.0
1.416968145E8	0.0	36921.26545365134
1.41699426E8	0.0	0.0
1.41702034E8	0.0	0.0
1.41704638E8	0.0	36921.26545365134
1.41707241E8	237.33333333333334	0.0
1.41709838E8	0.0	0.0
1.417124275E8	271.85714285714283	36921.26545365134
1.417150135E8	0.0	0.0
1.41717597E8	0.0	0.0
1.41720177E8	0.0	36921.26545365134
1.41722754E8	0.0	0.0
1.417253305E8	115.0	0.0
1.41727906E8	284.85714285714283	36921.26545365134
1.41730481E8	0.0	0.0
1.41733056E8	227.16666666666666	0.0
1.417356305E8	308.2	36921.26545365134
1.417382025E8	0.0	0.0
1.4174077E8	0.0	0.0
1.41743333E8	0.0	36921.26545365134
1.41745892E8	0.0	0.0
1.417484485E8	0.0	0.0
1.41751004E8	242.98214285714286	36921.26545365134
1.41753556E8	257.6666666666667	0.0
1.41756104E8	405.5310421286031	0.0
1.41758648E8	252.5	36921.26545365134
1.41761189E8	218.5	0.0
1.417637275E8	0.0	0.0
1.4176626E8	0.0	36921.26545365134
1.41768789E8	0.0	0.0
1.417713145E8	0.0	0.0
1.41773836E8	273.9782608695652	36921.26545365134
1.41776357E8	0.0	0.0
1.417788775E8	0.0	0.0
1.417813975E8	245.25	36921.26545365134
1.41783916E8	283.10483870967744	0.0
1.417864325E8	0.0	0.0
1.41788946E8	239.61290322580646	36921.26545365134
1.41791457E8	249.4078073089701	0.0
1.417939675E8	0.0	0.0
1.417964765E8	250.0	36921.26545365134
1.41798983E8	0.0	0.0
1.418014855E8	0.0	0.0
1.41803981E8	282.4344827586207	36921.26545365134
1.4180647E8	290.0	0.0
1.41808953E8	768.0	0.0
1.41811431E8	300.2427672955975	36921.26545365134
1.418139075E8	281.32	0.0
1.41816383E8	0.0	0.0
1.41818857E8	280.0	36921.26545365134
1.418213285E8	0.0	0.0
1.418237955E8	0.0	0.0
1.41826259E8	324.6842105263158	36921.26545365134
1.418287215E8	277.8333333333333	0.0
1.41831178E8	217.0	0.0
1.41833627E8	335.0	36921.26545365134
1.418360715E8	0.0	0.0
1.41838512E8	0.0	0.0
1.418409505E8	254.08	36921.26545365134
1.418433885E8	0.0	0.0
1.418458265E8	291.8809523809524	0.0
1.41848263E8	0.0	36921.26545365134
1.418506975E8	0.0	0.0
1.418531305E8	0.0	0.0
1.41855562E8	0.0	36921.26545365134
1.41857992E8	317.3125	0.0
1.418604205E8	270.5	0.0
1.41862847E8	0.0	36921.26545365134
1.41865272E8	0.0	0.0
1.41867695E8	0.0	0.0
1.41870116E8	297.5652173913044	36921.26545365134
1.418725365E8	0.0	0.0
1.41874956E8	0.0	0.0
1.41877374E8	0.0	36921.26545365134
1.41879789E8	0.0	0.0
1.418822015E8	0.0	0.0
1.418846075E8	0.0	36921.26545365134
1.418870045E8	0.0	0.0
1.418893965E8	296.9519230769231	0.0
1.418917865E8	0.0	36921.26545365134
1.41894176E8	0.0	0.0
1.41896563E8	0.0	0.0
1.41898948E8	0.0	36921.26545365134
1.41901333E8	288.43971631205676	0.0
1.419037175E8	318.25299401197606	0.0
1.41906101E8	272.13492063492066	36921.26545365134
1.41908484E8	276.32820097244735	0.0
1.419108665E8	0.0	0.0
1.41913248E8	0.0	36921.26545365134
1.41915629E8	290.53897254207266	0.0
1.41918009E8	275.05	0.0
1.41920388E8	307.0833333333333	36921.26545365134
1.419227665E8	0.0	0.0
1.41925143E8	0.0	0.0
1.419275165E8	918.3333333333334	36921.26545365134
1.419292615E8	268.3783783783784	0.0
1.41930446E8	0.0	0.0
1.419322555E8	0.0	36921.26545365134
1.419346225E8	0.0	0.0
1.41936987E8	0.0	0.0
1.41939347E8	0.0	36921.26545365134
1.41941703E8	305.0	0.0
1.419440575E8	0.0	0.0
1.41946411E8	0.0	36921.26545365134
1.419487635E8	0.0	0.0
1.419511115E8	0.0	0.0
1.419534545E8	0.0	36921.26545365134
1.419557965E8	283.9791666666667	0.0
1.41958135E8	0.0	0.0
1.419604675E8	227.70833333333334	36921.26545365134
1.419627965E8	0.0	0.0
1.419651245E8	306.38443670150986	0.0
1.419674515E8	294.28025851938895	36921.26545365134
1.41969777E8	0.0	0.0
1.419721005E8	0.0	0.0
1.419744205E8	261.5	36921.26545365134
1.41976738E8	314.0	0.0
1.419790505E8	306.1578947368421	0.0
1.41981358E8	0.0	36921.26545365134
1.419836635E8	286.5017921146953	0.0
1.41985967E8	269.65822784810126	0.0
1.41988266E8	288.88235294117646	36921.26545365134
1.4199056E8	0.0	0.0
1.41992852E8	211.0	0.0
1.41995142E8	0.0	36921.26545365134
1.4199743E8	0.0	0.0
1.419997165E8	0.0	0.0
1.420020015E8	271.2258064516129	36921.26545365134
1.42004285E8	0.0	0.0
1.420065675E8	0.0	0.0
1.42008845E8	0.0	36921.26545365134
1.420111165E8	296.8918918918919	0.0
1.42013386E8	0.0	0.0
1.420156535E8	0.0	36921.26545365134
1.42017916E8	0.0	0.0
1.42020175E8	0.0	0.0
1.42022431E8	0.0	36921.26545365134
1.420246815E8	0.0	0.0
1.42026929E8	0.0	0.0
1.42029171E8	0.0	36921.26545365134
1.420314065E8	0.0	0.0
1.420336395E8	261.6	0.0
1.420358715E8	287.87890625	36921.26545365134
1.420381015E8	0.0	0.0
1.42040329E8	307.2	0.0
1.42042554E8	0.0	36921.26545365134
1.42044776E8	0.0	0.0
1.420469965E8	0.0	0.0
1.42049215E8	0.0	36921.26545365134
1.420514315E8	0.0	0.0
1.420536445E8	0.0	0.0
1.42055854E8	0.0	36921.26545365134
1.42058062E8	243.0	0.0
1.420602685E8	277.1969696969697	0.0
1.42062474E8	0.0	36921.26545365134
1.42064677E8	219.0	0.0
1.420668775E8	0.0	0.0
1.420690765E8	0.0	36921.26545365134
1.420712745E8	0.0	0.0
1.420734715E8	0.0	0.0
1.420756655E8	0.0	36921.26545365134
1.420778565E8	272.9816753926702	0.0
1.42080046E8	0.0	0.0
1.42082235E8	0.0	36921.26545365134
1.42084423E8	0.0	0.0
1.42086609E8	0.0	0.0
1.4208879E8	0.0	36921.26545365134
1.420909665E8	0.0	0.0
1.42093141E8	0.0	0.0
1.420953105E8	0.0	36921.26545365134
1.42097474E8	0.0	0.0
1.42099635E8	0.0	0.0
1.42101794E8	279.5	36921.26545365134
1.42103946E8	0.0	0.0
1.42106089E8	0.0	0.0
1.421082245E8	0.0	36921.26545365134
1.42110355E8	253.0	0.0
1.421124825E8	0.0	0.0
1.421146075E8	230.0	36921.26545365134
1.421167315E8	325.3333333333333	0.0
1.42118853E8	261.425	0.0
1.42120971E8	337.5	36921.26545365134
1.421230865E8	0.0	0.0
1.421252E8	0.0	0.0
1.42127313E8	0.0	36921.26545365134
1.42129426E8	0.0	0.0
1.421315385E8	0.0	0.0
1.42133649E8	0.0	36921.26545365134
1.421357575E8	0.0	0.0
1.42137864E8	0.0	0.0
1.42139969E8	251.5	36921.26545365134
1.42142073E8	0.0	0.0
1.421441755E8	340.0	0.0
1.421462745E8	0.0	36921.26545365134
1.421483705E8	0.0	0.0
1.421504655E8	0.0	0.0
1.421525595E8	0.0	36921.26545365134
1.421546525E8	272.125	0.0
1.421567435E8	269.0833333333333	0.0
1.42158833E8	0.0	36921.26545365134
1.421609215E8	182.0	0.0
1.42163009E8	227.76470588235293	0.0
1.42165096E8	220.0	36921.26545365134
1.421671825E8	0.0	0.0
1.421692675E8	0.0	0.0
1.4217135E8	285.0740740740741	36921.26545365134
1.4217343E8	0.0	0.0
1.42175509E8	0.0	0.0
1.421775875E8	0.0	36921.26545365134
1.421796645E8	284.7	0.0
1.421817365E8	0.0	0.0
1.421838025E8	281.40759493670885	36921.26545365134
1.42185866E8	284.0	0.0
1.42187929E8	320.7078313253012	0.0
1.421899915E8	258.3333333333333	36921.26545365134
1.421920525E8	0.0	0.0
1.421941125E8	0.0	0.0
1.421961725E8	250.0	36921.26545365134
1.42198232E8	269.0	0.0
1.422002865E8	311.25	0.0
1.422023345E8	0.0	36921.26545365134
1.422043795E8	0.0	0.0
1.42206423E8	230.0	0.0
1.42208462E8	0.0	36921.26545365134
1.42210496E8	0.0	0.0
1.42212529E8	0.0	0.0
1.422145605E8	0.0	36921.26545365134
1.42216589E8	266.2567567567568	0.0
1.42218613E8	0.0	0.0
1.422206335E8	0.0	36921.26545365134
1.42222652E8	0.0	0.0
1.422246675E8	0.0	0.0
1.422266795E8	0.0	36921.26545365134
1.42228689E8	0.0	0.0
1.422306975E8	301.85714285714283	0.0
1.422327045E8	0.0	36921.26545365134
1.422347105E8	0.0	0.0
1.42236716E8	403.25	0.0
1.42238721E8	228.11111111111111	36921.26545365134
1.422407225E8	0.0	0.0
1.422427205E8	239.0	0.0
1.422447185E8	254.25	36921.26545365134
1.42246715E8	0.0	0.0
1.42248709E8	0.0	0.0
1.422507005E8	0.0	36921.26545365134
1.422526905E8	268.53333333333336	0.0
1.422546795E8	333.0	0.0
1.422566665E8	0.0	36921.26545365134
1.422586525E8	378.0	0.0
1.422606355E8	0.0	0.0
1.422626145E8	247.0	36921.26545365134
1.422645915E8	212.0	0.0
1.422665675E8	0.0	0.0
1.42268543E8	0.0	36921.26545365134
1.422705175E8	250.5	0.0
1.422724895E8	0.0	0.0
1.422744575E8	245.0	36921.26545365134
1.422764235E8	0.0	0.0
1.422783895E8	0.0	0.0
1.422803545E8	0.0	36921.26545365134
1.42282318E8	264.5977680737506	0.0
1.422842805E8	423.5	0.0
1.422862425E8	257.2608695652174	36921.26545365134
1.4228818E8	179.33333333333334	0.0
1.42289161E8	0.0	0.0
1.42290166E8	0.0	36921.26545365134
1.42292127E8	0.0	0.0
1.42294088E8	0.0	0.0
1.422960465E8	0.0	36921.26545365134
1.422980025E8	344.5753424657534	0.0
1.42299954E8	0.0	0.0
1.42301901E8	302.07142857142856	36921.26545365134
1.42303848E8	294.0	0.0
1.423057945E8	0.0	0.0
1.4230774E8	0.0	36921.26545365134
1.423096845E8	0.0	0.0
1.42311628E8	256.3333333333333	0.0
1.42313569E8	0.0	36921.26545365134
1.423155065E8	262.0	0.0
1.423174425E8	0.0	0.0
1.42319378E8	0.0	36921.26545365134
1.42321312E8	318.2	0.0
1.42323245E8	309.3	0.0
1.42325177E8	0.0	36921.26545365134
1.42327107E8	305.77777777777777	0.0
1.423290355E8	0.0	0.0
1.423309635E8	347.8	36921.26545365134
1.42332891E8	0.0	0.0
1.423348175E8	300.7843137254902	0.0
1.423367435E8	0.0	36921.26545365134
1.423386685E8	0.0	0.0
1.423405905E8	0.0	0.0
1.42342509E8	287.0	36921.26545365134
1.423444255E8	0.0	0.0
1.423463415E8	0.0	0.0
1.42348253E8	266.0	36921.26545365134
1.423501595E8	0.0	0.0
1.42352065E8	269.0	0.0
1.423539695E8	0.0	36921.26545365134
1.42355873E8	405.0	0.0
1.42357776E8	0.0	0.0
1.42359679E8	195.0	36921.26545365134
1.423615815E8	0.0	0.0
1.42363483E8	232.0	0.0
1.423653835E8	0.0	36921.26545365134
1.423672835E8	0.0	0.0
1.42369183E8	0.0	0.0
1.4237108E8	0.0	36921.26545365134
1.42372975E8	0.0	0.0
1.42374869E8	0.0	0.0
1.42376761E8	0.0	36921.26545365134
1.423786515E8	0.0	0.0
1.423805415E8	277.135231316726	0.0
1.423824305E8	219.77777777777777	36921.26545365134
1.423843155E8	0.0	0.0
1.423861925E8	0.0	0.0
1.423880645E8	0.0	36921.26545365134
1.42389936E8	0.0	0.0
1.423918065E8	0.0	0.0
1.423936765E8	0.0	36921.26545365134
1.42395546E8	310.0	0.0
1.42397415E8	0.0	0.0
1.42399284E8	0.0	36921.26545365134
1.424011525E8	0.0	0.0
1.42403019E8	0.0	0.0
1.42404883E8	306.43304699343105	36921.26545365134
1.42406746E8	0.0	0.0
1.424086055E8	0.0	0.0
1.424104605E8	261.0	36921.26545365134
1.42412313E8	361.0	0.0
1.42414163E8	0.0	0.0
1.42416009E8	0.0	36921.26545365134
1.42417852E8	0.0	0.0
1.42419695E8	0.0	0.0
1.42421538E8	0.0	36921.26545365134
1.424233805E8	0.0	0.0
1.42425222E8	0.0	0.0
1.42427063E8	0.0	36921.26545365134
1.424288995E8	0.0	0.0
1.424307315E8	0.0	0.0
1.424325625E8	0.0	36921.26545365134
1.42434392E8	0.0	0.0
1.42436221E8	0.0	0.0
1.424380485E8	363.6666666666667	36921.26545365134
1.42439871E8	269.0	0.0
1.424416895E8	0.0	0.0
1.424435075E8	0.0	36921.26545365134
1.42445323E8	0.0	0.0
1.42447136E8	230.7475113122172	0.0
1.424489455E8	0.0	36921.26545365134
1.4245075E8	0.0	0.0
1.424525525E8	0.0	0.0
1.42454354E8	256.57142857142856	36921.26545365134
1.424561545E8	0.0	0.0
1.424579545E8	230.85714285714286	0.0
1.424597535E8	0.0	36921.26545365134
1.42461551E8	546.0	0.0
1.42463346E8	0.0	0.0
1.424651385E8	0.0	36921.26545365134
1.42466928E8	0.0	0.0
1.424687145E8	0.0	0.0
1.424705E8	0.0	36921.26545365134
1.42472285E8	279.14285714285717	0.0
1.424740655E8	0.0	0.0
1.42475841E8	0.0	36921.26545365134
1.42477616E8	254.59259259259258	0.0
1.42479391E8	351.0	0.0
1.424811635E8	0.0	36921.26545365134
1.42482933E8	0.0	0.0
1.424847005E8	298.3809523809524	0.0
1.42486464E8	0.0	36921.26545365134
1.424882225E8	234.73333333333332	0.0
1.424899775E8	278.3488372093023	0.0
1.4249173E8	296.6666666666667	36921.26545365134
1.42493479E8	499.0	0.0
1.42495226E8	0.0	0.0
1.42496973E8	0.0	36921.26545365134
1.42498718E8	0.0	0.0
1.4250046E8	0.0	0.0
1.425021995E8	759.3333333333334	36921.26545365134
1.42503937E8	0.0	0.0
1.425056725E8	0.0	0.0
1.42507406E8	302.0	36921.26545365134
1.425091385E8	0.0	0.0
1.425108685E8	287.0	0.0
1.425125945E8	0.0	36921.26545365134
1.425143185E8	266.0	0.0
1.4251604E8	279.0	0.0
1.42517759E8	263.2352941176471	36921.26545365134
1.425194765E8	0.0	0.0
1.425211925E8	0.0	0.0
1.42522908E8	0.0	36921.26545365134
1.425246225E8	0.0	0.0
1.42526336E8	0.0	0.0
1.425280485E8	240.33333333333334	36921.26545365134
1.425297595E8	254.4	0.0
1.425314695E8	268.7142857142857	0.0
1.42533179E8	0.0	36921.26545365134
1.425348875E8	0.0	0.0
1.425365935E8	0.0	0.0
1.42538297E8	0.0	36921.26545365134
1.4254E8	0.0	0.0
1.425416995E8	0.0	0.0
1.425433925E8	230.55555555555554	36921.26545365134
1.425450825E8	253.54545454545453	0.0
1.42546771E8	0.0	0.0
1.42548457E8	158.0	36921.26545365134
1.42550141E8	0.0	0.0
1.42551824E8	237.36627906976744	0.0
1.42553507E8	291.93333333333334	36921.26545365134
1.425551885E8	582.0	0.0
1.42556868E8	342.3333333333333	0.0
1.425585465E8	0.0	36921.26545365134
1.42560223E8	0.0	0.0
1.42561894E8	282.04347826086956	0.0
1.42563556E8	0.0	36921.26545365134
1.425652095E8	0.0	0.0
1.42566857E8	0.0	0.0
1.42568501E8	0.0	36921.26545365134
1.42570144E8	239.0	0.0
1.42571786E8	0.0	0.0
1.42573425E8	0.0	36921.26545365134
1.42575062E8	0.0	0.0
1.42576699E8	311.8106365834005	0.0
1.425783355E8	0.0	36921.26545365134
1.425799685E8	0.0	0.0
1.42581598E8	0.0	0.0
1.42583225E8	199.25	36921.26545365134
1.4258485E8	0.0	0.0
1.42586474E8	0.0	0.0
1.425880965E8	0.0	36921.26545365134
1.42589717E8	275.1029411764706	0.0
1.425913335E8	229.25	0.0
1.42592946E8	261.69565217391306	36921.26545365134
1.425945565E8	318.6363636363636	0.0
1.425961665E8	283.0	0.0
1.425977755E8	336.4	36921.26545365134
1.42599378E8	208.0	0.0
1.42600974E8	0.0	0.0
1.426025685E8	277.1666666666667	36921.26545365134
1.426041585E8	0.0	0.0
1.426057445E8	0.0	0.0
1.426073305E8	0.0	36921.26545365134
1.42608914E8	397.0	0.0
1.42610493E8	0.0	0.0
1.4261207E8	0.0	36921.26545365134
1.42613646E8	0.0	0.0
1.4261522E8	0.0	0.0
1.42616792E8	0.0	36921.26545365134
1.42618361E8	0.0	0.0
1.426199275E8	283.0416666666667	0.0
1.426214905E8	0.0	36921.26545365134
1.426230505E8	0.0	0.0
1.426246095E8	0.0	0.0
1.426261665E8	0.0	36921.26545365134
1.426277225E8	0.0	0.0
1.42629278E8	0.0	0.0
1.42630832E8	207.0	36921.26545365134
1.426323845E8	263.1818181818182	0.0
1.426339355E8	0.0	0.0
1.426354855E8	0.0	36921.26545365134
1.42637035E8	0.0	0.0
1.426385825E8	0.0	0.0
1.426401275E8	0.0	36921.26545365134
1.42641671E8	235.7941176470588	0.0
1.42643213E8	0.0	0.0
1.426447535E8	0.0	36921.26545365134
1.426462925E8	0.0	0.0
1.42647757E8	230.0	0.0
1.42648524E8	0.0	36921.26545365134
1.42649362E8	327.1666666666667	0.0
1.42650895E8	0.0	0.0
1.426524275E8	0.0	36921.26545365134
1.42653958E8	0.0	0.0
1.42655486E8	170.71428571428572	0.0
1.42657012E8	0.0	36921.26545365134
1.42658537E8	0.0	0.0
1.42660062E8	262.7979274611399	0.0
1.42661585E8	0.0	36921.26545365134
1.426631055E8	0.0	0.0
1.42664625E8	0.0	0.0
1.426661435E8	0.0	36921.26545365134
1.426676605E8	0.0	0.0
1.426691735E8	0.0	0.0
1.42670683E8	0.0	36921.26545365134
1.426721915E8	0.0	0.0
1.426736975E8	265.0859375	0.0
1.426752015E8	0.0	36921.26545365134
1.426767045E8	0.0	0.0
1.426782025E8	220.0	0.0
1.426796955E8	0.0	36921.26545365134
1.426811875E8	258.0	0.0
1.426826785E8	209.0	0.0
1.42684168E8	647.0	36921.26545365134
1.426856565E8	0.0	0.0
1.42687144E8	255.0	0.0
1.42688631E8	254.76190476190476	36921.26545365134
1.42690117E8	268.8421052631579	0.0
1.426916015E8	0.0	0.0
1.426930845E8	0.0	36921.26545365134
1.426945645E8	0.0	0.0
1.426960415E8	0.0	0.0
1.42697517E8	292.5	36921.26545365134
1.42698991E8	0.0	0.0
1.42700463E8	0.0	0.0
1.427019325E8	0.0	36921.26545365134
1.427034E8	0.0	0.0
1.427048665E8	0.0	0.0
1.427063315E8	0.0	36921.26545365134
1.427077945E8	0.0	0.0
1.42709256E8	314.8	0.0
1.42710717E8	0.0	36921.26545365134
1.42712177E8	0.0	0.0
1.427136355E8	284.5131578947368	0.0
1.427150925E8	217.0	36921.26545365134
1.42716547E8	0.0	0.0
1.427179995E8	0.0	0.0
1.427194515E8	0.0	36921.26545365134
1.42720903E8	0.0	0.0
1.427223515E8	0.0	0.0
1.427237975E8	0.0	36921.26545365134
1.42725243E8	0.0	0.0
1.42726687E8	327.8529411764706	0.0
1.42728129E8	0.0	36921.26545365134
1.427295695E8	286.51633505281256	0.0
1.427310075E8	0.0	0.0
1.427324415E8	0.0	36921.26545365134
1.427338735E8	0.0	0.0
1.427353055E8	0.0	0.0
1.427367365E8	222.0	36921.26545365134
1.42738166E8	0.0	0.0
1.42739595E8	291.2906976744186	0.0
1.42741022E8	0.0	36921.26545365134
1.427424465E8	0.0	0.0
1.427438705E8	0.0	0.0
1.427452945E8	0.0	36921.26545365134
1.42746718E8	0.0	0.0
1.427481405E8	287.0	0.0
1.42749562E8	0.0	36921.26545365134
1.42750982E8	0.0	0.0
1.427523995E8	250.3	0.0
1.427538155E8	332.0	36921.26545365134
1.427552315E8	352.8	0.0
1.42756647E8	203.25	0.0
1.427580605E8	0.0	36921.26545365134
1.427594725E8	0.0	0.0
1.42760884E8	0.0	0.0
1.427622945E8	0.0	36921.26545365134
1.427637035E8	0.0	0.0
1.427651115E8	0.0	0.0
1.42766519E8	181.83333333333334	36921.26545365134
1.427679255E8	0.0	0.0
1.427693305E8	0.0	0.0
1.427707335E8	0.0	36921.26545365134
1.42772132E8	0.0	0.0
1.427735265E8	0.0	0.0
1.4277492E8	293.17857142857144	36921.26545365134
1.42776312E8	0.0	0.0
1.42777703E8	0.0	0.0
1.42779094E8	0.0	36921.26545365134
1.427804825E8	184.0	0.0
1.427818685E8	0.0	0.0
1.42783254E8	0.0	36921.26545365134
1.427846385E8	293.25	0.0
1.42786022E8	292.6578947368421	0.0
1.427874045E8	237.33333333333334	36921.26545365134
1.42788786E8	0.0	0.0
1.42790167E8	0.0	0.0
1.427915475E8	0.0	36921.26545365134
1.427929275E8	355.0	0.0
1.42794307E8	282.9642857142857	0.0
1.427956855E8	259.6666666666667	36921.26545365134
1.42797063E8	749.0	0.0
1.4279844E8	277.3333333333333	0.0
1.42799817E8	0.0	36921.26545365134
1.42801194E8	230.33333333333334	0.0
1.428025705E8	0.0	0.0
1.42803946E8	0.0	36921.26545365134
1.428053205E8	0.0	0.0
1.428066945E8	0.0	0.0
1.42808068E8	0.0	36921.26545365134
1.4280944E8	0.0	0.0
1.4281081E8	0.0	0.0
1.428121785E8	0.0	36921.26545365134
1.428135455E8	265.5	0.0
1.42814909E8	0.0	0.0
1.428162695E8	303.1507569854169	36921.26545365134
1.428176275E8	270.5365853658537	0.0
1.428189835E8	301.8666666666667	0.0
1.42820339E8	0.0	36921.26545365134
1.42821694E8	251.0	0.0
1.428230475E8	0.0	0.0
1.42824399E8	0.0	36921.26545365134
1.42825748E8	0.0	0.0
1.42827095E8	293.0416666666667	0.0
1.428284415E8	0.0	36921.26545365134
1.428297865E8	0.0	0.0
1.4283113E8	138.75	0.0
1.42832472E8	248.8	36921.26545365134
1.428338125E8	259.73333333333335	0.0
1.428351525E8	0.0	0.0
1.428364925E8	0.0	36921.26545365134
1.42837832E8	288.3333333333333	0.0
1.42839171E8	0.0	0.0
1.42840509E8	311.0	36921.26545365134
1.42841846E8	0.0	0.0
1.428431825E8	0.0	0.0
1.428445175E8	119.5	36921.26545365134
1.42845851E8	0.0	0.0
1.42847184E8	282.7456647398844	0.0
1.42848517E8	0.0	36921.26545365134
1.428498495E8	342.14285714285717	0.0
1.428511805E8	334.1666666666667	0.0
1.428525105E8	0.0	36921.26545365134
1.428538395E8	205.0	0.0
1.42855167E8	0.0	0.0
1.428564935E8	0.0	36921.26545365134
1.428578195E8	0.0	0.0
1.42859144E8	0.0	0.0
1.42860467E8	0.0	36921.26545365134
1.428617895E8	253.2	0.0
1.428631085E8	0.0	0.0
1.42864424E8	0.0	36921.26545365134
1.42865739E8	0.0	0.0
1.42867054E8	0.0	0.0
1.42868369E8	241.78050921861282	36921.26545365134
1.428696825E8	0.0	0.0
1.42870994E8	0.0	0.0
1.42872305E8	215.33333333333334	36921.26545365134
1.428736155E8	0.0	0.0
1.428749255E8	481.57142857142856	0.0
1.42876235E8	284.0	36921.26545365134
1.428775435E8	0.0	0.0
1.428788505E8	0.0	0.0
1.428801555E8	273.04651162790697	36921.26545365134
1.428814595E8	0.0	0.0
1.428827635E8	0.0	0.0
1.428840675E8	276.1666666666667	36921.26545365134
1.42885371E8	228.0	0.0
1.42886674E8	0.0	0.0
1.428879765E8	0.0	36921.26545365134
1.42889278E8	0.0	0.0
1.42890579E8	331.6666666666667	0.0
1.42891879E8	242.02702702702703	36921.26545365134
1.42893177E8	359.0	0.0
1.42894474E8	257.5	0.0
1.42895771E8	0.0	36921.26545365134
1.428970675E8	0.0	0.0
1.42898363E8	0.0	0.0
1.428996575E8	0.0	36921.26545365134
1.429009515E8	0.0	0.0
1.429022455E8	0.0	0.0
1.42903539E8	259.6	36921.26545365134
1.42904831E8	0.0	0.0
1.429061215E8	0.0	0.0
1.42907411E8	231.0	36921.26545365134
1.42908699E8	270.14481409001957	0.0
1.429099855E8	0.0	0.0
1.42911271E8	0.0	36921.26545365134
1.429125555E8	0.0	0.0
1.429138395E8	311.85714285714283	0.0
1.42915123E8	0.0	36921.26545365134
1.42916406E8	350.8702290076336	0.0
1.429176885E8	278.64864864864865	0.0
1.4291897E8	0.0	36921.26545365134
1.429202505E8	0.0	0.0
1.429215305E8	0.0	0.0
1.4292281E8	0.0	36921.26545365134
1.429240885E8	303.3333333333333	0.0
1.429253665E8	274.85714285714283	0.0
1.429266445E8	0.0	36921.26545365134
1.42927922E8	293.1351240516711	0.0
1.42929199E8	273.2590866728798	0.0
1.42930476E8	0.0	36921.26545365134
1.429317525E8	0.0	0.0
1.42933028E8	283.1247008774262	0.0
1.42934303E8	0.0	36921.26545365134
1.429355775E8	0.0	0.0
1.429368515E8	0.0	0.0
1.429381245E8	230.0	36921.26545365134
1.42939396E8	0.0	0.0
1.42940667E8	0.0	0.0
1.42941938E8	0.0	36921.26545365134
1.42943209E8	0.0	0.0
1.4294448E8	198.25	0.0
1.429457505E8	264.97098976109214	36921.26545365134
1.429470205E8	203.0	0.0
1.429482905E8	295.95238095238096	0.0
1.4294956E8	230.0	36921.26545365134
1.429508285E8	0.0	0.0
1.429520965E8	325.2	0.0
1.429533635E8	266.77777777777777	36921.26545365134
1.42954629E8	0.0	0.0
1.429558935E8	209.0	0.0
1.42957157E8	0.0	36921.26545365134
1.4295842E8	0.0	0.0
1.42959683E8	308.54545454545456	0.0
1.429609455E8	0.0	36921.26545365134
1.429622075E8	331.0	0.0
1.429634695E8	0.0	0.0
1.42964731E8	0.0	36921.26545365134
1.42965992E8	273.69924812030075	0.0
1.429672525E8	273.9104938271605	0.0
1.429685125E8	0.0	36921.26545365134
1.429697725E8	260.85714285714283	0.0
1.429710325E8	279.0	0.0
1.42972292E8	225.98233695652175	36921.26545365134
1.429735505E8	0.0	0.0
1.429748085E8	194.96969696969697	0.0
1.429760665E8	249.33333333333334	36921.26545365134
1.42977324E8	0.0	0.0
1.42978579E8	0.0	0.0
1.42979832E8	277.8	36921.26545365134
1.429810845E8	0.0	0.0
1.42982336E8	0.0	0.0
1.42983587E8	231.0	36921.26545365134
1.42984838E8	0.0	0.0
1.42986089E8	0.0	0.0
1.429873395E8	273.04	36921.26545365134
1.42988589E8	0.0	0.0
1.429898375E8	0.0	0.0
1.42991085E8	289.73333333333335	36921.26545365134
1.429923315E8	0.0	0.0
1.429935775E8	322.2	0.0
1.429948225E8	0.0	36921.26545365134
1.42996066E8	218.90409207161125	0.0
1.429973085E8	272.3269230769231	0.0
1.4299855E8	0.0	36921.26545365134
1.42999791E8	221.0	0.0
1.43001032E8	228.0	0.0
1.430022725E8	205.75	36921.26545365134
1.430035125E8	0.0	0.0
1.430047525E8	272.73333333333335	0.0
1.43005992E8	248.2962962962963	36921.26545365134
1.4300719E8	0.0	0.0
1.43007809E8	0.0	0.0
1.430084685E8	0.0	36921.26545365134
1.430097065E8	224.4420600858369	0.0
1.430109445E8	0.0	0.0
1.43012182E8	0.0	36921.26545365134
1.430134185E8	0.0	0.0
1.43014654E8	0.0	0.0
1.43015889E8	272.0	36921.26545365134
1.430171235E8	0.0	0.0
1.430183575E8	277.27272727272725	0.0
1.430195915E8	0.0	36921.26545365134
1.43020825E8	0.0	0.0
1.43022058E8	186.0	0.0
1.430232905E8	223.71428571428572	36921.26545365134
1.43024522E8	244.875	0.0
1.43025753E8	373.0	0.0
1.43026984E8	0.0	36921.26545365134
1.43028215E8	0.0	0.0
1.430294455E8	265.85714285714283	0.0
1.43030675E8	205.4	36921.26545365134
1.43031904E8	214.0	0.0
1.430331325E8	0.0	0.0
1.4303436E8	0.0	36921.26545365134
1.43035587E8	278.83108899297423	0.0
1.43036814E8	0.0	0.0
1.43038041E8	0.0	36921.26545365134
1.430392675E8	269.75	0.0
1.430404935E8	0.0	0.0
1.430417195E8	251.0	36921.26545365134
1.43042945E8	312.8888888888889	0.0
1.4304417E8	0.0	0.0
1.43045395E8	0.0	36921.26545365134
1.4304662E8	0.0	0.0
1.43047845E8	0.0	0.0
1.4304907E8	213.0	36921.26545365134
1.430502945E8	283.6158536585366	0.0
1.430515185E8	240.5	0.0
1.430527425E8	181.0	36921.26545365134
1.430539665E8	290.44444444444446	0.0
1.4305519E8	0.0	0.0
1.43056413E8	0.0	36921.26545365134
1.43057636E8	0.0	0.0
1.430588585E8	260.6735751295337	0.0
1.430600805E8	278.0	36921.26545365134
1.43061302E8	0.0	0.0
1.430625225E8	0.0	0.0
1.430637425E8	268.5	36921.26545365134
1.43064962E8	219.0	0.0
1.43066181E8	0.0	0.0
1.430674E8	0.0	36921.26545365134
1.430686185E8	243.1860465116279	0.0
1.430698365E8	0.0	0.0
1.430710525E8	365.0	36921.26545365134
1.43072266E8	0.0	0.0
1.430734785E8	0.0	0.0
1.430746905E8	274.875	36921.26545365134
1.43075902E8	221.0	0.0
1.43077113E8	0.0	0.0
1.430783235E8	0.0	36921.26545365134
1.43079533E8	0.0	0.0
1.43080742E8	0.0	0.0
1.43081951E8	0.0	36921.26545365134
1.430831595E8	0.0	0.0
1.430843675E8	0.0	0.0
1.430855755E8	165.0	36921.26545365134
1.430867835E8	0.0	0.0
1.43087991E8	253.0	0.0
1.430891975E8	206.33333333333334	36921.26545365134
1.43090403E8	256.64285714285717	0.0
1.43091608E8	244.0	0.0
1.43092813E8	295.44444444444446	36921.26545365134
1.43094017E8	0.0	0.0
1.4309522E8	0.0	0.0
1.43096423E8	0.0	36921.26545365134
1.430976255E8	323.5	0.0
1.430988275E8	347.0	0.0
1.43100029E8	0.0	36921.26545365134
1.431012295E8	263.93243243243245	0.0
1.431024295E8	222.0	0.0
1.431036295E8	284.3333333333333	36921.26545365134
1.43104829E8	144.0	0.0
1.43106028E8	0.0	0.0
1.431072265E8	0.0	36921.26545365134
1.431084245E8	311.6666666666667	0.0
1.43109622E8	0.0	0.0
1.43110819E8	0.0	36921.26545365134
1.43112015E8	0.0	0.0
1.4311321E8	0.0	0.0
1.43114405E8	238.55	36921.26545365134
1.431156E8	0.0	0.0
1.43116795E8	261.9400544959128	0.0
1.431179895E8	275.0	36921.26545365134
1.43119183E8	296.0	0.0
1.43120376E8	0.0	0.0
1.43121569E8	229.0	36921.26545365134
1.43122762E8	177.0	0.0
1.431239545E8	0.0	0.0
1.431251465E8	283.0967741935484	36921.26545365134
1.431263385E8	239.33333333333334	0.0
1.4312753E8	301.0	0.0
1.43128721E8	0.0	36921.26545365134
1.431299115E8	0.0	0.0
1.431311015E8	0.0	0.0
1.431322915E8	241.0	36921.26545365134
1.43133481E8	243.0	0.0
1.4313467E8	0.0	0.0
1.43135859E8	0.0	36921.26545365134
1.43137048E8	0.0	0.0
1.43138237E8	0.0	0.0
1.43139426E8	249.5	36921.26545365134
1.431406145E8	0.0	0.0
1.431418015E8	0.0	0.0
1.431429875E8	0.0	36921.26545365134
1.431441735E8	276.1666666666667	0.0
1.431453595E8	0.0	0.0
1.431465455E8	0.0	36921.26545365134
1.43147731E8	0.0	0.0
1.43148916E8	0.0	0.0
1.43150101E8	261.4166666666667	36921.26545365134
1.43151286E8	0.0	0.0
1.431524705E8	682.0	0.0
1.431536545E8	0.0	36921.26545365134
1.431548385E8	0.0	0.0
1.431560225E8	0.0	0.0
1.431572055E8	0.0	36921.26545365134
1.431583875E8	274.9940119760479	0.0
1.43159569E8	0.0	0.0
1.4316075E8	241.41059602649005	36921.26545365134
1.43161931E8	0.0	0.0
1.43163111E8	0.0	0.0
1.4316429E8	0.0	36921.26545365134
1.43165469E8	0.0	0.0
1.431666475E8	0.0	0.0
1.431678255E8	0.0	36921.26545365134
1.431690035E8	0.0	0.0
1.431701815E8	265.3333333333333	0.0
1.431713595E8	240.0	36921.26545365134
1.431725375E8	0.0	0.0
1.43173715E8	0.0	0.0
1.431748915E8	319.64613942589335	36921.26545365134
1.43176067E8	0.0	0.0
1.43177242E8	0.0	0.0
1.431784165E8	0.0	36921.26545365134
1.431795905E8	0.0	0.0
1.43180764E8	0.0	0.0
1.43181937E8	0.0	36921.26545365134
1.4318311E8	220.0	0.0
1.43184282E8	189.0	0.0
1.43185453E8	300.09090909090907	36921.26545365134
1.43186624E8	277.0	0.0
1.43187795E8	0.0	0.0
1.431889655E8	190.0	36921.26545365134
1.43190135E8	0.0	0.0
1.43191304E8	278.3333333333333	0.0
1.431924725E8	0.0	36921.26545365134
1.4319364E8	0.0	0.0
1.43194807E8	0.0	0.0
1.43195974E8	239.0	36921.26545365134
1.431971405E8	0.0	0.0
1.431983065E8	269.7723367697595	0.0
1.431994725E8	304.09369024856596	36921.26545365134
1.432006385E8	227.0	0.0
1.43201804E8	0.0	0.0
1.43202969E8	0.0	36921.26545365134
1.432041335E8	0.0	0.0
1.43205297E8	0.0	0.0
1.4320646E8	260.16850551654966	36921.26545365134
1.43207623E8	0.0	0.0
1.43208786E8	257.0	0.0
1.43209949E8	0.0	36921.26545365134
1.43211112E8	224.9291338582677	0.0
1.432122745E8	265.07462686567163	0.0
1.432134365E8	365.0	36921.26545365134
1.432145985E8	241.88344988344988	0.0
1.4321576E8	0.0	0.0
1.43216921E8	0.0	36921.26545365134
1.43218082E8	260.0	0.0
1.432192425E8	0.0	0.0
1.432204025E8	284.54545454545456	36921.26545365134
1.432215625E8	0.0	0.0
1.43222722E8	0.0	0.0
1.43223881E8	0.0	36921.26545365134
1.4322504E8	235.75	0.0
1.43226199E8	321.0	0.0
1.43227358E8	282.22857142857146	36921.26545365134
1.432285165E8	0.0	0.0
1.432296745E8	251.70193740685545	0.0
1.432308325E8	255.0	36921.26545365134
1.4323199E8	258.6666666666667	0.0
1.43233147E8	225.66666666666666	0.0
1.432343035E8	0.0	36921.26545365134
1.432354595E8	0.0	0.0
1.43236615E8	0.0	0.0
1.4323777E8	310.3333333333333	36921.26545365134
1.43238925E8	0.0	0.0
1.4324008E8	215.04453441295547	0.0
1.432412345E8	0.0	36921.26545365134
1.432423885E8	268.0	0.0
1.432435425E8	330.0	0.0
1.432446965E8	263.85185185185185	36921.26545365134
1.4324585E8	0.0	0.0
1.43247003E8	0.0	0.0
1.43248156E8	381.0	36921.26545365134
1.432493085E8	281.0	0.0
1.432504605E8	0.0	0.0
1.432516125E8	247.66666666666666	36921.26545365134
1.432527645E8	279.0	0.0
1.43253916E8	249.25	0.0
1.432550665E8	234.5	36921.26545365134
1.432562165E8	229.0	0.0
1.432573655E8	0.0	0.0
1.432585135E8	0.0	36921.26545365134
1.432596615E8	0.0	0.0
1.432608095E8	258.4074074074074	0.0
1.432619575E8	0.0	36921.26545365134
1.432631055E8	0.0	0.0
1.43264253E8	231.5	0.0
1.432654E8	269.1867115222876	36921.26545365134
1.43266547E8	257.3333333333333	0.0
1.432676935E8	0.0	0.0
1.432688395E8	0.0	36921.26545365134
1.432699855E8	0.0	0.0
1.43271131E8	247.66666666666666	0.0
1.432722755E8	275.2894736842105	36921.26545365134
1.432734195E8	308.5	0.0
1.432745635E8	252.04866180048663	0.0
1.432757075E8	315.875	36921.26545365134
1.432768515E8	275.5	0.0
1.43277995E8	0.0	0.0
1.43279138E8	0.0	36921.26545365134
1.432802805E8	0.0	0.0
1.432814225E8	195.5	0.0
1.432825645E8	247.2515299877601	36921.26545365134
1.43283706E8	264.3333333333333	0.0
1.43284847E8	294.78521126760563	0.0
1.432859875E8	295.84	36921.26545365134
1.432871275E8	0.0	0.0
1.432882675E8	0.0	0.0
1.432894075E8	0.0	36921.26545365134
1.43290547E8	291.23809523809524	0.0
1.43291686E8	0.0	0.0
1.43292825E8	0.0	36921.26545365134
1.43293964E8	175.0	0.0
1.43295103E8	0.0	0.0
1.432962415E8	286.0	36921.26545365134
1.43297379E8	267.3333333333333	0.0
1.432985155E8	247.72892580536535	0.0
1.432996515E8	0.0	36921.26545365134
1.433007875E8	360.098814229249	0.0
1.433019235E8	240.0	0.0
1.43303059E8	0.0	36921.26545365134
1.43304194E8	0.0	0.0
1.43305329E8	276.125	0.0
1.433064635E8	0.0	36921.26545365134
1.433075975E8	279.79487179487177	0.0
1.433087315E8	252.78994393833216	0.0
1.433098655E8	0.0	36921.26545365134
1.43310999E8	0.0	0.0
1.43312132E8	0.0	0.0
1.43313265E8	0.0	36921.26545365134
1.433143975E8	270.43682848404046	0.0
1.433155295E8	214.5	0.0
1.433166615E8	0.0	36921.26545365134
1.433177935E8	0.0	0.0
1.43318925E8	0.0	0.0
1.43320056E8	259.4708644610459	36921.26545365134
1.43321187E8	0.0	0.0
1.433223175E8	0.0	0.0
1.433234475E8	504.44444444444446	36921.26545365134
1.433245775E8	285.8333333333333	0.0
1.43325707E8	0.0	0.0
1.43326836E8	0.0	36921.26545365134
1.43327965E8	311.3636363636364	0.0
1.43329094E8	184.0	0.0
1.43330222E8	233.5	36921.26545365134
1.43331349E8	0.0	0.0
1.433324755E8	236.07692307692307	0.0
1.433336015E8	0.0	36921.26545365134
1.433347275E8	0.0	0.0
1.433358535E8	0.0	0.0
1.433369795E8	217.26315789473685	36921.26545365134
1.43338105E8	269.22857142857146	0.0
1.4333923E8	0.0	0.0
1.433403545E8	284.0	36921.26545365134
1.433414785E8	0.0	0.0
1.43342602E8	0.0	0.0
1.43343725E8	193.8838028169014	36921.26545365134
1.43344848E8	107.0	0.0
1.43345971E8	310.53846153846155	0.0
1.43347094E8	274.0	36921.26545365134
1.433482165E8	304.67184466019415	0.0
1.43349338E8	0.0	0.0
1.433504585E8	0.0	36921.26545365134
1.43351578E8	257.25	0.0
1.43352697E8	208.16666666666666	0.0
1.433538155E8	270.85714285714283	36921.26545365134
1.433549335E8	0.0	0.0
1.433560515E8	0.0	0.0
1.433571695E8	170.0	36921.26545365134
1.43358287E8	0.0	0.0
1.43359404E8	0.0	0.0
1.43360521E8	230.5	36921.26545365134
1.43361638E8	339.42857142857144	0.0
1.43362755E8	313.80434782608694	0.0
1.43363872E8	311.90909090909093	36921.26545365134
1.433649885E8	0.0	0.0
1.433661045E8	219.5625	0.0
1.433668735E8	247.77844311377245	36921.26545365134
1.433674315E8	269.25	0.0
1.433683365E8	242.0	0.0
1.433694525E8	269.2	36921.26545365134
1.433705685E8	0.0	0.0
1.43371684E8	226.0	0.0
1.43372799E8	301.0	36921.26545365134
1.43373914E8	0.0	0.0
1.433750285E8	0.0	0.0
1.433761425E8	0.0	36921.26545365134
1.433772565E8	0.0	0.0
1.433783705E8	0.0	0.0
1.433794845E8	0.0	36921.26545365134
1.433805985E8	0.0	0.0
1.433817115E8	0.0	0.0
1.433828235E8	0.0	36921.26545365134
1.433839355E8	0.0	0.0
1.433850475E8	285.921875	0.0
1.43386159E8	318.70588235294116	36921.26545365134
1.433872695E8	0.0	0.0
1.433883795E8	245.0	0.0
1.433894895E8	231.6	36921.26545365134
1.433905995E8	0.0	0.0
1.43391709E8	0.0	0.0
1.43392818E8	0.0	36921.26545365134
1.43393927E8	238.0	0.0
1.43395036E8	245.5	0.0
1.433961445E8	290.28	36921.26545365134
1.433972525E8	0.0	0.0
1.4339836E8	0.0	0.0
1.43399467E8	184.0	36921.26545365134
1.43400574E8	0.0	0.0
1.434016805E8	257.7985865724382	0.0
1.434027865E8	310.5	36921.26545365134
1.43403892E8	272.0	0.0
1.43404997E8	0.0	0.0
1.43406102E8	0.0	36921.26545365134
1.43407207E8	0.0	0.0
1.43408312E8	212.0	0.0
1.43409417E8	0.0	36921.26545365134
1.43410521E8	0.0	0.0
1.43411624E8	0.0	0.0
1.43412727E8	0.0	36921.26545365134
1.434138295E8	0.0	0.0
1.434149315E8	0.0	0.0
1.434160335E8	399.0	36921.26545365134
1.43417135E8	228.94736842105263	0.0
1.43418236E8	0.0	0.0
1.43419337E8	177.0	36921.26545365134
1.434204375E8	281.9038759689922	0.0
1.434215375E8	195.0	0.0
1.43422637E8	0.0	36921.26545365134
1.43423736E8	256.0	0.0
1.434248345E8	214.66666666666666	0.0
1.434259325E8	0.0	36921.26545365134
1.434270305E8	0.0	0.0
1.43428128E8	0.0	0.0
1.43429225E8	0.0	36921.26545365134
1.43430322E8	0.0	0.0
1.434314185E8	0.0	0.0
1.434325145E8	0.0	36921.26545365134
1.434336095E8	176.2	0.0
1.43434703E8	0.0	0.0
1.434357955E8	0.0	36921.26545365134
1.43436887E8	0.0	0.0
1.43437978E8	225.16666666666666	0.0
1.434390685E8	264.0	36921.26545365134
1.434401585E8	0.0	0.0
1.434412485E8	441.1666666666667	0.0
1.434423385E8	260.44736842105266	36921.26545365134
1.434434285E8	0.0	0.0
1.43444518E8	0.0	0.0
1.43445607E8	186.0	36921.26545365134
1.434466955E8	0.0	0.0
1.434477835E8	245.33333333333334	0.0
1.434488715E8	270.6	36921.26545365134
1.434499595E8	276.0	0.0
1.43451047E8	0.0	0.0
1.43452134E8	275.6388888888889	36921.26545365134
1.43453221E8	258.97435897435895	0.0
1.434543075E8	275.47058823529414	0.0
1.434553935E8	287.7142857142857	36921.26545365134
1.434564795E8	260.4761904761905	0.0
1.434575655E8	257.0	0.0
1.434586505E8	0.0	36921.26545365134
1.434597345E8	0.0	0.0
1.434608185E8	0.0	0.0
1.434619025E8	0.0	36921.26545365134
1.434629865E8	82.0	0.0
1.4346407E8	0.0	0.0
1.43465153E8	0.0	36921.26545365134
1.43466236E8	276.85524920466594	0.0
1.434673185E8	0.0	0.0
1.434684005E8	199.0	36921.26545365134
1.43469482E8	0.0	0.0
1.43470563E8	253.52777777777777	0.0
1.434716435E8	261.8	36921.26545365134
1.434727235E8	0.0	0.0
1.434738035E8	291.7857142857143	0.0
1.43474883E8	0.0	36921.26545365134
1.43475962E8	0.0	0.0
1.434770405E8	0.0	0.0
1.434781185E8	211.4172794117647	36921.26545365134
1.434791965E8	0.0	0.0
1.434802745E8	0.0	0.0
1.43481352E8	310.0	36921.26545365134
1.43482429E8	0.0	0.0
1.434835055E8	0.0	0.0
1.434845815E8	0.0	36921.26545365134
1.434856575E8	0.0	0.0
1.434867335E8	0.0	0.0
1.43487809E8	0.0	36921.26545365134
1.43488884E8	300.3333333333333	0.0
1.43489959E8	267.7671232876712	0.0
1.43491034E8	0.0	36921.26545365134
1.434921085E8	0.0	0.0
1.434931825E8	269.2068965517241	0.0
1.434942565E8	174.04494382022472	36921.26545365134
1.434953305E8	265.0	0.0
1.43496404E8	0.0	0.0
1.434974765E8	277.3624454148472	36921.26545365134
1.434985485E8	285.0	0.0
1.4349962E8	0.0	0.0
1.43500691E8	294.17391304347825	36921.26545365134
1.435017615E8	116.0	0.0
1.435028315E8	0.0	0.0
1.435039015E8	0.0	36921.26545365134
1.43504971E8	0.0	0.0
1.4350604E8	0.0	0.0
1.435071085E8	256.0	36921.26545365134
1.43508176E8	0.0	0.0
1.43509243E8	0.0	0.0
1.4351031E8	0.0	36921.26545365134
1.435113765E8	259.0	0.0
1.435124415E8	244.0	0.0
1.435135055E8	0.0	36921.26545365134
1.435145695E8	252.84	0.0
1.43515633E8	0.0	0.0
1.43516696E8	0.0	36921.26545365134
1.43517759E8	282.25	0.0
1.43518822E8	371.57575757575756	0.0
1.43519885E8	0.0	36921.26545365134
1.43520948E8	0.0	0.0
1.43522011E8	258.0	0.0
1.43523074E8	264.0	36921.26545365134
1.435241365E8	303.0704697986577	0.0
1.435251985E8	0.0	0.0
1.435262605E8	364.0	36921.26545365134
1.435273225E8	0.0	0.0
1.435283845E8	275.0	0.0
1.43529446E8	166.28571428571428	36921.26545365134
1.435305065E8	263.89775051124747	0.0
1.435315665E8	276.5015384615385	0.0
1.435326265E8	0.0	36921.26545365134
1.43533686E8	275.0	0.0
1.43534745E8	250.0	0.0
1.43535804E8	0.0	36921.26545365134
1.435368625E8	0.0	0.0
1.435379205E8	280.4324572267327	0.0
1.435389785E8	356.0	36921.26545365134
1.435400365E8	276.0	0.0
1.43541094E8	0.0	0.0
1.435421505E8	257.0	36921.26545365134
1.435432065E8	163.0	0.0
1.435442625E8	250.83333333333334	0.0
1.435453185E8	313.0	36921.26545365134
1.43546374E8	0.0	0.0
1.43547429E8	0.0	0.0
1.43548484E8	0.0	36921.26545365134
1.435495385E8	289.9230769230769	0.0
1.435505925E8	0.0	0.0
1.43551646E8	0.0	36921.26545365134
1.43552699E8	249.25	0.0
1.43553752E8	270.125	0.0
1.43554805E8	302.31481481481484	36921.26545365134
1.43555858E8	295.3	0.0
1.435569105E8	0.0	0.0
1.435579625E8	256.7415902140673	36921.26545365134
1.435590145E8	304.25	0.0
1.43560066E8	0.0	0.0
1.43561117E8	0.0	36921.26545365134
1.43562168E8	202.0	0.0
1.43563219E8	0.0	0.0
1.4356427E8	216.75	36921.26545365134
1.435653205E8	0.0	0.0
1.435663705E8	307.6	0.0
1.4356742E8	280.0	36921.26545365134
1.43568469E8	0.0	0.0
1.43569518E8	0.0	0.0
1.43570567E8	0.0	36921.26545365134
1.43571616E8	258.6	0.0
1.435726645E8	0.0	0.0
1.435737125E8	240.37735849056602	36921.26545365134
1.435747605E8	0.0	0.0
1.435758085E8	0.0	0.0
1.435768565E8	512.7777777777778	36921.26545365134
1.43577904E8	262.8780359028511	0.0
1.43578951E8	0.0	0.0
1.43579998E8	0.0	36921.26545365134
1.43581045E8	324.85714285714283	0.0
1.435820915E8	0.0	0.0
1.43583137E8	0.0	36921.26545365134
1.43584182E8	0.0	0.0
1.43585227E8	255.2	0.0
1.43586272E8	0.0	36921.26545365134
1.435873165E8	0.0	0.0
1.435883605E8	222.81132075471697	0.0
1.435894045E8	322.08	36921.26545365134
1.43590448E8	314.6666666666667	0.0
1.43591491E8	0.0	0.0
1.435925335E8	0.0	36921.26545365134
1.435935755E8	0.0	0.0
1.435946175E8	244.5026455026455	0.0
1.435956595E8	187.33333333333334	36921.26545365134
1.435967015E8	299.0	0.0
1.43597743E8	286.0869565217391	0.0
1.43598784E8	0.0	36921.26545365134
1.43599825E8	0.0	0.0
1.436008655E8	0.0	0.0
1.436019055E8	0.0	36921.26545365134
1.436029455E8	0.0	0.0
1.436039855E8	269.0	0.0
1.43605025E8	192.66666666666666	36921.26545365134
1.43606064E8	270.07142857142856	0.0
1.43607103E8	320.0	0.0
1.436081415E8	0.0	36921.26545365134
1.436091795E8	317.8888888888889	0.0
1.436102175E8	0.0	0.0
1.43611255E8	0.0	36921.26545365134
1.43612292E8	0.0	0.0
1.43613329E8	0.0	0.0
1.43614366E8	351.64542936288086	36921.26545365134
1.436154025E8	0.0	0.0
1.436164385E8	267.4166666666667	0.0
1.43617474E8	227.0	36921.26545365134
1.43618509E8	236.66666666666666	0.0
1.43619544E8	239.5	0.0
1.43620579E8	0.0	36921.26545365134
1.43621614E8	271.5	0.0
1.43622648E8	0.0	0.0
1.43623681E8	0.0	36921.26545365134
1.43624714E8	198.0	0.0
1.43625747E8	265.17857142857144	0.0
1.436267795E8	0.0	36921.26545365134
1.436278115E8	376.8181818181818	0.0
1.436288435E8	0.0	0.0
1.43629875E8	0.0	36921.26545365134
1.43630906E8	0.0	0.0
1.43631937E8	230.66666666666666	0.0
1.436329675E8	278.4642857142857	36921.26545365134
1.436339975E8	0.0	0.0
1.436350275E8	0.0	0.0
1.43636057E8	253.875	36921.26545365134
1.43637086E8	305.0	0.0
1.43638115E8	274.93196100547857	0.0
1.43639144E8	233.78060046189375	36921.26545365134
1.43640173E8	0.0	0.0
1.43641202E8	0.0	0.0
1.43642231E8	0.0	36921.26545365134
1.436432595E8	515.0	0.0
1.436442875E8	0.0	0.0
1.43645315E8	0.0	36921.26545365134
1.43646342E8	0.0	0.0
1.43647369E8	0.0	0.0
1.436483955E8	0.0	36921.26545365134
1.436494215E8	0.0	0.0
1.43650447E8	137.0	0.0
1.43651472E8	257.4	36921.26545365134
1.43652497E8	0.0	0.0
1.43653522E8	441.0	0.0
1.43654546E8	0.0	36921.26545365134
1.43655569E8	0.0	0.0
1.436565915E8	0.0	0.0
1.436576135E8	271.84615384615387	36921.26545365134
1.436586355E8	238.98305084745763	0.0
1.436596575E8	0.0	0.0
1.43660679E8	273.6363636363636	36921.26545365134
1.436617E8	254.22222222222223	0.0
1.43662721E8	0.0	0.0
1.436637415E8	273.3786561264822	36921.26545365134
1.436647615E8	0.0	0.0
1.436657815E8	0.0	0.0
1.43666801E8	0.0	36921.26545365134
1.4366782E8	0.0	0.0
1.43668839E8	197.0	0.0
1.43669858E8	0.0	36921.26545365134
1.43670877E8	300.16	0.0
1.436718955E8	265.77450980392155	0.0
1.436729135E8	0.0	36921.26545365134
1.436739315E8	270.0	0.0
1.436749495E8	0.0	0.0
1.436759665E8	0.0	36921.26545365134
1.436769825E8	0.0	0.0
1.436779985E8	328.6666666666667	0.0
1.43679014E8	0.0	36921.26545365134
1.43680029E8	0.0	0.0
1.436810435E8	0.0	0.0
1.436820575E8	278.2708333333333	36921.26545365134
1.436830715E8	0.0	0.0
1.436840855E8	107.0	0.0
1.436850995E8	0.0	36921.26545365134
1.43686113E8	248.5	0.0
1.43687126E8	0.0	0.0
1.43688139E8	315.5	36921.26545365134
1.436891515E8	0.0	0.0
1.436901635E8	0.0	0.0
1.436911755E8	253.0	36921.26545365134
1.436921875E8	319.56756756756755	0.0
1.436931995E8	237.22222222222223	0.0
1.43694211E8	0.0	36921.26545365134
1.43695222E8	262.79787234042556	0.0
1.43696233E8	0.0	0.0
1.43697244E8	217.0	36921.26545365134
1.436982545E8	309.46666666666664	0.0
1.436992645E8	0.0	0.0
1.437002745E8	287.0	36921.26545365134
1.437012845E8	349.0	0.0
1.437022935E8	0.0	0.0
1.437033015E8	0.0	36921.26545365134
1.437043095E8	0.0	0.0
1.43705317E8	0.0	0.0
1.43706324E8	0.0	36921.26545365134
1.437073305E8	0.0	0.0
1.437083365E8	303.0	0.0
1.437093425E8	333.0	36921.26545365134
1.43710348E8	0.0	0.0
1.43711353E8	0.0	0.0
1.43712358E8	781.0122950819672	36921.26545365134
1.43713363E8	263.6098829648895	0.0
1.43714368E8	239.41666666666666	0.0
1.437153725E8	0.0	36921.26545365134
1.437163765E8	0.0	0.0
1.437173805E8	0.0	0.0
1.437183845E8	0.0	36921.26545365134
1.43719388E8	0.0	0.0
1.4372039E8	226.57142857142858	0.0
1.43721391E8	262.5	36921.26545365134
1.43722392E8	208.5	0.0
1.43723393E8	0.0	0.0
1.43724394E8	257.0	36921.26545365134
1.437251765E8	189.5	0.0
1.437257305E8	0.0	0.0
