#Position (bp)	mapping quality
179658.5	140.05164136337376
538974.5	154.09694572622357
898290.5	85.00549978547924
1257606.5	109.36417787057606
1616922.5	130.01599495224298
1976238.5	144.2460139680251
2335554.5	111.4312103214351
2694870.5	137.28544470718893
3054186.5	126.8213380201136
3413502.5	147.51048998709578
3772818.5	92.05595670062183
4132134.5	158.94892069572904
4491450.5	172.92282156736044
4850766.5	134.96933515710805
5210082.5	123.6168075017512
5569398.5	105.2585767473827
5928714.5	79.23973367447662
6288030.5	53.033201480632364
6647346.5	125.62065849171006
7006662.5	152.63574087379854
7365978.5	64.22897851387692
7725294.5	138.70088931869373
8084610.5	109.08984012898088
8443926.5	84.98668163625919
8803242.5	77.62052801158292
9162558.5	134.4541270749424
9521874.5	107.76815767246383
9881190.5	184.2489475094646
1.02405065E7	161.66795127071362
1.05998225E7	130.03224822908246
1.09591385E7	142.51695316130895
1.13184545E7	138.9989680037811
1.16777705E7	136.1156801613522
1.20370865E7	109.26492777208345
1.23964025E7	23.05372499333417
1.27557185E7	112.03762313172847
1.31150345E7	140.43640164665746
1.34743505E7	140.75003093227562
1.38336665E7	163.29601916654235
1.41929825E7	85.0988076489935
1.45522985E7	66.35474789658551
1.49116145E7	73.41928073731746
1.52709305E7	173.05873502513901
1.56302465E7	100.66551465002185
1.59895625E7	29.11743204253755
1.63488785E7	74.06951775880715
1.67081945E7	96.57401677159268
1.70675105E7	111.35128011966123
1.74268265E7	112.35687226964389
1.77861425E7	9.726757077845404
1.81454585E7	96.7459186065442
1.85047745E7	102.57813887170083
1.88640905E7	125.90213510600951
1.92234065E7	115.21398611153944
1.95827225E7	105.25207010868652
1.99420385E7	137.98055174438824
2.03013545E7	69.10701386148216
2.06606705E7	96.98784587010323
2.10199865E7	71.04777455659591
2.13793025E7	57.26289181930505
2.17386185E7	146.6095622237941
2.20979345E7	166.57050463896007
2.24572505E7	131.5208612070733
2.28165665E7	36.56481114719964
2.31758825E7	62.86034564407328
2.34346265E7	39.89853619325945
2.36142845E7	21.31358674283848
2.38945145E7	15.788256371376194
2.42538305E7	10.24062678043723
2.46131465E7	13.191456464232216
2.49724625E7	49.092160197159224
2.53317785E7	2.907930710031487
2.56910945E7	8.026467351186351
2.60504105E7	5.13679741888347
2.64097265E7	5.778619074827587
2.67690425E7	10.558926238418321
2.71283585E7	69.05074158691103
2.74876745E7	20.797332303412066
2.78469905E7	10.660971175583894
2.82063065E7	69.77936477881389
2.85656225E7	78.55663406850553
2.89249385E7	68.76288975019474
2.92842545E7	121.50723998567979
2.96435705E7	115.1591114879155
3.00028865E7	89.57991434962484
3.03622025E7	72.57991587314545
3.07215185E7	123.52668415929273
3.10808345E7	127.5926159193657
3.14401505E7	146.68598489018777
3.17994665E7	133.59194269712754
3.21587825E7	117.11472508130592
3.25180985E7	175.14606689045667
3.28774145E7	132.44312403195065
3.32367305E7	169.35773411701794
3.35960465E7	93.74532616174866
3.39553625E7	45.28514337911974
3.43146785E7	142.4251159939203
3.46739945E7	96.91369466968727
3.50333105E7	63.969580171041756
3.53926265E7	164.6460990193946
3.57519425E7	62.000083329270296
3.61112585E7	131.38796059534636
3.64705745E7	147.15665998166787
3.68298905E7	137.55397666302503
3.71892065E7	126.75861046046045
3.75485225E7	69.39782228768635
3.79078385E7	118.0218784269471
3.82671545E7	159.5861253461429
3.86264705E7	108.36373374165836
3.89857865E7	170.688474822354
3.93451025E7	104.21574882634565
3.97044185E7	109.1030518654959
4.00637345E7	134.69815101175948
4.04230505E7	162.63486336153133
4.07823665E7	84.44874218313774
4.11416825E7	172.9124116131389
4.15009985E7	149.46619052655336
4.18603145E7	124.97529426985285
4.22196305E7	97.06874968140757
4.25789465E7	96.22735979551557
4.29382625E7	90.84546668588075
4.32975785E7	74.21658062077323
4.36568945E7	185.27394944833634
4.40162105E7	86.90735967583593
4.43755265E7	152.62396468961566
4.47348425E7	140.47818319508406
4.50941585E7	52.91103467001829
4.54534745E7	94.18172038953712
4.58127905E7	111.4377511222883
4.61721065E7	104.93611696935413
4.65314225E7	130.8872100461504
4.68907385E7	126.61753481090628
4.72500545E7	146.2625435454072
4.76093705E7	115.03182594769811
4.79686865E7	114.02611122557545
4.83280025E7	153.58520707225074
4.86541545E7	53.65054225340947
4.88338125E7	42.43236685071929
4.90466345E7	161.70999673472872
4.94059505E7	94.90325676136953
4.97652665E7	119.81000737726019
5.01245825E7	138.89369448245404
5.04838985E7	149.90143038994276
5.08432145E7	111.42291095138185
5.12025305E7	86.89205808311843
5.15618465E7	151.525512481922
5.19211625E7	144.74452892730108
5.22804785E7	56.62886606348458
5.26397945E7	92.95168691931751
5.29991105E7	95.4629517312022
5.33584265E7	93.09578224605941
5.37177425E7	167.96849879584232
5.40770585E7	63.6608635569782
5.44363745E7	109.08338740211829
5.47956905E7	150.20182400154573
5.51550065E7	142.82760630947828
5.55143225E7	121.5220258723741
5.58736385E7	131.58407408797393
5.62329545E7	147.7562917953825
5.65922705E7	87.51545912895679
5.69515865E7	141.9211397222729
5.73109025E7	128.39906068140118
5.76702185E7	164.79034285829187
5.80295345E7	90.59967045534995
5.83888505E7	112.51925822385122
5.87481665E7	122.49011560819123
5.91074825E7	62.10853750139765
5.94667985E7	177.8562601936886
5.98261145E7	143.16163463646348
6.01854305E7	83.16514653168633
6.05447465E7	135.043967550927
6.09040625E7	123.5924884094504
6.12633785E7	124.43196245381219
6.16226945E7	103.00464574383105
6.19820105E7	101.6742506555334
6.23413265E7	124.56875402411913
6.27006425E7	147.6830942732923
6.30599585E7	69.31409425918056
6.34192745E7	105.11889847039481
6.37785905E7	113.42928385047664
6.41379065E7	134.57714641895748
6.44972225E7	141.7076418698325
6.48565385E7	128.96078009500104
6.52158545E7	124.0039618126983
6.55751705E7	99.43219073392444
6.59344865E7	81.1672942828185
6.62938025E7	117.30914441340605
6.66531185E7	121.8310836509275
6.70124345E7	102.06637566353592
6.73717505E7	163.20856010868388
6.77310665E7	141.90350324036223
6.80903825E7	135.6701592881848
6.84496985E7	155.19035295288796
6.88090145E7	121.7390799990583
6.91683305E7	128.02319139428639
6.95276465E7	121.2900321309013
6.98869625E7	127.38400743528886
7.02462785E7	158.2761197963954
7.06055945E7	112.60941471517216
7.09649105E7	176.2140425213767
7.13242265E7	80.20247161768374
7.16835425E7	115.90372133675505
7.20428585E7	94.22673431288844
7.24021745E7	6.935140421879065
7.27614905E7	19.666641739630318
7.31208065E7	29.222963944374897
7.34801225E7	13.689493490344406
7.38394385E7	80.84764308770889
7.41987545E7	8.50770124309476
7.45580705E7	3.660317924088886
7.49173865E7	7.038282437708492
7.52767025E7	11.384523405664666
7.56360185E7	4.003700127251289
7.59953345E7	42.52946837655094
7.63546505E7	1.6432129511668578
7.67139665E7	30.205748432283414
7.690225E7	215.42504587155963
7.7081908E7	10.125743858787127
7.74325985E7	7.854640272807986
7.77919145E7	59.37660893930352
7.81512305E7	9.929800917016815
7.85105465E7	15.318516318102477
7.88698625E7	25.43543854414055
7.92291785E7	66.62296882805744
7.95884945E7	72.1706292847019
7.99478105E7	19.243527364956105
8.03071265E7	6.778216840326006
8.06664425E7	24.871217023919876
8.10257585E7	123.80719159171855
8.13850745E7	173.65604933697531
8.17443905E7	127.3396268124198
8.21037065E7	68.5545193102222
8.24630225E7	128.83791691906106
8.28223385E7	115.6181160245058
8.31816545E7	106.67718413717466
8.35409705E7	169.88482540082893
8.39002865E7	152.67190498329754
8.42596025E7	123.3497013803452
8.46189185E7	155.71394905118208
8.49782345E7	123.61021359948377
8.53375505E7	186.78402288517677
8.56968665E7	129.10310600775588
8.60561825E7	90.57262433725073
8.64154985E7	143.62877648754431
8.67748145E7	141.53384826091155
8.71341305E7	112.04335295208716
8.74934465E7	162.97424649784242
8.78527625E7	150.3391012580391
8.82120785E7	142.72402693719863
8.85713945E7	37.05470825751156
8.89307105E7	81.08808443158011
8.92900265E7	125.62085834762885
8.96493425E7	127.61395122600437
9.00086585E7	83.27360028380062
9.03679745E7	124.17857373990724
9.07272905E7	118.22393137026559
9.10866065E7	93.77794541800513
9.14459225E7	133.04972466207138
9.18052385E7	104.67950004220864
9.21645545E7	127.18559749715546
9.25238705E7	178.26753327728827
9.28831865E7	169.09095528301094
9.32425025E7	110.32670405716452
9.36018185E7	95.61034918581007
9.39611345E7	119.51313159223744
9.43204505E7	139.38440259259303
9.46797665E7	154.35670410483232
9.50390825E7	62.404979232533634
9.53983985E7	72.2277919339301
9.57577145E7	130.76845085027284
9.61170305E7	116.83807960615948
9.64763465E7	79.04880710451994
9.68356625E7	94.78621257204725
9.71949785E7	94.63771018676174
9.75542945E7	119.46528142009743
9.79136105E7	96.34101350440346
9.82729265E7	79.82185881395267
9.86322425E7	82.92709252730042
9.89915585E7	82.12950859062609
9.93508745E7	134.0938724940071
9.97101905E7	105.23553099642291
1.000695065E8	109.70289220687434
1.004288225E8	163.77074087614707
1.007881385E8	147.40371094259535
1.011474545E8	123.4992351782623
1.015067705E8	128.29935407935352
1.018660865E8	179.84601072046178
1.022254025E8	111.71829238803858
1.025847185E8	143.5020006598956
1.029440345E8	142.15238321405167
1.033033505E8	57.73763953702748
1.036626665E8	82.86122463365044
1.040219825E8	138.30819280152946
1.043812985E8	131.8360601691817
1.047406145E8	159.0755736672707
1.050999305E8	165.61372057808723
1.054592465E8	111.98905522291807
1.058185625E8	94.24315563628211
1.061778785E8	167.00904927411148
1.065371945E8	138.94396475875618
1.068965105E8	103.27660072517979
1.072558265E8	99.72128762168046
1.076151425E8	75.92563710568987
1.079744585E8	103.52702955175441
1.083337745E8	122.5448325517333
1.086930905E8	77.92691733695331
1.089314775E8	116.60707208939746
1.091111355E8	147.2338645010175
1.094117225E8	81.42089121506638
1.097710385E8	107.48159795264817
1.101303545E8	101.45214114033105
1.10324175E8	3.4006559882922884
1.10503833E8	58.52728104151703
1.108489865E8	151.99525684455597
1.112083025E8	114.47891768379664
1.115676185E8	116.56823088322007
1.119269345E8	159.44928661657048
1.122862505E8	135.4031525863267
1.126455665E8	139.20363276103097
1.130048825E8	78.55456646453065
1.133641985E8	68.06239323511285
1.137235145E8	71.91113023502766
1.140828305E8	74.0268602980164
1.144421465E8	68.14191196134351
1.148014625E8	95.83118631501938
1.151607785E8	58.46040035342689
1.155200945E8	129.05535692187442
1.158794105E8	131.25549613059138
1.162387265E8	129.21152289410233
1.165980425E8	117.17569389695211
1.169573585E8	107.59307222783409
1.173166745E8	127.20293500381449
1.176759905E8	116.68084834743982
1.180353065E8	168.02592777394364
1.183946225E8	134.95114072757116
1.187539385E8	103.72405459815025
1.191132545E8	63.870580852206025
1.194725705E8	92.36699059898812
1.198318865E8	154.53342292927567
1.201912025E8	130.5680993546963
1.205505185E8	56.86089217240134
1.209098345E8	91.64667851333697
1.212691505E8	83.48128927904038
1.216284665E8	132.9658308623401
1.219877825E8	114.39751526980855
1.223470985E8	169.19038424882766
1.227064145E8	54.49262131211426
1.230657305E8	64.01468538661418
1.234250465E8	141.36051935798864
1.237843625E8	98.3291996894334
1.241436785E8	91.61987503424588
1.245029945E8	92.04452561790147
1.248623105E8	60.95002840281224
1.252216265E8	38.23248207351894
1.255809425E8	159.24860327172132
1.259402585E8	170.38100308199384
1.262995745E8	137.52354252812916
1.266588905E8	101.11729798520567
1.270182065E8	134.82976161303964
1.273775225E8	67.24393085812612
1.277368385E8	104.26388411479452
1.280961545E8	111.61593880504483
1.284554705E8	94.00242032500802
1.288147865E8	139.87528814306202
1.291741025E8	72.10970139615264
1.295334185E8	128.88308199619476
1.298927345E8	144.17106778739574
1.302520505E8	110.61561139439391
1.306113665E8	123.6646883554735
1.309706825E8	105.26919245348635
1.313299985E8	84.89983269930049
1.316893145E8	79.0037081974141
1.320486305E8	90.96116478422945
1.324079465E8	18.084503427195692
1.327672625E8	136.11602004132592
1.331265785E8	71.22939351567503
1.334858945E8	104.00448233741749
1.337730805E8	1.767280759512962
1.339527385E8	5.662199767133124
1.342045265E8	9.027830551243454
1.345638425E8	48.19226493729151
1.349231585E8	3.003012010393427
1.352824745E8	7.641156050740859
1.356417905E8	12.159417066523956
1.360011065E8	4.5133659703017415
1.363604225E8	16.26593946308007
1.367197385E8	17.55377502203013
1.370790545E8	51.58827654578716
1.374033365E8	14.263128737671872
1.375577225E8	254.50951023264182
1.375927565E8	52.92720885988616
1.376371405E8	151.3332379329624
1.37699935E8	31.360625218978292
1.37786751E8	76.74176827699748
1.37868371E8	7.072264154608522
1.37942101E8	36.64999295858565
1.37980213E8	61.176141365182524
1.38019627E8	68.10006452306699
1.38089538E8	41.08753618835465
1.38156123E8	28.535269096933952
1.382206275E8	62.05329101924741
1.38280805E8	3.3631932171281376
1.38323179E8	255.0
1.383484915E8	121.94776119402985
1.38384028E8	132.72188497722533
1.384312265E8	12.364052614052614
1.384772795E8	91.64661847916496
1.38522045E8	96.89709496114914
1.385663025E8	0.671114331275964
1.38610046E8	47.57040662650602
1.38651258E8	10.249613354609059
1.386833775E8	36.71774789760651
1.387019305E8	6.575564663817913
1.38726341E8	0.0
1.387630385E8	111.07309254387086
1.3879854E8	137.51970948328537
1.3883298E8	12.722853957636566
1.388668195E8	109.45088161209068
1.389001375E8	60.57025750387971
1.389325255E8	7.881185644737409
1.38963047E8	43.97039668442866
1.38991991E8	104.49880631497882
1.390198715E8	19.608607935440485
1.39044446E8	0.5977257253431121
1.390581695E8	78.02463054187191
1.39074104E8	46.019783423573514
1.391000815E8	226.4471396169355
1.39125904E8	35.66727482000294
1.391516555E8	55.60718905427317
1.391772845E8	12.65498108448928
1.39202833E8	73.26787150748109
1.39227853E8	0.0
1.392522945E8	169.3294320461384
1.392761035E8	0.0
1.392991635E8	0.0
1.393219065E8	195.6682307479989
1.39344169E8	127.22761318150066
1.393656665E8	0.0
1.39386585E8	163.0818753371492
1.394057875E8	127.5
1.394157655E8	0.0
1.39426072E8	215.68772315297994
1.394433E8	255.0
1.394591395E8	0.0
1.39474609E8	0.0
1.394898515E8	1.9672727272727273
1.39504877E8	9.611434440260185
1.39519712E8	64.54545454545455
1.39534307E8	0.0
1.39548658E8	68.92535254445126
1.395628065E8	194.8443129873622
1.395768695E8	213.0
1.395908865E8	255.0
1.396048595E8	0.7127016129032258
1.39618797E8	255.0
1.396327175E8	225.31440329218108
1.39646447E8	0.0
1.39659998E8	15.53313394752528
1.39673523E8	0.0
1.39687001E8	1.375
1.39700456E8	255.0
1.397138915E8	0.0
1.397272965E8	0.0
1.39740652E8	255.0
1.397539385E8	0.0
1.397671835E8	15.944517833553501
1.397738625E8	0.0
1.39780441E8	4.430865603644647
1.397935115E8	0.0
1.39806605E8	0.0
1.398195725E8	241.06292415515927
1.398324245E8	0.0
1.39845262E8	255.0
1.398580325E8	30.23364870423694
1.3987073E8	131.50632911392404
1.398833975E8	1.0
1.398960405E8	134.4840872875354
1.399086725E8	0.0
1.399212565E8	123.55197792088316
1.39933781E8	164.66330236368444
1.39946267E8	255.0
1.399587085E8	1.0002935133548576
1.399711325E8	0.0
1.39983544E8	254.79534510433388
1.399959275E8	159.37365678680212
1.400082885E8	145.4098690835851
1.40020559E8	0.0
1.400327265E8	2.8329177057356607
1.400448715E8	0.0
1.4005699E8	0.0
1.400690545E8	0.0
1.40081085E8	255.0
1.400930995E8	106.55553052489299
1.40105101E8	58.243724696356274
1.40117094E8	255.0
1.401281635E8	0.0
1.40134155E8	0.0
1.401410485E8	1.0801586906362566
1.40153003E8	0.0
1.40164882E8	0.0
1.40176667E8	172.3973154362416
1.4018842E8	209.26551640223923
1.40200076E8	0.9928405226418472
1.402116215E8	0.0
1.402231315E8	250.58823529411765
1.402345955E8	0.0
1.402459205E8	0.0
1.402571045E8	0.0
1.402682415E8	0.0
1.4027885E8	29.837993837517924
1.40288828E8	255.0
1.402984445E8	0.0
1.40307799E8	0.0
1.403166425E8	3.0
1.40324819E8	0.0
1.403326835E8	1.7142857142857142
1.403402015E8	0.0
1.4034742E8	0.0
1.40354483E8	1.0
1.403614525E8	9.470620563315778
1.403683705E8	237.10924105033413
1.403752505E8	2.4900470002764723
1.403821105E8	0.0
1.40388953E8	253.94446360814075
1.403957145E8	0.0
1.404023365E8	2.397463002114165
1.404088075E8	0.0
1.404151525E8	2.8433103448275863
1.40421418E8	1.0
1.40427633E8	43.67419181448207
1.404337675E8	103.39373970345964
1.404398365E8	0.0
1.40445888E8	255.0
1.404519085E8	0.0
1.404579005E8	129.0170878022178
1.404638765E8	152.65849163595124
1.404698365E8	248.92857142857142
1.4047577E8	254.90954239091877
1.40481673E8	165.931393568147
1.404875345E8	0.0
1.404915035E8	0.0
1.404943895E8	3.0
1.404990715E8	0.0
1.405047025E8	91.73705076414889
1.40510262E8	0.0
1.405157995E8	225.39720062208397
1.40521292E8	240.94895801872545
1.40526756E8	174.5199090083562
1.40532181E8	0.0
1.40537566E8	233.37025513716264
1.405429375E8	255.0
1.405482795E8	255.0
1.40553603E8	0.0
1.405589225E8	1.0
1.40564221E8	0.0
1.405694775E8	255.0
1.40574688E8	255.0
1.405798735E8	255.0
1.405850135E8	255.0
1.40590093E8	0.0
1.405951535E8	0.0
1.40600212E8	0.0
1.406052535E8	0.0
1.406102665E8	0.2142318330399799
1.406152645E8	0.0
1.406202595E8	3.0
1.406252495E8	0.0
1.40630226E8	0.0
1.40635179E8	0.0
1.40640115E8	0.0
1.4064504E8	0.0
1.4064995E8	233.072975523923
1.406548455E8	0.0
1.40659729E8	42.963793406851245
1.40664601E8	1.0
1.406694435E8	0.0
1.40674261E8	0.0
1.40679061E8	220.7077144226162
1.40683806E8	0.0
1.40688509E8	0.0
1.406931635E8	0.0
1.40697758E8	0.0
1.40702335E8	0.0
1.40706898E8	0.0
1.40711432E8	0.0
1.40715925E8	247.5323275862069
1.40720393E8	0.0
1.407248515E8	0.0
1.407292955E8	3.0
1.407337135E8	0.0
1.40738111E8	0.0
1.40742499E8	0.0
1.407468785E8	0.0
1.40751256E8	0.0
1.407556295E8	3.0
1.40759995E8	67.01640838650866
1.407643435E8	255.0
1.407686665E8	146.67887985243564
1.407729765E8	0.3810375670840787
1.40777284E8	0.0
1.40781584E8	228.8663499655497
1.40785876E8	13.70137624557076
1.40790157E8	0.0
1.407944295E8	1.0
1.407986935E8	0.5
1.40802937E8	0.0
1.40807165E8	255.0
1.408113885E8	0.0
1.408156105E8	170.0
1.408198225E8	0.4962669636596131
1.40824022E8	0.0
1.408282145E8	2.8423973362930077
1.408324E8	1.8
1.408365825E8	0.0
1.40840755E8	0.0
1.408449115E8	0.19727345629510826
1.40849054E8	0.0
1.40851497E8	0.0
1.408535395E8	0.0
1.40857247E8	0.0
1.408613235E8	0.0
1.40865389E8	172.06683185840708
1.408694335E8	0.0
1.40873455E8	0.0
1.408774675E8	0.0
1.408814765E8	0.0
1.40885475E8	255.0
1.408894625E8	0.0
1.408934395E8	0.0
1.408974065E8	0.0
1.409013685E8	159.67535038403673
1.409053235E8	227.1876818405622
1.40909269E8	0.0
1.409132055E8	0.0
1.409171345E8	0.0
1.409210595E8	229.6
1.40924982E8	0.0
1.40928899E8	0.0
1.40932812E8	0.0
1.409367215E8	2.9973614775725594
1.4094061E8	0.0
1.409444775E8	2.2268101192207035
1.409483385E8	216.56884008881343
1.409521765E8	0.0
1.40955989E8	0.0
1.409597955E8	0.0
1.409636015E8	0.0
1.40967392E8	0.0
1.40971157E8	2.415591699383062
1.40974907E8	3.0
1.40978648E8	0.0
1.409823815E8	79.07617896009674
1.40986105E8	0.0
1.409898215E8	25.708664259927797
1.40993536E8	1.0
1.409972465E8	0.0
1.41000941E8	0.0
1.410046115E8	0.45239385727190606
1.410082665E8	254.32060390763766
1.41011916E8	255.0
1.410155645E8	0.0
1.410192115E8	0.0
1.410228535E8	0.09108402822322001
1.410264835E8	255.0
1.410301055E8	0.0
1.41033718E8	255.0
1.41037321E8	248.33955223880596
1.410409235E8	0.0
1.41044521E8	0.4956369982547993
1.410481085E8	0.0
1.410516865E8	0.0
1.41055252E8	255.0
1.410588075E8	200.17281377626205
1.41062361E8	0.0
1.41065914E8	0.0
1.41069467E8	223.27638101983004
1.41073012E8	217.2037760847963
1.41076544E8	0.0
1.41080071E8	0.0
1.41083596E8	0.0
1.41087117E8	0.0
1.41090628E8	0.0
1.410941305E8	233.67269459120868
1.41097631E8	54.21311475409836
1.411011295E8	0.0
1.411046235E8	135.00310816411107
1.411081075E8	0.0
1.41111585E8	0.0
1.4111506E8	0.0
1.411185295E8	200.17710059926048
1.41121994E8	2.988929889298893
1.411254545E8	57.38815367142363
1.411289005E8	0.0
1.411323185E8	0.0
1.411357175E8	0.0
1.4113911E8	255.0
1.411424975E8	0.0
1.41145878E8	215.9018970189702
1.411492525E8	226.43128053019126
1.41152626E8	238.78813366674245
1.41155995E8	0.0
1.411593515E8	3.0
1.41162699E8	210.52325581395348
1.41166043E8	1.6647127784290738
1.4116937E8	0.0
1.411726805E8	84.35643564356435
1.411759855E8	0.0
1.41179286E8	0.0
1.411825805E8	0.0
1.411858675E8	3.0
1.41189148E8	0.0
1.41192424E8	52.78233215547703
1.411956955E8	237.14442013129104
1.411989605E8	181.34877384196184
1.41202221E8	0.0
1.4120548E8	223.14943822701858
1.412087365E8	0.0
1.41210776E8	0.0
1.41212402E8	0.0
1.412152325E8	0.0
1.41218463E8	3.0
1.41221688E8	102.67159971811135
1.412249085E8	222.853173739572
1.41228124E8	166.13361782835466
1.41231335E8	0.0
1.412345425E8	255.0
1.41237746E8	0.0
1.41240947E8	254.09252669039145
1.41244146E8	0.0
1.412473425E8	213.8216340621404
1.41250538E8	223.71511318237467
1.412537305E8	236.59110693791203
1.412569125E8	0.0
1.41260086E8	0.0
1.41263258E8	0.0
1.412664245E8	0.0
1.41269585E8	0.0
1.41272743E8	0.0
1.412758995E8	0.0
1.412790545E8	251.84097677188802
1.412822035E8	0.0
1.4128534E8	209.18252848120545
1.41288466E8	0.0
1.41291589E8	0.0
1.412947105E8	0.0
1.412978215E8	8.279044849227
1.413009225E8	0.0
1.413040225E8	254.7381930184805
1.41307117E8	0.0
1.41310204E8	235.43521049753963
1.413132865E8	0.0
1.413163665E8	186.3589462129528
1.41319445E8	86.33113983548766
1.413225215E8	232.04088965666162
1.41325596E8	0.0
1.41328669E8	0.6995073891625616
1.41331738E8	0.0
1.413348E8	0.0
1.413378585E8	177.6769737215506
1.413409105E8	255.0
1.413439555E8	0.0
1.41346999E8	0.0
1.41350033E8	0.0
1.413530575E8	1.0
1.41356076E8	0.0
1.413590875E8	0.0
1.41362097E8	0.0
1.413651025E8	0.0
1.41368103E8	1.6666666666666667
1.41371102E8	1.3352139163140573
1.413740995E8	1.0
1.41377093E8	255.0
1.413800805E8	230.36623667975323
1.413830635E8	254.7300635144672
1.413860455E8	1.0
1.41389022E8	32.25
1.413919895E8	0.0
1.4139495E8	0.0
1.413979065E8	0.0
1.41400857E8	0.0
1.41403801E8	0.0
1.41406741E8	0.0
1.41409678E8	0.0
1.414126105E8	0.0
1.41415538E8	243.15429164961756
1.414184645E8	0.0
1.414213895E8	255.0
1.414243125E8	219.47084030484064
1.414272345E8	0.0
1.41430155E8	0.0
1.414330725E8	2.470320410451565
1.414359875E8	168.74103585657372
1.414389E8	0.0
1.414418105E8	0.0
1.41444718E8	214.87267223794169
1.414476225E8	0.15867052023121386
1.41450526E8	0.0
1.41453427E8	181.96746135430567
1.41456323E8	1.0
1.41459214E8	254.40070505287898
1.414621005E8	144.77574605032183
1.414649835E8	182.76784726990948
1.414678655E8	0.0
1.414707475E8	255.0
1.41473629E8	0.0
1.41476508E8	1.0
1.414793845E8	206.89669629381183
1.41482258E8	0.0
1.414851235E8	0.0
1.414879835E8	0.0
1.414908425E8	0.0
1.41493699E8	255.0
1.41496551E8	226.60238153979387
1.414993995E8	0.0
1.415022465E8	0.0
1.415050915E8	255.0
1.41507934E8	0.0
1.415107725E8	91.86978508217446
1.415136075E8	0.0
1.41516441E8	0.0
1.415192725E8	0.0
1.41522102E8	0.0
1.415249305E8	149.45192307692307
1.41527757E8	1.6658837345860247
1.41530581E8	0.0
1.415334035E8	0.0
1.415362255E8	0.0
1.415390465E8	0.0
1.41541866E8	0.0
1.41544683E8	219.33785238280623
1.415474975E8	0.0
1.4155031E8	0.0
1.415531175E8	0.0
1.41555919E8	200.05822267620022
1.415587165E8	1.0
1.41561512E8	0.0
1.41564307E8	0.3333333333333333
1.415671015E8	0.0
1.415695015E8	223.5794711139777
1.41570898E8	255.0
1.41572688E8	0.0
1.4157548E8	0.0
1.415782705E8	193.5538873994638
1.415810595E8	0.0
1.41583847E8	94.61840628507295
1.415866325E8	0.0
1.41589416E8	212.62204301434778
1.41592198E8	0.0
1.41594971E8	255.0
1.415977345E8	229.73914875684787
1.41600491E8	0.0
1.416032415E8	0.0
1.41605989E8	255.0
1.416087335E8	0.0
1.416114735E8	0.0
1.41614208E8	255.0
1.416169385E8	148.3526228920411
1.41619657E8	216.23709122268198
1.416223655E8	0.0
1.41625071E8	255.0
1.416277715E8	0.0
1.41630469E8	0.0
1.416331645E8	217.11072984626497
1.41635856E8	0.0
1.416385445E8	2.1678445229681977
1.416412325E8	0.0
1.416439195E8	254.76258683663968
1.41646598E8	223.88947742904577
1.416492685E8	0.0
1.41651938E8	1.6888607594936709
1.416546065E8	0.0
1.41657273E8	44.52767535144508
1.416599375E8	0.0
1.41662593E8	249.99224624975648
1.416652385E8	0.0
1.416678815E8	201.88584170130147
1.41670523E8	0.0
1.41673163E8	0.0
1.41675801E8	1.0
1.416784375E8	124.86732263076127
1.41681073E8	0.0
1.41683705E8	255.0
1.416863335E8	255.0
1.416889605E8	0.0
1.416915825E8	0.0
1.416942E8	0.0
1.416968145E8	0.0
1.41699426E8	0.0
1.41702034E8	0.0
1.41704638E8	0.0
1.41707241E8	199.0
1.41709838E8	0.0
1.417124275E8	255.0
1.417150135E8	0.0
1.41717597E8	0.0
1.41720177E8	0.0
1.41722754E8	0.0
1.417253305E8	0.0
1.41727906E8	181.83975659229208
1.41730481E8	0.0
1.41733056E8	3.0
1.417356305E8	170.61579200770342
1.417382025E8	0.0
1.4174077E8	0.0
1.41743333E8	0.0
1.41745892E8	0.0
1.417484485E8	0.0
1.41751004E8	248.14140227183705
1.41753556E8	2.3325499412455932
1.41756104E8	130.18043474573236
1.41758648E8	3.0
1.41761189E8	129.0
1.417637275E8	0.0
1.4176626E8	0.0
1.41768789E8	0.0
1.417713145E8	0.0
1.41773836E8	119.16767237911337
1.41776357E8	0.0
1.417788775E8	0.0
1.417813975E8	135.25384615384615
1.41783916E8	0.0
1.417864325E8	0.0
1.41788946E8	14.150454702428917
1.41791457E8	0.4640466807591186
1.417939675E8	0.0
1.417964765E8	2.9929742388758784
1.41798983E8	0.0
1.418014855E8	0.0
1.41803981E8	71.22655264264685
1.4180647E8	3.0
1.41808953E8	3.0
1.41811431E8	202.49824917258275
1.418139075E8	224.41867384528194
1.41816383E8	0.0
1.41818857E8	255.0
1.418213285E8	0.0
1.418237955E8	0.0
1.41826259E8	94.92105263157895
1.418287215E8	255.0
1.41831178E8	255.0
1.41833627E8	255.0
1.418360715E8	0.0
1.41838512E8	0.0
1.418409505E8	208.23289730867538
1.418433885E8	0.0
1.418458265E8	139.83214705568025
1.41848263E8	0.0
1.418506975E8	0.0
1.418531305E8	0.0
1.41855562E8	0.0
1.41857992E8	2.4998899405679067
1.418604205E8	251.45833333333334
1.41862847E8	0.0
1.41865272E8	0.0
1.41867695E8	0.0
1.41870116E8	232.95926836766063
1.418725365E8	0.0
1.41874956E8	0.0
1.41877374E8	0.0
1.41879789E8	0.0
1.418822015E8	0.0
1.418846075E8	0.0
1.418870045E8	0.0
1.418893965E8	38.56654146787128
1.418917865E8	0.0
1.41894176E8	0.0
1.41896563E8	0.0
1.41898948E8	0.0
1.41901333E8	184.9153802975021
1.419037175E8	188.26668167421502
1.41906101E8	71.72385818151194
1.41908484E8	189.17700118392645
1.419108665E8	0.0
1.41913248E8	0.0
1.41915629E8	93.23642737985062
1.41918009E8	3.584410591570955
1.41920388E8	126.25333333333333
1.419227665E8	0.0
1.41925143E8	0.0
1.419275165E8	85.0
1.419292615E8	27.801767914237352
1.41930446E8	0.0
1.419322555E8	0.0
1.419346225E8	0.0
1.41936987E8	0.0
1.41939347E8	0.0
1.41941703E8	255.0
1.419440575E8	0.0
1.41946411E8	0.0
1.419487635E8	0.0
1.419511115E8	0.0
1.419534545E8	0.0
1.419557965E8	232.80357797492485
1.41958135E8	0.0
1.419604675E8	254.45670369806726
1.419627965E8	0.0
1.419651245E8	226.42992401881438
1.419674515E8	229.64733663321374
1.41969777E8	0.0
1.419721005E8	0.0
1.419744205E8	255.0
1.41976738E8	223.5185185185185
1.419790505E8	0.0
1.41981358E8	0.0
1.419836635E8	235.68187293709494
1.41985967E8	146.0751105895098
1.41988266E8	1.7650227932034812
1.4199056E8	0.0
1.41992852E8	3.0
1.41995142E8	0.0
1.4199743E8	0.0
1.419997165E8	0.0
1.420020015E8	255.0
1.42004285E8	0.0
1.420065675E8	0.0
1.42008845E8	0.0
1.420111165E8	211.7093556214613
1.42013386E8	0.0
1.420156535E8	0.0
1.42017916E8	0.0
1.42020175E8	0.0
1.42022431E8	0.0
1.420246815E8	0.0
1.42026929E8	0.0
1.42029171E8	0.0
1.420314065E8	0.0
1.420336395E8	255.0
1.420358715E8	189.27227857766144
1.420381015E8	0.0
1.42040329E8	255.0
1.42042554E8	0.0
1.42044776E8	0.0
1.420469965E8	0.0
1.42049215E8	0.0
1.420514315E8	0.0
1.420536445E8	0.0
1.42055854E8	0.0
1.42058062E8	255.0
1.420602685E8	172.86933495955836
1.42062474E8	0.0
1.42064677E8	255.0
1.420668775E8	0.0
1.420690765E8	0.0
1.420712745E8	0.0
1.420734715E8	0.0
1.420756655E8	0.0
1.420778565E8	233.89985198021589
1.42080046E8	0.0
1.42082235E8	0.0
1.42084423E8	0.0
1.42086609E8	0.0
1.4208879E8	0.0
1.420909665E8	0.0
1.42093141E8	0.0
1.420953105E8	0.0
1.42097474E8	0.0
1.42099635E8	0.0
1.42101794E8	255.0
1.42103946E8	0.0
1.42106089E8	0.0
1.421082245E8	0.0
1.42110355E8	255.0
1.421124825E8	0.0
1.421146075E8	255.0
1.421167315E8	196.46758656599843
1.42118853E8	188.46268041237113
1.42120971E8	169.6319526627219
1.421230865E8	0.0
1.421252E8	0.0
1.42127313E8	0.0
1.42129426E8	0.0
1.421315385E8	0.0
1.42133649E8	0.0
1.421357575E8	0.0
1.42137864E8	0.0
1.42139969E8	255.0
1.42142073E8	0.0
1.421441755E8	205.1558073654391
1.421462745E8	0.0
1.421483705E8	0.0
1.421504655E8	0.0
1.421525595E8	0.0
1.421546525E8	3.0
1.421567435E8	86.31140350877193
1.42158833E8	0.0
1.421609215E8	255.0
1.42163009E8	0.7046826222684703
1.42165096E8	1.0
1.421671825E8	0.0
1.421692675E8	0.0
1.4217135E8	185.031401582844
1.4217343E8	0.0
1.42175509E8	0.0
1.421775875E8	0.0
1.421796645E8	255.0
1.421817365E8	0.0
1.421838025E8	9.451517860400628
1.42185866E8	255.0
1.42187929E8	202.26610938619535
1.421899915E8	254.30612244897958
1.421920525E8	0.0
1.421941125E8	0.0
1.421961725E8	255.0
1.42198232E8	255.0
1.422002865E8	254.5438282647585
1.422023345E8	0.0
1.422043795E8	0.0
1.42206423E8	0.0
1.42208462E8	0.0
1.42210496E8	0.0
1.42212529E8	0.0
1.422145605E8	0.0
1.42216589E8	27.597220900352145
1.42218613E8	0.0
1.422206335E8	0.0
1.42222652E8	0.0
1.422246675E8	0.0
1.422266795E8	0.0
1.42228689E8	0.0
1.422306975E8	246.5171370967742
1.422327045E8	0.0
1.422347105E8	0.0
1.42236716E8	0.3391044776119403
1.42238721E8	226.82251759186866
1.422407225E8	0.0
1.422427205E8	1.0
1.422447185E8	0.75
1.42246715E8	0.0
1.42248709E8	0.0
1.422507005E8	0.0
1.422526905E8	172.71244539266485
1.422546795E8	255.0
1.422566665E8	0.0
1.422586525E8	3.0
1.422606355E8	0.0
1.422626145E8	3.0
1.422645915E8	1.0
1.422665675E8	0.0
1.42268543E8	0.0
1.422705175E8	255.0
1.422724895E8	0.0
1.422744575E8	1.5
1.422764235E8	0.0
1.422783895E8	0.0
1.422803545E8	0.0
1.42282318E8	1.0588839445858458
1.422842805E8	2.767634854771784
1.422862425E8	232.87400489895896
1.4228818E8	42.57495590828924
1.42289161E8	0.0
1.42290166E8	0.0
1.42292127E8	0.0
1.42294088E8	0.0
1.422960465E8	0.0
1.422980025E8	26.372841444270016
1.42299954E8	0.0
1.42301901E8	255.0
1.42303848E8	255.0
1.423057945E8	0.0
1.4230774E8	0.0
1.423096845E8	0.0
1.42311628E8	255.0
1.42313569E8	0.0
1.423155065E8	189.52079566003616
1.423174425E8	0.0
1.42319378E8	0.0
1.42321312E8	103.65400843881856
1.42323245E8	0.299259781459288
1.42325177E8	0.0
1.42327107E8	83.54874651810584
1.423290355E8	0.0
1.423309635E8	0.0
1.42332891E8	0.0
1.423348175E8	208.59202567584248
1.423367435E8	0.0
1.423386685E8	0.0
1.423405905E8	0.0
1.42342509E8	255.0
1.423444255E8	0.0
1.423463415E8	0.0
1.42348253E8	255.0
1.423501595E8	0.0
1.42352065E8	0.8847352024922118
1.423539695E8	0.0
1.42355873E8	3.0
1.42357776E8	0.0
1.42359679E8	1.0
1.423615815E8	0.0
1.42363483E8	255.0
1.423653835E8	0.0
1.423672835E8	0.0
1.42369183E8	0.0
1.4237108E8	0.0
1.42372975E8	0.0
1.42374869E8	0.0
1.42376761E8	0.0
1.423786515E8	0.0
1.423805415E8	252.161422181089
1.423824305E8	0.3843843843843844
1.423843155E8	0.0
1.423861925E8	0.0
1.423880645E8	0.0
1.42389936E8	0.0
1.423918065E8	0.0
1.423936765E8	0.0
1.42395546E8	3.0
1.42397415E8	0.0
1.42399284E8	0.0
1.424011525E8	0.0
1.42403019E8	0.0
1.42404883E8	210.89493091958659
1.42406746E8	0.0
1.424086055E8	0.0
1.424104605E8	255.0
1.42412313E8	2.498533724340176
1.42414163E8	0.0
1.42416009E8	0.0
1.42417852E8	0.0
1.42419695E8	0.0
1.42421538E8	0.0
1.424233805E8	0.0
1.42425222E8	0.0
1.42427063E8	0.0
1.424288995E8	0.0
1.424307315E8	0.0
1.424325625E8	0.0
1.42434392E8	0.0
1.42436221E8	0.0
1.424380485E8	218.82629674306392
1.42439871E8	255.0
1.424416895E8	0.0
1.424435075E8	0.0
1.42445323E8	0.0
1.42447136E8	3.5049043648847475
1.424489455E8	0.0
1.4245075E8	0.0
1.424525525E8	0.0
1.42454354E8	254.73629782833507
1.424561545E8	0.0
1.424579545E8	2.4285714285714284
1.424597535E8	0.0
1.42461551E8	1.0
1.42463346E8	0.0
1.424651385E8	0.0
1.42466928E8	0.0
1.424687145E8	0.0
1.424705E8	0.0
1.42472285E8	254.35832913940615
1.424740655E8	0.0
1.42475841E8	0.0
1.42477616E8	12.059779077322936
1.42479391E8	255.0
1.424811635E8	0.0
1.42482933E8	0.0
1.424847005E8	203.06796438382116
1.42486464E8	0.0
1.424882225E8	217.00412321125395
1.424899775E8	255.0
1.4249173E8	255.0
1.42493479E8	3.0
1.42495226E8	0.0
1.42496973E8	0.0
1.42498718E8	0.0
1.4250046E8	0.0
1.425021995E8	170.13411764705882
1.42503937E8	0.0
1.425056725E8	0.0
1.42507406E8	3.0
1.425091385E8	0.0
1.425108685E8	255.0
1.425125945E8	0.0
1.425143185E8	1.0
1.4251604E8	255.0
1.42517759E8	255.0
1.425194765E8	0.0
1.425211925E8	0.0
1.42522908E8	0.0
1.425246225E8	0.0
1.42526336E8	0.0
1.425280485E8	162.30179640718563
1.425297595E8	179.4
1.425314695E8	0.0
1.42533179E8	0.0
1.425348875E8	0.0
1.425365935E8	0.0
1.42538297E8	0.0
1.4254E8	0.0
1.425416995E8	0.0
1.425433925E8	235.28003814367452
1.425450825E8	231.9090909090909
1.42546771E8	0.0
1.42548457E8	1.0
1.42550141E8	0.0
1.42551824E8	117.6545597131974
1.42553507E8	221.20657276995306
1.425551885E8	3.0
1.42556868E8	0.0
1.425585465E8	0.0
1.42560223E8	0.0
1.42561894E8	0.0
1.42563556E8	0.0
1.425652095E8	0.0
1.42566857E8	0.0
1.42568501E8	0.0
1.42570144E8	129.0
1.42571786E8	0.0
1.42573425E8	0.0
1.42575062E8	0.0
1.42576699E8	166.33631481626696
1.425783355E8	0.0
1.425799685E8	0.0
1.42581598E8	0.0
1.42583225E8	255.0
1.4258485E8	0.0
1.42586474E8	0.0
1.425880965E8	0.0
1.42589717E8	85.47033627897419
1.425913335E8	0.25
1.42592946E8	254.88003763525168
1.425945565E8	107.87559088955737
1.425961665E8	213.0
1.425977755E8	255.0
1.42599378E8	1.0
1.42600974E8	0.0
1.426025685E8	255.0
1.426041585E8	0.0
1.426057445E8	0.0
1.426073305E8	0.0
1.42608914E8	1.0
1.42610493E8	0.0
1.4261207E8	0.0
1.42613646E8	0.0
1.4261522E8	0.0
1.42616792E8	0.0
1.42618361E8	0.0
1.426199275E8	166.31173121529486
1.426214905E8	0.0
1.426230505E8	0.0
1.426246095E8	0.0
1.426261665E8	0.0
1.426277225E8	0.0
1.42629278E8	0.0
1.42630832E8	3.0
1.426323845E8	24.818181818181817
1.426339355E8	0.0
1.426354855E8	0.0
1.42637035E8	0.0
1.426385825E8	0.0
1.426401275E8	0.0
1.42641671E8	48.113326848249024
1.42643213E8	0.0
1.426447535E8	0.0
1.426462925E8	0.0
1.42647757E8	255.0
1.42648524E8	0.0
1.42649362E8	210.11380880121396
1.42650895E8	0.0
1.426524275E8	0.0
1.42653958E8	0.0
1.42655486E8	233.480677764566
1.42657012E8	0.0
1.42658537E8	0.0
1.42660062E8	208.20115806469573
1.42661585E8	0.0
1.426631055E8	0.0
1.42664625E8	0.0
1.426661435E8	0.0
1.426676605E8	0.0
1.426691735E8	0.0
1.42670683E8	0.0
1.426721915E8	0.0
1.426736975E8	6.414962236065935
1.426752015E8	0.0
1.426767045E8	0.0
1.426782025E8	255.0
1.426796955E8	0.0
1.426811875E8	208.58466789183512
1.426826785E8	1.0
1.42684168E8	255.0
1.426856565E8	0.0
1.42687144E8	255.0
1.42688631E8	146.65324347093514
1.42690117E8	202.14653243847874
1.426916015E8	0.0
1.426930845E8	0.0
1.426945645E8	0.0
1.426960415E8	0.0
1.42697517E8	0.7308707124010554
1.42698991E8	0.0
1.42700463E8	0.0
1.427019325E8	0.0
1.427034E8	0.0
1.427048665E8	0.0
1.427063315E8	0.0
1.427077945E8	0.0
1.42709256E8	102.14386459802539
1.42710717E8	0.0
1.42712177E8	0.0
1.427136355E8	234.55658524904214
1.427150925E8	255.0
1.42716547E8	0.0
1.427179995E8	0.0
1.427194515E8	0.0
1.42720903E8	0.0
1.427223515E8	0.0
1.427237975E8	0.0
1.42725243E8	0.0
1.42726687E8	217.5944818735964
1.42728129E8	0.0
1.427295695E8	230.53913311215376
1.427310075E8	0.0
1.427324415E8	0.0
1.427338735E8	0.0
1.427353055E8	0.0
1.427367365E8	3.0
1.42738166E8	0.0
1.42739595E8	153.4761390725498
1.42741022E8	0.0
1.427424465E8	0.0
1.427438705E8	0.0
1.427452945E8	0.0
1.42746718E8	0.0
1.427481405E8	207.83113909559245
1.42749562E8	0.0
1.42750982E8	0.0
1.427523995E8	254.02857142857144
1.427538155E8	254.10526315789474
1.427552315E8	0.4
1.42756647E8	3.0
1.427580605E8	0.0
1.427594725E8	0.0
1.42760884E8	0.0
1.427622945E8	0.0
1.427637035E8	0.0
1.427651115E8	0.0
1.42766519E8	1.0
1.427679255E8	0.0
1.427693305E8	0.0
1.427707335E8	0.0
1.42772132E8	0.0
1.427735265E8	0.0
1.4277492E8	215.4190251572327
1.42776312E8	0.0
1.42777703E8	0.0
1.42779094E8	0.0
1.427804825E8	255.0
1.427818685E8	0.0
1.42783254E8	0.0
1.427846385E8	192.99557522123894
1.42786022E8	252.4228269509515
1.427874045E8	73.01935483870967
1.42788786E8	0.0
1.42790167E8	0.0
1.427915475E8	0.0
1.427929275E8	127.5
1.42794307E8	48.24311926605505
1.427956855E8	85.66666666666667
1.42797063E8	255.0
1.4279844E8	58.046995377503855
1.42799817E8	0.0
1.42801194E8	255.0
1.428025705E8	0.0
1.42803946E8	0.0
1.428053205E8	0.0
1.428066945E8	0.0
1.42808068E8	0.0
1.4280944E8	0.0
1.4281081E8	0.0
1.428121785E8	0.0
1.428135455E8	64.97837837837838
1.42814909E8	0.0
1.428162695E8	197.0774766634944
1.428176275E8	157.10103626943004
1.428189835E8	255.0
1.42820339E8	0.0
1.42821694E8	255.0
1.428230475E8	0.0
1.42824399E8	0.0
1.42825748E8	0.0
1.42827095E8	150.0
1.428284415E8	0.0
1.428297865E8	0.0
1.4283113E8	49.23354564755839
1.42832472E8	234.56141245819873
1.428338125E8	254.72974564295808
1.428351525E8	0.0
1.428364925E8	0.0
1.42837832E8	255.0
1.42839171E8	0.0
1.42840509E8	1.0
1.42841846E8	0.0
1.428431825E8	0.0
1.428445175E8	1.9454545454545455
1.42845851E8	0.0
1.42847184E8	33.84621964076144
1.42848517E8	0.0
1.428498495E8	200.4876592356688
1.428511805E8	190.68023833167825
1.428525105E8	0.0
1.428538395E8	255.0
1.42855167E8	0.0
1.428564935E8	0.0
1.428578195E8	0.0
1.42859144E8	0.0
1.42860467E8	0.0
1.428617895E8	203.56992269852424
1.428631085E8	0.0
1.42864424E8	0.0
1.42865739E8	0.0
1.42867054E8	0.0
1.42868369E8	0.9339917113799592
1.428696825E8	0.0
1.42870994E8	0.0
1.42872305E8	159.06434316353887
1.428736155E8	0.0
1.428749255E8	181.72882891042477
1.42876235E8	62.06861499364676
1.428775435E8	0.0
1.428788505E8	0.0
1.428801555E8	255.0
1.428814595E8	0.0
1.428827635E8	0.0
1.428840675E8	223.3448275862069
1.42885371E8	255.0
1.42886674E8	0.0
1.428879765E8	0.0
1.42889278E8	0.0
1.42890579E8	255.0
1.42891879E8	250.27867913723992
1.42893177E8	0.0
1.42894474E8	129.0
1.42895771E8	0.0
1.428970675E8	0.0
1.42898363E8	0.0
1.428996575E8	0.0
1.429009515E8	0.0
1.429022455E8	0.0
1.42903539E8	150.85302593659944
1.42904831E8	0.0
1.429061215E8	0.0
1.42907411E8	131.2057761732852
1.42908699E8	236.20569653029517
1.429099855E8	0.0
1.42911271E8	0.0
1.429125555E8	0.0
1.429138395E8	206.57561274509803
1.42915123E8	0.0
1.42916406E8	173.74701181294998
1.429176885E8	247.8287532542667
1.4291897E8	0.0
1.429202505E8	0.0
1.429215305E8	0.0
1.4292281E8	0.0
1.429240885E8	0.0
1.429253665E8	176.0091743119266
1.429266445E8	0.0
1.42927922E8	235.41022093469783
1.42929199E8	1.6474177709903608
1.42930476E8	0.0
1.429317525E8	0.0
1.42933028E8	0.9032764143472539
1.42934303E8	0.0
1.429355775E8	0.0
1.429368515E8	0.0
1.429381245E8	255.0
1.42939396E8	0.0
1.42940667E8	0.0
1.42941938E8	0.0
1.42943209E8	0.0
1.4294448E8	255.0
1.429457505E8	221.33916907994535
1.429470205E8	1.0
1.429482905E8	214.78048392231773
1.4294956E8	3.0
1.429508285E8	0.0
1.429520965E8	51.65680056377731
1.429533635E8	230.95347016386108
1.42954629E8	0.0
1.429558935E8	0.7740528754429
1.42957157E8	0.0
1.4295842E8	0.0
1.42959683E8	113.35686015831135
1.429609455E8	0.0
1.429622075E8	3.0
1.429634695E8	0.0
1.42964731E8	0.0
1.42965992E8	180.69225588336283
1.429672525E8	218.25977855236582
1.429685125E8	0.0
1.429697725E8	255.0
1.429710325E8	3.0
1.42972292E8	52.41925641807959
1.429735505E8	0.0
1.429748085E8	7.734700416533163
1.429760665E8	2.243606998654105
1.42977324E8	0.0
1.42978579E8	0.0
1.42979832E8	255.0
1.429810845E8	0.0
1.42982336E8	0.0
1.42983587E8	255.0
1.42984838E8	0.0
1.42986089E8	0.0
1.429873395E8	31.071017017285275
1.42988589E8	0.0
1.429898375E8	0.0
1.42991085E8	255.0
1.429923315E8	0.0
1.429935775E8	109.42081784386617
1.429948225E8	0.0
1.42996066E8	228.8436274460129
1.429973085E8	181.98428184281843
1.4299855E8	0.0
1.42999791E8	255.0
1.43001032E8	0.0
1.430022725E8	0.75
1.430035125E8	0.0
1.430047525E8	235.26075272619266
1.43005992E8	3.0
1.4300719E8	0.0
1.43007809E8	0.0
1.430084685E8	0.0
1.430097065E8	6.97652344252252
1.430109445E8	0.0
1.43012182E8	0.0
1.430134185E8	0.0
1.43014654E8	0.0
1.43015889E8	255.0
1.430171235E8	0.0
1.430183575E8	147.70026806102524
1.430195915E8	0.0
1.43020825E8	0.0
1.43022058E8	3.0
1.430232905E8	108.10344827586206
1.43024522E8	128.0
1.43025753E8	2.9888059701492535
1.43026984E8	0.0
1.43028215E8	0.0
1.430294455E8	180.84556182657772
1.43030675E8	209.3943763518385
1.43031904E8	3.0
1.430331325E8	0.0
1.4303436E8	0.0
1.43035587E8	223.1539222495843
1.43036814E8	0.0
1.43038041E8	0.0
1.430392675E8	255.0
1.430404935E8	0.0
1.430417195E8	128.0
1.43042945E8	246.48349514563108
1.4304417E8	0.0
1.43045395E8	0.0
1.4304662E8	0.0
1.43047845E8	0.0
1.4304907E8	255.0
1.430502945E8	188.24286912751677
1.430515185E8	205.23991507430998
1.430527425E8	255.0
1.430539665E8	112.65003897116134
1.4305519E8	0.0
1.43056413E8	0.0
1.43057636E8	0.0
1.430588585E8	188.83551584992045
1.430600805E8	255.0
1.43061302E8	0.0
1.430625225E8	0.0
1.430637425E8	0.0
1.43064962E8	255.0
1.43066181E8	0.0
1.430674E8	0.0
1.430686185E8	225.14697858973298
1.430698365E8	0.0
1.430710525E8	163.2239185750636
1.43072266E8	0.0
1.430734785E8	0.0
1.430746905E8	255.0
1.43075902E8	255.0
1.43077113E8	0.0
1.430783235E8	0.0
1.43079533E8	0.0
1.43080742E8	0.0
1.43081951E8	0.0
1.430831595E8	0.0
1.430843675E8	0.0
1.430855755E8	1.0
1.430867835E8	0.0
1.43087991E8	3.0
1.430891975E8	0.0
1.43090403E8	49.11079087903704
1.43091608E8	0.0
1.43092813E8	255.0
1.43094017E8	0.0
1.4309522E8	0.0
1.43096423E8	0.0
1.430976255E8	129.0
1.430988275E8	255.0
1.43100029E8	0.0
1.431012295E8	0.12162451523875235
1.431024295E8	0.0
1.431036295E8	1.731016731016731
1.43104829E8	255.0
1.43106028E8	0.0
1.431072265E8	0.0
1.431084245E8	0.0
1.43109622E8	0.0
1.43110819E8	0.0
1.43112015E8	0.0
1.4311321E8	0.0
1.43114405E8	194.7597830298334
1.431156E8	0.0
1.43116795E8	15.19107850740086
1.431179895E8	1.0
1.43119183E8	255.0
1.43120376E8	0.0
1.43121569E8	255.0
1.43122762E8	255.0
1.431239545E8	0.0
1.431251465E8	232.87670084232192
1.431263385E8	1.6666666666666667
1.4312753E8	254.10526315789474
1.43128721E8	0.0
1.431299115E8	0.0
1.431311015E8	0.0
1.431322915E8	0.0
1.43133481E8	171.0
1.4313467E8	0.0
1.43135859E8	0.0
1.43137048E8	0.0
1.43138237E8	0.0
1.43139426E8	250.96039603960395
1.431406145E8	0.0
1.431418015E8	0.0
1.431429875E8	0.0
1.431441735E8	207.87725005421817
1.431453595E8	0.0
1.431465455E8	0.0
1.43147731E8	0.0
1.43148916E8	0.0
1.43150101E8	233.37053571428572
1.43151286E8	0.0
1.431524705E8	255.0
1.431536545E8	0.0
1.431548385E8	0.0
1.431560225E8	0.0
1.431572055E8	0.0
1.431583875E8	234.94335502223018
1.43159569E8	0.0
1.4316075E8	248.0527170550629
1.43161931E8	0.0
1.43163111E8	0.0
1.4316429E8	0.0
1.43165469E8	0.0
1.431666475E8	0.0
1.431678255E8	0.0
1.431690035E8	0.0
1.431701815E8	212.0207715133531
1.431713595E8	85.0
1.431725375E8	0.0
1.43173715E8	0.0
1.431748915E8	12.102403106183402
1.43176067E8	0.0
1.43177242E8	0.0
1.431784165E8	0.0
1.431795905E8	0.0
1.43180764E8	0.0
1.43181937E8	0.0
1.4318311E8	64.5
1.43184282E8	255.0
1.43185453E8	116.66212096903578
1.43186624E8	254.5518453427065
1.43187795E8	0.0
1.431889655E8	3.0
1.43190135E8	0.0
1.43191304E8	1.6666666666666667
1.431924725E8	0.0
1.4319364E8	0.0
1.43194807E8	0.0
1.43195974E8	255.0
1.431971405E8	0.0
1.431983065E8	251.09797465129608
1.431994725E8	191.5243824124571
1.432006385E8	255.0
1.43201804E8	0.0
1.43202969E8	0.0
1.432041335E8	0.0
1.43205297E8	0.0
1.4320646E8	234.62791605445634
1.43207623E8	0.0
1.43208786E8	0.4856131031429836
1.43209949E8	0.0
1.43211112E8	225.05476129326826
1.432122745E8	203.8465615994877
1.432134365E8	3.0
1.432145985E8	130.09600054391242
1.4321576E8	0.0
1.43216921E8	0.0
1.43218082E8	3.0
1.432192425E8	0.0
1.432204025E8	135.05542617605963
1.432215625E8	0.0
1.43222722E8	0.0
1.43223881E8	0.0
1.4322504E8	255.0
1.43226199E8	255.0
1.43227358E8	0.0
1.432285165E8	0.0
1.432296745E8	25.703086994225767
1.432308325E8	128.25
1.4323199E8	255.0
1.43233147E8	212.47504403992954
1.432343035E8	0.0
1.432354595E8	0.0
1.43236615E8	0.0
1.4323777E8	128.74156904508342
1.43238925E8	0.0
1.4324008E8	2.0494102190614916
1.432412345E8	0.0
1.432423885E8	255.0
1.432435425E8	3.0
1.432446965E8	245.5107398568019
1.4324585E8	0.0
1.43247003E8	0.0
1.43248156E8	0.0
1.432493085E8	255.0
1.432504605E8	0.0
1.432516125E8	255.0
1.432527645E8	0.0
1.43253916E8	255.0
1.432550665E8	1.0
1.432562165E8	254.10526315789474
1.432573655E8	0.0
1.432585135E8	0.0
1.432596615E8	0.0
1.432608095E8	76.24655925901767
1.432619575E8	0.0
1.432631055E8	0.0
1.43264253E8	64.25
1.432654E8	242.2908135420691
1.43266547E8	170.90129259694478
1.432676935E8	0.0
1.432688395E8	0.0
1.432699855E8	0.0
1.43271131E8	227.16157205240174
1.432722755E8	7.2105263157894735
1.432734195E8	255.0
1.432745635E8	240.7978899452764
1.432757075E8	0.0
1.432768515E8	0.0
1.43277995E8	0.0
1.43279138E8	0.0
1.432802805E8	0.0
1.432814225E8	129.0
1.432825645E8	0.9605518694955534
1.43283706E8	248.8170604542333
1.43284847E8	225.81600410654195
1.432859875E8	164.52119160460393
1.432871275E8	0.0
1.432882675E8	0.0
1.432894075E8	0.0
1.43290547E8	255.0
1.43291686E8	0.0
1.43292825E8	0.0
1.43293964E8	255.0
1.43295103E8	0.0
1.432962415E8	255.0
1.43297379E8	1.8333333333333333
1.432985155E8	1.6651430736501727
1.432996515E8	0.0
1.433007875E8	145.07720691559183
1.433019235E8	3.0
1.43303059E8	0.0
1.43304194E8	0.0
1.43305329E8	255.0
1.433064635E8	0.0
1.433075975E8	161.51867106610536
1.433087315E8	1.8969457778963068
1.433098655E8	0.0
1.43310999E8	0.0
1.43312132E8	0.0
1.43313265E8	0.0
1.433143975E8	229.0548775543017
1.433155295E8	3.0
1.433166615E8	0.0
1.433177935E8	0.0
1.43318925E8	0.0
1.43320056E8	226.220207115478
1.43321187E8	0.0
1.433223175E8	0.0
1.433234475E8	113.05588351042897
1.433245775E8	81.49188214070956
1.43325707E8	0.0
1.43326836E8	0.0
1.43327965E8	175.66212534059946
1.43329094E8	0.0
1.43330222E8	193.00353982300885
1.43331349E8	0.0
1.433324755E8	237.4710209327445
1.433336015E8	0.0
1.433347275E8	0.0
1.433358535E8	0.0
1.433369795E8	27.157894736842106
1.43338105E8	0.0
1.4333923E8	0.0
1.433403545E8	255.0
1.433414785E8	0.0
1.43342602E8	0.0
1.43343725E8	15.276960601309142
1.43344848E8	255.0
1.43345971E8	255.0
1.43347094E8	255.0
1.433482165E8	222.94225099950194
1.43349338E8	0.0
1.433504585E8	0.0
1.43351578E8	2.25
1.43352697E8	137.1620400258231
1.433538155E8	254.48743718592965
1.433549335E8	0.0
1.433560515E8	0.0
1.433571695E8	255.0
1.43358287E8	0.0
1.43359404E8	0.0
1.43360521E8	255.0
1.43361638E8	218.5347432024169
1.43362755E8	190.4130094043887
1.43363872E8	255.0
1.433649885E8	0.0
1.433661045E8	255.0
1.433668735E8	219.99202960432677
1.433674315E8	254.86926429120737
1.433683365E8	255.0
1.433694525E8	229.43086816720256
1.433705685E8	0.0
1.43371684E8	3.0
1.43372799E8	85.2
1.43373914E8	0.0
1.433750285E8	0.0
1.433761425E8	0.0
1.433772565E8	0.0
1.433783705E8	0.0
1.433794845E8	0.0
1.433805985E8	0.0
1.433817115E8	0.0
1.433828235E8	0.0
1.433839355E8	0.0
1.433850475E8	231.63580302174722
1.43386159E8	181.33128834355827
1.433872695E8	0.0
1.433883795E8	0.9960629921259843
1.433894895E8	54.97385620915033
1.433905995E8	0.0
1.43391709E8	0.0
1.43392818E8	0.0
1.43393927E8	174.33996383363473
1.43395036E8	255.0
1.433961445E8	2.64
1.433972525E8	0.0
1.4339836E8	0.0
1.43399467E8	3.0
1.43400574E8	0.0
1.434016805E8	237.33525974607153
1.434027865E8	128.0
1.43403892E8	255.0
1.43404997E8	0.0
1.43406102E8	0.0
1.43407207E8	0.0
1.43408312E8	255.0
1.43409417E8	0.0
1.43410521E8	0.0
1.43411624E8	0.0
1.43412727E8	0.0
1.434138295E8	0.0
1.434149315E8	0.0
1.434160335E8	182.41813602015114
1.43417135E8	51.73336014478182
1.43418236E8	0.0
1.43419337E8	0.0
1.434204375E8	101.25784977133394
1.434215375E8	3.0
1.43422637E8	0.0
1.43423736E8	87.19764705882353
1.434248345E8	34.03195488721804
1.434259325E8	0.0
1.434270305E8	0.0
1.43428128E8	0.0
1.43429225E8	0.0
1.43430322E8	0.0
1.434314185E8	0.0
1.434325145E8	0.0
1.434336095E8	1.0
1.43434703E8	0.0
1.434357955E8	0.0
1.43436887E8	0.0
1.43437978E8	255.0
1.434390685E8	255.0
1.434401585E8	0.0
1.434412485E8	192.6615454134659
1.434423385E8	174.11661506707947
1.434434285E8	0.0
1.43444518E8	0.0
1.43445607E8	0.0
1.434466955E8	0.0
1.434477835E8	216.69658886894075
1.434488715E8	255.0
1.434499595E8	255.0
1.43451047E8	0.0
1.43452134E8	200.23697136197137
1.43453221E8	248.49723104857014
1.434543075E8	150.8001865478288
1.434553935E8	185.72886762360446
1.434564795E8	1.0
1.434575655E8	255.0
1.434586505E8	0.0
1.434597345E8	0.0
1.434608185E8	0.0
1.434619025E8	0.0
1.434629865E8	255.0
1.4346407E8	0.0
1.43465153E8	0.0
1.43466236E8	243.25341367713006
1.434673185E8	0.0
1.434684005E8	124.8262432594368
1.43469482E8	0.0
1.43470563E8	240.5217912834866
1.434716435E8	92.45665634674923
1.434727235E8	0.0
1.434738035E8	163.92857142857142
1.43474883E8	0.0
1.43475962E8	0.0
1.434770405E8	0.0
1.434781185E8	1.3916842773981928
1.434791965E8	0.0
1.434802745E8	0.0
1.43481352E8	0.0
1.43482429E8	0.0
1.434835055E8	0.0
1.434845815E8	0.0
1.434856575E8	0.0
1.434867335E8	0.0
1.43487809E8	0.0
1.43488884E8	215.1569836376571
1.43489959E8	44.373402151367515
1.43491034E8	0.0
1.434921085E8	0.0
1.434931825E8	0.3102318242505158
1.434942565E8	22.817228642916717
1.434953305E8	255.0
1.43496404E8	0.0
1.434974765E8	245.3837359104573
1.434985485E8	255.0
1.4349962E8	0.0
1.43500691E8	184.76583727675165
1.435017615E8	255.0
1.435028315E8	0.0
1.435039015E8	0.0
1.43504971E8	0.0
1.4350604E8	0.0
1.435071085E8	3.0
1.43508176E8	0.0
1.43509243E8	0.0
1.4351031E8	0.0
1.435113765E8	0.0
1.435124415E8	217.10361067503925
1.435135055E8	0.0
1.435145695E8	255.0
1.43515633E8	0.0
1.43516696E8	0.0
1.43517759E8	184.63636363636363
1.43518822E8	198.06838106370543
1.43519885E8	0.0
1.43520948E8	0.0
1.43522011E8	255.0
1.43523074E8	1.0
1.435241365E8	235.86934449793515
1.435251985E8	0.0
1.435262605E8	0.0
1.435273225E8	0.0
1.435283845E8	254.03773584905662
1.43529446E8	1.0
1.435305065E8	0.018404642924005243
1.435315665E8	226.07363777950218
1.435326265E8	0.0
1.43533686E8	206.53846153846155
1.43534745E8	255.0
1.43535804E8	0.0
1.435368625E8	0.0
1.435379205E8	229.84854737290354
1.435389785E8	0.0
1.435400365E8	164.98334204825576
1.43541094E8	0.0
1.435421505E8	2.3155555555555556
1.435432065E8	125.34256055363322
1.435442625E8	255.0
1.435453185E8	0.0
1.43546374E8	0.0
1.43547429E8	0.0
1.43548484E8	0.0
1.435495385E8	41.76923076923077
1.435505925E8	0.0
1.43551646E8	0.0
1.43552699E8	241.87970598780925
1.43553752E8	65.125
1.43554805E8	23.666666666666668
1.43555858E8	255.0
1.435569105E8	0.0
1.435579625E8	252.45639448465226
1.435590145E8	127.5
1.43560066E8	0.0
1.43561117E8	0.0
1.43562168E8	255.0
1.43563219E8	0.0
1.4356427E8	0.0
1.435653205E8	0.0
1.435663705E8	1.0
1.4356742E8	1.0
1.43568469E8	0.0
1.43569518E8	0.0
1.43570567E8	0.0
1.43571616E8	203.12307692307692
1.435726645E8	0.0
1.435737125E8	213.32450743173177
1.435747605E8	0.0
1.435758085E8	0.0
1.435768565E8	112.62072744708541
1.43577904E8	0.9147296528314144
1.43578951E8	0.0
1.43579998E8	0.0
1.43581045E8	0.5714285714285714
1.435820915E8	0.0
1.43583137E8	0.0
1.43584182E8	0.0
1.43585227E8	2.6
1.43586272E8	0.0
1.435873165E8	0.0
1.435883605E8	0.0
1.435894045E8	0.0
1.43590448E8	255.0
1.43591491E8	0.0
1.435925335E8	0.0
1.435935755E8	0.0
1.435946175E8	244.50933961444528
1.435956595E8	201.95882352941177
1.435967015E8	3.0
1.43597743E8	210.6029776674938
1.43598784E8	0.0
1.43599825E8	0.0
1.436008655E8	0.0
1.436019055E8	0.0
1.436029455E8	0.0
1.436039855E8	255.0
1.43605025E8	170.0
1.43606064E8	145.96129680824328
1.43607103E8	255.0
1.436081415E8	0.0
1.436091795E8	57.47745981967856
1.436102175E8	0.0
1.43611255E8	0.0
1.43612292E8	0.0
1.43613329E8	0.0
1.43614366E8	185.59831263003304
1.436154025E8	0.0
1.436164385E8	0.0
1.43617474E8	128.0
1.43618509E8	255.0
1.43619544E8	129.0
1.43620579E8	0.0
1.43621614E8	120.3903345724907
1.43622648E8	0.0
1.43623681E8	0.0
1.43624714E8	255.0
1.43625747E8	217.07344632768363
1.436267795E8	0.0
1.436278115E8	232.2030651340996
1.436288435E8	0.0
1.43629875E8	0.0
1.43630906E8	0.0
1.43631937E8	170.33333333333334
1.436329675E8	197.63379746835443
1.436339975E8	0.0
1.436350275E8	0.0
1.43636057E8	192.0
1.43637086E8	255.0
1.43638115E8	133.95335367282448
1.43639144E8	224.624643674469
1.43640173E8	0.0
1.43641202E8	0.0
1.43642231E8	0.0
1.436432595E8	255.0
1.436442875E8	0.0
1.43645315E8	0.0
1.43646342E8	0.0
1.43647369E8	0.0
1.436483955E8	0.0
1.436494215E8	0.0
1.43650447E8	252.90123456790124
1.43651472E8	53.4
1.43652497E8	0.0
1.43653522E8	0.8184438040345822
1.43654546E8	0.0
1.43655569E8	0.0
1.436565915E8	0.0
1.436576135E8	254.51481380810003
1.436586355E8	252.5446371636271
1.436596575E8	0.0
1.43660679E8	231.8181818181818
1.436617E8	226.0595947556615
1.43662721E8	0.0
1.436637415E8	216.39215675459522
1.436647615E8	0.0
1.436657815E8	0.0
1.43666801E8	0.0
1.4366782E8	0.0
1.43668839E8	255.0
1.43669858E8	0.0
1.43670877E8	140.82926088936105
1.436718955E8	255.0
1.436729135E8	0.0
1.436739315E8	0.0
1.436749495E8	0.0
1.436759665E8	0.0
1.436769825E8	0.0
1.436779985E8	1.0
1.43679014E8	0.0
1.43680029E8	0.0
1.436810435E8	0.0
1.436820575E8	209.92080455893057
1.436830715E8	0.0
1.436840855E8	255.0
1.436850995E8	0.0
1.43686113E8	1.0
1.43687126E8	0.0
1.43688139E8	0.0
1.436891515E8	0.0
1.436901635E8	0.0
1.436911755E8	191.13716814159292
1.436921875E8	199.89429189119423
1.436931995E8	94.83177384033446
1.43694211E8	0.0
1.43695222E8	0.2453950830764604
1.43696233E8	0.0
1.43697244E8	128.77777777777777
1.436982545E8	192.5087139845397
1.436992645E8	0.0
1.437002745E8	255.0
1.437012845E8	3.0
1.437022935E8	0.0
1.437033015E8	0.0
1.437043095E8	0.0
1.43705317E8	0.0
1.43706324E8	0.0
1.437073305E8	0.0
1.437083365E8	0.25
1.437093425E8	3.0
1.43710348E8	0.0
1.43711353E8	0.0
1.43712358E8	0.022810512112060657
1.43713363E8	0.9440792397063418
1.43714368E8	128.12943938949223
1.437153725E8	0.0
1.437163765E8	0.0
1.437173805E8	0.0
1.437183845E8	0.0
1.43719388E8	0.0
1.4372039E8	136.44
1.43721391E8	0.5
1.43722392E8	1.0
1.43723393E8	0.0
1.43724394E8	168.6317891373802
1.437251765E8	72.28170377541143
1.437257305E8	0.0
