#Position (bp)	insert size	chromosomes
179658.5	679.0822862101821	0.0
538974.5	488.88165686175313	39044.36067642605
898290.5	792.8476521322473	0.0
1257606.5	597.6619065501839	0.0
1616922.5	560.7604572104252	39044.36067642605
1976238.5	466.6202996956216	0.0
2335554.5	558.9004621791834	0.0
2694870.5	543.1703202091825	39044.36067642605
3054186.5	641.280345145326	0.0
3413502.5	353.1027740236338	0.0
3772818.5	711.3070016388298	39044.36067642605
4132134.5	488.9191645075334	0.0
4491450.5	408.0753380080024	0.0
4850766.5	507.3946548311313	39044.36067642605
5210082.5	544.9539782601656	0.0
5569398.5	606.1312579192216	0.0
5928714.5	1045.4239719637949	39044.36067642605
6288030.5	444.51098211484157	0.0
6647346.5	558.168843459264	0.0
7006662.5	442.2952928053108	39044.36067642605
7365978.5	946.613931650454	0.0
7725294.5	527.6781139381612	0.0
8084610.5	668.179383605972	39044.36067642605
8443926.5	834.2306460578344	0.0
8803242.5	548.1820768455248	0.0
9162558.5	490.4229697354911	39044.36067642605
9521874.5	620.892004590393	0.0
9881190.5	374.51049500828265	0.0
1.02405065E7	417.24624594513796	39044.36067642605
1.05998225E7	504.27015401692796	0.0
1.09591385E7	475.9274192585517	0.0
1.13184545E7	396.94332278697107	39044.36067642605
1.16777705E7	470.17808769792936	0.0
1.20370865E7	1096.9159668558425	0.0
1.23964025E7	2966.5592535521673	39044.36067642605
1.27557185E7	655.6574297501362	0.0
1.31150345E7	449.66376107631083	0.0
1.34743505E7	439.71558174884666	39044.36067642605
1.38336665E7	409.01108781010174	0.0
1.41929825E7	827.3258738622287	0.0
1.45522985E7	678.3043719429177	39044.36067642605
1.49116145E7	925.7031536209989	0.0
1.52709305E7	399.49406584333826	0.0
1.56302465E7	668.2719064658401	39044.36067642605
1.59895625E7	343.9449385960479	0.0
1.63488785E7	897.5440922707381	0.0
1.67081945E7	731.8681930023794	39044.36067642605
1.70675105E7	697.9001964269012	0.0
1.74268265E7	708.2673557362594	0.0
1.77861425E7	2161.9052478134113	39044.36067642605
1.81454585E7	703.1103927119375	0.0
1.85047745E7	517.24245211894	0.0
1.88640905E7	525.5698790661306	39044.36067642605
1.92234065E7	502.87100019066276	0.0
1.95827225E7	648.7433595162191	0.0
1.99420385E7	2332.841702354811	39044.36067642605
2.03013545E7	4044.948277235293	0.0
2.06606705E7	691.7997219194425	0.0
2.10199865E7	793.2083006580517	39044.36067642605
2.13793025E7	1129.5249319264806	0.0
2.17386185E7	494.36652754340673	0.0
2.20979345E7	1296.3076795241343	39044.36067642605
2.24572505E7	543.8965746591286	0.0
2.28165665E7	1694.515174424884	0.0
2.31758825E7	951.8059206273969	39044.36067642605
2.34346265E7	475.62299035369773	0.0
2.36142845E7	5474.4037656903765	0.0
2.38945145E7	2816.745648512072	39044.36067642605
2.42538305E7	2694.975208581645	0.0
2.46131465E7	4589.602266872746	0.0
2.49724625E7	1849.424347130283	39044.36067642605
2.53317785E7	11455.59056796483	0.0
2.56910945E7	2922.101469029229	0.0
2.60504105E7	10083.904481132075	39044.36067642605
2.64097265E7	4546.617601182169	0.0
2.67690425E7	1700.8619322278298	0.0
2.71283585E7	1949.4693990891924	39044.36067642605
2.74876745E7	3159.4691567628747	0.0
2.78469905E7	6767.365452555886	0.0
2.82063065E7	704.7020340458572	39044.36067642605
2.85656225E7	1000.9672131147541	0.0
2.89249385E7	1137.5083732596386	0.0
2.92842545E7	550.3173837837838	39044.36067642605
2.96435705E7	593.8729829399483	0.0
3.00028865E7	773.3144949341053	0.0
3.03622025E7	887.3645972866765	39044.36067642605
3.07215185E7	522.5563191638855	0.0
3.10808345E7	538.7403394137399	0.0
3.14401505E7	419.95255776830214	39044.36067642605
3.17994665E7	364.8645135768981	0.0
3.21587825E7	567.7952883308524	0.0
3.25180985E7	386.3555844259674	39044.36067642605
3.28774145E7	567.108201639383	0.0
3.32367305E7	420.28586535570923	0.0
3.35960465E7	765.7243232747588	39044.36067642605
3.39553625E7	1121.6418641338284	0.0
3.43146785E7	506.88715801228363	0.0
3.46739945E7	683.4554838709678	39044.36067642605
3.50333105E7	1236.1813239231456	0.0
3.53926265E7	445.1671184346958	0.0
3.57519425E7	1022.377514108756	39044.36067642605
3.61112585E7	521.8068585192698	0.0
3.64705745E7	436.58714985463484	0.0
3.68298905E7	481.9049121160717	39044.36067642605
3.71892065E7	488.9352312058533	0.0
3.75485225E7	910.2740773396608	0.0
3.79078385E7	487.0663537972068	39044.36067642605
3.82671545E7	359.71817877970636	0.0
3.86264705E7	640.3714632239121	0.0
3.89857865E7	460.59445154727047	39044.36067642605
3.93451025E7	693.2162927957959	0.0
3.97044185E7	600.6232047562767	0.0
4.00637345E7	418.6016367263323	39044.36067642605
4.04230505E7	446.6873789857003	0.0
4.07823665E7	806.7593442652961	0.0
4.11416825E7	421.08244499613846	39044.36067642605
4.15009985E7	490.89667827541064	0.0
4.18603145E7	581.9180681229626	0.0
4.22196305E7	691.2899971826162	39044.36067642605
4.25789465E7	814.1269943136874	0.0
4.29382625E7	753.8893151099102	0.0
4.32975785E7	355.8498413370002	39044.36067642605
4.36568945E7	428.60977151501805	0.0
4.40162105E7	735.6871662095072	0.0
4.43755265E7	477.75296252197086	39044.36067642605
4.47348425E7	716.0145750283199	0.0
4.50941585E7	808.2890718912033	0.0
4.54534745E7	524.4763525356392	39044.36067642605
4.58127905E7	626.2382757896083	0.0
4.61721065E7	638.2903132418505	0.0
4.65314225E7	691.4027702118115	39044.36067642605
4.68907385E7	523.7646003227542	0.0
4.72500545E7	501.30040816676893	0.0
4.76093705E7	560.7872043680169	39044.36067642605
4.79686865E7	527.2055858172345	0.0
4.83280025E7	431.62821480232424	0.0
4.86541545E7	1057.7991089108912	39044.36067642605
4.88338125E7	2149.7076923076925	0.0
4.90466345E7	445.2350894166849	0.0
4.94059505E7	826.0367312391204	39044.36067642605
4.97652665E7	580.3622311680924	0.0
5.01245825E7	454.57847732866077	0.0
5.04838985E7	503.3179361283874	39044.36067642605
5.08432145E7	514.2928277080063	0.0
5.12025305E7	880.3578007742977	0.0
5.15618465E7	469.8898416617356	39044.36067642605
5.19211625E7	495.91934877795927	0.0
5.22804785E7	1086.2028145607176	0.0
5.26397945E7	557.2685957344836	39044.36067642605
5.29991105E7	744.9851764404848	0.0
5.33584265E7	751.849506565794	0.0
5.37177425E7	417.7831738203703	39044.36067642605
5.40770585E7	863.656264922347	0.0
5.44363745E7	632.6299313713107	0.0
5.47956905E7	409.91656162322613	39044.36067642605
5.51550065E7	530.4637040714995	0.0
5.55143225E7	563.7515890205405	0.0
5.58736385E7	568.8471259369164	39044.36067642605
5.62329545E7	458.02680645230026	0.0
5.65922705E7	730.7540954154213	0.0
5.69515865E7	528.8036000235888	39044.36067642605
5.73109025E7	462.9164930281505	0.0
5.76702185E7	464.0976949335857	0.0
5.80295345E7	735.468614680514	39044.36067642605
5.83888505E7	613.0454191630299	0.0
5.87481665E7	531.0480781960196	0.0
5.91074825E7	564.5169630677512	39044.36067642605
5.94667985E7	322.18210790733525	0.0
5.98261145E7	449.19580228588393	0.0
6.01854305E7	1423.0224333093536	39044.36067642605
6.05447465E7	514.9808861733859	0.0
6.09040625E7	545.2490643963679	0.0
6.12633785E7	647.9223966054905	39044.36067642605
6.16226945E7	552.1032066757637	0.0
6.19820105E7	685.5819973466389	0.0
6.23413265E7	691.8422118048156	39044.36067642605
6.27006425E7	485.5249880496327	0.0
6.30599585E7	1272.2697593167702	0.0
6.34192745E7	545.3450057067552	39044.36067642605
6.37785905E7	658.5238703767996	0.0
6.41379065E7	419.3352556496785	0.0
6.44972225E7	504.39282496582575	39044.36067642605
6.48565385E7	638.0364252016436	0.0
6.52158545E7	586.4302078980771	0.0
6.55751705E7	815.5348582758869	39044.36067642605
6.59344865E7	784.0495878249842	0.0
6.62938025E7	608.0558961053772	0.0
6.66531185E7	445.64358621406126	39044.36067642605
6.70124345E7	523.5877223117782	0.0
6.73717505E7	484.97079616339124	0.0
6.77310665E7	536.2554221587887	39044.36067642605
6.80903825E7	819.3667621776505	0.0
6.84496985E7	464.77733224104975	0.0
6.88090145E7	629.4244401668633	39044.36067642605
6.91683305E7	547.852486013355	0.0
6.95276465E7	448.73416281010543	0.0
6.98869625E7	463.5538866130582	39044.36067642605
7.02462785E7	489.6542618914689	0.0
7.06055945E7	660.5706224018725	0.0
7.09649105E7	357.56113760653864	39044.36067642605
7.13242265E7	495.99186639193147	0.0
7.16835425E7	598.5505262803914	0.0
7.20428585E7	710.4199124232783	39044.36067642605
7.24021745E7	8955.276853205587	0.0
7.27614905E7	1512.6721549223682	0.0
7.31208065E7	1539.7503475118153	39044.36067642605
7.34801225E7	2890.6606696651675	0.0
7.38394385E7	1508.5398443161364	0.0
7.41987545E7	4348.2204379562045	39044.36067642605
7.45580705E7	16434.87984134391	0.0
7.49173865E7	5271.519900497512	0.0
7.52767025E7	7077.988009592326	39044.36067642605
7.56360185E7	14331.019417475729	0.0
7.59953345E7	1903.1366191793725	0.0
7.63546505E7	34862.9	39044.36067642605
7.67139665E7	1397.4516828384844	0.0
7.690225E7	517.7272727272727	0.0
7.7081908E7	5809.041353383459	39044.36067642605
7.74325985E7	8352.161750245821	0.0
7.77919145E7	1537.006903622693	0.0
7.81512305E7	6683.371335504886	39044.36067642605
7.85105465E7	3188.4068564036224	0.0
7.88698625E7	3016.737269040108	0.0
7.92291785E7	2749.132858837485	39044.36067642605
7.95884945E7	2763.7806504445484	0.0
7.99478105E7	1238.1069567187853	0.0
8.03071265E7	11731.072831069976	39044.36067642605
8.06664425E7	2565.1286525778655	0.0
8.10257585E7	560.3679278821737	0.0
8.13850745E7	410.56722478676	39044.36067642605
8.17443905E7	627.3423585764326	0.0
8.21037065E7	843.2854686713187	0.0
8.24630225E7	536.4215613808482	39044.36067642605
8.28223385E7	678.4831397779845	0.0
8.31816545E7	620.811042220254	0.0
8.35409705E7	409.7428696476767	39044.36067642605
8.39002865E7	832.0724857710617	0.0
8.42596025E7	367.0420615221132	0.0
8.46189185E7	417.28942397623285	39044.36067642605
8.49782345E7	554.3980872847284	0.0
8.53375505E7	430.85637228625035	0.0
8.56968665E7	530.4413824200308	39044.36067642605
8.60561825E7	602.8325300702797	0.0
8.64154985E7	509.3738694021619	0.0
8.67748145E7	466.6841138398995	39044.36067642605
8.71341305E7	597.2260032261019	0.0
8.74934465E7	382.39966449325823	0.0
8.78527625E7	508.5825925093873	39044.36067642605
8.82120785E7	859.8756750319293	0.0
8.85713945E7	1583.8267116307202	0.0
8.89307105E7	2095.3034086581188	39044.36067642605
8.92900265E7	433.2263849423194	0.0
8.96493425E7	545.7042415274358	0.0
9.00086585E7	818.5331560765696	39044.36067642605
9.03679745E7	626.2814599169767	0.0
9.07272905E7	595.5108790221983	0.0
9.10866065E7	433.7736768848166	39044.36067642605
9.14459225E7	548.7579540247868	0.0
9.18052385E7	673.138050395726	0.0
9.21645545E7	574.2341197696684	39044.36067642605
9.25238705E7	375.2120495003241	0.0
9.28831865E7	401.55244512879125	0.0
9.32425025E7	758.1358852142797	39044.36067642605
9.36018185E7	688.5434953790045	0.0
9.39611345E7	570.6116589788452	0.0
9.43204505E7	494.1106045320503	39044.36067642605
9.46797665E7	526.6801118564273	0.0
9.50390825E7	1070.9866873288743	0.0
9.53983985E7	895.2910746919766	39044.36067642605
9.57577145E7	492.33665202144385	0.0
9.61170305E7	630.5742310725552	0.0
9.64763465E7	615.0397266254196	39044.36067642605
9.68356625E7	443.55368916654527	0.0
9.71949785E7	697.5426332288401	0.0
9.75542945E7	790.3361572890026	39044.36067642605
9.79136105E7	776.8839679418425	0.0
9.82729265E7	759.4771543440881	0.0
9.86322425E7	875.8940474100087	39044.36067642605
9.89915585E7	658.6628580680228	0.0
9.93508745E7	467.73200488365666	0.0
9.97101905E7	630.226707430105	39044.36067642605
1.000695065E8	599.7122302158274	0.0
1.004288225E8	417.95300497445095	0.0
1.007881385E8	466.17137991263655	39044.36067642605
1.011474545E8	517.6889348094965	0.0
1.015067705E8	561.220282536938	0.0
1.018660865E8	400.381919064542	39044.36067642605
1.022254025E8	672.2991849720026	0.0
1.025847185E8	741.4148331857101	0.0
1.029440345E8	449.97671035304444	39044.36067642605
1.033033505E8	900.0902714128056	0.0
1.036626665E8	812.8194454525659	0.0
1.040219825E8	483.40326994380507	39044.36067642605
1.043812985E8	536.8300487259861	0.0
1.047406145E8	433.0632813911667	0.0
1.050999305E8	399.71254557731265	39044.36067642605
1.054592465E8	638.1516610062752	0.0
1.058185625E8	680.2923197012367	0.0
1.061778785E8	415.8504645787482	39044.36067642605
1.065371945E8	495.9601223821426	0.0
1.068965105E8	580.2685181819008	0.0
1.072558265E8	710.292340980652	39044.36067642605
1.076151425E8	713.397049108126	0.0
1.079744585E8	653.4937531767497	0.0
1.083337745E8	618.4539070054115	39044.36067642605
1.086930905E8	830.8174176001826	0.0
1.089314775E8	476.9860100819363	0.0
1.091111355E8	458.30290934394014	39044.36067642605
1.094117225E8	856.2984516060375	0.0
1.097710385E8	666.3552489481369	0.0
1.101303545E8	700.0730609396111	39044.36067642605
1.10324175E8	453.6814342629482	0.0
1.10503833E8	1132.4104021248995	0.0
1.108489865E8	447.5001676120865	39044.36067642605
1.112083025E8	541.4030641398028	0.0
1.115676185E8	639.7187876556434	0.0
1.119269345E8	435.7581424469713	39044.36067642605
1.122862505E8	620.7467310994848	0.0
1.126455665E8	517.2445859872612	0.0
1.130048825E8	1085.037930806085	39044.36067642605
1.133641985E8	1006.7054673721341	0.0
1.137235145E8	666.5166777482269	0.0
1.140828305E8	917.220537223161	39044.36067642605
1.144421465E8	967.7300223599502	0.0
1.148014625E8	761.7224031396125	0.0
1.151607785E8	1057.544614745075	39044.36067642605
1.155200945E8	494.7797601465115	0.0
1.158794105E8	521.6365724067216	0.0
1.162387265E8	520.7330111213736	39044.36067642605
1.165980425E8	600.6010419121253	0.0
1.169573585E8	647.7973601644487	0.0
1.173166745E8	551.6923555217796	39044.36067642605
1.176759905E8	514.8255091987994	0.0
1.180353065E8	444.2232551330381	0.0
1.183946225E8	566.6268473101642	39044.36067642605
1.187539385E8	652.3110960781253	0.0
1.191132545E8	1395.2031167014263	0.0
1.194725705E8	673.2657034964092	39044.36067642605
1.198318865E8	429.9568215560128	0.0
1.201912025E8	495.00249887438093	0.0
1.205505185E8	1300.4034065033245	39044.36067642605
1.209098345E8	625.1407661600953	0.0
1.212691505E8	757.2610351212519	0.0
1.216284665E8	514.8565749019331	39044.36067642605
1.219877825E8	588.3293181435073	0.0
1.223470985E8	390.0909054672428	0.0
1.227064145E8	549.3173704710399	39044.36067642605
1.230657305E8	962.590460107061	0.0
1.234250465E8	504.7817194852316	0.0
1.237843625E8	721.227820207495	39044.36067642605
1.241436785E8	797.1061355968817	0.0
1.245029945E8	661.6964963817439	0.0
1.248623105E8	1183.9640317858637	39044.36067642605
1.252216265E8	1616.7201230650899	0.0
1.255809425E8	430.9698357914213	0.0
1.259402585E8	417.0287836254948	39044.36067642605
1.262995745E8	565.38540735266	0.0
1.266588905E8	591.5952309228988	0.0
1.270182065E8	511.71890483378957	39044.36067642605
1.273775225E8	987.7132974983557	0.0
1.277368385E8	685.6243415939902	0.0
1.280961545E8	587.0503092180525	39044.36067642605
1.284554705E8	771.4893184130214	0.0
1.288147865E8	438.9071605281297	0.0
1.291741025E8	869.6458868186043	39044.36067642605
1.295334185E8	731.835958921607	0.0
1.298927345E8	400.48472138609014	0.0
1.302520505E8	631.6535222052067	39044.36067642605
1.306113665E8	571.0538153972224	0.0
1.309706825E8	539.6893249168196	0.0
1.313299985E8	849.5214597845369	39044.36067642605
1.316893145E8	990.3804838101676	0.0
1.320486305E8	676.7493655150981	0.0
1.324079465E8	1576.5792188651437	39044.36067642605
1.327672625E8	558.4776957231923	0.0
1.331265785E8	921.5149032349202	0.0
1.334858945E8	931.0224436703559	39044.36067642605
1.337730805E8	1471.513040692086	0.0
1.339527385E8	1608.2389791183296	0.0
1.342045265E8	18638.42918686053	39044.36067642605
1.345638425E8	39044.36067642605	0.0
1.349231585E8	15713.353983104733	0.0
1.352824745E8	3040.468795518207	39044.36067642605
1.356417905E8	1879.4636108740704	0.0
1.360011065E8	8225.612334801763	0.0
1.363604225E8	5787.256714806316	39044.36067642605
1.367197385E8	9512.176262852034	0.0
1.370790545E8	2260.4227936362445	0.0
1.374033365E8	604.4948165869218	39044.36067642605
1.375577225E8	264.8846519601036	0.0
1.375927565E8	2729.8537252221463	0.0
1.376371405E8	3514.4368024915652	39044.36067642605
1.37699935E8	556.8731707317073	0.0
1.37786751E8	333.4842233009709	0.0
1.37868371E8	1334.9427654344397	39044.36067642605
1.37942101E8	389.4649265905383	0.0
1.37980213E8	382.70873786407765	0.0
1.38019627E8	264.8378378378378	39044.36067642605
1.38089538E8	625.8129032258065	0.0
1.38156123E8	1618.3989775505668	0.0
1.382206275E8	712.9135802469136	39044.36067642605
1.38280805E8	445.9685534591195	0.0
1.38323179E8	32322.5	0.0
1.383484915E8	301.0	39044.36067642605
1.38384028E8	1496.8968609865472	0.0
1.384312265E8	1367.235294117647	0.0
1.384772795E8	964.0673758865248	39044.36067642605
1.38522045E8	493.9678800856531	0.0
1.385663025E8	352.39251297257226	0.0
1.38610046E8	3807.75	39044.36067642605
1.38651258E8	949.3376623376623	0.0
1.386833775E8	569.5742574257425	0.0
1.387019305E8	282.125	39044.36067642605
1.38726341E8	0.0	0.0
1.387630385E8	823.9915966386554	0.0
1.3879854E8	701.2491666020621	39044.36067642605
1.3883298E8	496.82	0.0
1.388668195E8	697.1818181818181	0.0
1.389001375E8	1308.7713567839196	39044.36067642605
1.389325255E8	304.4349315068493	0.0
1.38963047E8	247.625	0.0
1.38991991E8	352.1578947368421	39044.36067642605
1.390198715E8	222.21428571428572	0.0
1.39044446E8	261.4237288135593	0.0
1.390581695E8	309.0	39044.36067642605
1.39074104E8	246.83333333333334	0.0
1.391000815E8	272.015625	0.0
1.39125904E8	1984.034090909091	39044.36067642605
1.391516555E8	682.082191780822	0.0
1.391772845E8	272.44642857142856	0.0
1.39202833E8	2300.8793103448274	39044.36067642605
1.39227853E8	260.9154929577465	0.0
1.392522945E8	1082.9137380191694	0.0
1.392761035E8	0.0	39044.36067642605
1.392991635E8	0.0	0.0
1.393219065E8	289.8333333333333	0.0
1.39344169E8	282.69400921658985	39044.36067642605
1.393656665E8	0.0	0.0
1.39386585E8	480.2152641878669	0.0
1.394057875E8	0.0	39044.36067642605
1.394157655E8	219.0	0.0
1.39426072E8	1663.375	0.0
1.394433E8	0.0	39044.36067642605
1.394591395E8	285.14285714285717	0.0
1.39474609E8	0.0	0.0
1.394898515E8	205.14285714285714	39044.36067642605
1.39504877E8	271.61728395061726	0.0
1.39519712E8	314.375	0.0
1.39534307E8	0.0	39044.36067642605
1.39548658E8	309.6	0.0
1.395628065E8	417.5579240037071	0.0
1.395768695E8	345.3333333333333	39044.36067642605
1.395908865E8	0.0	0.0
1.396048595E8	349.0	0.0
1.39618797E8	208.5	39044.36067642605
1.396327175E8	382.4	0.0
1.39646447E8	0.0	0.0
1.39659998E8	266.22265625	39044.36067642605
1.39673523E8	0.0	0.0
1.39687001E8	260.77777777777777	0.0
1.39700456E8	270.42857142857144	39044.36067642605
1.397138915E8	0.0	0.0
1.397272965E8	0.0	0.0
1.39740652E8	274.5	39044.36067642605
1.397539385E8	0.0	0.0
1.397671835E8	293.07142857142856	0.0
1.397738625E8	0.0	39044.36067642605
1.39780441E8	524.4629629629629	0.0
1.397935115E8	170.0	0.0
1.39806605E8	0.0	39044.36067642605
1.398195725E8	271.77894736842103	0.0
1.398324245E8	0.0	0.0
1.39845262E8	300.5	39044.36067642605
1.398580325E8	247.0	0.0
1.3987073E8	275.5	0.0
1.398833975E8	243.0	39044.36067642605
1.398960405E8	556.4851485148515	0.0
1.399086725E8	245.0	0.0
1.399212565E8	258.7	39044.36067642605
1.39933781E8	356.05816937553465	0.0
1.39946267E8	269.6	0.0
1.399587085E8	261.2857142857143	39044.36067642605
1.399711325E8	0.0	0.0
1.39983544E8	0.0	0.0
1.399959275E8	264.376	39044.36067642605
1.400082885E8	220.375	0.0
1.40020559E8	250.0	0.0
1.400327265E8	0.0	39044.36067642605
1.400448715E8	0.0	0.0
1.4005699E8	0.0	0.0
1.400690545E8	0.0	39044.36067642605
1.40081085E8	178.0	0.0
1.400930995E8	220.15	0.0
1.40105101E8	350.8333333333333	39044.36067642605
1.40117094E8	257.6666666666667	0.0
1.401281635E8	0.0	0.0
1.40134155E8	0.0	39044.36067642605
1.401410485E8	253.07865168539325	0.0
1.40153003E8	341.0	0.0
1.40164882E8	0.0	39044.36067642605
1.40176667E8	292.90909090909093	0.0
1.4018842E8	418.60496613995485	0.0
1.40200076E8	263.8	39044.36067642605
1.402116215E8	0.0	0.0
1.402231315E8	0.0	0.0
1.402345955E8	0.0	39044.36067642605
1.402459205E8	289.0	0.0
1.402571045E8	0.0	0.0
1.402682415E8	0.0	39044.36067642605
1.4027885E8	283.8033826638478	0.0
1.40288828E8	213.0	0.0
1.402984445E8	0.0	39044.36067642605
1.40307799E8	0.0	0.0
1.403166425E8	250.55555555555554	0.0
1.40324819E8	0.0	39044.36067642605
1.403326835E8	239.0	0.0
1.403402015E8	0.0	0.0
1.4034742E8	0.0	39044.36067642605
1.40354483E8	274.6	0.0
1.403614525E8	266.69000729394605	0.0
1.403683705E8	254.944	39044.36067642605
1.403752505E8	279.8076923076923	0.0
1.403821105E8	309.6666666666667	0.0
1.40388953E8	219.0	39044.36067642605
1.403957145E8	0.0	0.0
1.404023365E8	250.0	0.0
1.404088075E8	252.0	39044.36067642605
1.404151525E8	199.14285714285714	0.0
1.40421418E8	273.77777777777777	0.0
1.40427633E8	273.1926605504587	39044.36067642605
1.404337675E8	301.625	0.0
1.404398365E8	0.0	0.0
1.40445888E8	247.84848484848484	39044.36067642605
1.404519085E8	350.0	0.0
1.404579005E8	296.09090909090907	0.0
1.404638765E8	249.125	39044.36067642605
1.404698365E8	288.0	0.0
1.4047577E8	247.66666666666666	0.0
1.40481673E8	251.59070464767615	39044.36067642605
1.404875345E8	0.0	0.0
1.404915035E8	0.0	0.0
1.404943895E8	0.0	39044.36067642605
1.404990715E8	0.0	0.0
1.405047025E8	341.6790794310372	0.0
1.40510262E8	0.0	39044.36067642605
1.405157995E8	333.8467741935484	0.0
1.40521292E8	248.33333333333334	0.0
1.40526756E8	299.71113689095125	39044.36067642605
1.40532181E8	0.0	0.0
1.40537566E8	271.93731778425655	0.0
1.405429375E8	237.5	39044.36067642605
1.405482795E8	278.9375	0.0
1.40553603E8	0.0	0.0
1.405589225E8	239.0	39044.36067642605
1.40564221E8	0.0	0.0
1.405694775E8	252.66666666666666	0.0
1.40574688E8	0.0	39044.36067642605
1.405798735E8	209.0	0.0
1.405850135E8	232.0	0.0
1.40590093E8	321.0	39044.36067642605
1.405951535E8	0.0	0.0
1.40600212E8	0.0	0.0
1.406052535E8	0.0	39044.36067642605
1.406102665E8	235.0	0.0
1.406152645E8	0.0	0.0
1.406202595E8	279.85714285714283	39044.36067642605
1.406252495E8	0.0	0.0
1.40630226E8	0.0	0.0
1.40635179E8	0.0	39044.36067642605
1.40640115E8	0.0	0.0
1.4064504E8	0.0	0.0
1.4064995E8	279.4451282051282	39044.36067642605
1.406548455E8	0.0	0.0
1.40659729E8	197.92561983471074	0.0
1.40664601E8	288.3333333333333	39044.36067642605
1.406694435E8	0.0	0.0
1.40674261E8	0.0	0.0
1.40679061E8	282.6	39044.36067642605
1.40683806E8	0.0	0.0
1.40688509E8	0.0	0.0
1.406931635E8	0.0	39044.36067642605
1.40697758E8	0.0	0.0
1.40702335E8	0.0	0.0
1.40706898E8	311.0	39044.36067642605
1.40711432E8	0.0	0.0
1.40715925E8	293.8	0.0
1.40720393E8	0.0	39044.36067642605
1.407248515E8	244.0	0.0
1.407292955E8	0.0	0.0
1.407337135E8	0.0	39044.36067642605
1.40738111E8	0.0	0.0
1.40742499E8	0.0	0.0
1.407468785E8	0.0	39044.36067642605
1.40751256E8	0.0	0.0
1.407556295E8	172.0	0.0
1.40759995E8	357.6666666666667	39044.36067642605
1.407643435E8	0.0	0.0
1.407686665E8	264.5	0.0
1.407729765E8	263.74545454545455	39044.36067642605
1.40777284E8	0.0	0.0
1.40781584E8	278.04031413612563	0.0
1.40785876E8	297.35125448028674	39044.36067642605
1.40790157E8	0.0	0.0
1.407944295E8	0.0	0.0
1.407986935E8	297.75	39044.36067642605
1.40802937E8	0.0	0.0
1.40807165E8	0.0	0.0
1.408113885E8	0.0	39044.36067642605
1.408156105E8	269.75	0.0
1.408198225E8	457.375	0.0
1.40824022E8	197.0	39044.36067642605
1.408282145E8	296.36842105263156	0.0
1.408324E8	0.0	0.0
1.408365825E8	0.0	39044.36067642605
1.40840755E8	0.0	0.0
1.408449115E8	261.0	0.0
1.40849054E8	0.0	39044.36067642605
1.40851497E8	0.0	0.0
1.408535395E8	0.0	0.0
1.40857247E8	0.0	39044.36067642605
1.408613235E8	0.0	0.0
1.40865389E8	324.76	0.0
1.408694335E8	0.0	39044.36067642605
1.40873455E8	235.0	0.0
1.408774675E8	0.0	0.0
1.408814765E8	225.0	39044.36067642605
1.40885475E8	207.0	0.0
1.408894625E8	302.0	0.0
1.408934395E8	237.5	39044.36067642605
1.408974065E8	178.5	0.0
1.409013685E8	399.06666666666666	0.0
1.409053235E8	289.1660839160839	39044.36067642605
1.40909269E8	0.0	0.0
1.409132055E8	751.5	0.0
1.409171345E8	0.0	39044.36067642605
1.409210595E8	267.7142857142857	0.0
1.40924982E8	0.0	0.0
1.40928899E8	0.0	39044.36067642605
1.40932812E8	0.0	0.0
1.409367215E8	262.72727272727275	0.0
1.4094061E8	0.0	39044.36067642605
1.409444775E8	251.0	0.0
1.409483385E8	274.9447513812155	0.0
1.409521765E8	312.0	39044.36067642605
1.40955989E8	274.98333333333335	0.0
1.409597955E8	0.0	0.0
1.409636015E8	0.0	39044.36067642605
1.40967392E8	0.0	0.0
1.40971157E8	0.0	0.0
1.40974907E8	295.0	39044.36067642605
1.40978648E8	0.0	0.0
1.409823815E8	235.6	0.0
1.40986105E8	260.8	39044.36067642605
1.409898215E8	217.33333333333334	0.0
1.40993536E8	330.0	0.0
1.409972465E8	0.0	39044.36067642605
1.41000941E8	0.0	0.0
1.410046115E8	254.6	0.0
1.410082665E8	260.25	39044.36067642605
1.41011916E8	0.0	0.0
1.410155645E8	0.0	0.0
1.410192115E8	351.0	39044.36067642605
1.410228535E8	271.53333333333336	0.0
1.410264835E8	289.0	0.0
1.410301055E8	0.0	39044.36067642605
1.41033718E8	296.8333333333333	0.0
1.41037321E8	0.0	0.0
1.410409235E8	238.0	39044.36067642605
1.41044521E8	2055.0	0.0
1.410481085E8	0.0	0.0
1.410516865E8	0.0	39044.36067642605
1.41055252E8	0.0	0.0
1.410588075E8	278.9312977099237	0.0
1.41062361E8	836.6666666666666	39044.36067642605
1.41065914E8	0.0	0.0
1.41069467E8	252.41176470588235	0.0
1.41073012E8	293.390243902439	39044.36067642605
1.41076544E8	0.0	0.0
1.41080071E8	0.0	0.0
1.41083596E8	0.0	39044.36067642605
1.41087117E8	0.0	0.0
1.41090628E8	0.0	0.0
1.410941305E8	278.1945190757657	39044.36067642605
1.41097631E8	268.9714285714286	0.0
1.411011295E8	0.0	0.0
1.411046235E8	267.7142857142857	39044.36067642605
1.411081075E8	0.0	0.0
1.41111585E8	0.0	0.0
1.4111506E8	0.0	39044.36067642605
1.411185295E8	256.6666666666667	0.0
1.41121994E8	0.0	0.0
1.411254545E8	321.0692307692308	39044.36067642605
1.411289005E8	0.0	0.0
1.411323185E8	0.0	0.0
1.411357175E8	0.0	39044.36067642605
1.4113911E8	353.0	0.0
1.411424975E8	282.0	0.0
1.41145878E8	284.0	39044.36067642605
1.411492525E8	292.5101032779524	0.0
1.41152626E8	432.10526315789474	0.0
1.41155995E8	169.0	39044.36067642605
1.411593515E8	0.0	0.0
1.41162699E8	252.5	0.0
1.41166043E8	372.875	39044.36067642605
1.4116937E8	0.0	0.0
1.411726805E8	185.0	0.0
1.411759855E8	0.0	39044.36067642605
1.41179286E8	0.0	0.0
1.411825805E8	0.0	0.0
1.411858675E8	258.75	39044.36067642605
1.41189148E8	0.0	0.0
1.41192424E8	232.5	0.0
1.411956955E8	243.75	39044.36067642605
1.411989605E8	472.5	0.0
1.41202221E8	214.0	0.0
1.4120548E8	319.9161350552357	39044.36067642605
1.412087365E8	0.0	0.0
1.41210776E8	0.0	0.0
1.41212402E8	0.0	39044.36067642605
1.412152325E8	0.0	0.0
1.41218463E8	262.6666666666667	0.0
1.41221688E8	223.0	39044.36067642605
1.412249085E8	260.6063829787234	0.0
1.41228124E8	339.4102564102564	0.0
1.41231335E8	0.0	39044.36067642605
1.412345425E8	271.0	0.0
1.41237746E8	0.0	0.0
1.41240947E8	0.0	39044.36067642605
1.41244146E8	0.0	0.0
1.412473425E8	625.6666666666666	0.0
1.41250538E8	262.74952516619186	39044.36067642605
1.412537305E8	272.12563176895304	0.0
1.412569125E8	0.0	0.0
1.41260086E8	0.0	39044.36067642605
1.41263258E8	0.0	0.0
1.412664245E8	0.0	0.0
1.41269585E8	0.0	39044.36067642605
1.41272743E8	0.0	0.0
1.412758995E8	0.0	0.0
1.412790545E8	279.9230769230769	39044.36067642605
1.412822035E8	0.0	0.0
1.4128534E8	302.0093984962406	0.0
1.41288466E8	0.0	39044.36067642605
1.41291589E8	0.0	0.0
1.412947105E8	0.0	0.0
1.412978215E8	296.3703703703704	39044.36067642605
1.413009225E8	0.0	0.0
1.413040225E8	236.57142857142858	0.0
1.41307117E8	0.0	39044.36067642605
1.41310204E8	277.375	0.0
1.413132865E8	0.0	0.0
1.413163665E8	191.0	39044.36067642605
1.41319445E8	250.44075829383885	0.0
1.413225215E8	175.35542168674698	0.0
1.41325596E8	0.0	39044.36067642605
1.41328669E8	233.64705882352942	0.0
1.41331738E8	0.0	0.0
1.413348E8	0.0	39044.36067642605
1.413378585E8	255.08928571428572	0.0
1.413409105E8	285.3333333333333	0.0
1.413439555E8	0.0	39044.36067642605
1.41346999E8	361.0	0.0
1.41350033E8	0.0	0.0
1.413530575E8	0.0	39044.36067642605
1.41356076E8	692.0	0.0
1.413590875E8	0.0	0.0
1.41362097E8	0.0	39044.36067642605
1.413651025E8	0.0	0.0
1.41368103E8	0.0	0.0
1.41371102E8	234.11764705882354	39044.36067642605
1.413740995E8	277.27272727272725	0.0
1.41377093E8	294.0	0.0
1.413800805E8	263.2857142857143	39044.36067642605
1.413830635E8	299.0	0.0
1.413860455E8	313.14285714285717	0.0
1.41389022E8	337.57142857142856	39044.36067642605
1.413919895E8	0.0	0.0
1.4139495E8	0.0	0.0
1.413979065E8	0.0	39044.36067642605
1.41400857E8	0.0	0.0
1.41403801E8	0.0	0.0
1.41406741E8	275.0	39044.36067642605
1.41409678E8	0.0	0.0
1.414126105E8	0.0	0.0
1.41415538E8	261.53097345132744	39044.36067642605
1.414184645E8	0.0	0.0
1.414213895E8	336.6	0.0
1.414243125E8	282.50333333333333	39044.36067642605
1.414272345E8	271.2121212121212	0.0
1.41430155E8	0.0	0.0
1.414330725E8	164.54054054054055	39044.36067642605
1.414359875E8	247.6818181818182	0.0
1.414389E8	234.95833333333334	0.0
1.414418105E8	0.0	39044.36067642605
1.41444718E8	259.2421052631579	0.0
1.414476225E8	240.24598930481284	0.0
1.41450526E8	0.0	39044.36067642605
1.41453427E8	315.0152359717577	0.0
1.41456323E8	0.0	0.0
1.41459214E8	182.66666666666666	39044.36067642605
1.414621005E8	248.0	0.0
1.414649835E8	301.08388638173614	0.0
1.414678655E8	208.0	39044.36067642605
1.414707475E8	303.0	0.0
1.41473629E8	309.25	0.0
1.41476508E8	0.0	39044.36067642605
1.414793845E8	273.7692307692308	0.0
1.41482258E8	0.0	0.0
1.414851235E8	0.0	39044.36067642605
1.414879835E8	0.0	0.0
1.414908425E8	268.0	0.0
1.41493699E8	303.53846153846155	39044.36067642605
1.41496551E8	294.4681674287724	0.0
1.414993995E8	54.0	0.0
1.415022465E8	0.0	39044.36067642605
1.415050915E8	0.0	0.0
1.41507934E8	0.0	0.0
1.415107725E8	0.0	39044.36067642605
1.415136075E8	0.0	0.0
1.41516441E8	300.0	0.0
1.415192725E8	0.0	39044.36067642605
1.41522102E8	0.0	0.0
1.415249305E8	1678.5	0.0
1.41527757E8	232.16666666666666	39044.36067642605
1.41530581E8	0.0	0.0
1.415334035E8	0.0	0.0
1.415362255E8	0.0	39044.36067642605
1.415390465E8	251.0	0.0
1.41541866E8	0.0	0.0
1.41544683E8	296.30534351145036	39044.36067642605
1.415474975E8	0.0	0.0
1.4155031E8	0.0	0.0
1.415531175E8	0.0	39044.36067642605
1.41555919E8	326.4583333333333	0.0
1.415587165E8	0.0	0.0
1.41561512E8	0.0	39044.36067642605
1.41564307E8	357.0	0.0
1.415671015E8	0.0	0.0
1.415695015E8	273.359756097561	39044.36067642605
1.41570898E8	250.77777777777777	0.0
1.41572688E8	0.0	0.0
1.4157548E8	197.0	39044.36067642605
1.415782705E8	343.47058823529414	0.0
1.415810595E8	248.0	0.0
1.41583847E8	253.8235294117647	39044.36067642605
1.415866325E8	0.0	0.0
1.41589416E8	304.9820193637621	0.0
1.41592198E8	0.0	39044.36067642605
1.41594971E8	0.0	0.0
1.415977345E8	0.0	0.0
1.41600491E8	0.0	39044.36067642605
1.416032415E8	0.0	0.0
1.41605989E8	288.5	0.0
1.416087335E8	167.0	39044.36067642605
1.416114735E8	0.0	0.0
1.41614208E8	0.0	0.0
1.416169385E8	271.5408560311284	39044.36067642605
1.41619657E8	300.409594095941	0.0
1.416223655E8	0.0	0.0
1.41625071E8	0.0	39044.36067642605
1.416277715E8	172.0	0.0
1.41630469E8	942.0	0.0
1.416331645E8	317.4074684239429	39044.36067642605
1.41635856E8	0.0	0.0
1.416385445E8	268.0	0.0
1.416412325E8	0.0	39044.36067642605
1.416439195E8	255.475	0.0
1.41646598E8	293.96666666666664	0.0
1.416492685E8	0.0	39044.36067642605
1.41651938E8	249.22222222222223	0.0
1.416546065E8	0.0	0.0
1.41657273E8	277.05260180995475	39044.36067642605
1.416599375E8	0.0	0.0
1.41662593E8	277.0618556701031	0.0
1.416652385E8	0.0	39044.36067642605
1.416678815E8	288.29764705882354	0.0
1.41670523E8	0.0	0.0
1.41673163E8	0.0	39044.36067642605
1.41675801E8	0.0	0.0
1.416784375E8	287.0425531914894	0.0
1.41681073E8	0.0	39044.36067642605
1.41683705E8	0.0	0.0
1.416863335E8	301.0	0.0
1.416889605E8	0.0	39044.36067642605
1.416915825E8	0.0	0.0
1.416942E8	0.0	0.0
1.416968145E8	1462.0	39044.36067642605
1.41699426E8	311.0	0.0
1.41702034E8	247.0	0.0
1.41704638E8	337.0	39044.36067642605
1.41707241E8	239.28571428571428	0.0
1.41709838E8	0.0	0.0
1.417124275E8	289.6666666666667	39044.36067642605
1.417150135E8	0.0	0.0
1.41717597E8	0.0	0.0
1.41720177E8	0.0	39044.36067642605
1.41722754E8	0.0	0.0
1.417253305E8	136.75	0.0
1.41727906E8	269.0	39044.36067642605
1.41730481E8	0.0	0.0
1.41733056E8	0.0	0.0
1.417356305E8	268.64285714285717	39044.36067642605
1.417382025E8	0.0	0.0
1.4174077E8	254.0	0.0
1.41743333E8	0.0	39044.36067642605
1.41745892E8	0.0	0.0
1.417484485E8	0.0	0.0
1.41751004E8	248.31578947368422	39044.36067642605
1.41753556E8	368.0	0.0
1.41756104E8	392.52771518702116	0.0
1.41758648E8	0.0	39044.36067642605
1.41761189E8	219.2	0.0
1.417637275E8	0.0	0.0
1.4176626E8	0.0	39044.36067642605
1.41768789E8	0.0	0.0
1.417713145E8	0.0	0.0
1.41773836E8	285.8125	39044.36067642605
1.41776357E8	0.0	0.0
1.417788775E8	0.0	0.0
1.417813975E8	244.75	39044.36067642605
1.41783916E8	282.1868131868132	0.0
1.417864325E8	0.0	0.0
1.41788946E8	252.19444444444446	39044.36067642605
1.41791457E8	234.03598014888337	0.0
1.417939675E8	0.0	0.0
1.417964765E8	168.4	39044.36067642605
1.41798983E8	0.0	0.0
1.418014855E8	0.0	0.0
1.41803981E8	272.8487394957983	39044.36067642605
1.4180647E8	199.0	0.0
1.41808953E8	381.0	0.0
1.41811431E8	294.81197771587745	39044.36067642605
1.418139075E8	262.62857142857143	0.0
1.41816383E8	0.0	0.0
1.41818857E8	0.0	39044.36067642605
1.418213285E8	0.0	0.0
1.418237955E8	209.0	0.0
1.41826259E8	278.15384615384613	39044.36067642605
1.418287215E8	252.0	0.0
1.41831178E8	241.8421052631579	0.0
1.41833627E8	250.25	39044.36067642605
1.418360715E8	0.0	0.0
1.41838512E8	0.0	0.0
1.418409505E8	267.3939393939394	39044.36067642605
1.418433885E8	0.0	0.0
1.418458265E8	265.68152866242036	0.0
1.41848263E8	0.0	39044.36067642605
1.418506975E8	148.0	0.0
1.418531305E8	0.0	0.0
1.41855562E8	0.0	39044.36067642605
1.41857992E8	231.2	0.0
1.418604205E8	205.0	0.0
1.41862847E8	0.0	39044.36067642605
1.41865272E8	0.0	0.0
1.41867695E8	239.0	0.0
1.41870116E8	236.16666666666666	39044.36067642605
1.418725365E8	0.0	0.0
1.41874956E8	0.0	0.0
1.41877374E8	0.0	39044.36067642605
1.41879789E8	0.0	0.0
1.418822015E8	0.0	0.0
1.418846075E8	0.0	39044.36067642605
1.418870045E8	0.0	0.0
1.418893965E8	272.5466666666667	0.0
1.418917865E8	0.0	39044.36067642605
1.41894176E8	0.0	0.0
1.41896563E8	0.0	0.0
1.41898948E8	177.0	39044.36067642605
1.41901333E8	270.36842105263156	0.0
1.419037175E8	308.7280733944954	0.0
1.41906101E8	276.7375	39044.36067642605
1.41908484E8	277.19559471365636	0.0
1.419108665E8	0.0	0.0
1.41913248E8	0.0	39044.36067642605
1.41915629E8	282.80297207276453	0.0
1.41918009E8	279.1595744680851	0.0
1.41920388E8	223.6	39044.36067642605
1.419227665E8	0.0	0.0
1.41925143E8	0.0	0.0
1.419275165E8	0.0	39044.36067642605
1.419292615E8	258.8333333333333	0.0
1.41930446E8	236.0	0.0
1.419322555E8	0.0	39044.36067642605
1.419346225E8	0.0	0.0
1.41936987E8	0.0	0.0
1.41939347E8	0.0	39044.36067642605
1.41941703E8	276.0	0.0
1.419440575E8	0.0	0.0
1.41946411E8	0.0	39044.36067642605
1.419487635E8	0.0	0.0
1.419511115E8	0.0	0.0
1.419534545E8	0.0	39044.36067642605
1.419557965E8	308.375	0.0
1.41958135E8	0.0	0.0
1.419604675E8	228.3939393939394	39044.36067642605
1.419627965E8	0.0	0.0
1.419651245E8	298.11483253588517	0.0
1.419674515E8	283.12034927866364	39044.36067642605
1.41969777E8	0.0	0.0
1.419721005E8	0.0	0.0
1.419744205E8	0.0	39044.36067642605
1.41976738E8	0.0	0.0
1.419790505E8	318.36	0.0
1.41981358E8	0.0	39044.36067642605
1.419836635E8	280.41379310344826	0.0
1.41985967E8	280.24590163934425	0.0
1.41988266E8	263.7692307692308	39044.36067642605
1.4199056E8	0.0	0.0
1.41992852E8	304.0	0.0
1.41995142E8	0.0	39044.36067642605
1.4199743E8	0.0	0.0
1.419997165E8	0.0	0.0
1.420020015E8	267.04545454545456	39044.36067642605
1.42004285E8	0.0	0.0
1.420065675E8	0.0	0.0
1.42008845E8	0.0	39044.36067642605
1.420111165E8	292.37931034482756	0.0
1.42013386E8	0.0	0.0
1.420156535E8	0.0	39044.36067642605
1.42017916E8	0.0	0.0
1.42020175E8	307.0	0.0
1.42022431E8	0.0	39044.36067642605
1.420246815E8	0.0	0.0
1.42026929E8	0.0	0.0
1.42029171E8	0.0	39044.36067642605
1.420314065E8	0.0	0.0
1.420336395E8	266.5	0.0
1.420358715E8	272.50347222222223	39044.36067642605
1.420381015E8	0.0	0.0
1.42040329E8	202.0	0.0
1.42042554E8	0.0	39044.36067642605
1.42044776E8	0.0	0.0
1.420469965E8	0.0	0.0
1.42049215E8	0.0	39044.36067642605
1.420514315E8	0.0	0.0
1.420536445E8	0.0	0.0
1.42055854E8	0.0	39044.36067642605
1.42058062E8	305.0	0.0
1.420602685E8	282.5144694533762	0.0
1.42062474E8	0.0	39044.36067642605
1.42064677E8	0.0	0.0
1.420668775E8	0.0	0.0
1.420690765E8	161.0	39044.36067642605
1.420712745E8	0.0	0.0
1.420734715E8	0.0	0.0
1.420756655E8	0.0	39044.36067642605
1.420778565E8	267.21305841924396	0.0
1.42080046E8	0.0	0.0
1.42082235E8	0.0	39044.36067642605
1.42084423E8	0.0	0.0
1.42086609E8	0.0	0.0
1.4208879E8	0.0	39044.36067642605
1.420909665E8	0.0	0.0
1.42093141E8	0.0	0.0
1.420953105E8	0.0	39044.36067642605
1.42097474E8	0.0	0.0
1.42099635E8	0.0	0.0
1.42101794E8	256.0	39044.36067642605
1.42103946E8	0.0	0.0
1.42106089E8	0.0	0.0
1.421082245E8	0.0	39044.36067642605
1.42110355E8	0.0	0.0
1.421124825E8	0.0	0.0
1.421146075E8	0.0	39044.36067642605
1.421167315E8	290.0	0.0
1.42118853E8	279.74117647058824	0.0
1.42120971E8	248.33333333333334	39044.36067642605
1.421230865E8	263.0	0.0
1.421252E8	0.0	0.0
1.42127313E8	0.0	39044.36067642605
1.42129426E8	0.0	0.0
1.421315385E8	0.0	0.0
1.42133649E8	239.0	39044.36067642605
1.421357575E8	0.0	0.0
1.42137864E8	0.0	0.0
1.42139969E8	259.55555555555554	39044.36067642605
1.42142073E8	0.0	0.0
1.421441755E8	0.0	0.0
1.421462745E8	0.0	39044.36067642605
1.421483705E8	231.0	0.0
1.421504655E8	242.0	0.0
1.421525595E8	0.0	39044.36067642605
1.421546525E8	216.66666666666666	0.0
1.421567435E8	248.5909090909091	0.0
1.42158833E8	0.0	39044.36067642605
1.421609215E8	0.0	0.0
1.42163009E8	239.63636363636363	0.0
1.42165096E8	0.0	39044.36067642605
1.421671825E8	0.0	0.0
1.421692675E8	0.0	0.0
1.4217135E8	248.3235294117647	39044.36067642605
1.4217343E8	0.0	0.0
1.42175509E8	0.0	0.0
1.421775875E8	0.0	39044.36067642605
1.421796645E8	272.0	0.0
1.421817365E8	0.0	0.0
1.421838025E8	265.180981595092	39044.36067642605
1.42185866E8	0.0	0.0
1.42187929E8	317.1348600508906	0.0
1.421899915E8	298.75	39044.36067642605
1.421920525E8	0.0	0.0
1.421941125E8	0.0	0.0
1.421961725E8	294.4	39044.36067642605
1.42198232E8	249.5	0.0
1.422002865E8	365.0	0.0
1.422023345E8	0.0	39044.36067642605
1.422043795E8	0.0	0.0
1.42206423E8	185.0	0.0
1.42208462E8	0.0	39044.36067642605
1.42210496E8	0.0	0.0
1.42212529E8	0.0	0.0
1.422145605E8	0.0	39044.36067642605
1.42216589E8	247.11267605633802	0.0
1.42218613E8	0.0	0.0
1.422206335E8	0.0	39044.36067642605
1.42222652E8	0.0	0.0
1.422246675E8	237.0	0.0
1.422266795E8	0.0	39044.36067642605
1.42228689E8	0.0	0.0
1.422306975E8	288.0	0.0
1.422327045E8	0.0	39044.36067642605
1.422347105E8	0.0	0.0
1.42236716E8	343.0	0.0
1.42238721E8	275.0	39044.36067642605
1.422407225E8	0.0	0.0
1.422427205E8	205.0	0.0
1.422447185E8	283.0	39044.36067642605
1.42246715E8	0.0	0.0
1.42248709E8	0.0	0.0
1.422507005E8	0.0	39044.36067642605
1.422526905E8	259.18471337579615	0.0
1.422546795E8	0.0	0.0
1.422566665E8	0.0	39044.36067642605
1.422586525E8	0.0	0.0
1.422606355E8	0.0	0.0
1.422626145E8	0.0	39044.36067642605
1.422645915E8	0.0	0.0
1.422665675E8	0.0	0.0
1.42268543E8	288.0	39044.36067642605
1.422705175E8	252.0	0.0
1.422724895E8	0.0	0.0
1.422744575E8	0.0	39044.36067642605
1.422764235E8	205.0	0.0
1.422783895E8	0.0	0.0
1.422803545E8	0.0	39044.36067642605
1.42282318E8	260.35746388443016	0.0
1.422842805E8	617.0	0.0
1.422862425E8	221.0	39044.36067642605
1.4228818E8	166.0	0.0
1.42289161E8	0.0	0.0
1.42290166E8	179.0	39044.36067642605
1.42292127E8	0.0	0.0
1.42294088E8	0.0	0.0
1.422960465E8	0.0	39044.36067642605
1.422980025E8	317.0	0.0
1.42299954E8	0.0	0.0
1.42301901E8	230.57575757575756	39044.36067642605
1.42303848E8	261.0	0.0
1.423057945E8	0.0	0.0
1.4230774E8	0.0	39044.36067642605
1.423096845E8	0.0	0.0
1.42311628E8	0.0	0.0
1.42313569E8	0.0	39044.36067642605
1.423155065E8	191.5	0.0
1.423174425E8	0.0	0.0
1.42319378E8	0.0	39044.36067642605
1.42321312E8	0.0	0.0
1.42323245E8	0.0	0.0
1.42325177E8	0.0	39044.36067642605
1.42327107E8	310.75	0.0
1.423290355E8	0.0	0.0
1.423309635E8	382.2	39044.36067642605
1.42332891E8	0.0	0.0
1.423348175E8	333.2307692307692	0.0
1.423367435E8	0.0	39044.36067642605
1.423386685E8	0.0	0.0
1.423405905E8	0.0	0.0
1.42342509E8	0.0	39044.36067642605
1.423444255E8	0.0	0.0
1.423463415E8	0.0	0.0
1.42348253E8	271.0	39044.36067642605
1.423501595E8	0.0	0.0
1.42352065E8	228.33333333333334	0.0
1.423539695E8	0.0	39044.36067642605
1.42355873E8	0.0	0.0
1.42357776E8	0.0	0.0
1.42359679E8	257.0	39044.36067642605
1.423615815E8	0.0	0.0
1.42363483E8	0.0	0.0
1.423653835E8	0.0	39044.36067642605
1.423672835E8	0.0	0.0
1.42369183E8	0.0	0.0
1.4237108E8	0.0	39044.36067642605
1.42372975E8	0.0	0.0
1.42374869E8	249.0	0.0
1.42376761E8	0.0	39044.36067642605
1.423786515E8	0.0	0.0
1.423805415E8	270.46046511627907	0.0
1.423824305E8	240.0	39044.36067642605
1.423843155E8	278.0	0.0
1.423861925E8	362.0	0.0
1.423880645E8	0.0	39044.36067642605
1.42389936E8	0.0	0.0
1.423918065E8	261.0	0.0
1.423936765E8	0.0	39044.36067642605
1.42395546E8	0.0	0.0
1.42397415E8	0.0	0.0
1.42399284E8	0.0	39044.36067642605
1.424011525E8	0.0	0.0
1.42403019E8	0.0	0.0
1.42404883E8	300.0427915518825	39044.36067642605
1.42406746E8	0.0	0.0
1.424086055E8	0.0	0.0
1.424104605E8	294.3333333333333	39044.36067642605
1.42412313E8	291.0	0.0
1.42414163E8	0.0	0.0
1.42416009E8	0.0	39044.36067642605
1.42417852E8	0.0	0.0
1.42419695E8	0.0	0.0
1.42421538E8	296.0	39044.36067642605
1.424233805E8	0.0	0.0
1.42425222E8	0.0	0.0
1.42427063E8	0.0	39044.36067642605
1.424288995E8	0.0	0.0
1.424307315E8	0.0	0.0
1.424325625E8	0.0	39044.36067642605
1.42434392E8	0.0	0.0
1.42436221E8	0.0	0.0
1.424380485E8	224.5	39044.36067642605
1.42439871E8	252.0	0.0
1.424416895E8	0.0	0.0
1.424435075E8	230.0	39044.36067642605
1.42445323E8	0.0	0.0
1.42447136E8	234.41927409261578	0.0
1.424489455E8	0.0	39044.36067642605
1.4245075E8	0.0	0.0
1.424525525E8	0.0	0.0
1.42454354E8	0.0	39044.36067642605
1.424561545E8	0.0	0.0
1.424579545E8	238.5	0.0
1.424597535E8	0.0	39044.36067642605
1.42461551E8	645.6666666666666	0.0
1.42463346E8	0.0	0.0
1.424651385E8	0.0	39044.36067642605
1.42466928E8	0.0	0.0
1.424687145E8	0.0	0.0
1.424705E8	0.0	39044.36067642605
1.42472285E8	198.5	0.0
1.424740655E8	0.0	0.0
1.42475841E8	0.0	39044.36067642605
1.42477616E8	244.23809523809524	0.0
1.42479391E8	0.0	0.0
1.424811635E8	0.0	39044.36067642605
1.42482933E8	307.5	0.0
1.424847005E8	284.46770025839794	0.0
1.42486464E8	0.0	39044.36067642605
1.424882225E8	272.5	0.0
1.424899775E8	257.18333333333334	0.0
1.4249173E8	288.25	39044.36067642605
1.42493479E8	240.0	0.0
1.42495226E8	0.0	0.0
1.42496973E8	0.0	39044.36067642605
1.42498718E8	0.0	0.0
1.4250046E8	0.0	0.0
1.425021995E8	897.0	39044.36067642605
1.42503937E8	0.0	0.0
1.425056725E8	0.0	0.0
1.42507406E8	278.3333333333333	39044.36067642605
1.425091385E8	0.0	0.0
1.425108685E8	0.0	0.0
1.425125945E8	0.0	39044.36067642605
1.425143185E8	249.0	0.0
1.4251604E8	278.0	0.0
1.42517759E8	264.75	39044.36067642605
1.425194765E8	0.0	0.0
1.425211925E8	0.0	0.0
1.42522908E8	0.0	39044.36067642605
1.425246225E8	0.0	0.0
1.42526336E8	0.0	0.0
1.425280485E8	283.6666666666667	39044.36067642605
1.425297595E8	257.0	0.0
1.425314695E8	275.8888888888889	0.0
1.42533179E8	0.0	39044.36067642605
1.425348875E8	0.0	0.0
1.425365935E8	0.0	0.0
1.42538297E8	0.0	39044.36067642605
1.4254E8	0.0	0.0
1.425416995E8	0.0	0.0
1.425433925E8	242.94117647058823	39044.36067642605
1.425450825E8	272.77777777777777	0.0
1.42546771E8	0.0	0.0
1.42548457E8	270.0	39044.36067642605
1.42550141E8	0.0	0.0
1.42551824E8	238.01020408163265	0.0
1.42553507E8	223.53333333333333	39044.36067642605
1.425551885E8	0.0	0.0
1.42556868E8	365.4	0.0
1.425585465E8	0.0	39044.36067642605
1.42560223E8	0.0	0.0
1.42561894E8	283.1111111111111	0.0
1.42563556E8	0.0	39044.36067642605
1.425652095E8	393.0	0.0
1.42566857E8	0.0	0.0
1.42568501E8	0.0	39044.36067642605
1.42570144E8	0.0	0.0
1.42571786E8	0.0	0.0
1.42573425E8	0.0	39044.36067642605
1.42575062E8	0.0	0.0
1.42576699E8	307.4332648870637	0.0
1.425783355E8	0.0	39044.36067642605
1.425799685E8	0.0	0.0
1.42581598E8	0.0	0.0
1.42583225E8	310.5	39044.36067642605
1.4258485E8	0.0	0.0
1.42586474E8	0.0	0.0
1.425880965E8	0.0	39044.36067642605
1.42589717E8	264.2931596091205	0.0
1.425913335E8	335.0	0.0
1.42592946E8	342.8181818181818	39044.36067642605
1.425945565E8	331.5625	0.0
1.425961665E8	290.0	0.0
1.425977755E8	227.0	39044.36067642605
1.42599378E8	0.0	0.0
1.42600974E8	0.0	0.0
1.426025685E8	332.0	39044.36067642605
1.426041585E8	0.0	0.0
1.426057445E8	0.0	0.0
1.426073305E8	0.0	39044.36067642605
1.42608914E8	0.0	0.0
1.42610493E8	0.0	0.0
1.4261207E8	0.0	39044.36067642605
1.42613646E8	0.0	0.0
1.4261522E8	0.0	0.0
1.42616792E8	0.0	39044.36067642605
1.42618361E8	0.0	0.0
1.426199275E8	260.25925925925924	0.0
1.426214905E8	0.0	39044.36067642605
1.426230505E8	0.0	0.0
1.426246095E8	0.0	0.0
1.426261665E8	0.0	39044.36067642605
1.426277225E8	0.0	0.0
1.42629278E8	0.0	0.0
1.42630832E8	0.0	39044.36067642605
1.426323845E8	283.0	0.0
1.426339355E8	0.0	0.0
1.426354855E8	213.11111111111111	39044.36067642605
1.42637035E8	0.0	0.0
1.426385825E8	0.0	0.0
1.426401275E8	0.0	39044.36067642605
1.42641671E8	201.65	0.0
1.42643213E8	0.0	0.0
1.426447535E8	0.0	39044.36067642605
1.426462925E8	0.0	0.0
1.42647757E8	0.0	0.0
1.42648524E8	0.0	39044.36067642605
1.42649362E8	252.66666666666666	0.0
1.42650895E8	0.0	0.0
1.426524275E8	0.0	39044.36067642605
1.42653958E8	0.0	0.0
1.42655486E8	192.0	0.0
1.42657012E8	307.0	39044.36067642605
1.42658537E8	0.0	0.0
1.42660062E8	261.49112426035504	0.0
1.42661585E8	325.0	39044.36067642605
1.426631055E8	0.0	0.0
1.42664625E8	0.0	0.0
1.426661435E8	0.0	39044.36067642605
1.426676605E8	0.0	0.0
1.426691735E8	0.0	0.0
1.42670683E8	0.0	39044.36067642605
1.426721915E8	0.0	0.0
1.426736975E8	270.72	0.0
1.426752015E8	0.0	39044.36067642605
1.426767045E8	0.0	0.0
1.426782025E8	0.0	0.0
1.426796955E8	0.0	39044.36067642605
1.426811875E8	275.4375	0.0
1.426826785E8	411.0	0.0
1.42684168E8	0.0	39044.36067642605
1.426856565E8	0.0	0.0
1.42687144E8	295.0	0.0
1.42688631E8	165.0	39044.36067642605
1.42690117E8	225.5	0.0
1.426916015E8	0.0	0.0
1.426930845E8	0.0	39044.36067642605
1.426945645E8	0.0	0.0
1.426960415E8	0.0	0.0
1.42697517E8	331.8333333333333	39044.36067642605
1.42698991E8	0.0	0.0
1.42700463E8	0.0	0.0
1.427019325E8	0.0	39044.36067642605
1.427034E8	0.0	0.0
1.427048665E8	323.0	0.0
1.427063315E8	0.0	39044.36067642605
1.427077945E8	293.5	0.0
1.42709256E8	0.0	0.0
1.42710717E8	0.0	39044.36067642605
1.42712177E8	0.0	0.0
1.427136355E8	279.424	0.0
1.427150925E8	0.0	39044.36067642605
1.42716547E8	0.0	0.0
1.427179995E8	0.0	0.0
1.427194515E8	0.0	39044.36067642605
1.42720903E8	154.0	0.0
1.427223515E8	0.0	0.0
1.427237975E8	0.0	39044.36067642605
1.42725243E8	0.0	0.0
1.42726687E8	352.25	0.0
1.42728129E8	0.0	39044.36067642605
1.427295695E8	279.0194942044257	0.0
1.427310075E8	0.0	0.0
1.427324415E8	0.0	39044.36067642605
1.427338735E8	107.0	0.0
1.427353055E8	0.0	0.0
1.427367365E8	0.0	39044.36067642605
1.42738166E8	236.0	0.0
1.42739595E8	287.0263157894737	0.0
1.42741022E8	0.0	39044.36067642605
1.427424465E8	0.0	0.0
1.427438705E8	0.0	0.0
1.427452945E8	0.0	39044.36067642605
1.42746718E8	0.0	0.0
1.427481405E8	275.0	0.0
1.42749562E8	0.0	39044.36067642605
1.42750982E8	0.0	0.0
1.427523995E8	252.0	0.0
1.427538155E8	254.5	39044.36067642605
1.427552315E8	296.0	0.0
1.42756647E8	0.0	0.0
1.427580605E8	0.0	39044.36067642605
1.427594725E8	0.0	0.0
1.42760884E8	0.0	0.0
1.427622945E8	0.0	39044.36067642605
1.427637035E8	0.0	0.0
1.427651115E8	0.0	0.0
1.42766519E8	156.88888888888889	39044.36067642605
1.427679255E8	0.0	0.0
1.427693305E8	0.0	0.0
1.427707335E8	0.0	39044.36067642605
1.42772132E8	124.25	0.0
1.427735265E8	0.0	0.0
1.4277492E8	267.8780487804878	39044.36067642605
1.42776312E8	304.0	0.0
1.42777703E8	0.0	0.0
1.42779094E8	254.0	39044.36067642605
1.427804825E8	254.5	0.0
1.427818685E8	0.0	0.0
1.42783254E8	0.0	39044.36067642605
1.427846385E8	263.75	0.0
1.42786022E8	302.4651162790698	0.0
1.427874045E8	248.8	39044.36067642605
1.42788786E8	0.0	0.0
1.42790167E8	200.0	0.0
1.427915475E8	248.0	39044.36067642605
1.427929275E8	248.0	0.0
1.42794307E8	277.0	0.0
1.427956855E8	283.4	39044.36067642605
1.42797063E8	0.0	0.0
1.4279844E8	265.46153846153845	0.0
1.42799817E8	0.0	39044.36067642605
1.42801194E8	277.0	0.0
1.428025705E8	0.0	0.0
1.42803946E8	0.0	39044.36067642605
1.428053205E8	0.0	0.0
1.428066945E8	0.0	0.0
1.42808068E8	0.0	39044.36067642605
1.4280944E8	250.93333333333334	0.0
1.4281081E8	0.0	0.0
1.428121785E8	0.0	39044.36067642605
1.428135455E8	279.0	0.0
1.42814909E8	0.0	0.0
1.428162695E8	289.9919903331607	39044.36067642605
1.428176275E8	278.625	0.0
1.428189835E8	260.7857142857143	0.0
1.42820339E8	0.0	39044.36067642605
1.42821694E8	0.0	0.0
1.428230475E8	0.0	0.0
1.42824399E8	0.0	39044.36067642605
1.42825748E8	0.0	0.0
1.42827095E8	264.4736842105263	0.0
1.428284415E8	0.0	39044.36067642605
1.428297865E8	0.0	0.0
1.4283113E8	140.0	0.0
1.42832472E8	245.59375	39044.36067642605
1.428338125E8	285.6	0.0
1.428351525E8	0.0	0.0
1.428364925E8	0.0	39044.36067642605
1.42837832E8	271.0	0.0
1.42839171E8	0.0	0.0
1.42840509E8	0.0	39044.36067642605
1.42841846E8	0.0	0.0
1.428431825E8	0.0	0.0
1.428445175E8	150.28571428571428	39044.36067642605
1.42845851E8	207.0	0.0
1.42847184E8	282.1714285714286	0.0
1.42848517E8	0.0	39044.36067642605
1.428498495E8	0.0	0.0
1.428511805E8	350.5	0.0
1.428525105E8	237.0	39044.36067642605
1.428538395E8	238.0	0.0
1.42855167E8	0.0	0.0
1.428564935E8	0.0	39044.36067642605
1.428578195E8	0.0	0.0
1.42859144E8	0.0	0.0
1.42860467E8	0.0	39044.36067642605
1.428617895E8	260.5	0.0
1.428631085E8	0.0	0.0
1.42864424E8	0.0	39044.36067642605
1.42865739E8	0.0	0.0
1.42867054E8	251.0	0.0
1.42868369E8	234.4316024567281	39044.36067642605
1.428696825E8	0.0	0.0
1.42870994E8	0.0	0.0
1.42872305E8	0.0	39044.36067642605
1.428736155E8	0.0	0.0
1.428749255E8	366.25925925925924	0.0
1.42876235E8	213.0	39044.36067642605
1.428775435E8	0.0	0.0
1.428788505E8	0.0	0.0
1.428801555E8	284.7121212121212	39044.36067642605
1.428814595E8	0.0	0.0
1.428827635E8	218.0	0.0
1.428840675E8	173.0	39044.36067642605
1.42885371E8	0.0	0.0
1.42886674E8	0.0	0.0
1.428879765E8	0.0	39044.36067642605
1.42889278E8	0.0	0.0
1.42890579E8	254.77777777777777	0.0
1.42891879E8	241.54545454545453	39044.36067642605
1.42893177E8	271.0	0.0
1.42894474E8	0.0	0.0
1.42895771E8	0.0	39044.36067642605
1.428970675E8	0.0	0.0
1.42898363E8	0.0	0.0
1.428996575E8	0.0	39044.36067642605
1.429009515E8	0.0	0.0
1.429022455E8	0.0	0.0
1.42903539E8	358.0	39044.36067642605
1.42904831E8	0.0	0.0
1.429061215E8	0.0	0.0
1.42907411E8	244.0	39044.36067642605
1.42908699E8	270.9540816326531	0.0
1.429099855E8	0.0	0.0
1.42911271E8	0.0	39044.36067642605
1.429125555E8	0.0	0.0
1.429138395E8	279.54411764705884	0.0
1.42915123E8	0.0	39044.36067642605
1.42916406E8	320.0492957746479	0.0
1.429176885E8	256.6666666666667	0.0
1.4291897E8	0.0	39044.36067642605
1.429202505E8	0.0	0.0
1.429215305E8	0.0	0.0
1.4292281E8	0.0	39044.36067642605
1.429240885E8	175.0	0.0
1.429253665E8	225.5	0.0
1.429266445E8	0.0	39044.36067642605
1.42927922E8	287.2911143838979	0.0
1.42929199E8	267.078313253012	0.0
1.42930476E8	253.66666666666666	39044.36067642605
1.429317525E8	0.0	0.0
1.42933028E8	272.9614185502728	0.0
1.42934303E8	0.0	39044.36067642605
1.429355775E8	0.0	0.0
1.429368515E8	0.0	0.0
1.429381245E8	0.0	39044.36067642605
1.42939396E8	0.0	0.0
1.42940667E8	0.0	0.0
1.42941938E8	0.0	39044.36067642605
1.42943209E8	189.0	0.0
1.4294448E8	459.8	0.0
1.429457505E8	261.1212121212121	39044.36067642605
1.429470205E8	208.4	0.0
1.429482905E8	329.3529411764706	0.0
1.4294956E8	239.0	39044.36067642605
1.429508285E8	226.0	0.0
1.429520965E8	312.8333333333333	0.0
1.429533635E8	263.35714285714283	39044.36067642605
1.42954629E8	0.0	0.0
1.429558935E8	203.25	0.0
1.42957157E8	0.0	39044.36067642605
1.4295842E8	0.0	0.0
1.42959683E8	314.1111111111111	0.0
1.429609455E8	0.0	39044.36067642605
1.429622075E8	0.0	0.0
1.429634695E8	0.0	0.0
1.42964731E8	0.0	39044.36067642605
1.42965992E8	269.9428571428571	0.0
1.429672525E8	273.7274509803922	0.0
1.429685125E8	156.0	39044.36067642605
1.429697725E8	267.375	0.0
1.429710325E8	216.0	0.0
1.42972292E8	222.87403100775194	39044.36067642605
1.429735505E8	239.0	0.0
1.429748085E8	201.34375	0.0
1.429760665E8	238.5204081632653	39044.36067642605
1.42977324E8	0.0	0.0
1.42978579E8	196.0	0.0
1.42979832E8	264.625	39044.36067642605
1.429810845E8	0.0	0.0
1.42982336E8	314.5	0.0
1.42983587E8	0.0	39044.36067642605
1.42984838E8	0.0	0.0
1.42986089E8	256.5	0.0
1.429873395E8	257.1666666666667	39044.36067642605
1.42988589E8	0.0	0.0
1.429898375E8	0.0	0.0
1.42991085E8	222.5	39044.36067642605
1.429923315E8	0.0	0.0
1.429935775E8	199.0	0.0
1.429948225E8	212.0	39044.36067642605
1.42996066E8	215.4944	0.0
1.429973085E8	268.22727272727275	0.0
1.4299855E8	0.0	39044.36067642605
1.42999791E8	307.0	0.0
1.43001032E8	243.5	0.0
1.430022725E8	265.0	39044.36067642605
1.430035125E8	0.0	0.0
1.430047525E8	263.378896882494	0.0
1.43005992E8	240.0	39044.36067642605
1.4300719E8	0.0	0.0
1.43007809E8	0.0	0.0
1.430084685E8	0.0	39044.36067642605
1.430097065E8	218.53136531365314	0.0
1.430109445E8	192.0	0.0
1.43012182E8	0.0	39044.36067642605
1.430134185E8	0.0	0.0
1.43014654E8	0.0	0.0
1.43015889E8	325.0	39044.36067642605
1.430171235E8	258.0	0.0
1.430183575E8	279.8376068376068	0.0
1.430195915E8	0.0	39044.36067642605
1.43020825E8	183.0	0.0
1.43022058E8	0.0	0.0
1.430232905E8	232.57142857142858	39044.36067642605
1.43024522E8	241.0	0.0
1.43025753E8	177.0	0.0
1.43026984E8	222.0	39044.36067642605
1.43028215E8	182.0	0.0
1.430294455E8	266.6363636363636	0.0
1.43030675E8	248.0	39044.36067642605
1.43031904E8	0.0	0.0
1.430331325E8	0.0	0.0
1.4303436E8	0.0	39044.36067642605
1.43035587E8	269.6033608116677	0.0
1.43036814E8	0.0	0.0
1.43038041E8	0.0	39044.36067642605
1.430392675E8	294.0	0.0
1.430404935E8	0.0	0.0
1.430417195E8	303.0	39044.36067642605
1.43042945E8	261.25	0.0
1.4304417E8	0.0	0.0
1.43045395E8	0.0	39044.36067642605
1.4304662E8	296.75	0.0
1.43047845E8	0.0	0.0
1.4304907E8	176.0	39044.36067642605
1.430502945E8	284.71223021582733	0.0
1.430515185E8	279.84615384615387	0.0
1.430527425E8	253.0	39044.36067642605
1.430539665E8	224.75	0.0
1.4305519E8	0.0	0.0
1.43056413E8	0.0	39044.36067642605
1.43057636E8	0.0	0.0
1.430588585E8	253.760147601476	0.0
1.430600805E8	203.33333333333334	39044.36067642605
1.43061302E8	0.0	0.0
1.430625225E8	0.0	0.0
1.430637425E8	195.66666666666666	39044.36067642605
1.43064962E8	0.0	0.0
1.43066181E8	0.0	0.0
1.430674E8	0.0	39044.36067642605
1.430686185E8	235.32	0.0
1.430698365E8	0.0	0.0
1.430710525E8	264.6666666666667	39044.36067642605
1.43072266E8	0.0	0.0
1.430734785E8	0.0	0.0
1.430746905E8	0.0	39044.36067642605
1.43075902E8	0.0	0.0
1.43077113E8	241.0	0.0
1.430783235E8	0.0	39044.36067642605
1.43079533E8	0.0	0.0
1.43080742E8	0.0	0.0
1.43081951E8	0.0	39044.36067642605
1.430831595E8	0.0	0.0
1.430843675E8	0.0	0.0
1.430855755E8	233.5	39044.36067642605
1.430867835E8	151.0	0.0
1.43087991E8	255.0	0.0
1.430891975E8	193.5	39044.36067642605
1.43090403E8	237.1851851851852	0.0
1.43091608E8	0.0	0.0
1.43092813E8	264.4	39044.36067642605
1.43094017E8	0.0	0.0
1.4309522E8	0.0	0.0
1.43096423E8	0.0	39044.36067642605
1.430976255E8	282.6666666666667	0.0
1.430988275E8	341.3333333333333	0.0
1.43100029E8	0.0	39044.36067642605
1.431012295E8	256.608	0.0
1.431024295E8	229.0	0.0
1.431036295E8	409.0	39044.36067642605
1.43104829E8	0.0	0.0
1.43106028E8	390.0	0.0
1.431072265E8	0.0	39044.36067642605
1.431084245E8	409.0	0.0
1.43109622E8	162.0	0.0
1.43110819E8	268.0	39044.36067642605
1.43112015E8	0.0	0.0
1.4311321E8	0.0	0.0
1.43114405E8	283.0769230769231	39044.36067642605
1.431156E8	0.0	0.0
1.43116795E8	256.11475409836066	0.0
1.431179895E8	0.0	39044.36067642605
1.43119183E8	238.2	0.0
1.43120376E8	179.0	0.0
1.43121569E8	286.0	39044.36067642605
1.43122762E8	331.0	0.0
1.431239545E8	0.0	0.0
1.431251465E8	269.86746987951807	39044.36067642605
1.431263385E8	0.0	0.0
1.4312753E8	263.0	0.0
1.43128721E8	0.0	39044.36067642605
1.431299115E8	0.0	0.0
1.431311015E8	0.0	0.0
1.431322915E8	0.0	39044.36067642605
1.43133481E8	0.0	0.0
1.4313467E8	0.0	0.0
1.43135859E8	0.0	39044.36067642605
1.43137048E8	0.0	0.0
1.43138237E8	0.0	0.0
1.43139426E8	256.375	39044.36067642605
1.431406145E8	0.0	0.0
1.431418015E8	279.0	0.0
1.431429875E8	0.0	39044.36067642605
1.431441735E8	239.73076923076923	0.0
1.431453595E8	0.0	0.0
1.431465455E8	0.0	39044.36067642605
1.43147731E8	0.0	0.0
1.43148916E8	0.0	0.0
1.43150101E8	211.66666666666666	39044.36067642605
1.43151286E8	0.0	0.0
1.431524705E8	0.0	0.0
1.431536545E8	0.0	39044.36067642605
1.431548385E8	0.0	0.0
1.431560225E8	0.0	0.0
1.431572055E8	263.0	39044.36067642605
1.431583875E8	251.3654485049834	0.0
1.43159569E8	0.0	0.0
1.4316075E8	247.55102040816325	39044.36067642605
1.43161931E8	0.0	0.0
1.43163111E8	497.0	0.0
1.4316429E8	0.0	39044.36067642605
1.43165469E8	243.0	0.0
1.431666475E8	0.0	0.0
1.431678255E8	0.0	39044.36067642605
1.431690035E8	0.0	0.0
1.431701815E8	373.0	0.0
1.431713595E8	241.66666666666666	39044.36067642605
1.431725375E8	0.0	0.0
1.43173715E8	0.0	0.0
1.431748915E8	314.8717011774259	39044.36067642605
1.43176067E8	0.0	0.0
1.43177242E8	363.0	0.0
1.431784165E8	0.0	39044.36067642605
1.431795905E8	0.0	0.0
1.43180764E8	0.0	0.0
1.43181937E8	0.0	39044.36067642605
1.4318311E8	279.0	0.0
1.43184282E8	196.0	0.0
1.43185453E8	263.4	39044.36067642605
1.43186624E8	0.0	0.0
1.43187795E8	0.0	0.0
1.431889655E8	0.0	39044.36067642605
1.43190135E8	0.0	0.0
1.43191304E8	0.0	0.0
1.431924725E8	0.0	39044.36067642605
1.4319364E8	167.0	0.0
1.43194807E8	0.0	0.0
1.43195974E8	0.0	39044.36067642605
1.431971405E8	0.0	0.0
1.431983065E8	264.0510638297872	0.0
1.431994725E8	302.52922590837284	39044.36067642605
1.432006385E8	0.0	0.0
1.43201804E8	0.0	0.0
1.43202969E8	0.0	39044.36067642605
1.432041335E8	0.0	0.0
1.43205297E8	0.0	0.0
1.4320646E8	248.60780065005417	39044.36067642605
1.43207623E8	0.0	0.0
1.43208786E8	256.0	0.0
1.43209949E8	388.0	39044.36067642605
1.43211112E8	233.03174603174602	0.0
1.432122745E8	264.0851063829787	0.0
1.432134365E8	278.3333333333333	39044.36067642605
1.432145985E8	249.21481481481482	0.0
1.4321576E8	0.0	0.0
1.43216921E8	0.0	39044.36067642605
1.43218082E8	0.0	0.0
1.432192425E8	0.0	0.0
1.432204025E8	296.85714285714283	39044.36067642605
1.432215625E8	0.0	0.0
1.43222722E8	0.0	0.0
1.43223881E8	0.0	39044.36067642605
1.4322504E8	408.64285714285717	0.0
1.43226199E8	0.0	0.0
1.43227358E8	268.79487179487177	39044.36067642605
1.432285165E8	0.0	0.0
1.432296745E8	246.875605815832	0.0
1.432308325E8	269.0	39044.36067642605
1.4323199E8	222.33333333333334	0.0
1.43233147E8	289.1111111111111	0.0
1.432343035E8	0.0	39044.36067642605
1.432354595E8	0.0	0.0
1.43236615E8	0.0	0.0
1.4323777E8	282.75	39044.36067642605
1.43238925E8	0.0	0.0
1.4324008E8	221.91203703703704	0.0
1.432412345E8	0.0	39044.36067642605
1.432423885E8	257.0	0.0
1.432435425E8	171.0	0.0
1.432446965E8	254.61111111111111	39044.36067642605
1.4324585E8	0.0	0.0
1.43247003E8	225.0	0.0
1.43248156E8	0.0	39044.36067642605
1.432493085E8	269.2	0.0
1.432504605E8	0.0	0.0
1.432516125E8	0.0	39044.36067642605
1.432527645E8	0.0	0.0
1.43253916E8	241.0	0.0
1.432550665E8	218.66666666666666	39044.36067642605
1.432562165E8	189.0	0.0
1.432573655E8	0.0	0.0
1.432585135E8	0.0	39044.36067642605
1.432596615E8	0.0	0.0
1.432608095E8	247.33333333333334	0.0
1.432619575E8	0.0	39044.36067642605
1.432631055E8	0.0	0.0
1.43264253E8	219.0	0.0
1.432654E8	260.0313549832027	39044.36067642605
1.43266547E8	0.0	0.0
1.432676935E8	0.0	0.0
1.432688395E8	0.0	39044.36067642605
1.432699855E8	0.0	0.0
1.43271131E8	0.0	0.0
1.432722755E8	231.2	39044.36067642605
1.432734195E8	232.36363636363637	0.0
1.432745635E8	252.30223390275953	0.0
1.432757075E8	315.09375	39044.36067642605
1.432768515E8	259.0	0.0
1.43277995E8	0.0	0.0
1.43279138E8	357.0	39044.36067642605
1.432802805E8	0.0	0.0
1.432814225E8	209.0	0.0
1.432825645E8	230.94664213431463	39044.36067642605
1.43283706E8	262.0894308943089	0.0
1.43284847E8	281.7860962566845	0.0
1.432859875E8	259.35483870967744	39044.36067642605
1.432871275E8	0.0	0.0
1.432882675E8	0.0	0.0
1.432894075E8	0.0	39044.36067642605
1.43290547E8	249.55555555555554	0.0
1.43291686E8	264.0	0.0
1.43292825E8	0.0	39044.36067642605
1.43293964E8	184.0	0.0
1.43295103E8	0.0	0.0
1.432962415E8	272.5	39044.36067642605
1.43297379E8	272.0	0.0
1.432985155E8	246.75463598901098	0.0
1.432996515E8	0.0	39044.36067642605
1.433007875E8	352.32915622389305	0.0
1.433019235E8	0.0	0.0
1.43303059E8	0.0	39044.36067642605
1.43304194E8	0.0	0.0
1.43305329E8	296.57142857142856	0.0
1.433064635E8	0.0	39044.36067642605
1.433075975E8	254.82962962962964	0.0
1.433087315E8	247.3695115934879	0.0
1.433098655E8	0.0	39044.36067642605
1.43310999E8	0.0	0.0
1.43312132E8	0.0	0.0
1.43313265E8	322.0	39044.36067642605
1.433143975E8	262.09987681228085	0.0
1.433155295E8	233.66666666666666	0.0
1.433166615E8	0.0	39044.36067642605
1.433177935E8	0.0	0.0
1.43318925E8	0.0	0.0
1.43320056E8	259.4207171314741	39044.36067642605
1.43321187E8	0.0	0.0
1.433223175E8	0.0	0.0
1.433234475E8	0.0	39044.36067642605
1.433245775E8	248.14285714285714	0.0
1.43325707E8	252.0	0.0
1.43326836E8	271.0	39044.36067642605
1.43327965E8	285.6923076923077	0.0
1.43329094E8	0.0	0.0
1.43330222E8	268.1818181818182	39044.36067642605
1.43331349E8	0.0	0.0
1.433324755E8	235.36186770428014	0.0
1.433336015E8	0.0	39044.36067642605
1.433347275E8	0.0	0.0
1.433358535E8	0.0	0.0
1.433369795E8	239.6969696969697	39044.36067642605
1.43338105E8	270.4634146341463	0.0
1.4333923E8	0.0	0.0
1.433403545E8	255.0	39044.36067642605
1.433414785E8	0.0	0.0
1.43342602E8	0.0	0.0
1.43343725E8	193.41975308641975	39044.36067642605
1.43344848E8	102.0	0.0
1.43345971E8	268.3333333333333	0.0
1.43347094E8	0.0	39044.36067642605
1.433482165E8	293.52004860267317	0.0
1.43349338E8	0.0	0.0
1.433504585E8	0.0	39044.36067642605
1.43351578E8	183.0	0.0
1.43352697E8	241.63636363636363	0.0
1.433538155E8	227.0	39044.36067642605
1.433549335E8	0.0	0.0
1.433560515E8	0.0	0.0
1.433571695E8	299.25	39044.36067642605
1.43358287E8	0.0	0.0
1.43359404E8	0.0	0.0
1.43360521E8	202.33333333333334	39044.36067642605
1.43361638E8	320.0	0.0
1.43362755E8	265.95652173913044	0.0
1.43363872E8	262.0	39044.36067642605
1.433649885E8	0.0	0.0
1.433661045E8	263.4761904761905	0.0
1.433668735E8	246.91836734693877	39044.36067642605
1.433674315E8	274.14285714285717	0.0
1.433683365E8	0.0	0.0
1.433694525E8	278.64285714285717	39044.36067642605
1.433705685E8	0.0	0.0
1.43371684E8	310.0	0.0
1.43372799E8	0.0	39044.36067642605
1.43373914E8	206.0	0.0
1.433750285E8	285.0	0.0
1.433761425E8	0.0	39044.36067642605
1.433772565E8	0.0	0.0
1.433783705E8	0.0	0.0
1.433794845E8	0.0	39044.36067642605
1.433805985E8	0.0	0.0
1.433817115E8	0.0	0.0
1.433828235E8	0.0	39044.36067642605
1.433839355E8	0.0	0.0
1.433850475E8	274.45045045045043	0.0
1.43386159E8	325.4	39044.36067642605
1.433872695E8	0.0	0.0
1.433883795E8	0.0	0.0
1.433894895E8	316.0	39044.36067642605
1.433905995E8	0.0	0.0
1.43391709E8	245.75	0.0
1.43392818E8	0.0	39044.36067642605
1.43393927E8	252.16666666666666	0.0
1.43395036E8	0.0	0.0
1.433961445E8	259.1904761904762	39044.36067642605
1.433972525E8	0.0	0.0
1.4339836E8	0.0	0.0
1.43399467E8	249.0	39044.36067642605
1.43400574E8	0.0	0.0
1.434016805E8	261.1272727272727	0.0
1.434027865E8	117.0	39044.36067642605
1.43403892E8	348.0	0.0
1.43404997E8	0.0	0.0
1.43406102E8	0.0	39044.36067642605
1.43407207E8	0.0	0.0
1.43408312E8	0.0	0.0
1.43409417E8	0.0	39044.36067642605
1.43410521E8	0.0	0.0
1.43411624E8	0.0	0.0
1.43412727E8	241.0	39044.36067642605
1.434138295E8	0.0	0.0
1.434149315E8	0.0	0.0
1.434160335E8	172.0	39044.36067642605
1.43417135E8	234.2	0.0
1.43418236E8	0.0	0.0
1.43419337E8	199.2	39044.36067642605
1.434204375E8	275.95969945355193	0.0
1.434215375E8	0.0	0.0
1.43422637E8	0.0	39044.36067642605
1.43423736E8	234.83333333333334	0.0
1.434248345E8	245.32258064516128	0.0
1.434259325E8	0.0	39044.36067642605
1.434270305E8	0.0	0.0
1.43428128E8	0.0	0.0
1.43429225E8	0.0	39044.36067642605
1.43430322E8	268.0	0.0
1.434314185E8	0.0	0.0
1.434325145E8	0.0	39044.36067642605
1.434336095E8	268.5	0.0
1.43434703E8	0.0	0.0
1.434357955E8	0.0	39044.36067642605
1.43436887E8	0.0	0.0
1.43437978E8	350.375	0.0
1.434390685E8	0.0	39044.36067642605
1.434401585E8	0.0	0.0
1.434412485E8	356.8	0.0
1.434423385E8	247.67741935483872	39044.36067642605
1.434434285E8	0.0	0.0
1.43444518E8	0.0	0.0
1.43445607E8	186.0	39044.36067642605
1.434466955E8	0.0	0.0
1.434477835E8	198.0	0.0
1.434488715E8	0.0	39044.36067642605
1.434499595E8	273.4	0.0
1.43451047E8	0.0	0.0
1.43452134E8	277.95714285714286	39044.36067642605
1.43453221E8	293.8809523809524	0.0
1.434543075E8	261.3333333333333	0.0
1.434553935E8	252.86666666666667	39044.36067642605
1.434564795E8	247.23809523809524	0.0
1.434575655E8	0.0	0.0
1.434586505E8	0.0	39044.36067642605
1.434597345E8	0.0	0.0
1.434608185E8	0.0	0.0
1.434619025E8	0.0	39044.36067642605
1.434629865E8	183.33333333333334	0.0
1.4346407E8	0.0	0.0
1.43465153E8	231.0	39044.36067642605
1.43466236E8	269.98421883219356	0.0
1.434673185E8	0.0	0.0
1.434684005E8	0.0	39044.36067642605
1.43469482E8	0.0	0.0
1.43470563E8	238.1904761904762	0.0
1.434716435E8	267.0	39044.36067642605
1.434727235E8	0.0	0.0
1.434738035E8	323.3125	0.0
1.43474883E8	0.0	39044.36067642605
1.43475962E8	0.0	0.0
1.434770405E8	0.0	0.0
1.434781185E8	208.27504911591356	39044.36067642605
1.434791965E8	0.0	0.0
1.434802745E8	246.33333333333334	0.0
1.43481352E8	0.0	39044.36067642605
1.43482429E8	0.0	0.0
1.434835055E8	0.0	0.0
1.434845815E8	0.0	39044.36067642605
1.434856575E8	0.0	0.0
1.434867335E8	0.0	0.0
1.43487809E8	0.0	39044.36067642605
1.43488884E8	331.4	0.0
1.43489959E8	259.74626865671644	0.0
1.43491034E8	176.0	39044.36067642605
1.434921085E8	0.0	0.0
1.434931825E8	250.58333333333334	0.0
1.434942565E8	161.2888888888889	39044.36067642605
1.434953305E8	241.83333333333334	0.0
1.43496404E8	0.0	0.0
1.434974765E8	258.59757942511345	39044.36067642605
1.434985485E8	0.0	0.0
1.4349962E8	0.0	0.0
1.43500691E8	275.7391304347826	39044.36067642605
1.435017615E8	111.0	0.0
1.435028315E8	141.0	0.0
1.435039015E8	0.0	39044.36067642605
1.43504971E8	0.0	0.0
1.4350604E8	0.0	0.0
1.435071085E8	265.0	39044.36067642605
1.43508176E8	0.0	0.0
1.43509243E8	0.0	0.0
1.4351031E8	305.0	39044.36067642605
1.435113765E8	254.0	0.0
1.435124415E8	266.5	0.0
1.435135055E8	0.0	39044.36067642605
1.435145695E8	249.94117647058823	0.0
1.43515633E8	0.0	0.0
1.43516696E8	0.0	39044.36067642605
1.43517759E8	330.75	0.0
1.43518822E8	422.42857142857144	0.0
1.43519885E8	0.0	39044.36067642605
1.43520948E8	0.0	0.0
1.43522011E8	0.0	0.0
1.43523074E8	0.0	39044.36067642605
1.435241365E8	270.53061224489795	0.0
1.435251985E8	0.0	0.0
1.435262605E8	237.0	39044.36067642605
1.435273225E8	0.0	0.0
1.435283845E8	0.0	0.0
1.43529446E8	198.5	39044.36067642605
1.435305065E8	258.7539503386005	0.0
1.435315665E8	263.2	0.0
1.435326265E8	223.0	39044.36067642605
1.43533686E8	309.1081081081081	0.0
1.43534745E8	0.0	0.0
1.43535804E8	0.0	39044.36067642605
1.435368625E8	0.0	0.0
1.435379205E8	273.93656887462754	0.0
1.435389785E8	0.0	39044.36067642605
1.435400365E8	269.3809523809524	0.0
1.43541094E8	0.0	0.0
1.435421505E8	254.0	39044.36067642605
1.435432065E8	223.0	0.0
1.435442625E8	0.0	0.0
1.435453185E8	346.8	39044.36067642605
1.43546374E8	0.0	0.0
1.43547429E8	0.0	0.0
1.43548484E8	0.0	39044.36067642605
1.435495385E8	264.6	0.0
1.435505925E8	0.0	0.0
1.43551646E8	0.0	39044.36067642605
1.43552699E8	268.6666666666667	0.0
1.43553752E8	273.921568627451	0.0
1.43554805E8	273.8	39044.36067642605
1.43555858E8	248.96666666666667	0.0
1.435569105E8	0.0	0.0
1.435579625E8	253.64	39044.36067642605
1.435590145E8	261.5	0.0
1.43560066E8	0.0	0.0
1.43561117E8	0.0	39044.36067642605
1.43562168E8	329.2	0.0
1.43563219E8	0.0	0.0
1.4356427E8	202.1	39044.36067642605
1.435653205E8	0.0	0.0
1.435663705E8	306.0	0.0
1.4356742E8	0.0	39044.36067642605
1.43568469E8	0.0	0.0
1.43569518E8	0.0	0.0
1.43570567E8	0.0	39044.36067642605
1.43571616E8	274.3076923076923	0.0
1.435726645E8	0.0	0.0
1.435737125E8	253.7948717948718	39044.36067642605
1.435747605E8	0.0	0.0
1.435758085E8	0.0	0.0
1.435768565E8	521.8125	39044.36067642605
1.43577904E8	258.4993735905788	0.0
1.43578951E8	0.0	0.0
1.43579998E8	0.0	39044.36067642605
1.43581045E8	247.33333333333334	0.0
1.435820915E8	0.0	0.0
1.43583137E8	163.0	39044.36067642605
1.43584182E8	252.0	0.0
1.43585227E8	247.44444444444446	0.0
1.43586272E8	0.0	39044.36067642605
1.435873165E8	0.0	0.0
1.435883605E8	229.9746835443038	0.0
1.435894045E8	296.7142857142857	39044.36067642605
1.43590448E8	257.0	0.0
1.43591491E8	253.0	0.0
1.435925335E8	0.0	39044.36067642605
1.435935755E8	0.0	0.0
1.435946175E8	243.52646239554318	0.0
1.435956595E8	339.7857142857143	39044.36067642605
1.435967015E8	0.0	0.0
1.43597743E8	242.8	0.0
1.43598784E8	0.0	39044.36067642605
1.43599825E8	0.0	0.0
1.436008655E8	0.0	0.0
1.436019055E8	0.0	39044.36067642605
1.436029455E8	0.0	0.0
1.436039855E8	413.4	0.0
1.43605025E8	227.22222222222223	39044.36067642605
1.43606064E8	237.25	0.0
1.43607103E8	165.0	0.0
1.436081415E8	0.0	39044.36067642605
1.436091795E8	213.14285714285714	0.0
1.436102175E8	215.0	0.0
1.43611255E8	0.0	39044.36067642605
1.43612292E8	0.0	0.0
1.43613329E8	0.0	0.0
1.43614366E8	347.06666666666666	39044.36067642605
1.436154025E8	0.0	0.0
1.436164385E8	264.03125	0.0
1.43617474E8	0.0	39044.36067642605
1.43618509E8	202.66666666666666	0.0
1.43619544E8	318.0	0.0
1.43620579E8	0.0	39044.36067642605
1.43621614E8	0.0	0.0
1.43622648E8	0.0	0.0
1.43623681E8	0.0	39044.36067642605
1.43624714E8	217.0	0.0
1.43625747E8	233.4	0.0
1.436267795E8	0.0	39044.36067642605
1.436278115E8	233.91666666666666	0.0
1.436288435E8	388.5	0.0
1.43629875E8	0.0	39044.36067642605
1.43630906E8	0.0	0.0
1.43631937E8	225.2	0.0
1.436329675E8	278.25	39044.36067642605
1.436339975E8	0.0	0.0
1.436350275E8	0.0	0.0
1.43636057E8	244.46153846153845	39044.36067642605
1.43637086E8	204.0	0.0
1.43638115E8	265.7353230737344	0.0
1.43639144E8	235.66083916083917	39044.36067642605
1.43640173E8	0.0	0.0
1.43641202E8	0.0	0.0
1.43642231E8	0.0	39044.36067642605
1.436432595E8	0.0	0.0
1.436442875E8	0.0	0.0
1.43645315E8	0.0	39044.36067642605
1.43646342E8	0.0	0.0
1.43647369E8	0.0	0.0
1.436483955E8	193.0	39044.36067642605
1.436494215E8	0.0	0.0
1.43650447E8	0.0	0.0
1.43651472E8	0.0	39044.36067642605
1.43652497E8	131.0	0.0
1.43653522E8	0.0	0.0
1.43654546E8	0.0	39044.36067642605
1.43655569E8	0.0	0.0
1.436565915E8	0.0	0.0
1.436576135E8	287.6	39044.36067642605
1.436586355E8	290.3333333333333	0.0
1.436596575E8	0.0	0.0
1.43660679E8	247.35	39044.36067642605
1.436617E8	302.3333333333333	0.0
1.43662721E8	378.0	0.0
1.436637415E8	268.4192521877486	39044.36067642605
1.436647615E8	0.0	0.0
1.436657815E8	0.0	0.0
1.43666801E8	0.0	39044.36067642605
1.4366782E8	0.0	0.0
1.43668839E8	0.0	0.0
1.43669858E8	0.0	39044.36067642605
1.43670877E8	307.8	0.0
1.436718955E8	264.30434782608694	0.0
1.436729135E8	0.0	39044.36067642605
1.436739315E8	196.0	0.0
1.436749495E8	0.0	0.0
1.436759665E8	0.0	39044.36067642605
1.436769825E8	0.0	0.0
1.436779985E8	258.0	0.0
1.43679014E8	0.0	39044.36067642605
1.43680029E8	0.0	0.0
1.436810435E8	0.0	0.0
1.436820575E8	288.28682170542635	39044.36067642605
1.436830715E8	0.0	0.0
1.436840855E8	0.0	0.0
1.436850995E8	0.0	39044.36067642605
1.43686113E8	258.14285714285717	0.0
1.43687126E8	0.0	0.0
1.43688139E8	360.0	39044.36067642605
1.436891515E8	0.0	0.0
1.436901635E8	0.0	0.0
1.436911755E8	200.0	39044.36067642605
1.436921875E8	306.94444444444446	0.0
1.436931995E8	241.15	0.0
1.43694211E8	0.0	39044.36067642605
1.43695222E8	262.43589743589746	0.0
1.43696233E8	0.0	0.0
1.43697244E8	0.0	39044.36067642605
1.436982545E8	259.55555555555554	0.0
1.436992645E8	0.0	0.0
1.437002745E8	395.0	39044.36067642605
1.437012845E8	303.0	0.0
1.437022935E8	0.0	0.0
1.437033015E8	0.0	39044.36067642605
1.437043095E8	0.0	0.0
1.43705317E8	0.0	0.0
1.43706324E8	0.0	39044.36067642605
1.437073305E8	125.0	0.0
1.437083365E8	256.3333333333333	0.0
1.437093425E8	0.0	39044.36067642605
1.43710348E8	0.0	0.0
1.43711353E8	0.0	0.0
1.43712358E8	774.3058823529411	39044.36067642605
1.43713363E8	253.35127892813642	0.0
1.43714368E8	259.0	0.0
1.437153725E8	196.0	39044.36067642605
1.437163765E8	0.0	0.0
1.437173805E8	0.0	0.0
1.437183845E8	0.0	39044.36067642605
1.43719388E8	0.0	0.0
1.4372039E8	221.66666666666666	0.0
1.43721391E8	0.0	39044.36067642605
1.43722392E8	192.0	0.0
1.43723393E8	0.0	0.0
1.43724394E8	289.1666666666667	39044.36067642605
1.437251765E8	123.3529411764706	0.0
1.437257305E8	0.0	0.0
