#Position (bp)	mapping quality
179658.5	142.16290161374664
538974.5	120.15805056448572
898290.5	74.90124022556466
1257606.5	113.4619749813144
1616922.5	124.63029278746974
1976238.5	140.11665724693788
2335554.5	130.28817392602758
2694870.5	139.30283031857405
3054186.5	115.31383794846907
3413502.5	187.79592695643566
3772818.5	100.03998373274688
4132134.5	141.04778790627086
4491450.5	170.78657986923224
4850766.5	140.27782611565942
5210082.5	128.09951163050206
5569398.5	120.03207128032946
5928714.5	78.81612974870222
6288030.5	55.38536209584769
6647346.5	126.56510762125646
7006662.5	146.89170483583754
7365978.5	75.13971955932504
7725294.5	138.00629541642283
8084610.5	111.28789293105125
8443926.5	76.03123645680733
8803242.5	119.25014853625142
9162558.5	134.2212899241213
9521874.5	112.19164665114428
9881190.5	186.1610787139438
1.02405065E7	162.824751938892
1.05998225E7	139.93235427398056
1.09591385E7	144.09448244859695
1.13184545E7	159.16007855007342
1.16777705E7	151.72999067822175
1.20370865E7	103.94793149088741
1.23964025E7	20.035080878752694
1.27557185E7	117.26053948127561
1.31150345E7	155.01123292066558
1.34743505E7	152.7602685923416
1.38336665E7	166.76217487517417
1.41929825E7	82.42789604953683
1.45522985E7	88.78079827610782
1.49116145E7	80.2286681363301
1.52709305E7	154.60017574297527
1.56302465E7	103.41258203143575
1.59895625E7	195.7281237083442
1.63488785E7	76.04984416883066
1.67081945E7	91.05696271265764
1.70675105E7	111.98989770446265
1.74268265E7	112.91225658502492
1.77861425E7	18.518317710616287
1.81454585E7	155.04463729050056
1.85047745E7	103.99092894952504
1.88640905E7	133.6704959929501
1.92234065E7	132.9764909335045
1.95827225E7	108.93145259335242
1.99420385E7	141.77197438862862
2.03013545E7	61.0989147852588
2.06606705E7	115.12323305268738
2.10199865E7	78.32864001774973
2.13793025E7	57.70244557448447
2.17386185E7	142.19777610056911
2.20979345E7	159.2086952411675
2.24572505E7	133.25182007244777
2.28165665E7	38.452290225825045
2.31758825E7	82.53941044410026
2.34346265E7	34.61062865455147
2.36142845E7	31.0472854141785
2.38945145E7	17.363447485607786
2.42538305E7	12.774608973181387
2.46131465E7	13.254921624665858
2.49724625E7	48.26453385614054
2.53317785E7	4.331327981362052
2.56910945E7	11.782367613874744
2.60504105E7	6.302003581295062
2.64097265E7	5.595232123355193
2.67690425E7	9.550024916080014
2.71283585E7	68.43179995346743
2.74876745E7	22.60724821352785
2.78469905E7	10.438244129021486
2.82063065E7	84.13489225857698
2.85656225E7	72.72682187757398
2.89249385E7	60.9094717029569
2.92842545E7	116.10584183006965
2.96435705E7	121.33379272604218
3.00028865E7	92.58482127184251
3.03622025E7	73.8495293210055
3.07215185E7	119.60879324920137
3.10808345E7	133.25414555353606
3.14401505E7	144.93228374617368
3.17994665E7	189.88739383134975
3.21587825E7	121.64241841514323
3.25180985E7	178.40640014792757
3.28774145E7	130.05210244033594
3.32367305E7	166.45120160062632
3.35960465E7	86.57515496125414
3.39553625E7	61.32501757206741
3.43146785E7	133.12990342782808
3.46739945E7	100.98793534479881
3.50333105E7	57.88607711029177
3.53926265E7	157.68411933269007
3.57519425E7	65.36011728933032
3.61112585E7	134.69995797428936
3.64705745E7	157.31057978419412
3.68298905E7	142.4828939408203
3.71892065E7	183.69852548330783
3.75485225E7	71.00494674075257
3.79078385E7	117.52490395193854
3.82671545E7	188.1050870393747
3.86264705E7	110.65506794111926
3.89857865E7	150.47102286078658
3.93451025E7	107.1230589650275
3.97044185E7	113.12708925462265
4.00637345E7	163.91179233315603
4.04230505E7	151.99166475493527
4.07823665E7	84.53619000829272
4.11416825E7	165.92190172838133
4.15009985E7	143.04474629240124
4.18603145E7	118.65689730971059
4.22196305E7	89.72186807044399
4.25789465E7	84.26906988083462
4.29382625E7	88.32537790089842
4.32975785E7	135.7767727441245
4.36568945E7	168.73168547348266
4.40162105E7	95.39145558361932
4.43755265E7	133.84565506853832
4.47348425E7	144.44528864767742
4.50941585E7	59.147656905153916
4.54534745E7	141.34307612559027
4.58127905E7	115.23776042483178
4.61721065E7	106.76299916355786
4.65314225E7	136.4604568542341
4.68907385E7	135.2036797701768
4.72500545E7	143.57003327624562
4.76093705E7	117.09409188209565
4.79686865E7	133.87681632517027
4.83280025E7	150.14508631308476
4.86541545E7	63.564714302816654
4.88338125E7	67.31734080185598
4.90466345E7	157.61028632212515
4.94059505E7	86.86319051397665
4.97652665E7	123.08587899652282
5.01245825E7	154.87687480163189
5.04838985E7	139.21506773262067
5.08432145E7	126.31320262272875
5.12025305E7	85.0078108753454
5.15618465E7	142.98434483201143
5.19211625E7	135.03604710684843
5.22804785E7	62.621831567644605
5.26397945E7	90.65203336769109
5.29991105E7	96.2166686093417
5.33584265E7	90.06461197330643
5.37177425E7	163.40794822081776
5.40770585E7	65.23023302330392
5.44363745E7	106.96066955285642
5.47956905E7	167.56000042105958
5.51550065E7	133.68025151575645
5.55143225E7	119.98642726384324
5.58736385E7	127.27514821924613
5.62329545E7	147.6619279183079
5.65922705E7	96.13906490433104
5.69515865E7	133.00476689035057
5.73109025E7	153.71894045091193
5.76702185E7	143.7684033317861
5.80295345E7	92.27615561333403
5.83888505E7	112.49283370524763
5.87481665E7	124.03206618359998
5.91074825E7	141.28150106232908
5.94667985E7	189.82931963313243
5.98261145E7	153.62372554922985
6.01854305E7	87.8156349823001
6.05447465E7	133.52605142567162
6.09040625E7	127.74981788767056
6.12633785E7	122.34739845598655
6.16226945E7	103.0213645043387
6.19820105E7	103.41192901122348
6.23413265E7	108.48677808593473
6.27006425E7	148.87616728437504
6.30599585E7	63.615493041743626
6.34192745E7	107.57071757339438
6.37785905E7	105.60201989881335
6.41379065E7	159.239976552392
6.44972225E7	142.68423968112828
6.48565385E7	109.09048876672621
6.52158545E7	125.38464260680257
6.55751705E7	82.94834335234687
6.59344865E7	88.43964358274154
6.62938025E7	117.86148222682615
6.66531185E7	149.75474824936933
6.70124345E7	137.11128172902733
6.73717505E7	150.13851973526627
6.77310665E7	128.64931800995723
6.80903825E7	121.03910416908073
6.84496985E7	152.01878544902632
6.88090145E7	106.32679465111133
6.91683305E7	126.69395910268699
6.95276465E7	154.85717889840734
6.98869625E7	150.2268084562914
7.02462785E7	147.2319225678202
7.06055945E7	103.02232615325072
7.09649105E7	174.96411174952433
7.13242265E7	117.94520547459301
7.16835425E7	117.77558998322641
7.20428585E7	93.73419674515078
7.24021745E7	7.340818543350978
7.27614905E7	21.111413404476583
7.31208065E7	23.36135282216697
7.34801225E7	13.201483822140432
7.38394385E7	82.93642714439841
7.41987545E7	15.063763135537457
7.45580705E7	4.308099695153693
7.49173865E7	7.464371560757542
7.52767025E7	10.154871449279623
7.56360185E7	2.630868630534903
7.59953345E7	41.47179176958331
7.63546505E7	1.4652053103667602
7.67139665E7	28.168292503176204
7.690225E7	123.75441393793264
7.7081908E7	12.402654796449603
7.74325985E7	9.569069178066254
7.77919145E7	74.07519995989865
7.81512305E7	17.009195863151742
7.85105465E7	20.50979687259265
7.88698625E7	31.59572407371597
7.92291785E7	35.55490837625736
7.95884945E7	63.8269823259512
7.99478105E7	21.45042609162846
8.03071265E7	5.5894912510867085
8.06664425E7	23.85830166900248
8.10257585E7	107.65765898040627
8.13850745E7	171.85967122509058
8.17443905E7	113.26557905959832
8.21037065E7	85.95741521044066
8.24630225E7	129.29994029091046
8.28223385E7	105.175055937928
8.31816545E7	109.13602107055952
8.35409705E7	178.84361609797486
8.39002865E7	157.24464784852807
8.42596025E7	184.70891720739647
8.46189185E7	154.3884922166029
8.49782345E7	127.34678019351772
8.53375505E7	166.55113731707416
8.56968665E7	128.08903025595194
8.60561825E7	118.44276615469218
8.64154985E7	133.78686280639516
8.67748145E7	135.51817647769832
8.71341305E7	113.45150826685065
8.74934465E7	178.24194088003384
8.78527625E7	140.23751317314222
8.82120785E7	147.08703058436745
8.85713945E7	45.76522177307174
8.89307105E7	59.63606192813249
8.92900265E7	83.63328411361684
8.96493425E7	126.8345781519052
9.00086585E7	84.10326771957698
9.03679745E7	124.90681718043194
9.07272905E7	124.66216637821758
9.10866065E7	115.12329702243971
9.14459225E7	124.71303366813115
9.18052385E7	101.12926164213839
9.21645545E7	118.00827256565765
9.25238705E7	185.14925486835287
9.28831865E7	173.4251313110221
9.32425025E7	91.26134588669608
9.36018185E7	101.66702808824513
9.39611345E7	120.16298076181536
9.43204505E7	138.33753868732742
9.46797665E7	148.55789704009052
9.50390825E7	66.264577370917
9.53983985E7	78.56716005781472
9.57577145E7	142.27738584608247
9.61170305E7	115.80100510249011
9.64763465E7	105.02611028085609
9.68356625E7	156.38700776590665
9.71949785E7	106.27449956458669
9.75542945E7	87.14024627847984
9.79136105E7	93.5704981578326
9.82729265E7	82.57596686951315
9.86322425E7	92.54682025851334
9.89915585E7	97.20468919841922
9.93508745E7	142.5808577278953
9.97101905E7	107.73088798356545
1.000695065E8	121.18221862063285
1.004288225E8	164.24042725712266
1.007881385E8	149.87106168555516
1.011474545E8	133.72110955464106
1.015067705E8	125.74381882837793
1.018660865E8	170.58811609014677
1.022254025E8	103.46453786345013
1.025847185E8	93.63069919212069
1.029440345E8	150.6502347065629
1.033033505E8	79.10403439195453
1.036626665E8	87.03618156990466
1.040219825E8	140.20354260308991
1.043812985E8	132.82084264581658
1.047406145E8	158.6898550388772
1.050999305E8	197.42427302557635
1.054592465E8	114.59131413105179
1.058185625E8	105.89977622383591
1.061778785E8	169.2554900589843
1.065371945E8	134.79064503623556
1.068965105E8	117.04983136644563
1.072558265E8	98.12171000285161
1.076151425E8	92.65904467923467
1.079744585E8	103.88061279994218
1.083337745E8	126.00684940033567
1.086930905E8	80.07537259838264
1.089314775E8	110.38043310900296
1.091111355E8	151.1290205873393
1.094117225E8	86.01070171623483
1.097710385E8	107.23087421094245
1.101303545E8	96.24635501463374
1.10324175E8	2.855325227727715
1.10503833E8	70.61642043484531
1.108489865E8	151.5764115932188
1.112083025E8	119.32760844273207
1.115676185E8	109.62275051219154
1.119269345E8	160.4804821625134
1.122862505E8	128.43591414606058
1.126455665E8	113.5899903542594
1.130048825E8	66.97171622546665
1.133641985E8	65.79787536330785
1.137235145E8	87.23349057056683
1.140828305E8	69.86612019416964
1.144421465E8	63.99391312611677
1.148014625E8	100.68296968177793
1.151607785E8	61.49047704849072
1.155200945E8	132.08454319966165
1.158794105E8	129.4565610052946
1.162387265E8	128.17542627950553
1.165980425E8	109.82517040966127
1.169573585E8	102.87312101271011
1.173166745E8	121.80688156756563
1.176759905E8	140.23249347479842
1.180353065E8	163.57169172443142
1.183946225E8	132.77228024566833
1.187539385E8	100.88189757580314
1.191132545E8	53.88042138051681
1.194725705E8	90.59183062283823
1.198318865E8	162.38832159666
1.201912025E8	137.36778770595458
1.205505185E8	68.40224632133955
1.209098345E8	100.12914765617242
1.212691505E8	88.81625484377108
1.216284665E8	135.39304856923283
1.219877825E8	119.22531460778289
1.223470985E8	166.80514634499525
1.227064145E8	120.54446802639492
1.230657305E8	70.8028121830637
1.234250465E8	132.19865510846475
1.237843625E8	93.79053814604424
1.241436785E8	86.77575971014357
1.245029945E8	101.57226287807427
1.248623105E8	55.5150392277672
1.252216265E8	46.47701706182624
1.255809425E8	160.19435482474242
1.259402585E8	167.55086432308576
1.262995745E8	132.1491699428458
1.266588905E8	104.57042815164917
1.270182065E8	133.34642276401172
1.273775225E8	72.32617869937224
1.277368385E8	95.07332114922639
1.280961545E8	111.92325462332653
1.284554705E8	88.6497831747258
1.288147865E8	161.18902367506533
1.291741025E8	76.53162606590593
1.295334185E8	123.49042605785108
1.298927345E8	143.35988134464324
1.302520505E8	116.03140991625583
1.306113665E8	123.92479206334981
1.309706825E8	123.73780915262721
1.313299985E8	95.47550885670213
1.316893145E8	65.43075933634587
1.320486305E8	72.18587865790663
1.324079465E8	19.482352042220278
1.327672625E8	138.09624490278162
1.331265785E8	81.26563876326749
1.334858945E8	96.01393217703543
1.337730805E8	1.6258804672714728
1.339527385E8	42.568541962173924
1.342045265E8	14.135133173598577
1.345638425E8	46.047330982647196
1.349231585E8	2.9009945322615187
1.352824745E8	9.288153390231974
1.356417905E8	11.623928142522221
1.360011065E8	5.580809839011832
1.363604225E8	23.251527848762276
1.367197385E8	18.043288527857257
1.370790545E8	42.51282056243031
1.374033365E8	20.504103117394084
1.375577225E8	254.2973807935441
1.375927565E8	35.523060429354416
1.376371405E8	12.958411205799479
1.37699935E8	23.828078524687687
1.37786751E8	90.04801449546497
1.37868371E8	7.558012444746988
1.37942101E8	26.053405840714564
1.37980213E8	51.64068046170431
1.38019627E8	80.86515665199933
1.38089538E8	33.00874692090138
1.38156123E8	32.07990261177512
1.382206275E8	74.21630944715298
1.38280805E8	3.8249101844750335
1.38323179E8	1.8455284552845528
1.383484915E8	139.1153846153846
1.38384028E8	96.04933764472723
1.384312265E8	43.28960449535336
1.384772795E8	91.53846153846153
1.38522045E8	103.7032893668465
1.385663025E8	0.6497963161485235
1.38610046E8	43.22096413451553
1.38651258E8	19.467857694940705
1.386833775E8	31.00731274575621
1.387019305E8	0.0
1.38726341E8	0.0
1.387630385E8	69.12853515453989
1.3879854E8	128.26758372965273
1.3883298E8	12.932705865764241
1.388668195E8	93.87828315182576
1.389001375E8	120.43237300497684
1.389325255E8	19.26099694138332
1.38963047E8	1.0004444444444445
1.38991991E8	173.43447951012718
1.390198715E8	44.221800433839476
1.39044446E8	0.6113370007175317
1.390581695E8	3.0
1.39074104E8	68.56624263108905
1.391000815E8	240.26773132926257
1.39125904E8	40.587965556593005
1.391516555E8	41.0326718377489
1.391772845E8	14.337686435642567
1.39202833E8	17.556115446854708
1.39227853E8	255.0
1.392522945E8	125.90945147085436
1.392761035E8	0.0
1.392991635E8	0.0
1.393219065E8	126.83278786075573
1.39344169E8	135.38946958889898
1.393656665E8	0.0
1.39386585E8	143.11423041106175
1.394057875E8	0.0
1.394157655E8	0.989247311827957
1.39426072E8	97.46140273489193
1.394433E8	0.0
1.394591395E8	1.427853192559075
1.39474609E8	0.0
1.394898515E8	1.2858580775037745
1.39504877E8	18.252611667598124
1.39519712E8	191.58388375165126
1.39534307E8	0.0
1.39548658E8	21.653131885426504
1.395628065E8	163.5273862543651
1.395768695E8	139.81957773512477
1.395908865E8	0.0
1.396048595E8	56.666666666666664
1.39618797E8	255.0
1.396327175E8	60.91362126245847
1.39646447E8	0.0
1.39659998E8	18.043895292589212
1.39673523E8	0.0
1.39687001E8	1.0
1.39700456E8	255.0
1.397138915E8	0.0
1.397272965E8	0.0
1.39740652E8	127.5
1.397539385E8	0.0
1.397671835E8	18.205128205128204
1.397738625E8	0.0
1.39780441E8	4.788442096337605
1.397935115E8	3.0
1.39806605E8	0.0
1.398195725E8	240.9214518277342
1.398324245E8	0.0
1.39845262E8	255.0
1.398580325E8	3.0
1.3987073E8	1.9857142857142858
1.398833975E8	1.0
1.398960405E8	121.87840885790445
1.399086725E8	1.0
1.399212565E8	131.5806683435142
1.39933781E8	167.7310382324593
1.39946267E8	255.0
1.399587085E8	13.095238095238095
1.399711325E8	0.0
1.39983544E8	0.0
1.399959275E8	138.9474367293965
1.400082885E8	62.71306818181818
1.40020559E8	255.0
1.400327265E8	0.0
1.400448715E8	0.0
1.4005699E8	0.0
1.400690545E8	0.0
1.40081085E8	253.21678321678323
1.400930995E8	126.86809269162211
1.40105101E8	35.11206434316354
1.40117094E8	91.02952029520296
1.401281635E8	0.0
1.40134155E8	0.0
1.401410485E8	1.1772864162307815
1.40153003E8	1.0
1.40164882E8	0.0
1.40176667E8	192.4416791604198
1.4018842E8	210.62178854371808
1.40200076E8	0.43446118851293714
1.402116215E8	0.0
1.402231315E8	0.0
1.402345955E8	0.0
1.402459205E8	0.0
1.402571045E8	0.0
1.402682415E8	0.0
1.4027885E8	23.660872551383502
1.40288828E8	255.0
1.402984445E8	0.0
1.40307799E8	0.0
1.403166425E8	2.224882260596546
1.40324819E8	0.0
1.403326835E8	3.0
1.403402015E8	0.0
1.4034742E8	0.0
1.40354483E8	0.8
1.403614525E8	4.473195007568559
1.403683705E8	236.4504932200017
1.403752505E8	2.30764542561116
1.403821105E8	0.33176470588235296
1.40388953E8	255.0
1.403957145E8	0.0
1.404023365E8	2.579172610556348
1.404088075E8	255.0
1.404151525E8	3.0
1.40421418E8	1.0
1.40427633E8	70.60735350685985
1.404337675E8	224.81488203266787
1.404398365E8	0.0
1.40445888E8	255.0
1.404519085E8	143.83316782522343
1.404579005E8	206.66413662239088
1.404638765E8	211.28235037610378
1.404698365E8	255.0
1.4047577E8	255.0
1.40481673E8	169.4436687873836
1.404875345E8	0.0
1.404915035E8	0.0
1.404943895E8	0.0
1.404990715E8	0.0
1.405047025E8	104.29656822661157
1.40510262E8	0.0
1.405157995E8	211.67539293996393
1.40521292E8	254.18944691671965
1.40526756E8	173.3529104064451
1.40532181E8	0.0
1.40537566E8	231.56957168624973
1.405429375E8	255.0
1.405482795E8	232.88504806708937
1.40553603E8	0.0
1.405589225E8	3.0
1.40564221E8	0.0
1.405694775E8	255.0
1.40574688E8	0.0
1.405798735E8	254.63453959154424
1.405850135E8	255.0
1.40590093E8	1.0
1.405951535E8	0.0
1.40600212E8	0.0
1.406052535E8	0.0
1.406102665E8	14.830827067669173
1.406152645E8	0.0
1.406202595E8	3.0
1.406252495E8	0.0
1.40630226E8	0.0
1.40635179E8	0.0
1.40640115E8	0.0
1.4064504E8	0.0
1.4064995E8	237.09041441879768
1.406548455E8	0.0
1.40659729E8	20.323978321371026
1.40664601E8	1.6647127784290738
1.406694435E8	0.0
1.40674261E8	0.0
1.40679061E8	152.71818181818182
1.40683806E8	0.0
1.40688509E8	0.0
1.406931635E8	0.0
1.40697758E8	0.0
1.40702335E8	0.0
1.40706898E8	255.0
1.40711432E8	0.0
1.40715925E8	218.3876683203402
1.40720393E8	0.0
1.407248515E8	128.0
1.407292955E8	0.0
1.407337135E8	0.0
1.40738111E8	0.0
1.40742499E8	0.0
1.407468785E8	0.0
1.40751256E8	0.0
1.407556295E8	3.0
1.40759995E8	255.0
1.407643435E8	0.0
1.407686665E8	129.0
1.407729765E8	0.3994118775171003
1.40777284E8	0.0
1.40781584E8	232.9647306844944
1.40785876E8	17.295154958548117
1.40790157E8	0.0
1.407944295E8	0.0
1.407986935E8	0.0
1.40802937E8	0.0
1.40807165E8	0.0
1.408113885E8	0.0
1.408156105E8	222.99102333931776
1.408198225E8	0.47905244213786463
1.40824022E8	1.0
1.408282145E8	2.162088974854932
1.408324E8	0.0
1.408365825E8	0.0
1.40840755E8	0.0
1.408449115E8	0.9551724137931035
1.40849054E8	0.0
1.40851497E8	0.0
1.408535395E8	0.0
1.40857247E8	0.0
1.408613235E8	0.0
1.40865389E8	150.36972098120205
1.408694335E8	0.0
1.40873455E8	254.10526315789474
1.408774675E8	0.0
1.408814765E8	0.0
1.40885475E8	254.28370786516854
1.408894625E8	0.0
1.408934395E8	0.0
1.408974065E8	217.2522239665097
1.409013685E8	180.1641074856046
1.409053235E8	228.03841775426895
1.40909269E8	0.0
1.409132055E8	41.63977485928705
1.409171345E8	0.0
1.409210595E8	254.2195868400918
1.40924982E8	0.0
1.40928899E8	0.0
1.40932812E8	0.0
1.409367215E8	3.0
1.4094061E8	0.0
1.409444775E8	1.9930597465298732
1.409483385E8	217.4724066377035
1.409521765E8	3.0
1.40955989E8	0.0
1.409597955E8	0.0
1.409636015E8	0.0
1.40967392E8	0.0
1.40971157E8	0.0
1.40974907E8	3.0
1.40978648E8	0.0
1.409823815E8	1.6
1.40986105E8	50.306993006993004
1.409898215E8	3.0
1.40993536E8	80.03070175438596
1.409972465E8	0.0
1.41000941E8	0.0
1.410046115E8	0.4
1.410082665E8	254.5518453427065
1.41011916E8	0.0
1.410155645E8	0.0
1.410192115E8	2.98943661971831
1.410228535E8	0.3333333333333333
1.410264835E8	253.91949152542372
1.410301055E8	0.0
1.41033718E8	255.0
1.41037321E8	0.0
1.410409235E8	255.0
1.41044521E8	0.311046511627907
1.410481085E8	0.0
1.410516865E8	0.0
1.41055252E8	0.0
1.410588075E8	218.8169968333456
1.41062361E8	86.0
1.41065914E8	0.0
1.41069467E8	195.105208115457
1.41073012E8	217.82146298729742
1.41076544E8	0.0
1.41080071E8	0.0
1.41083596E8	0.0
1.41087117E8	0.0
1.41090628E8	0.0
1.410941305E8	230.8581526359515
1.41097631E8	91.30560928433269
1.411011295E8	0.0
1.411046235E8	145.71428571428572
1.411081075E8	0.0
1.41111585E8	0.0
1.4111506E8	0.0
1.411185295E8	222.26488254137746
1.41121994E8	0.0
1.411254545E8	42.72110777772802
1.411289005E8	0.0
1.411323185E8	0.0
1.411357175E8	0.0
1.4113911E8	255.0
1.411424975E8	0.0
1.41145878E8	200.15702479338842
1.411492525E8	220.41506086531484
1.41152626E8	255.0
1.41155995E8	3.0
1.411593515E8	0.0
1.41162699E8	193.63636363636363
1.41166043E8	127.03012848914489
1.4116937E8	0.0
1.411726805E8	1.0
1.411759855E8	0.0
1.41179286E8	0.0
1.411825805E8	0.0
1.411858675E8	3.0
1.41189148E8	0.0
1.41192424E8	171.0
1.411956955E8	255.0
1.411989605E8	0.0
1.41202221E8	0.6666666666666666
1.4120548E8	223.25040733846927
1.412087365E8	0.0
1.41210776E8	0.0
1.41212402E8	0.0
1.412152325E8	0.0
1.41218463E8	1.0
1.41221688E8	0.9895470383275261
1.412249085E8	246.09000796530665
1.41228124E8	189.02807695164526
1.41231335E8	0.0
1.412345425E8	255.0
1.41237746E8	0.0
1.41240947E8	0.0
1.41244146E8	0.0
1.412473425E8	161.87729196050776
1.41250538E8	224.28686371100164
1.412537305E8	238.51769202685284
1.412569125E8	0.0
1.41260086E8	0.0
1.41263258E8	0.0
1.412664245E8	0.0
1.41269585E8	0.0
1.41272743E8	0.0
1.412758995E8	0.0
1.412790545E8	235.6153846153846
1.412822035E8	0.0
1.4128534E8	212.77045534495198
1.41288466E8	0.0
1.41291589E8	0.0
1.412947105E8	0.0
1.412978215E8	35.2493006993007
1.413009225E8	0.0
1.413040225E8	145.5678391959799
1.41307117E8	0.0
1.41310204E8	223.45579133510168
1.413132865E8	0.0
1.413163665E8	255.0
1.41319445E8	74.00623099733494
1.413225215E8	237.98282927263818
1.41325596E8	0.0
1.41328669E8	1.8451127819548871
1.41331738E8	0.0
1.413348E8	0.0
1.413378585E8	173.12861112906353
1.413409105E8	247.41973840665875
1.413439555E8	0.0
1.41346999E8	255.0
1.41350033E8	0.0
1.413530575E8	0.0
1.41356076E8	0.0
1.413590875E8	0.0
1.41362097E8	0.0
1.413651025E8	0.0
1.41368103E8	0.0
1.41371102E8	0.6474491912069681
1.413740995E8	23.795826645264846
1.41377093E8	255.0
1.413800805E8	254.60280373831776
1.413830635E8	255.0
1.413860455E8	1.0
1.41389022E8	2.142857142857143
1.413919895E8	0.0
1.4139495E8	0.0
1.413979065E8	0.0
1.41400857E8	0.0
1.41403801E8	0.0
1.41406741E8	0.0
1.41409678E8	0.0
1.414126105E8	0.0
1.41415538E8	229.44704087759442
1.414184645E8	0.0
1.414213895E8	154.3952483801296
1.414243125E8	217.12347425248234
1.414272345E8	0.0
1.41430155E8	0.0
1.414330725E8	3.5080337756332933
1.414359875E8	69.99662975445354
1.414389E8	0.0
1.414418105E8	0.0
1.41444718E8	212.0413782726452
1.414476225E8	0.1711691345465506
1.41450526E8	0.0
1.41453427E8	178.72965855603397
1.41456323E8	0.0
1.41459214E8	170.0
1.414621005E8	210.66259946949603
1.414649835E8	179.49429945819534
1.414678655E8	1.6045197740112995
1.414707475E8	255.0
1.41473629E8	0.0
1.41476508E8	0.0
1.414793845E8	215.78465753424658
1.41482258E8	0.0
1.414851235E8	0.0
1.414879835E8	0.0
1.414908425E8	255.0
1.41493699E8	249.92301566233076
1.41496551E8	225.88819475393137
1.414993995E8	255.0
1.415022465E8	0.0
1.415050915E8	0.0
1.41507934E8	0.0
1.415107725E8	0.0
1.415136075E8	0.0
1.41516441E8	1.0
1.415192725E8	0.0
1.41522102E8	0.0
1.415249305E8	255.0
1.41527757E8	1.6666666666666667
1.41530581E8	0.0
1.415334035E8	0.0
1.415362255E8	0.0
1.415390465E8	255.0
1.41541866E8	0.0
1.41544683E8	213.59284680277543
1.415474975E8	0.0
1.4155031E8	0.0
1.415531175E8	0.0
1.41555919E8	199.01606425702812
1.415587165E8	0.0
1.41561512E8	0.0
1.41564307E8	0.0
1.415671015E8	0.0
1.415695015E8	221.07385283736085
1.41570898E8	255.0
1.41572688E8	0.0
1.4157548E8	255.0
1.415782705E8	141.3727506426735
1.415810595E8	255.0
1.41583847E8	61.19260497179862
1.415866325E8	0.0
1.41589416E8	221.95666897298992
1.41592198E8	0.0
1.41594971E8	0.0
1.415977345E8	0.0
1.41600491E8	0.0
1.416032415E8	0.0
1.41605989E8	255.0
1.416087335E8	255.0
1.416114735E8	0.0
1.41614208E8	0.0
1.416169385E8	140.38422333922972
1.41619657E8	223.00955095909129
1.416223655E8	0.0
1.41625071E8	0.0
1.416277715E8	255.0
1.41630469E8	0.8477611940298507
1.416331645E8	217.14811894512547
1.41635856E8	0.0
1.416385445E8	1.219543973941368
1.416412325E8	0.0
1.416439195E8	236.61394712853237
1.41646598E8	218.306752948544
1.416492685E8	0.0
1.41651938E8	1.9327062228654124
1.416546065E8	0.0
1.41657273E8	38.950160957521994
1.416599375E8	0.0
1.41662593E8	254.97182631753398
1.416652385E8	0.0
1.416678815E8	204.614563970243
1.41670523E8	0.0
1.41673163E8	0.0
1.41675801E8	0.0
1.416784375E8	104.38290380581361
1.41681073E8	0.0
1.41683705E8	0.0
1.416863335E8	255.0
1.416889605E8	0.0
1.416915825E8	0.0
1.416942E8	0.0
1.416968145E8	1.0
1.41699426E8	3.0
1.41702034E8	1.0
1.41704638E8	0.0
1.41707241E8	217.66995841995842
1.41709838E8	0.0
1.417124275E8	169.8
1.417150135E8	0.0
1.41717597E8	0.0
1.41720177E8	0.0
1.41722754E8	0.0
1.417253305E8	2.527235354573484
1.41727906E8	153.36414961185602
1.41730481E8	0.0
1.41733056E8	0.0
1.417356305E8	254.7408536585366
1.417382025E8	0.0
1.4174077E8	3.0
1.41743333E8	0.0
1.41745892E8	0.0
1.417484485E8	0.0
1.41751004E8	255.0
1.41753556E8	3.0
1.41756104E8	131.95609794099727
1.41758648E8	0.0
1.41761189E8	154.2
1.417637275E8	0.0
1.4176626E8	0.0
1.41768789E8	0.0
1.417713145E8	0.0
1.41773836E8	97.73335659049945
1.41776357E8	0.0
1.417788775E8	0.0
1.417813975E8	70.77272727272727
1.41783916E8	0.010766013476880179
1.417864325E8	0.0
1.41788946E8	7.9791483113069015
1.41791457E8	0.06219630283618646
1.417939675E8	0.0
1.417964765E8	3.0
1.41798983E8	0.0
1.418014855E8	0.0
1.41803981E8	69.62351564284083
1.4180647E8	0.0
1.41808953E8	158.02439024390245
1.41811431E8	195.38809618057792
1.418139075E8	240.50931362624013
1.41816383E8	0.0
1.41818857E8	0.0
1.418213285E8	0.0
1.418237955E8	1.0
1.41826259E8	79.3076923076923
1.418287215E8	255.0
1.41831178E8	215.1218424962853
1.41833627E8	66.0
1.418360715E8	0.0
1.41838512E8	0.0
1.418409505E8	159.11281816097227
1.418433885E8	0.0
1.418458265E8	132.22004332716523
1.41848263E8	0.0
1.418506975E8	0.0
1.418531305E8	0.0
1.41855562E8	0.0
1.41857992E8	1.5
1.418604205E8	255.0
1.41862847E8	0.0
1.41865272E8	0.0
1.41867695E8	3.0
1.41870116E8	232.9111111111111
1.418725365E8	0.0
1.41874956E8	0.0
1.41877374E8	0.0
1.41879789E8	0.0
1.418822015E8	0.0
1.418846075E8	0.0
1.418870045E8	0.0
1.418893965E8	22.16129639211628
1.418917865E8	0.0
1.41894176E8	0.0
1.41896563E8	0.0
1.41898948E8	0.0
1.41901333E8	202.18290518449322
1.419037175E8	191.25687390532985
1.41906101E8	64.46444552744673
1.41908484E8	194.79574314262234
1.419108665E8	0.0
1.41913248E8	0.0
1.41915629E8	86.19191877084326
1.41918009E8	6.96492749797296
1.41920388E8	153.0
1.419227665E8	0.0
1.41925143E8	0.0
1.419275165E8	0.0
1.419292615E8	21.537263464337702
1.41930446E8	255.0
1.419322555E8	0.0
1.419346225E8	0.0
1.41936987E8	0.0
1.41939347E8	0.0
1.41941703E8	1.0
1.419440575E8	0.0
1.41946411E8	0.0
1.419487635E8	0.0
1.419511115E8	0.0
1.419534545E8	0.0
1.419557965E8	250.43460746575957
1.41958135E8	0.0
1.419604675E8	246.09947643979058
1.419627965E8	0.0
1.419651245E8	223.46828461114174
1.419674515E8	229.16687355460755
1.41969777E8	0.0
1.419721005E8	0.0
1.419744205E8	0.0
1.41976738E8	0.0
1.419790505E8	0.020005635390250773
1.41981358E8	0.0
1.419836635E8	224.20484920822173
1.41985967E8	176.11180416617628
1.41988266E8	2.0010845986984815
1.4199056E8	0.0
1.41992852E8	3.0
1.41995142E8	0.0
1.4199743E8	0.0
1.419997165E8	0.0
1.420020015E8	231.63133940182055
1.42004285E8	0.0
1.420065675E8	0.0
1.42008845E8	0.0
1.420111165E8	229.4049557522124
1.42013386E8	0.0
1.420156535E8	0.0
1.42017916E8	0.0
1.42020175E8	0.0
1.42022431E8	0.0
1.420246815E8	0.0
1.42026929E8	0.0
1.42029171E8	0.0
1.420314065E8	0.0
1.420336395E8	255.0
1.420358715E8	196.03519613790314
1.420381015E8	0.0
1.42040329E8	255.0
1.42042554E8	0.0
1.42044776E8	0.0
1.420469965E8	0.0
1.42049215E8	0.0
1.420514315E8	0.0
1.420536445E8	0.0
1.42055854E8	0.0
1.42058062E8	255.0
1.420602685E8	192.46239614470977
1.42062474E8	0.0
1.42064677E8	0.0
1.420668775E8	0.0
1.420690765E8	255.0
1.420712745E8	0.0
1.420734715E8	0.0
1.420756655E8	0.0
1.420778565E8	229.3967857569602
1.42080046E8	0.0
1.42082235E8	0.0
1.42084423E8	0.0
1.42086609E8	0.0
1.4208879E8	0.0
1.420909665E8	0.0
1.42093141E8	0.0
1.420953105E8	0.0
1.42097474E8	0.0
1.42099635E8	0.0
1.42101794E8	126.97137745974955
1.42103946E8	0.0
1.42106089E8	0.0
1.421082245E8	0.0
1.42110355E8	0.0
1.421124825E8	0.0
1.421146075E8	0.0
1.421167315E8	185.28844387286424
1.42118853E8	201.91539967509476
1.42120971E8	255.0
1.421230865E8	3.0
1.421252E8	0.0
1.42127313E8	0.0
1.42129426E8	0.0
1.421315385E8	0.0
1.42133649E8	255.0
1.421357575E8	0.0
1.42137864E8	0.0
1.42139969E8	255.0
1.42142073E8	0.0
1.421441755E8	0.0
1.421462745E8	0.0
1.421483705E8	255.0
1.421504655E8	255.0
1.421525595E8	0.0
1.421546525E8	3.0
1.421567435E8	124.98415291619017
1.42158833E8	0.0
1.421609215E8	0.0
1.42163009E8	0.36433611289288004
1.42165096E8	0.0
1.421671825E8	0.0
1.421692675E8	0.0
1.4217135E8	202.11077310395467
1.4217343E8	0.0
1.42175509E8	0.0
1.421775875E8	0.0
1.421796645E8	173.80668257756562
1.421817365E8	0.0
1.421838025E8	5.753495437359323
1.42185866E8	0.0
1.42187929E8	199.60052219321148
1.421899915E8	255.0
1.421920525E8	0.0
1.421941125E8	0.0
1.421961725E8	255.0
1.42198232E8	255.0
1.422002865E8	170.70247933884298
1.422023345E8	0.0
1.422043795E8	0.0
1.42206423E8	255.0
1.42208462E8	0.0
1.42210496E8	0.0
1.42212529E8	0.0
1.422145605E8	0.0
1.42216589E8	7.2003969238402385
1.42218613E8	0.0
1.422206335E8	0.0
1.42222652E8	0.0
1.422246675E8	3.0
1.422266795E8	0.0
1.42228689E8	0.0
1.422306975E8	255.0
1.422327045E8	0.0
1.422347105E8	0.0
1.42236716E8	1.0
1.42238721E8	255.0
1.422407225E8	0.0
1.422427205E8	3.0
1.422447185E8	0.0
1.42246715E8	0.0
1.42248709E8	0.0
1.422507005E8	0.0
1.422526905E8	199.93589009730968
1.422546795E8	0.0
1.422566665E8	0.0
1.422586525E8	0.0
1.422606355E8	0.0
1.422626145E8	0.0
1.422645915E8	0.0
1.422665675E8	0.0
1.42268543E8	0.0
1.422705175E8	3.0
1.422724895E8	0.0
1.422744575E8	0.0
1.422764235E8	255.0
1.422783895E8	0.0
1.422803545E8	0.0
1.42282318E8	1.0119038134805547
1.422842805E8	0.0
1.422862425E8	232.01734104046244
1.4228818E8	0.0
1.42289161E8	0.0
1.42290166E8	255.0
1.42292127E8	0.0
1.42294088E8	0.0
1.422960465E8	0.0
1.422980025E8	40.43006601767931
1.42299954E8	0.0
1.42301901E8	255.0
1.42303848E8	2.670846394984326
1.423057945E8	0.0
1.4230774E8	0.0
1.423096845E8	0.0
1.42311628E8	0.0
1.42313569E8	0.0
1.423155065E8	255.0
1.423174425E8	0.0
1.42319378E8	0.0
1.42321312E8	0.0
1.42323245E8	0.0
1.42325177E8	0.0
1.42327107E8	83.78516158397815
1.423290355E8	0.0
1.423309635E8	0.0
1.42332891E8	0.0
1.423348175E8	222.9971253709199
1.423367435E8	0.0
1.423386685E8	0.0
1.423405905E8	0.0
1.42342509E8	0.0
1.423444255E8	0.0
1.423463415E8	0.0
1.42348253E8	0.9793103448275862
1.423501595E8	0.0
1.42352065E8	0.16312464101091326
1.423539695E8	0.0
1.42355873E8	0.0
1.42357776E8	0.0
1.42359679E8	0.0
1.423615815E8	0.0
1.42363483E8	0.0
1.423653835E8	0.0
1.423672835E8	0.0
1.42369183E8	0.0
1.4237108E8	0.0
1.42372975E8	0.0
1.42374869E8	255.0
1.42376761E8	0.0
1.423786515E8	0.0
1.423805415E8	254.73546832647324
1.423824305E8	0.5351043643263758
1.423843155E8	255.0
1.423861925E8	255.0
1.423880645E8	0.0
1.42389936E8	0.0
1.423918065E8	255.0
1.423936765E8	0.0
1.42395546E8	0.0
1.42397415E8	0.0
1.42399284E8	0.0
1.424011525E8	0.0
1.42403019E8	0.0
1.42404883E8	209.8780617976565
1.42406746E8	0.0
1.424086055E8	0.0
1.424104605E8	253.95675043834015
1.42412313E8	3.0
1.42414163E8	0.0
1.42416009E8	0.0
1.42417852E8	0.0
1.42419695E8	0.0
1.42421538E8	1.3492307692307692
1.424233805E8	0.0
1.42425222E8	0.0
1.42427063E8	0.0
1.424288995E8	0.0
1.424307315E8	0.0
1.424325625E8	0.0
1.42434392E8	0.0
1.42436221E8	0.0
1.424380485E8	140.3666026871401
1.42439871E8	255.0
1.424416895E8	0.0
1.424435075E8	255.0
1.42445323E8	0.0
1.42447136E8	3.5198385063601343
1.424489455E8	0.0
1.4245075E8	0.0
1.424525525E8	0.0
1.42454354E8	0.0
1.424561545E8	0.0
1.424579545E8	64.5
1.424597535E8	0.0
1.42461551E8	89.74248927038627
1.42463346E8	0.0
1.424651385E8	0.0
1.42466928E8	0.0
1.424687145E8	0.0
1.424705E8	0.0
1.42472285E8	254.27350427350427
1.424740655E8	0.0
1.42475841E8	0.0
1.42477616E8	2.79861726644212
1.42479391E8	0.0
1.424811635E8	0.0
1.42482933E8	255.0
1.424847005E8	197.42885643233612
1.42486464E8	0.0
1.424882225E8	226.70541259982255
1.424899775E8	238.9300750954081
1.4249173E8	1.0
1.42493479E8	255.0
1.42495226E8	0.0
1.42496973E8	0.0
1.42498718E8	0.0
1.4250046E8	0.0
1.425021995E8	1.3428571428571427
1.42503937E8	0.0
1.425056725E8	0.0
1.42507406E8	254.40281030444964
1.425091385E8	0.0
1.425108685E8	0.0
1.425125945E8	0.0
1.425143185E8	2.6134969325153374
1.4251604E8	255.0
1.42517759E8	251.6829810901001
1.425194765E8	0.0
1.425211925E8	0.0
1.42522908E8	0.0
1.425246225E8	0.0
1.42526336E8	0.0
1.425280485E8	211.89716312056737
1.425297595E8	232.15718418514948
1.425314695E8	0.0
1.42533179E8	0.0
1.425348875E8	0.0
1.425365935E8	0.0
1.42538297E8	0.0
1.4254E8	0.0
1.425416995E8	0.0
1.425433925E8	226.98841617523166
1.425450825E8	255.0
1.42546771E8	0.0
1.42548457E8	3.0
1.42550141E8	0.0
1.42551824E8	107.73954794493648
1.42553507E8	170.4075818224629
1.425551885E8	0.0
1.42556868E8	51.0
1.425585465E8	0.0
1.42560223E8	0.0
1.42561894E8	0.0
1.42563556E8	0.0
1.425652095E8	0.5475728155339806
1.42566857E8	0.0
1.42568501E8	0.0
1.42570144E8	0.0
1.42571786E8	0.0
1.42573425E8	0.0
1.42575062E8	0.0
1.42576699E8	153.27147191398043
1.425783355E8	0.0
1.425799685E8	0.0
1.42581598E8	0.0
1.42583225E8	255.0
1.4258485E8	0.0
1.42586474E8	0.0
1.425880965E8	0.0
1.42589717E8	58.345118981604266
1.425913335E8	1.0
1.42592946E8	173.59100251198905
1.425945565E8	45.64074844074844
1.425961665E8	255.0
1.425977755E8	255.0
1.42599378E8	0.0
1.42600974E8	0.0
1.426025685E8	119.83400576368877
1.426041585E8	0.0
1.426057445E8	0.0
1.426073305E8	0.0
1.42608914E8	0.0
1.42610493E8	0.0
1.4261207E8	0.0
1.42613646E8	0.0
1.4261522E8	0.0
1.42616792E8	0.0
1.42618361E8	0.0
1.426199275E8	189.15914206275653
1.426214905E8	0.0
1.426230505E8	0.0
1.426246095E8	0.0
1.426261665E8	0.0
1.426277225E8	0.0
1.42629278E8	0.0
1.42630832E8	0.0
1.426323845E8	2.7142857142857144
1.426339355E8	0.0
1.426354855E8	166.96920583468395
1.42637035E8	0.0
1.426385825E8	0.0
1.426401275E8	0.0
1.42641671E8	73.10330288123683
1.42643213E8	0.0
1.426447535E8	0.0
1.426462925E8	0.0
1.42647757E8	0.0
1.42648524E8	0.0
1.42649362E8	255.0
1.42650895E8	0.0
1.426524275E8	0.0
1.42653958E8	0.0
1.42655486E8	154.97258771929825
1.42657012E8	0.0
1.42658537E8	0.0
1.42660062E8	198.5029381336644
1.42661585E8	255.0
1.426631055E8	0.0
1.42664625E8	0.0
1.426661435E8	0.0
1.426676605E8	0.0
1.426691735E8	0.0
1.42670683E8	0.0
1.426721915E8	0.0
1.426736975E8	3.0
1.426752015E8	0.0
1.426767045E8	0.0
1.426782025E8	0.0
1.426796955E8	0.0
1.426811875E8	239.25
1.426826785E8	1.0
1.42684168E8	0.0
1.426856565E8	0.0
1.42687144E8	255.0
1.42688631E8	147.1816347124117
1.42690117E8	130.2420670897552
1.426916015E8	0.0
1.426930845E8	0.0
1.426945645E8	0.0
1.426960415E8	0.0
1.42697517E8	71.71875
1.42698991E8	0.0
1.42700463E8	0.0
1.427019325E8	0.0
1.427034E8	0.0
1.427048665E8	255.0
1.427063315E8	0.0
1.427077945E8	255.0
1.42709256E8	0.0
1.42710717E8	0.0
1.42712177E8	0.0
1.427136355E8	240.55882688576972
1.427150925E8	0.0
1.42716547E8	0.0
1.427179995E8	0.0
1.427194515E8	0.0
1.42720903E8	255.0
1.427223515E8	0.0
1.427237975E8	0.0
1.42725243E8	0.0
1.42726687E8	203.00108991825613
1.42728129E8	0.0
1.427295695E8	231.17268733314384
1.427310075E8	0.0
1.427324415E8	0.0
1.427338735E8	3.0
1.427353055E8	0.0
1.427367365E8	0.0
1.42738166E8	255.0
1.42739595E8	212.13798528292313
1.42741022E8	0.0
1.427424465E8	0.0
1.427438705E8	0.0
1.427452945E8	0.0
1.42746718E8	0.0
1.427481405E8	255.0
1.42749562E8	0.0
1.42750982E8	0.0
1.427523995E8	254.05555555555554
1.427538155E8	253.66024518388792
1.427552315E8	0.0
1.42756647E8	0.0
1.427580605E8	0.0
1.427594725E8	0.0
1.42760884E8	0.0
1.427622945E8	0.0
1.427637035E8	0.0
1.427651115E8	0.0
1.42766519E8	1.0
1.427679255E8	0.0
1.427693305E8	0.0
1.427707335E8	0.0
1.42772132E8	191.80889787664307
1.427735265E8	0.0
1.4277492E8	197.3935685573917
1.42776312E8	1.0
1.42777703E8	0.0
1.42779094E8	255.0
1.427804825E8	255.0
1.427818685E8	0.0
1.42783254E8	0.0
1.427846385E8	150.6302545885139
1.42786022E8	255.0
1.427874045E8	3.0
1.42788786E8	0.0
1.42790167E8	230.04255319148936
1.427915475E8	255.0
1.427929275E8	85.66666666666667
1.42794307E8	90.65609887157443
1.427956855E8	1.2
1.42797063E8	0.0
1.4279844E8	119.30979807562001
1.42799817E8	0.0
1.42801194E8	255.0
1.428025705E8	0.0
1.42803946E8	0.0
1.428053205E8	0.0
1.428066945E8	0.0
1.42808068E8	0.0
1.4280944E8	3.0
1.4281081E8	0.0
1.428121785E8	0.0
1.428135455E8	2.892030848329049
1.42814909E8	0.0
1.428162695E8	199.6044397222372
1.428176275E8	124.28957471943296
1.428189835E8	255.0
1.42820339E8	0.0
1.42821694E8	0.0
1.428230475E8	0.0
1.42824399E8	0.0
1.42825748E8	0.0
1.42827095E8	175.61298701298702
1.428284415E8	0.0
1.428297865E8	0.0
1.4283113E8	255.0
1.42832472E8	235.68855791016927
1.428338125E8	254.5518453427065
1.428351525E8	0.0
1.428364925E8	0.0
1.42837832E8	255.0
1.42839171E8	0.0
1.42840509E8	0.0
1.42841846E8	0.0
1.428431825E8	0.0
1.428445175E8	232.50680786686837
1.42845851E8	255.0
1.42847184E8	19.207566717427664
1.42848517E8	0.0
1.428498495E8	0.0
1.428511805E8	186.30925507900676
1.428525105E8	255.0
1.428538395E8	0.0
1.42855167E8	0.0
1.428564935E8	0.0
1.428578195E8	0.0
1.42859144E8	0.0
1.42860467E8	0.0
1.428617895E8	191.08179419525067
1.428631085E8	0.0
1.42864424E8	0.0
1.42865739E8	0.0
1.42867054E8	255.0
1.42868369E8	1.2125179887273922
1.428696825E8	0.0
1.42870994E8	0.0
1.42872305E8	0.0
1.428736155E8	0.0
1.428749255E8	195.39308045018757
1.42876235E8	26.380014074595355
1.428775435E8	0.0
1.428788505E8	0.0
1.428801555E8	240.41574446680082
1.428814595E8	0.0
1.428827635E8	255.0
1.428840675E8	255.0
1.42885371E8	0.0
1.42886674E8	0.0
1.428879765E8	0.0
1.42889278E8	0.0
1.42890579E8	174.61251504211793
1.42891879E8	223.49728732638889
1.42893177E8	255.0
1.42894474E8	0.0
1.42895771E8	0.0
1.428970675E8	0.0
1.42898363E8	0.0
1.428996575E8	0.0
1.429009515E8	0.0
1.429022455E8	0.0
1.42903539E8	255.0
1.42904831E8	0.0
1.429061215E8	0.0
1.42907411E8	170.0
1.42908699E8	239.8593466506594
1.429099855E8	0.0
1.42911271E8	0.0
1.429125555E8	0.0
1.429138395E8	192.476511297493
1.42915123E8	0.0
1.42916406E8	186.16517417292494
1.429176885E8	220.953095684803
1.4291897E8	0.0
1.429202505E8	0.0
1.429215305E8	0.0
1.4292281E8	0.0
1.429240885E8	0.0
1.429253665E8	189.10373066424023
1.429266445E8	0.0
1.42927922E8	232.3067901771555
1.42929199E8	1.229536377180063
1.42930476E8	171.0
1.429317525E8	0.0
1.42933028E8	1.8983786290162163
1.42934303E8	0.0
1.429355775E8	0.0
1.429368515E8	0.0
1.429381245E8	0.0
1.42939396E8	0.0
1.42940667E8	0.0
1.42941938E8	0.0
1.42943209E8	3.0
1.4294448E8	255.0
1.429457505E8	213.71935369396942
1.429470205E8	1.0
1.429482905E8	216.6257496251874
1.4294956E8	3.0
1.429508285E8	249.0
1.429520965E8	85.66666666666667
1.429533635E8	209.85311516677154
1.42954629E8	0.0
1.429558935E8	0.745037494486105
1.42957157E8	0.0
1.4295842E8	0.0
1.42959683E8	111.29641627859891
1.429609455E8	0.0
1.429622075E8	0.0
1.429634695E8	0.0
1.42964731E8	0.0
1.42965992E8	146.41075757575757
1.429672525E8	208.00588306777323
1.429685125E8	255.0
1.429697725E8	242.0978520286396
1.429710325E8	3.0
1.42972292E8	52.00834324107612
1.429735505E8	255.0
1.429748085E8	0.0
1.429760665E8	1.9716475938967135
1.42977324E8	0.0
1.42978579E8	255.0
1.42979832E8	241.90732286340395
1.429810845E8	0.0
1.42982336E8	255.0
1.42983587E8	0.0
1.42984838E8	0.0
1.42986089E8	1.0
1.429873395E8	60.89190785587714
1.42988589E8	0.0
1.429898375E8	0.0
1.42991085E8	255.0
1.429923315E8	0.0
1.429935775E8	255.0
1.429948225E8	3.0
1.42996066E8	228.05640091173228
1.429973085E8	128.08135810377962
1.4299855E8	0.0
1.42999791E8	255.0
1.43001032E8	0.0
1.430022725E8	0.0
1.430035125E8	0.0
1.430047525E8	238.27545719122392
1.43005992E8	3.0
1.4300719E8	0.0
1.43007809E8	0.0
1.430084685E8	0.0
1.430097065E8	2.8373647689844166
1.430109445E8	111.28915662650603
1.43012182E8	0.0
1.430134185E8	0.0
1.43014654E8	0.0
1.43015889E8	255.0
1.430171235E8	1.0
1.430183575E8	183.8306296227236
1.430195915E8	0.0
1.43020825E8	255.0
1.43022058E8	0.0
1.430232905E8	108.41317365269461
1.43024522E8	2.3333333333333335
1.43025753E8	0.0
1.43026984E8	1.0
1.43028215E8	255.0
1.430294455E8	208.49664643883744
1.43030675E8	255.0
1.43031904E8	0.0
1.430331325E8	0.0
1.4303436E8	0.0
1.43035587E8	222.52489834781585
1.43036814E8	0.0
1.43038041E8	0.0
1.430392675E8	255.0
1.430404935E8	0.0
1.430417195E8	3.0
1.43042945E8	253.776
1.4304417E8	0.0
1.43045395E8	0.0
1.4304662E8	3.0
1.43047845E8	0.0
1.4304907E8	255.0
1.430502945E8	204.29996965405624
1.430515185E8	197.35696821515893
1.430527425E8	255.0
1.430539665E8	64.25
1.4305519E8	0.0
1.43056413E8	0.0
1.43057636E8	0.0
1.430588585E8	177.22360535435212
1.430600805E8	254.29558011049724
1.43061302E8	0.0
1.430625225E8	0.0
1.430637425E8	0.0
1.43064962E8	0.0
1.43066181E8	0.0
1.430674E8	0.0
1.430686185E8	213.39778767418474
1.430698365E8	0.0
1.430710525E8	113.88888888888889
1.43072266E8	0.0
1.430734785E8	0.0
1.430746905E8	0.0
1.43075902E8	0.0
1.43077113E8	255.0
1.430783235E8	0.0
1.43079533E8	0.0
1.43080742E8	0.0
1.43081951E8	0.0
1.430831595E8	0.0
1.430843675E8	0.0
1.430855755E8	129.0
1.430867835E8	0.9858156028368794
1.43087991E8	3.0
1.430891975E8	0.0
1.43090403E8	75.66666666666667
1.43091608E8	0.0
1.43092813E8	255.0
1.43094017E8	0.0
1.4309522E8	0.0
1.43096423E8	0.0
1.430976255E8	255.0
1.430988275E8	2.3333333333333335
1.43100029E8	0.0
1.431012295E8	0.26384585047044906
1.431024295E8	0.0
1.431036295E8	0.0
1.43104829E8	0.0
1.43106028E8	55.23279352226721
1.431072265E8	0.0
1.431084245E8	0.0
1.43109622E8	255.0
1.43110819E8	255.0
1.43112015E8	0.0
1.4311321E8	0.0
1.43114405E8	203.82521155529616
1.431156E8	0.0
1.43116795E8	17.61769819193324
1.431179895E8	0.0
1.43119183E8	158.8557902403496
1.43120376E8	255.0
1.43121569E8	255.0
1.43122762E8	255.0
1.431239545E8	0.0
1.431251465E8	224.63247571988413
1.431263385E8	0.0
1.4312753E8	255.0
1.43128721E8	0.0
1.431299115E8	0.0
1.431311015E8	0.0
1.431322915E8	0.0
1.43133481E8	0.0
1.4313467E8	0.0
1.43135859E8	0.0
1.43137048E8	0.0
1.43138237E8	0.0
1.43139426E8	219.72745194677182
1.431406145E8	0.0
1.431418015E8	0.0
1.431429875E8	0.0
1.431441735E8	227.54896142433233
1.431453595E8	0.0
1.431465455E8	0.0
1.43147731E8	0.0
1.43148916E8	0.0
1.43150101E8	254.84982332155477
1.43151286E8	0.0
1.431524705E8	0.0
1.431536545E8	0.0
1.431548385E8	0.0
1.431560225E8	0.0
1.431572055E8	3.0
1.431583875E8	240.84988914065735
1.43159569E8	0.0
1.4316075E8	251.77627772420445
1.43161931E8	0.0
1.43163111E8	255.0
1.4316429E8	0.0
1.43165469E8	0.0
1.431666475E8	0.0
1.431678255E8	0.0
1.431690035E8	0.0
1.431701815E8	255.0
1.431713595E8	0.0
1.431725375E8	0.0
1.43173715E8	0.0
1.431748915E8	10.28288742211957
1.43176067E8	0.0
1.43177242E8	255.0
1.431784165E8	0.0
1.431795905E8	0.0
1.43180764E8	0.0
1.43181937E8	0.0
1.4318311E8	127.5
1.43184282E8	255.0
1.43185453E8	36.27500591156302
1.43186624E8	0.0
1.43187795E8	0.0
1.431889655E8	0.0
1.43190135E8	0.0
1.43191304E8	0.0
1.431924725E8	0.0
1.4319364E8	244.66216216216216
1.43194807E8	0.0
1.43195974E8	0.0
1.431971405E8	0.0
1.431983065E8	249.26502338060075
1.431994725E8	186.61339093390646
1.432006385E8	0.0
1.43201804E8	0.0
1.43202969E8	0.0
1.432041335E8	0.0
1.43205297E8	0.0
1.4320646E8	234.90011689881317
1.43207623E8	0.0
1.43208786E8	1.9616087751371116
1.43209949E8	0.0
1.43211112E8	219.95193395159467
1.432122745E8	189.6131650478055
1.432134365E8	255.0
1.432145985E8	117.73532708895003
1.4321576E8	0.0
1.43216921E8	0.0
1.43218082E8	0.0
1.432192425E8	0.0
1.432204025E8	31.67833981841764
1.432215625E8	0.0
1.43222722E8	0.0
1.43223881E8	0.0
1.4322504E8	255.0
1.43226199E8	0.0
1.43227358E8	3.2695259593679458
1.432285165E8	0.0
1.432296745E8	24.79346807732736
1.432308325E8	0.0
1.4323199E8	255.0
1.43233147E8	255.0
1.432343035E8	0.0
1.432354595E8	0.0
1.43236615E8	0.0
1.4323777E8	60.53621981681932
1.43238925E8	0.0
1.4324008E8	0.06484881121391622
1.432412345E8	0.0
1.432423885E8	255.0
1.432435425E8	0.0
1.432446965E8	255.0
1.4324585E8	0.0
1.43247003E8	3.0
1.43248156E8	0.0
1.432493085E8	255.0
1.432504605E8	0.0
1.432516125E8	0.0
1.432527645E8	0.0
1.43253916E8	128.0
1.432550665E8	1.6666666666666667
1.432562165E8	255.0
1.432573655E8	0.0
1.432585135E8	0.0
1.432596615E8	0.0
1.432608095E8	76.72483537158983
1.432619575E8	0.0
1.432631055E8	0.0
1.43264253E8	0.6666666666666666
1.432654E8	240.92916708855634
1.43266547E8	0.0
1.432676935E8	0.0
1.432688395E8	0.0
1.432699855E8	0.0
1.43271131E8	0.0
1.432722755E8	17.466666666666665
1.432734195E8	118.032722513089
1.432745635E8	237.82328919566828
1.432757075E8	23.780647985989493
1.432768515E8	0.0
1.43277995E8	0.0
1.43279138E8	255.0
1.432802805E8	0.0
1.432814225E8	255.0
1.432825645E8	0.5698041529176093
1.43283706E8	230.24876702677312
1.43284847E8	226.19009621325802
1.432859875E8	188.85464862505455
1.432871275E8	0.0
1.432882675E8	0.0
1.432894075E8	0.0
1.43290547E8	255.0
1.43291686E8	255.0
1.43292825E8	0.0
1.43293964E8	255.0
1.43295103E8	0.0
1.432962415E8	127.5
1.43297379E8	3.0
1.432985155E8	2.477927723664242
1.432996515E8	0.0
1.433007875E8	134.80487822583572
1.433019235E8	0.0
1.43303059E8	0.0
1.43304194E8	0.0
1.43305329E8	255.0
1.433064635E8	0.0
1.433075975E8	160.18562415859355
1.433087315E8	1.9810221480791104
1.433098655E8	0.0
1.43310999E8	0.0
1.43312132E8	0.0
1.43313265E8	255.0
1.433143975E8	227.71548217453065
1.433155295E8	177.0153452685422
1.433166615E8	0.0
1.433177935E8	0.0
1.43318925E8	0.0
1.43320056E8	225.15826610507807
1.43321187E8	0.0
1.433223175E8	0.0
1.433234475E8	0.0
1.433245775E8	1.0
1.43325707E8	3.0
1.43326836E8	255.0
1.43327965E8	77.3801074013542
1.43329094E8	0.0
1.43330222E8	230.23850574712642
1.43331349E8	0.0
1.433324755E8	230.36353212593423
1.433336015E8	0.0
1.433347275E8	0.0
1.433358535E8	0.0
1.433369795E8	92.9090909090909
1.43338105E8	0.04878048780487805
1.4333923E8	0.0
1.433403545E8	255.0
1.433414785E8	0.0
1.43342602E8	0.0
1.43343725E8	25.823339396144053
1.43344848E8	255.0
1.43345971E8	255.0
1.43347094E8	0.0
1.433482165E8	221.52361782521638
1.43349338E8	0.0
1.433504585E8	0.0
1.43351578E8	0.375
1.43352697E8	97.43850267379679
1.433538155E8	102.20521861777151
1.433549335E8	0.0
1.433560515E8	0.0
1.433571695E8	255.0
1.43358287E8	0.0
1.43359404E8	0.0
1.43360521E8	175.9902794653706
1.43361638E8	255.0
1.43362755E8	200.14704575744113
1.43363872E8	255.0
1.433649885E8	0.0
1.433661045E8	255.0
1.433668735E8	213.495133336644
1.433674315E8	171.11682892906816
1.433683365E8	0.0
1.433694525E8	236.97733568370688
1.433705685E8	0.0
1.43371684E8	3.0
1.43372799E8	0.0
1.43373914E8	255.0
1.433750285E8	66.47859922178988
1.433761425E8	0.0
1.433772565E8	0.0
1.433783705E8	0.0
1.433794845E8	0.0
1.433805985E8	0.0
1.433817115E8	0.0
1.433828235E8	0.0
1.433839355E8	0.0
1.433850475E8	231.13905862311594
1.43386159E8	184.9891156462585
1.433872695E8	0.0
1.433883795E8	0.0
1.433894895E8	255.0
1.433905995E8	0.0
1.43391709E8	255.0
1.43392818E8	0.0
1.43393927E8	210.42486085343228
1.43395036E8	0.0
1.433961445E8	2.857142857142857
1.433972525E8	0.0
1.4339836E8	0.0
1.43399467E8	255.0
1.43400574E8	0.0
1.434016805E8	247.41942018310007
1.434027865E8	255.0
1.43403892E8	255.0
1.43404997E8	0.0
1.43406102E8	0.0
1.43407207E8	0.0
1.43408312E8	0.0
1.43409417E8	0.0
1.43410521E8	0.0
1.43411624E8	0.0
1.43412727E8	255.0
1.434138295E8	0.0
1.434149315E8	0.0
1.434160335E8	0.0
1.43417135E8	64.89013118664282
1.43418236E8	0.0
1.43419337E8	45.5177025963808
1.434204375E8	96.41337803791032
1.434215375E8	0.0
1.43422637E8	0.0
1.43423736E8	95.10091743119266
1.434248345E8	57.58064516129032
1.434259325E8	0.0
1.434270305E8	0.0
1.43428128E8	0.0
1.43429225E8	0.0
1.43430322E8	255.0
1.434314185E8	0.0
1.434325145E8	0.0
1.434336095E8	1.0
1.43434703E8	0.0
1.434357955E8	0.0
1.43436887E8	0.0
1.43437978E8	255.0
1.434390685E8	0.0
1.434401585E8	0.0
1.434412485E8	208.27425653349354
1.434423385E8	230.3957194899818
1.434434285E8	0.0
1.43444518E8	0.0
1.43445607E8	0.0
1.434466955E8	0.0
1.434477835E8	0.0
1.434488715E8	0.0
1.434499595E8	255.0
1.43451047E8	0.0
1.43452134E8	190.75189851936702
1.43453221E8	243.26126582278482
1.434543075E8	148.02499273467015
1.434553935E8	254.45213654810217
1.434564795E8	1.0
1.434575655E8	0.0
1.434586505E8	0.0
1.434597345E8	0.0
1.434608185E8	0.0
1.434619025E8	0.0
1.434629865E8	1.0
1.4346407E8	0.0
1.43465153E8	0.0
1.43466236E8	239.94721805465363
1.434673185E8	0.0
1.434684005E8	0.0
1.43469482E8	0.0
1.43470563E8	255.0
1.434716435E8	255.0
1.434727235E8	0.0
1.434738035E8	175.3125
1.43474883E8	0.0
1.43475962E8	0.0
1.434770405E8	0.0
1.434781185E8	0.9921442574799276
1.434791965E8	0.0
1.434802745E8	3.0
1.43481352E8	0.0
1.43482429E8	0.0
1.434835055E8	0.0
1.434845815E8	0.0
1.434856575E8	0.0
1.434867335E8	0.0
1.43487809E8	0.0
1.43488884E8	231.1803668478261
1.43489959E8	47.89463722397476
1.43491034E8	255.0
1.434921085E8	0.0
1.434931825E8	21.254157699080416
1.434942565E8	0.0
1.434953305E8	166.83676975945016
1.43496404E8	0.0
1.434974765E8	241.80523075742377
1.434985485E8	0.0
1.4349962E8	0.0
1.43500691E8	143.70223938223938
1.435017615E8	255.0
1.435028315E8	255.0
1.435039015E8	0.0
1.43504971E8	0.0
1.4350604E8	0.0
1.435071085E8	171.0
1.43508176E8	0.0
1.43509243E8	0.0
1.4351031E8	255.0
1.435113765E8	0.0
1.435124415E8	255.0
1.435135055E8	0.0
1.435145695E8	240.2364720920324
1.43515633E8	0.0
1.43516696E8	0.0
1.43517759E8	119.98875702685821
1.43518822E8	197.06428405662567
1.43519885E8	0.0
1.43520948E8	0.0
1.43522011E8	0.0
1.43523074E8	0.0
1.435241365E8	238.71872518588032
1.435251985E8	0.0
1.435262605E8	3.0
1.435273225E8	0.0
1.435283845E8	0.0
1.43529446E8	32.75
1.435305065E8	0.027102253749622253
1.435315665E8	230.19321290577318
1.435326265E8	1.0
1.43533686E8	200.40561175796907
1.43534745E8	0.0
1.43535804E8	0.0
1.435368625E8	0.0
1.435379205E8	230.84389654937888
1.435389785E8	0.0
1.435400365E8	195.59172497718285
1.43541094E8	0.0
1.435421505E8	59.61538461538461
1.435432065E8	249.72413793103448
1.435442625E8	0.0
1.435453185E8	0.0
1.43546374E8	0.0
1.43547429E8	0.0
1.43548484E8	0.0
1.435495385E8	187.8
1.435505925E8	0.0
1.43551646E8	0.0
1.43552699E8	254.87101669195752
1.43553752E8	71.41176470588235
1.43554805E8	18.0
1.43555858E8	255.0
1.435569105E8	0.0
1.435579625E8	252.06064919000283
1.435590145E8	119.96603773584906
1.43560066E8	0.0
1.43561117E8	0.0
1.43562168E8	255.0
1.43563219E8	0.0
1.4356427E8	0.0
1.435653205E8	0.0
1.435663705E8	69.08247422680412
1.4356742E8	0.0
1.43568469E8	0.0
1.43569518E8	0.0
1.43570567E8	0.0
1.43571616E8	255.0
1.435726645E8	0.0
1.435737125E8	195.9165406427221
1.435747605E8	0.0
1.435758085E8	0.0
1.435768565E8	118.06948541461816
1.43577904E8	0.9267118904390119
1.43578951E8	0.0
1.43579998E8	0.0
1.43581045E8	0.6666666666666666
1.435820915E8	0.0
1.43583137E8	1.0
1.43584182E8	1.0
1.43585227E8	58.77777777777778
1.43586272E8	0.0
1.435873165E8	0.0
1.435883605E8	0.0
1.435894045E8	0.0
1.43590448E8	255.0
1.43591491E8	255.0
1.435925335E8	0.0
1.435935755E8	0.0
1.435946175E8	239.68957398426338
1.435956595E8	198.36222720783195
1.435967015E8	0.0
1.43597743E8	201.22990232907588
1.43598784E8	0.0
1.43599825E8	0.0
1.436008655E8	0.0
1.436019055E8	0.0
1.436029455E8	0.0
1.436039855E8	255.0
1.43605025E8	198.33333333333334
1.43606064E8	191.5
1.43607103E8	255.0
1.436081415E8	0.0
1.436091795E8	181.70967741935485
1.436102175E8	255.0
1.43611255E8	0.0
1.43612292E8	0.0
1.43613329E8	0.0
1.43614366E8	181.75306942270336
1.436154025E8	0.0
1.436164385E8	0.0
1.43617474E8	0.0
1.43618509E8	255.0
1.43619544E8	255.0
1.43620579E8	0.0
1.43621614E8	0.0
1.43622648E8	0.0
1.43623681E8	0.0
1.43624714E8	254.10526315789474
1.43625747E8	159.6039387308534
1.436267795E8	0.0
1.436278115E8	250.41031116534472
1.436288435E8	156.46370023419203
1.43629875E8	0.0
1.43630906E8	0.0
1.43631937E8	154.2
1.436329675E8	216.61617594891806
1.436339975E8	0.0
1.436350275E8	0.0
1.43636057E8	255.0
1.43637086E8	255.0
1.43638115E8	130.9903173565206
1.43639144E8	225.91263509102777
1.43640173E8	0.0
1.43641202E8	0.0
1.43642231E8	0.0
1.436432595E8	0.0
1.436442875E8	0.0
1.43645315E8	0.0
1.43646342E8	0.0
1.43647369E8	0.0
1.436483955E8	255.0
1.436494215E8	0.0
1.43650447E8	0.0
1.43651472E8	0.0
1.43652497E8	3.0
1.43653522E8	0.0
1.43654546E8	0.0
1.43655569E8	0.0
1.436565915E8	0.0
1.436576135E8	254.4543509272468
1.436586355E8	240.21591363454618
1.436596575E8	0.0
1.43660679E8	178.5
1.436617E8	254.68788249694003
1.43662721E8	0.0
1.436637415E8	214.64320834875613
1.436647615E8	0.0
1.436657815E8	0.0
1.43666801E8	0.0
1.4366782E8	0.0
1.43668839E8	0.0
1.43669858E8	0.0
1.43670877E8	102.5625
1.436718955E8	250.82094081942336
1.436729135E8	0.0
1.436739315E8	255.0
1.436749495E8	0.0
1.436759665E8	0.0
1.436769825E8	0.0
1.436779985E8	1.0
1.43679014E8	0.0
1.43680029E8	0.0
1.436810435E8	0.0
1.436820575E8	184.38049385321585
1.436830715E8	0.0
1.436840855E8	0.0
1.436850995E8	0.0
1.43686113E8	73.57142857142857
1.43687126E8	0.0
1.43688139E8	0.0
1.436891515E8	0.0
1.436901635E8	0.0
1.436911755E8	255.0
1.436921875E8	209.54397950469684
1.436931995E8	149.37374658158615
1.43694211E8	0.0
1.43695222E8	0.4529420617005267
1.43696233E8	0.0
1.43697244E8	0.0
1.436982545E8	231.65776986951363
1.436992645E8	0.0
1.437002745E8	255.0
1.437012845E8	255.0
1.437022935E8	0.0
1.437033015E8	0.0
1.437043095E8	0.0
1.43705317E8	0.0
1.43706324E8	0.0
1.437073305E8	140.9298401420959
1.437083365E8	0.0
1.437093425E8	0.0
1.43710348E8	0.0
1.43711353E8	0.0
1.43712358E8	1.6776922192851396
1.43713363E8	0.9286926383157605
1.43714368E8	1.99288256227758
1.437153725E8	255.0
1.437163765E8	0.0
1.437173805E8	0.0
1.437183845E8	0.0
1.43719388E8	0.0
1.4372039E8	164.0340479192938
1.43721391E8	0.0
1.43722392E8	2.0106609808102345
1.43723393E8	0.0
1.43724394E8	106.80432822362489
1.437251765E8	156.9951992318771
1.437257305E8	0.0
