#Position (bp)	insert size	chromosomes
179658.5	528.4704897678647	0.0
538974.5	493.30990029794106	38966.627094165226
898290.5	796.1054116465864	0.0
1257606.5	620.508758360253	0.0
1616922.5	542.5402976774137	38966.627094165226
1976238.5	458.81705197401953	0.0
2335554.5	656.5129967134748	0.0
2694870.5	501.2126317244673	38966.627094165226
3054186.5	570.587387338839	0.0
3413502.5	421.6909508275945	0.0
3772818.5	807.9680328725145	38966.627094165226
4132134.5	523.7307901228979	0.0
4491450.5	437.3681780831298	0.0
4850766.5	548.1538069293099	38966.627094165226
5210082.5	594.7487893175387	0.0
5569398.5	736.8137044709963	0.0
5928714.5	1070.6008712169519	38966.627094165226
6288030.5	472.20591956446725	0.0
6647346.5	572.0980755597566	0.0
7006662.5	462.1034557841562	38966.627094165226
7365978.5	1114.0604444585947	0.0
7725294.5	506.461219246152	0.0
8084610.5	682.4206514129914	38966.627094165226
8443926.5	778.316853849994	0.0
8803242.5	873.4378477631872	0.0
9162558.5	518.6146981975998	38966.627094165226
9521874.5	704.2641530460625	0.0
9881190.5	420.13885668964673	0.0
1.02405065E7	479.6696972404261	38966.627094165226
1.05998225E7	566.5486296094226	0.0
1.09591385E7	505.7190638175246	0.0
1.13184545E7	446.1678636407163	38966.627094165226
1.16777705E7	535.5530056459648	0.0
1.20370865E7	831.7851124374797	0.0
1.23964025E7	2730.4899406587106	38966.627094165226
1.27557185E7	648.7416760019916	0.0
1.31150345E7	509.05927965434023	0.0
1.34743505E7	481.76078292892095	38966.627094165226
1.38336665E7	474.1098451499301	0.0
1.41929825E7	753.4370825220908	0.0
1.45522985E7	986.8056488019447	38966.627094165226
1.49116145E7	1087.8963804416849	0.0
1.52709305E7	413.7561408372609	0.0
1.56302465E7	699.2459727939861	38966.627094165226
1.59895625E7	1109.720222275912	0.0
1.63488785E7	881.2889245929734	0.0
1.67081945E7	742.9032633586324	38966.627094165226
1.70675105E7	809.1159387914665	0.0
1.74268265E7	648.108316860678	0.0
1.77861425E7	2895.4040194040194	38966.627094165226
1.81454585E7	1666.019760917297	0.0
1.85047745E7	536.1153733262516	0.0
1.88640905E7	586.6875879685138	38966.627094165226
1.92234065E7	626.4322159957339	0.0
1.95827225E7	616.8261677104426	0.0
1.99420385E7	531.2643080939948	38966.627094165226
2.03013545E7	777.9164756422665	0.0
2.06606705E7	936.9763089409818	0.0
2.10199865E7	827.0886025946043	38966.627094165226
2.13793025E7	1287.2704056235198	0.0
2.17386185E7	504.4401326465815	0.0
2.20979345E7	536.5655131272654	38966.627094165226
2.24572505E7	564.9079223428912	0.0
2.28165665E7	1400.0195064629847	0.0
2.31758825E7	909.6725506456581	38966.627094165226
2.34346265E7	336.7951262349067	0.0
2.36142845E7	11100.97270471464	0.0
2.38945145E7	1765.7550890585242	38966.627094165226
2.42538305E7	2321.1548642533935	0.0
2.46131465E7	4665.8131353351755	0.0
2.49724625E7	1709.8301214106764	38966.627094165226
2.53317785E7	1260.4301535216218	0.0
2.56910945E7	1699.7383488681758	0.0
2.60504105E7	12408.425456688274	38966.627094165226
2.64097265E7	4242.459414546849	0.0
2.67690425E7	1334.4081833060557	0.0
2.71283585E7	972.2700964630225	38966.627094165226
2.74876745E7	3654.3819850751497	0.0
2.78469905E7	6312.62125748503	0.0
2.82063065E7	720.8505815719803	38966.627094165226
2.85656225E7	793.4544044850003	0.0
2.89249385E7	916.5305480018917	0.0
2.92842545E7	583.565445835265	38966.627094165226
2.96435705E7	603.142264325734	0.0
3.00028865E7	782.6476336361716	0.0
3.03622025E7	924.9474124431644	38966.627094165226
3.07215185E7	561.8315085798505	0.0
3.10808345E7	570.7818397578767	0.0
3.14401505E7	422.89233756205186	38966.627094165226
3.17994665E7	542.5898073886959	0.0
3.21587825E7	639.116328183305	0.0
3.25180985E7	425.5409487542904	38966.627094165226
3.28774145E7	533.6082609525628	0.0
3.32367305E7	436.8508256337234	0.0
3.35960465E7	709.596974528374	38966.627094165226
3.39553625E7	1465.0126295405698	0.0
3.43146785E7	491.4508558268439	0.0
3.46739945E7	765.2133405590931	38966.627094165226
3.50333105E7	1255.5960819873053	0.0
3.53926265E7	441.639265744908	0.0
3.57519425E7	1097.1251435030383	38966.627094165226
3.61112585E7	542.9582929089224	0.0
3.64705745E7	518.8364787088329	0.0
3.68298905E7	528.1160350546523	38966.627094165226
3.71892065E7	853.5826427485828	0.0
3.75485225E7	986.547285468039	0.0
3.79078385E7	508.00534152775026	38966.627094165226
3.82671545E7	399.29524078712683	0.0
3.86264705E7	632.109258060769	0.0
3.89857865E7	444.71100041400126	38966.627094165226
3.93451025E7	727.9873613772426	0.0
3.97044185E7	636.5508401275008	0.0
4.00637345E7	522.3217246874509	38966.627094165226
4.04230505E7	406.1659390747781	0.0
4.07823665E7	838.1736843794379	0.0
4.11416825E7	441.47812891716035	38966.627094165226
4.15009985E7	485.0949841468412	0.0
4.18603145E7	563.9102276370631	0.0
4.22196305E7	800.447234950725	38966.627094165226
4.25789465E7	745.5924044977288	0.0
4.29382625E7	730.3068440773878	0.0
4.32975785E7	529.3130821515482	38966.627094165226
4.36568945E7	408.9585588752197	0.0
4.40162105E7	791.1614805608967	0.0
4.43755265E7	462.21033457118216	38966.627094165226
4.47348425E7	847.2536480666538	0.0
4.50941585E7	845.3425689989557	0.0
4.54534745E7	821.1060633815717	38966.627094165226
4.58127905E7	713.3394774925737	0.0
4.61721065E7	682.1960379913198	0.0
4.65314225E7	598.423342492943	38966.627094165226
4.68907385E7	627.9419609166631	0.0
4.72500545E7	535.7071861353088	0.0
4.76093705E7	633.9839147795228	38966.627094165226
4.79686865E7	620.1917431192661	0.0
4.83280025E7	448.41758095392305	0.0
4.86541545E7	1113.853458633711	38966.627094165226
4.88338125E7	3965.78125	0.0
4.90466345E7	469.06353796893774	0.0
4.94059505E7	775.4743665099269	38966.627094165226
4.97652665E7	616.6875926583283	0.0
5.01245825E7	559.5305204472742	0.0
5.04838985E7	492.9443594112494	38966.627094165226
5.08432145E7	578.2747699864375	0.0
5.12025305E7	974.0224357807627	0.0
5.15618465E7	462.404151563749	38966.627094165226
5.19211625E7	525.4180255852984	0.0
5.22804785E7	1235.950564194303	0.0
5.26397945E7	575.0821937605	38966.627094165226
5.29991105E7	738.0595887934662	0.0
5.33584265E7	714.0682777425018	0.0
5.37177425E7	399.3949275362319	38966.627094165226
5.40770585E7	712.1940862036204	0.0
5.44363745E7	669.3228393029183	0.0
5.47956905E7	480.7375169280503	38966.627094165226
5.51550065E7	536.5820146947236	0.0
5.55143225E7	586.0599536084403	0.0
5.58736385E7	560.1481212961795	38966.627094165226
5.62329545E7	477.9719663496343	0.0
5.65922705E7	756.8744242207415	0.0
5.69515865E7	504.0069586671366	38966.627094165226
5.73109025E7	589.0595510581054	0.0
5.76702185E7	430.4397699705046	0.0
5.80295345E7	745.3026661589164	38966.627094165226
5.83888505E7	662.0441495519326	0.0
5.87481665E7	517.736643005446	0.0
5.91074825E7	1093.9439760674463	38966.627094165226
5.94667985E7	343.95311145339804	0.0
5.98261145E7	492.1740631933184	0.0
6.01854305E7	945.8167707697365	38966.627094165226
6.05447465E7	575.5100588961525	0.0
6.09040625E7	575.6887701339756	0.0
6.12633785E7	585.7517492303386	38966.627094165226
6.16226945E7	651.6006958717481	0.0
6.19820105E7	751.9162604504235	0.0
6.23413265E7	622.4622999205358	38966.627094165226
6.27006425E7	488.6869191366263	0.0
6.30599585E7	1181.7484231991275	0.0
6.34192745E7	603.6393703525384	38966.627094165226
6.37785905E7	619.5406824146982	0.0
6.41379065E7	463.11828642237566	0.0
6.44972225E7	507.15682711685224	38966.627094165226
6.48565385E7	551.7027584293672	0.0
6.52158545E7	625.705138004889	0.0
6.55751705E7	725.184797326747	38966.627094165226
6.59344865E7	837.4063350577	0.0
6.62938025E7	624.6386582142272	0.0
6.66531185E7	514.0876347567712	38966.627094165226
6.70124345E7	652.2840383455118	0.0
6.73717505E7	448.74206078950687	0.0
6.77310665E7	499.89974319355235	38966.627094165226
6.80903825E7	706.9776811521351	0.0
6.84496985E7	467.841991726293	0.0
6.88090145E7	625.7940476342019	38966.627094165226
6.91683305E7	702.5018640323661	0.0
6.95276465E7	589.4687061199376	0.0
6.98869625E7	576.2752394644958	38966.627094165226
7.02462785E7	474.1843407308816	0.0
7.06055945E7	684.162970344252	0.0
7.09649105E7	367.63924843423797	38966.627094165226
7.13242265E7	852.0909657320873	0.0
7.16835425E7	680.7000275538411	0.0
7.20428585E7	753.4117032392894	38966.627094165226
7.24021745E7	10657.231443910356	0.0
7.27614905E7	1608.0079437545653	0.0
7.31208065E7	1501.4432200795836	38966.627094165226
7.34801225E7	2363.8902464278317	0.0
7.38394385E7	754.6950370792927	0.0
7.41987545E7	2718.7562465297055	38966.627094165226
7.45580705E7	20645.297597461467	0.0
7.49173865E7	4906.958511777302	0.0
7.52767025E7	3792.478104379124	38966.627094165226
7.56360185E7	7876.446428571428	0.0
7.59953345E7	1914.0196070654185	0.0
7.63546505E7	14000.33096254149	38966.627094165226
7.67139665E7	1453.5027130545802	0.0
7.690225E7	296.57142857142856	0.0
7.7081908E7	1187.7614356087263	38966.627094165226
7.74325985E7	5676.352744310576	0.0
7.77919145E7	1154.9542235145009	0.0
7.81512305E7	12380.152588555859	38966.627094165226
7.85105465E7	846.1522184300342	0.0
7.88698625E7	1177.118368962787	0.0
7.92291785E7	3004.865988372093	38966.627094165226
7.95884945E7	1539.414400921659	0.0
7.99478105E7	1274.250102838338	0.0
8.03071265E7	10961.061703251113	38966.627094165226
8.06664425E7	2636.7505154639175	0.0
8.10257585E7	559.9296103114499	0.0
8.13850745E7	436.66776299553544	38966.627094165226
8.17443905E7	561.1855453189794	0.0
8.21037065E7	1050.1166614230765	0.0
8.24630225E7	580.2889008972169	38966.627094165226
8.28223385E7	642.6660659292096	0.0
8.31816545E7	620.1937245327218	0.0
8.35409705E7	445.53433321768836	38966.627094165226
8.39002865E7	459.7909688964809	0.0
8.42596025E7	610.2956676114243	0.0
8.46189185E7	446.72356778075545	38966.627094165226
8.49782345E7	616.8952714024249	0.0
8.53375505E7	396.3697570084584	0.0
8.56968665E7	563.7934501469342	38966.627094165226
8.60561825E7	643.4742324405692	0.0
8.64154985E7	496.1029620555699	0.0
8.67748145E7	484.18218313837247	38966.627094165226
8.71341305E7	592.6879994188581	0.0
8.74934465E7	453.0247091326511	0.0
8.78527625E7	519.9103333016004	38966.627094165226
8.82120785E7	579.0258734555728	0.0
8.85713945E7	1941.7628198203065	0.0
8.89307105E7	1110.7190919037198	38966.627094165226
8.92900265E7	454.8993203122269	0.0
8.96493425E7	556.1343153250453	0.0
9.00086585E7	880.2121717795151	38966.627094165226
9.03679745E7	732.8665997134074	0.0
9.07272905E7	648.1634905078224	0.0
9.10866065E7	453.1993009407094	38966.627094165226
9.14459225E7	504.9673308180545	0.0
9.18052385E7	669.2400717121917	0.0
9.21645545E7	545.5784865908613	38966.627094165226
9.25238705E7	418.47407019381876	0.0
9.28831865E7	423.6146182846643	0.0
9.32425025E7	667.6248453132962	38966.627094165226
9.36018185E7	696.4475350578101	0.0
9.39611345E7	596.0862061540449	0.0
9.43204505E7	509.9628849239334	38966.627094165226
9.46797665E7	486.36618901200904	0.0
9.50390825E7	1123.352601288519	0.0
9.53983985E7	954.9566287394529	38966.627094165226
9.57577145E7	563.5959513406469	0.0
9.61170305E7	663.4593458300204	0.0
9.64763465E7	869.0394102120688	38966.627094165226
9.68356625E7	705.7207553083131	0.0
9.71949785E7	598.9436860068259	0.0
9.75542945E7	618.1467293208093	38966.627094165226
9.79136105E7	769.8376937535089	0.0
9.82729265E7	829.3795113929413	0.0
9.86322425E7	791.7321633059497	38966.627094165226
9.89915585E7	746.4691957917261	0.0
9.93508745E7	516.785732633487	0.0
9.97101905E7	664.4105538059758	38966.627094165226
1.000695065E8	643.5928292954609	0.0
1.004288225E8	436.55657396050873	0.0
1.007881385E8	489.4513022550442	38966.627094165226
1.011474545E8	585.3700381227817	0.0
1.015067705E8	544.0879213454288	0.0
1.018660865E8	393.3513851421207	38966.627094165226
1.022254025E8	655.4889098152174	0.0
1.025847185E8	484.2691490292658	0.0
1.029440345E8	478.39116228821376	38966.627094165226
1.033033505E8	1122.2646475458866	0.0
1.036626665E8	839.9322313859989	0.0
1.040219825E8	504.9746837612698	38966.627094165226
1.043812985E8	622.1117079358077	0.0
1.047406145E8	455.86062723185665	0.0
1.050999305E8	540.7505050905202	38966.627094165226
1.054592465E8	645.5550931381151	0.0
1.058185625E8	766.645508661628	0.0
1.061778785E8	412.30543012668085	38966.627094165226
1.065371945E8	531.2087599772634	0.0
1.068965105E8	719.2791386547821	0.0
1.072558265E8	792.495996045477	38966.627094165226
1.076151425E8	832.8201372491145	0.0
1.079744585E8	670.0628057083885	0.0
1.083337745E8	679.2978298814642	38966.627094165226
1.086930905E8	748.0059714414856	0.0
1.089314775E8	488.81570196078434	0.0
1.091111355E8	480.5594413322339	38966.627094165226
1.094117225E8	951.1278349608516	0.0
1.097710385E8	699.0089774393047	0.0
1.101303545E8	679.239904974559	38966.627094165226
1.10324175E8	422.80016835016835	0.0
1.10503833E8	1078.2498082015493	0.0
1.108489865E8	457.23783544863295	38966.627094165226
1.112083025E8	604.29353578859	0.0
1.115676185E8	665.1213826222516	0.0
1.119269345E8	463.97601266135814	38966.627094165226
1.122862505E8	537.9858503224337	0.0
1.126455665E8	546.4058284781573	0.0
1.130048825E8	964.6725951471856	38966.627094165226
1.133641985E8	1262.2301399566331	0.0
1.137235145E8	723.2939014288672	0.0
1.140828305E8	846.27913340935	38966.627094165226
1.144421465E8	988.5063501714209	0.0
1.148014625E8	747.7743505278131	0.0
1.151607785E8	1135.8260123890896	38966.627094165226
1.155200945E8	557.3042699494528	0.0
1.158794105E8	548.1723366367296	0.0
1.162387265E8	499.1709593961432	38966.627094165226
1.165980425E8	641.5603237342368	0.0
1.169573585E8	678.8599522191997	0.0
1.173166745E8	529.1616875185687	38966.627094165226
1.176759905E8	623.6757255710115	0.0
1.180353065E8	627.8344311377246	0.0
1.183946225E8	564.4121537081136	38966.627094165226
1.187539385E8	657.720376086234	0.0
1.191132545E8	1228.1899011614921	0.0
1.194725705E8	721.4218824275075	38966.627094165226
1.198318865E8	430.62802907915994	0.0
1.201912025E8	537.0545562773364	0.0
1.205505185E8	1328.001682032065	38966.627094165226
1.209098345E8	606.8547594885325	0.0
1.212691505E8	860.9787983565878	0.0
1.216284665E8	567.1499585869135	38966.627094165226
1.219877825E8	573.6874504518788	0.0
1.223470985E8	409.64759402583286	0.0
1.227064145E8	1096.9981281656023	38966.627094165226
1.230657305E8	1054.5932910516174	0.0
1.234250465E8	510.24264840568685	0.0
1.237843625E8	709.1069463412047	38966.627094165226
1.241436785E8	807.0618094685105	0.0
1.245029945E8	760.0522070015221	0.0
1.248623105E8	1026.9907002188183	38966.627094165226
1.252216265E8	1988.7849725369035	0.0
1.255809425E8	459.4947792196668	0.0
1.259402585E8	430.3487288303653	38966.627094165226
1.262995745E8	520.9750547874787	0.0
1.266588905E8	623.5489742648153	0.0
1.270182065E8	545.1205386975793	38966.627094165226
1.273775225E8	1065.6018291122164	0.0
1.277368385E8	555.505360679247	0.0
1.280961545E8	594.0681453768038	38966.627094165226
1.284554705E8	755.2791308211156	0.0
1.288147865E8	496.94319110266287	0.0
1.291741025E8	1075.8448825898226	38966.627094165226
1.295334185E8	605.264230795171	0.0
1.298927345E8	422.951995231618	0.0
1.302520505E8	700.6693186421453	38966.627094165226
1.306113665E8	587.0797853482451	0.0
1.309706825E8	631.7148732008225	0.0
1.313299985E8	899.3308602366152	38966.627094165226
1.316893145E8	889.6021589551316	0.0
1.320486305E8	600.8084137302803	0.0
1.324079465E8	1562.5959765297569	38966.627094165226
1.327672625E8	540.0895000397425	0.0
1.331265785E8	814.6624393882879	0.0
1.334858945E8	517.2533014639976	38966.627094165226
1.337730805E8	1004.3708165997323	0.0
1.339527385E8	3174.9545454545455	0.0
1.342045265E8	13070.764371257485	38966.627094165226
1.345638425E8	38966.627094165226	0.0
1.349231585E8	16976.76148940161	0.0
1.352824745E8	2398.8336847327296	38966.627094165226
1.356417905E8	1474.9193109126606	0.0
1.360011065E8	7466.207756983998	0.0
1.363604225E8	6154.199740783411	38966.627094165226
1.367197385E8	2360.652099477383	0.0
1.370790545E8	737.8100813818303	0.0
1.374033365E8	458.0601967972217	38966.627094165226
1.375577225E8	280.0801374034059	0.0
1.375927565E8	548.070054945055	0.0
1.376371405E8	395.56302521008405	38966.627094165226
1.37699935E8	463.73121387283237	0.0
1.37786751E8	321.9596412556054	0.0
1.37868371E8	546.6136662286465	38966.627094165226
1.37942101E8	359.16243654822335	0.0
1.37980213E8	330.86486486486484	0.0
1.38019627E8	275.2	38966.627094165226
1.38089538E8	431.3452768729642	0.0
1.38156123E8	402.363074204947	0.0
1.382206275E8	1151.2545454545455	38966.627094165226
1.38280805E8	409.4736842105263	0.0
1.38323179E8	166.0	0.0
1.383484915E8	132.0	38966.627094165226
1.38384028E8	479.5016611295681	0.0
1.384312265E8	647.8620689655172	0.0
1.384772795E8	842.8395721925134	38966.627094165226
1.38522045E8	444.5493975903614	0.0
1.385663025E8	277.7162714636141	0.0
1.38610046E8	1449.9545454545455	38966.627094165226
1.38651258E8	1326.9255319148936	0.0
1.386833775E8	1209.9444444444443	0.0
1.387019305E8	412.36842105263156	38966.627094165226
1.38726341E8	0.0	0.0
1.387630385E8	342.90410958904107	0.0
1.3879854E8	555.1041220283645	38966.627094165226
1.3883298E8	285.2083333333333	0.0
1.388668195E8	5362.0	0.0
1.389001375E8	1536.5674157303372	38966.627094165226
1.389325255E8	325.1094420600858	0.0
1.38963047E8	267.5	0.0
1.38991991E8	413.5882352941176	38966.627094165226
1.390198715E8	224.83333333333334	0.0
1.39044446E8	297.64021164021165	0.0
1.390581695E8	336.6666666666667	38966.627094165226
1.39074104E8	284.77777777777777	0.0
1.391000815E8	297.41052631578947	0.0
1.39125904E8	1672.5	38966.627094165226
1.391516555E8	439.2542372881356	0.0
1.391772845E8	295.3818424566088	0.0
1.39202833E8	287.1363636363636	38966.627094165226
1.39227853E8	0.0	0.0
1.392522945E8	486.65441176470586	0.0
1.392761035E8	0.0	38966.627094165226
1.392991635E8	263.0	0.0
1.393219065E8	321.0	0.0
1.39344169E8	277.6345794392523	38966.627094165226
1.393656665E8	0.0	0.0
1.39386585E8	377.4795918367347	0.0
1.394057875E8	300.0	38966.627094165226
1.394157655E8	0.0	0.0
1.39426072E8	1891.5714285714287	0.0
1.394433E8	225.5	38966.627094165226
1.394591395E8	266.3333333333333	0.0
1.39474609E8	0.0	0.0
1.394898515E8	233.0	38966.627094165226
1.39504877E8	286.80882352941177	0.0
1.39519712E8	265.0	0.0
1.39534307E8	0.0	38966.627094165226
1.39548658E8	296.75	0.0
1.395628065E8	281.7142857142857	0.0
1.395768695E8	167.0	38966.627094165226
1.395908865E8	0.0	0.0
1.396048595E8	0.0	0.0
1.39618797E8	0.0	38966.627094165226
1.396327175E8	293.9	0.0
1.39646447E8	161.0	0.0
1.39659998E8	301.03790087463557	38966.627094165226
1.39673523E8	0.0	0.0
1.39687001E8	292.5	0.0
1.39700456E8	0.0	38966.627094165226
1.397138915E8	0.0	0.0
1.397272965E8	0.0	0.0
1.39740652E8	0.0	38966.627094165226
1.397539385E8	0.0	0.0
1.397671835E8	0.0	0.0
1.397738625E8	0.0	38966.627094165226
1.39780441E8	278.7916666666667	0.0
1.397935115E8	277.0	0.0
1.39806605E8	0.0	38966.627094165226
1.398195725E8	283.85496183206106	0.0
1.398324245E8	0.0	0.0
1.39845262E8	267.0	38966.627094165226
1.398580325E8	217.83333333333334	0.0
1.3987073E8	329.5	0.0
1.398833975E8	0.0	38966.627094165226
1.398960405E8	355.8965517241379	0.0
1.399086725E8	0.0	0.0
1.399212565E8	295.54545454545456	38966.627094165226
1.39933781E8	392.22841051314145	0.0
1.39946267E8	294.0	0.0
1.399587085E8	295.9230769230769	38966.627094165226
1.399711325E8	0.0	0.0
1.39983544E8	300.0	0.0
1.399959275E8	284.4959349593496	38966.627094165226
1.400082885E8	268.3181818181818	0.0
1.40020559E8	0.0	0.0
1.400327265E8	374.0	38966.627094165226
1.400448715E8	0.0	0.0
1.4005699E8	0.0	0.0
1.400690545E8	390.0	38966.627094165226
1.40081085E8	246.25	0.0
1.400930995E8	232.25	0.0
1.40105101E8	415.5	38966.627094165226
1.40117094E8	316.0	0.0
1.401281635E8	0.0	0.0
1.40134155E8	0.0	38966.627094165226
1.401410485E8	269.94029850746267	0.0
1.40153003E8	229.0	0.0
1.40164882E8	0.0	38966.627094165226
1.40176667E8	298.3125	0.0
1.4018842E8	397.47393626818933	0.0
1.40200076E8	258.9166666666667	38966.627094165226
1.402116215E8	0.0	0.0
1.402231315E8	284.0	0.0
1.402345955E8	0.0	38966.627094165226
1.402459205E8	299.0	0.0
1.402571045E8	0.0	0.0
1.402682415E8	0.0	38966.627094165226
1.4027885E8	296.95531914893616	0.0
1.40288828E8	0.0	0.0
1.402984445E8	0.0	38966.627094165226
1.40307799E8	0.0	0.0
1.403166425E8	284.4	0.0
1.40324819E8	0.0	38966.627094165226
1.403326835E8	328.0	0.0
1.403402015E8	0.0	0.0
1.4034742E8	0.0	38966.627094165226
1.40354483E8	258.0	0.0
1.403614525E8	289.5625	0.0
1.403683705E8	294.6090909090909	38966.627094165226
1.403752505E8	257.0833333333333	0.0
1.403821105E8	240.0	0.0
1.40388953E8	463.0	38966.627094165226
1.403957145E8	0.0	0.0
1.404023365E8	0.0	0.0
1.404088075E8	304.0	38966.627094165226
1.404151525E8	251.5	0.0
1.40421418E8	276.25	0.0
1.40427633E8	284.92452830188677	38966.627094165226
1.404337675E8	311.3157894736842	0.0
1.404398365E8	0.0	0.0
1.40445888E8	261.7837837837838	38966.627094165226
1.404519085E8	0.0	0.0
1.404579005E8	288.22222222222223	0.0
1.404638765E8	406.34615384615387	38966.627094165226
1.404698365E8	336.0	0.0
1.4047577E8	314.7692307692308	0.0
1.40481673E8	265.9496951219512	38966.627094165226
1.404875345E8	0.0	0.0
1.404915035E8	0.0	0.0
1.404943895E8	0.0	38966.627094165226
1.404990715E8	0.0	0.0
1.405047025E8	338.8347692307692	0.0
1.40510262E8	0.0	38966.627094165226
1.405157995E8	272.05263157894734	0.0
1.40521292E8	247.11111111111111	0.0
1.40526756E8	326.7037484885127	38966.627094165226
1.40532181E8	0.0	0.0
1.40537566E8	278.49916247906197	0.0
1.405429375E8	297.0	38966.627094165226
1.405482795E8	280.0	0.0
1.40553603E8	0.0	0.0
1.405589225E8	250.0	38966.627094165226
1.40564221E8	310.0	0.0
1.405694775E8	225.0	0.0
1.40574688E8	0.0	38966.627094165226
1.405798735E8	301.0	0.0
1.405850135E8	282.0	0.0
1.40590093E8	0.0	38966.627094165226
1.405951535E8	0.0	0.0
1.40600212E8	0.0	0.0
1.406052535E8	0.0	38966.627094165226
1.406102665E8	308.94736842105266	0.0
1.406152645E8	311.0	0.0
1.406202595E8	0.0	38966.627094165226
1.406252495E8	0.0	0.0
1.40630226E8	268.0	0.0
1.40635179E8	0.0	38966.627094165226
1.40640115E8	0.0	0.0
1.4064504E8	0.0	0.0
1.4064995E8	300.2750373692078	38966.627094165226
1.406548455E8	0.0	0.0
1.40659729E8	295.5777777777778	0.0
1.40664601E8	139.0	38966.627094165226
1.406694435E8	185.0	0.0
1.40674261E8	0.0	0.0
1.40679061E8	266.25	38966.627094165226
1.40683806E8	0.0	0.0
1.40688509E8	0.0	0.0
1.406931635E8	0.0	38966.627094165226
1.40697758E8	0.0	0.0
1.40702335E8	0.0	0.0
1.40706898E8	0.0	38966.627094165226
1.40711432E8	151.0	0.0
1.40715925E8	302.05555555555554	0.0
1.40720393E8	290.2	38966.627094165226
1.407248515E8	0.0	0.0
1.407292955E8	210.0	0.0
1.407337135E8	0.0	38966.627094165226
1.40738111E8	0.0	0.0
1.40742499E8	0.0	0.0
1.407468785E8	0.0	38966.627094165226
1.40751256E8	0.0	0.0
1.407556295E8	0.0	0.0
1.40759995E8	225.0	38966.627094165226
1.407643435E8	274.5	0.0
1.407686665E8	307.0243902439024	0.0
1.407729765E8	270.219512195122	38966.627094165226
1.40777284E8	0.0	0.0
1.40781584E8	294.7416038382454	0.0
1.40785876E8	321.9217877094972	38966.627094165226
1.40790157E8	0.0	0.0
1.407944295E8	242.0	0.0
1.407986935E8	0.0	38966.627094165226
1.40802937E8	0.0	0.0
1.40807165E8	0.0	0.0
1.408113885E8	0.0	38966.627094165226
1.408156105E8	277.3333333333333	0.0
1.408198225E8	357.94736842105266	0.0
1.40824022E8	314.0	38966.627094165226
1.408282145E8	307.2857142857143	0.0
1.408324E8	0.0	0.0
1.408365825E8	0.0	38966.627094165226
1.40840755E8	0.0	0.0
1.408449115E8	0.0	0.0
1.40849054E8	0.0	38966.627094165226
1.40851497E8	0.0	0.0
1.408535395E8	0.0	0.0
1.40857247E8	0.0	38966.627094165226
1.408613235E8	351.0	0.0
1.40865389E8	339.6209677419355	0.0
1.408694335E8	0.0	38966.627094165226
1.40873455E8	0.0	0.0
1.408774675E8	0.0	0.0
1.408814765E8	0.0	38966.627094165226
1.40885475E8	300.0	0.0
1.408894625E8	308.5	0.0
1.408934395E8	170.0	38966.627094165226
1.408974065E8	0.0	0.0
1.409013685E8	360.09090909090907	0.0
1.409053235E8	313.98333333333335	38966.627094165226
1.40909269E8	0.0	0.0
1.409132055E8	0.0	0.0
1.409171345E8	225.0	38966.627094165226
1.409210595E8	296.6875	0.0
1.40924982E8	0.0	0.0
1.40928899E8	253.0	38966.627094165226
1.40932812E8	0.0	0.0
1.409367215E8	201.5	0.0
1.4094061E8	0.0	38966.627094165226
1.409444775E8	288.8	0.0
1.409483385E8	312.208984375	0.0
1.409521765E8	0.0	38966.627094165226
1.40955989E8	305.64102564102564	0.0
1.409597955E8	0.0	0.0
1.409636015E8	218.0	38966.627094165226
1.40967392E8	0.0	0.0
1.40971157E8	249.5	0.0
1.40974907E8	0.0	38966.627094165226
1.40978648E8	0.0	0.0
1.409823815E8	240.75	0.0
1.40986105E8	216.75	38966.627094165226
1.409898215E8	278.25	0.0
1.40993536E8	0.0	0.0
1.409972465E8	0.0	38966.627094165226
1.41000941E8	0.0	0.0
1.410046115E8	235.64285714285714	0.0
1.410082665E8	300.5	38966.627094165226
1.41011916E8	0.0	0.0
1.410155645E8	0.0	0.0
1.410192115E8	0.0	38966.627094165226
1.410228535E8	335.0	0.0
1.410264835E8	166.5	0.0
1.410301055E8	0.0	38966.627094165226
1.41033718E8	265.3333333333333	0.0
1.41037321E8	0.0	0.0
1.410409235E8	0.0	38966.627094165226
1.41044521E8	0.0	0.0
1.410481085E8	0.0	0.0
1.410516865E8	0.0	38966.627094165226
1.41055252E8	0.0	0.0
1.410588075E8	311.4387755102041	0.0
1.41062361E8	269.0	38966.627094165226
1.41065914E8	0.0	0.0
1.41069467E8	293.8666666666667	0.0
1.41073012E8	292.56	38966.627094165226
1.41076544E8	0.0	0.0
1.41080071E8	0.0	0.0
1.41083596E8	0.0	38966.627094165226
1.41087117E8	0.0	0.0
1.41090628E8	0.0	0.0
1.410941305E8	300.54206128133706	38966.627094165226
1.41097631E8	299.1333333333333	0.0
1.411011295E8	0.0	0.0
1.411046235E8	311.5	38966.627094165226
1.411081075E8	0.0	0.0
1.41111585E8	0.0	0.0
1.4111506E8	0.0	38966.627094165226
1.411185295E8	259.1666666666667	0.0
1.41121994E8	0.0	0.0
1.411254545E8	305.258064516129	38966.627094165226
1.411289005E8	0.0	0.0
1.411323185E8	0.0	0.0
1.411357175E8	0.0	38966.627094165226
1.4113911E8	308.0	0.0
1.411424975E8	267.0	0.0
1.41145878E8	251.0	38966.627094165226
1.411492525E8	305.2554744525547	0.0
1.41152626E8	244.2	0.0
1.41155995E8	0.0	38966.627094165226
1.411593515E8	298.0	0.0
1.41162699E8	0.0	0.0
1.41166043E8	357.875	38966.627094165226
1.4116937E8	0.0	0.0
1.411726805E8	0.0	0.0
1.411759855E8	0.0	38966.627094165226
1.41179286E8	327.3333333333333	0.0
1.411825805E8	0.0	0.0
1.411858675E8	284.92	38966.627094165226
1.41189148E8	0.0	0.0
1.41192424E8	268.0	0.0
1.411956955E8	297.0	38966.627094165226
1.411989605E8	259.8	0.0
1.41202221E8	195.5	0.0
1.4120548E8	336.47198463955317	38966.627094165226
1.412087365E8	0.0	0.0
1.41210776E8	261.0	0.0
1.41212402E8	290.0	38966.627094165226
1.412152325E8	0.0	0.0
1.41218463E8	192.0	0.0
1.41221688E8	0.0	38966.627094165226
1.412249085E8	260.0	0.0
1.41228124E8	374.24285714285713	0.0
1.41231335E8	0.0	38966.627094165226
1.412345425E8	0.0	0.0
1.41237746E8	0.0	0.0
1.41240947E8	317.0	38966.627094165226
1.41244146E8	0.0	0.0
1.412473425E8	351.84615384615387	0.0
1.41250538E8	281.241312272175	38966.627094165226
1.412537305E8	290.99662447257384	0.0
1.412569125E8	0.0	0.0
1.41260086E8	0.0	38966.627094165226
1.41263258E8	206.0	0.0
1.412664245E8	0.0	0.0
1.41269585E8	0.0	38966.627094165226
1.41272743E8	0.0	0.0
1.412758995E8	0.0	0.0
1.412790545E8	294.0	38966.627094165226
1.412822035E8	0.0	0.0
1.4128534E8	327.8224299065421	0.0
1.41288466E8	0.0	38966.627094165226
1.41291589E8	0.0	0.0
1.412947105E8	0.0	0.0
1.412978215E8	378.93939393939394	38966.627094165226
1.413009225E8	0.0	0.0
1.413040225E8	280.5	0.0
1.41307117E8	0.0	38966.627094165226
1.41310204E8	305.77777777777777	0.0
1.413132865E8	186.0	0.0
1.413163665E8	0.0	38966.627094165226
1.41319445E8	267.38461538461536	0.0
1.413225215E8	260.0	0.0
1.41325596E8	0.0	38966.627094165226
1.41328669E8	328.6	0.0
1.41331738E8	0.0	0.0
1.413348E8	0.0	38966.627094165226
1.413378585E8	279.05185185185184	0.0
1.413409105E8	296.0	0.0
1.413439555E8	0.0	38966.627094165226
1.41346999E8	0.0	0.0
1.41350033E8	0.0	0.0
1.413530575E8	0.0	38966.627094165226
1.41356076E8	0.0	0.0
1.413590875E8	0.0	0.0
1.41362097E8	0.0	38966.627094165226
1.413651025E8	0.0	0.0
1.41368103E8	314.0	0.0
1.41371102E8	260.7142857142857	38966.627094165226
1.413740995E8	296.72727272727275	0.0
1.41377093E8	280.5	0.0
1.413800805E8	250.5	38966.627094165226
1.413830635E8	263.0	0.0
1.413860455E8	275.8888888888889	0.0
1.41389022E8	305.3333333333333	38966.627094165226
1.413919895E8	0.0	0.0
1.4139495E8	0.0	0.0
1.413979065E8	0.0	38966.627094165226
1.41400857E8	0.0	0.0
1.41403801E8	0.0	0.0
1.41406741E8	329.5	38966.627094165226
1.41409678E8	0.0	0.0
1.414126105E8	0.0	0.0
1.41415538E8	289.1459074733096	38966.627094165226
1.414184645E8	0.0	0.0
1.414213895E8	245.0	0.0
1.414243125E8	336.6909871244635	38966.627094165226
1.414272345E8	310.47222222222223	0.0
1.41430155E8	0.0	0.0
1.414330725E8	301.0	38966.627094165226
1.414359875E8	292.0	0.0
1.414389E8	244.53333333333333	0.0
1.414418105E8	0.0	38966.627094165226
1.41444718E8	283.8285714285714	0.0
1.414476225E8	289.1363636363636	0.0
1.41450526E8	0.0	38966.627094165226
1.41453427E8	335.6845415425356	0.0
1.41456323E8	0.0	0.0
1.41459214E8	293.0	38966.627094165226
1.414621005E8	270.6470588235294	0.0
1.414649835E8	325.38291054739653	0.0
1.414678655E8	0.0	38966.627094165226
1.414707475E8	345.0	0.0
1.41473629E8	317.72727272727275	0.0
1.41476508E8	0.0	38966.627094165226
1.414793845E8	288.39130434782606	0.0
1.41482258E8	0.0	0.0
1.414851235E8	0.0	38966.627094165226
1.414879835E8	0.0	0.0
1.414908425E8	0.0	0.0
1.41493699E8	322.7857142857143	38966.627094165226
1.41496551E8	317.85436105476674	0.0
1.414993995E8	51.0	0.0
1.415022465E8	0.0	38966.627094165226
1.415050915E8	0.0	0.0
1.41507934E8	0.0	0.0
1.415107725E8	190.0	38966.627094165226
1.415136075E8	0.0	0.0
1.41516441E8	0.0	0.0
1.415192725E8	0.0	38966.627094165226
1.41522102E8	0.0	0.0
1.415249305E8	2024.5	0.0
1.41527757E8	221.875	38966.627094165226
1.41530581E8	0.0	0.0
1.415334035E8	0.0	0.0
1.415362255E8	0.0	38966.627094165226
1.415390465E8	0.0	0.0
1.41541866E8	230.5	0.0
1.41544683E8	301.1783783783784	38966.627094165226
1.415474975E8	0.0	0.0
1.4155031E8	0.0	0.0
1.415531175E8	0.0	38966.627094165226
1.41555919E8	313.04545454545456	0.0
1.415587165E8	0.0	0.0
1.41561512E8	0.0	38966.627094165226
1.41564307E8	334.0	0.0
1.415671015E8	295.0	0.0
1.415695015E8	299.87333333333333	38966.627094165226
1.41570898E8	268.5833333333333	0.0
1.41572688E8	0.0	0.0
1.4157548E8	0.0	38966.627094165226
1.415782705E8	523.0952380952381	0.0
1.415810595E8	193.0	0.0
1.41583847E8	265.9047619047619	38966.627094165226
1.415866325E8	0.0	0.0
1.41589416E8	324.41413373860183	0.0
1.41592198E8	0.0	38966.627094165226
1.41594971E8	0.0	0.0
1.415977345E8	287.6666666666667	0.0
1.41600491E8	0.0	38966.627094165226
1.416032415E8	0.0	0.0
1.41605989E8	0.0	0.0
1.416087335E8	0.0	38966.627094165226
1.416114735E8	0.0	0.0
1.41614208E8	0.0	0.0
1.416169385E8	285.56053811659194	38966.627094165226
1.41619657E8	322.40464798359534	0.0
1.416223655E8	0.0	0.0
1.41625071E8	0.0	38966.627094165226
1.416277715E8	0.0	0.0
1.41630469E8	172.0	0.0
1.416331645E8	320.6707530647986	38966.627094165226
1.41635856E8	0.0	0.0
1.416385445E8	301.75	0.0
1.416412325E8	0.0	38966.627094165226
1.416439195E8	265.03225806451616	0.0
1.41646598E8	547.8571428571429	0.0
1.416492685E8	0.0	38966.627094165226
1.41651938E8	221.6	0.0
1.416546065E8	0.0	0.0
1.41657273E8	306.12756952841596	38966.627094165226
1.416599375E8	0.0	0.0
1.41662593E8	294.8255813953488	0.0
1.416652385E8	0.0	38966.627094165226
1.416678815E8	310.5366726296959	0.0
1.41670523E8	0.0	0.0
1.41673163E8	0.0	38966.627094165226
1.41675801E8	0.0	0.0
1.416784375E8	299.5135135135135	0.0
1.41681073E8	0.0	38966.627094165226
1.41683705E8	0.0	0.0
1.416863335E8	247.16666666666666	0.0
1.416889605E8	0.0	38966.627094165226
1.416915825E8	0.0	0.0
1.416942E8	250.0	0.0
1.416968145E8	0.0	38966.627094165226
1.41699426E8	0.0	0.0
1.41702034E8	660.0	0.0
1.41704638E8	0.0	38966.627094165226
1.41707241E8	221.66666666666666	0.0
1.41709838E8	0.0	0.0
1.417124275E8	284.0	38966.627094165226
1.417150135E8	0.0	0.0
1.41717597E8	227.0	0.0
1.41720177E8	0.0	38966.627094165226
1.41722754E8	0.0	0.0
1.417253305E8	232.75	0.0
1.41727906E8	300.38461538461536	38966.627094165226
1.41730481E8	446.0	0.0
1.41733056E8	223.33333333333334	0.0
1.417356305E8	281.5	38966.627094165226
1.417382025E8	265.0	0.0
1.4174077E8	0.0	0.0
1.41743333E8	0.0	38966.627094165226
1.41745892E8	0.0	0.0
1.417484485E8	0.0	0.0
1.41751004E8	248.06451612903226	38966.627094165226
1.41753556E8	0.0	0.0
1.41756104E8	419.3865886588659	0.0
1.41758648E8	276.0	38966.627094165226
1.41761189E8	253.71428571428572	0.0
1.417637275E8	0.0	0.0
1.4176626E8	0.0	38966.627094165226
1.41768789E8	0.0	0.0
1.417713145E8	0.0	0.0
1.41773836E8	300.4024390243902	38966.627094165226
1.41776357E8	0.0	0.0
1.417788775E8	0.0	0.0
1.417813975E8	281.6	38966.627094165226
1.41783916E8	285.50602409638554	0.0
1.417864325E8	0.0	0.0
1.41788946E8	269.1363636363636	38966.627094165226
1.41791457E8	0.0	0.0
1.417939675E8	0.0	0.0
1.417964765E8	299.0	38966.627094165226
1.41798983E8	0.0	0.0
1.418014855E8	0.0	0.0
1.41803981E8	289.8863636363636	38966.627094165226
1.4180647E8	0.0	0.0
1.41808953E8	0.0	0.0
1.41811431E8	322.39694656488547	38966.627094165226
1.418139075E8	252.5	0.0
1.41816383E8	0.0	0.0
1.41818857E8	213.0	38966.627094165226
1.418213285E8	0.0	0.0
1.418237955E8	270.0	0.0
1.41826259E8	314.45454545454544	38966.627094165226
1.418287215E8	317.0	0.0
1.41831178E8	277.4	0.0
1.41833627E8	258.0	38966.627094165226
1.418360715E8	0.0	0.0
1.41838512E8	0.0	0.0
1.418409505E8	260.39130434782606	38966.627094165226
1.418433885E8	0.0	0.0
1.418458265E8	294.4895104895105	0.0
1.41848263E8	0.0	38966.627094165226
1.418506975E8	279.0	0.0
1.418531305E8	0.0	0.0
1.41855562E8	0.0	38966.627094165226
1.41857992E8	312.45454545454544	0.0
1.418604205E8	288.1111111111111	0.0
1.41862847E8	0.0	38966.627094165226
1.41865272E8	0.0	0.0
1.41867695E8	234.0	0.0
1.41870116E8	266.77777777777777	38966.627094165226
1.418725365E8	0.0	0.0
1.41874956E8	0.0	0.0
1.41877374E8	0.0	38966.627094165226
1.41879789E8	0.0	0.0
1.418822015E8	284.0	0.0
1.418846075E8	0.0	38966.627094165226
1.418870045E8	0.0	0.0
1.418893965E8	295.65277777777777	0.0
1.418917865E8	0.0	38966.627094165226
1.41894176E8	0.0	0.0
1.41896563E8	0.0	0.0
1.41898948E8	0.0	38966.627094165226
1.41901333E8	328.0	0.0
1.419037175E8	328.57483350858746	0.0
1.41906101E8	290.2808988764045	38966.627094165226
1.41908484E8	290.0379487179487	0.0
1.419108665E8	0.0	0.0
1.41913248E8	0.0	38966.627094165226
1.41915629E8	300.6604300474728	0.0
1.41918009E8	290.83673469387753	0.0
1.41920388E8	274.0	38966.627094165226
1.419227665E8	351.0	0.0
1.41925143E8	1380.0	0.0
1.419275165E8	0.0	38966.627094165226
1.419292615E8	264.037037037037	0.0
1.41930446E8	0.0	0.0
1.419322555E8	0.0	38966.627094165226
1.419346225E8	0.0	0.0
1.41936987E8	0.0	0.0
1.41939347E8	0.0	38966.627094165226
1.41941703E8	0.0	0.0
1.419440575E8	0.0	0.0
1.41946411E8	0.0	38966.627094165226
1.419487635E8	0.0	0.0
1.419511115E8	305.0	0.0
1.419534545E8	0.0	38966.627094165226
1.419557965E8	312.27272727272725	0.0
1.41958135E8	0.0	0.0
1.419604675E8	237.64705882352942	38966.627094165226
1.419627965E8	0.0	0.0
1.419651245E8	323.5135135135135	0.0
1.419674515E8	298.9572873735481	38966.627094165226
1.41969777E8	0.0	0.0
1.419721005E8	0.0	0.0
1.419744205E8	0.0	38966.627094165226
1.41976738E8	0.0	0.0
1.419790505E8	305.5128205128205	0.0
1.41981358E8	0.0	38966.627094165226
1.419836635E8	286.2742616033755	0.0
1.41985967E8	273.97435897435895	0.0
1.41988266E8	269.75	38966.627094165226
1.4199056E8	0.0	0.0
1.41992852E8	0.0	0.0
1.41995142E8	0.0	38966.627094165226
1.4199743E8	0.0	0.0
1.419997165E8	0.0	0.0
1.420020015E8	295.6	38966.627094165226
1.42004285E8	0.0	0.0
1.420065675E8	0.0	0.0
1.42008845E8	0.0	38966.627094165226
1.420111165E8	273.75757575757575	0.0
1.42013386E8	0.0	0.0
1.420156535E8	0.0	38966.627094165226
1.42017916E8	0.0	0.0
1.42020175E8	0.0	0.0
1.42022431E8	0.0	38966.627094165226
1.420246815E8	0.0	0.0
1.42026929E8	0.0	0.0
1.42029171E8	0.0	38966.627094165226
1.420314065E8	0.0	0.0
1.420336395E8	0.0	0.0
1.420358715E8	302.43809523809523	38966.627094165226
1.420381015E8	0.0	0.0
1.42040329E8	324.0	0.0
1.42042554E8	0.0	38966.627094165226
1.42044776E8	0.0	0.0
1.420469965E8	0.0	0.0
1.42049215E8	0.0	38966.627094165226
1.420514315E8	0.0	0.0
1.420536445E8	0.0	0.0
1.42055854E8	0.0	38966.627094165226
1.42058062E8	0.0	0.0
1.420602685E8	284.8921933085502	0.0
1.42062474E8	0.0	38966.627094165226
1.42064677E8	0.0	0.0
1.420668775E8	0.0	0.0
1.420690765E8	0.0	38966.627094165226
1.420712745E8	0.0	0.0
1.420734715E8	0.0	0.0
1.420756655E8	0.0	38966.627094165226
1.420778565E8	287.41975308641975	0.0
1.42080046E8	0.0	0.0
1.42082235E8	0.0	38966.627094165226
1.42084423E8	0.0	0.0
1.42086609E8	385.5	0.0
1.4208879E8	0.0	38966.627094165226
1.420909665E8	255.0	0.0
1.42093141E8	0.0	0.0
1.420953105E8	0.0	38966.627094165226
1.42097474E8	0.0	0.0
1.42099635E8	0.0	0.0
1.42101794E8	0.0	38966.627094165226
1.42103946E8	0.0	0.0
1.42106089E8	0.0	0.0
1.421082245E8	0.0	38966.627094165226
1.42110355E8	0.0	0.0
1.421124825E8	0.0	0.0
1.421146075E8	0.0	38966.627094165226
1.421167315E8	367.89285714285717	0.0
1.42118853E8	282.8805970149254	0.0
1.42120971E8	312.0	38966.627094165226
1.421230865E8	0.0	0.0
1.421252E8	0.0	0.0
1.42127313E8	0.0	38966.627094165226
1.42129426E8	0.0	0.0
1.421315385E8	0.0	0.0
1.42133649E8	0.0	38966.627094165226
1.421357575E8	0.0	0.0
1.42137864E8	0.0	0.0
1.42139969E8	192.5	38966.627094165226
1.42142073E8	0.0	0.0
1.421441755E8	180.0	0.0
1.421462745E8	136.0	38966.627094165226
1.421483705E8	0.0	0.0
1.421504655E8	0.0	0.0
1.421525595E8	0.0	38966.627094165226
1.421546525E8	303.8333333333333	0.0
1.421567435E8	291.875	0.0
1.42158833E8	0.0	38966.627094165226
1.421609215E8	0.0	0.0
1.42163009E8	214.5	0.0
1.42165096E8	298.0	38966.627094165226
1.421671825E8	0.0	0.0
1.421692675E8	0.0	0.0
1.4217135E8	282.7755102040816	38966.627094165226
1.4217343E8	0.0	0.0
1.42175509E8	0.0	0.0
1.421775875E8	0.0	38966.627094165226
1.421796645E8	272.0	0.0
1.421817365E8	0.0	0.0
1.421838025E8	278.66051660516604	38966.627094165226
1.42185866E8	565.5	0.0
1.42187929E8	338.7068273092369	0.0
1.421899915E8	270.6666666666667	38966.627094165226
1.421920525E8	0.0	0.0
1.421941125E8	0.0	0.0
1.421961725E8	217.0	38966.627094165226
1.42198232E8	302.0	0.0
1.422002865E8	509.0	0.0
1.422023345E8	0.0	38966.627094165226
1.422043795E8	0.0	0.0
1.42206423E8	239.5	0.0
1.42208462E8	0.0	38966.627094165226
1.42210496E8	0.0	0.0
1.42212529E8	0.0	0.0
1.422145605E8	0.0	38966.627094165226
1.42216589E8	272.69473684210527	0.0
1.42218613E8	1033.0	0.0
1.422206335E8	0.0	38966.627094165226
1.42222652E8	325.0	0.0
1.422246675E8	0.0	0.0
1.422266795E8	0.0	38966.627094165226
1.42228689E8	0.0	0.0
1.422306975E8	0.0	0.0
1.422327045E8	0.0	38966.627094165226
1.422347105E8	0.0	0.0
1.42236716E8	210.66666666666666	0.0
1.42238721E8	280.0	38966.627094165226
1.422407225E8	0.0	0.0
1.422427205E8	233.8	0.0
1.422447185E8	301.75	38966.627094165226
1.42246715E8	0.0	0.0
1.42248709E8	0.0	0.0
1.422507005E8	0.0	38966.627094165226
1.422526905E8	277.74789915966386	0.0
1.422546795E8	313.0	0.0
1.422566665E8	0.0	38966.627094165226
1.422586525E8	0.0	0.0
1.422606355E8	0.0	0.0
1.422626145E8	507.5	38966.627094165226
1.422645915E8	193.0	0.0
1.422665675E8	341.0	0.0
1.42268543E8	252.0	38966.627094165226
1.422705175E8	278.5	0.0
1.422724895E8	0.0	0.0
1.422744575E8	372.0	38966.627094165226
1.422764235E8	193.0	0.0
1.422783895E8	0.0	0.0
1.422803545E8	0.0	38966.627094165226
1.42282318E8	0.0	0.0
1.422842805E8	0.0	0.0
1.422862425E8	270.5357142857143	38966.627094165226
1.4228818E8	202.0	0.0
1.42289161E8	0.0	0.0
1.42290166E8	0.0	38966.627094165226
1.42292127E8	0.0	0.0
1.42294088E8	0.0	0.0
1.422960465E8	0.0	38966.627094165226
1.422980025E8	327.67469879518075	0.0
1.42299954E8	0.0	0.0
1.42301901E8	289.2	38966.627094165226
1.42303848E8	238.0	0.0
1.423057945E8	0.0	0.0
1.4230774E8	0.0	38966.627094165226
1.423096845E8	0.0	0.0
1.42311628E8	0.0	0.0
1.42313569E8	0.0	38966.627094165226
1.423155065E8	248.0	0.0
1.423174425E8	0.0	0.0
1.42319378E8	0.0	38966.627094165226
1.42321312E8	0.0	0.0
1.42323245E8	0.0	0.0
1.42325177E8	0.0	38966.627094165226
1.42327107E8	329.8	0.0
1.423290355E8	0.0	0.0
1.423309635E8	341.0	38966.627094165226
1.42332891E8	0.0	0.0
1.423348175E8	274.9111111111111	0.0
1.423367435E8	0.0	38966.627094165226
1.423386685E8	0.0	0.0
1.423405905E8	0.0	0.0
1.42342509E8	223.66666666666666	38966.627094165226
1.423444255E8	0.0	0.0
1.423463415E8	0.0	0.0
1.42348253E8	299.0	38966.627094165226
1.423501595E8	0.0	0.0
1.42352065E8	212.0	0.0
1.423539695E8	0.0	38966.627094165226
1.42355873E8	0.0	0.0
1.42357776E8	243.0	0.0
1.42359679E8	262.0	38966.627094165226
1.423615815E8	0.0	0.0
1.42363483E8	267.0	0.0
1.423653835E8	0.0	38966.627094165226
1.423672835E8	0.0	0.0
1.42369183E8	0.0	0.0
1.4237108E8	0.0	38966.627094165226
1.42372975E8	0.0	0.0
1.42374869E8	0.0	0.0
1.42376761E8	0.0	38966.627094165226
1.423786515E8	0.0	0.0
1.423805415E8	309.5971731448763	0.0
1.423824305E8	291.5	38966.627094165226
1.423843155E8	330.0	0.0
1.423861925E8	181.0	0.0
1.423880645E8	0.0	38966.627094165226
1.42389936E8	0.0	0.0
1.423918065E8	317.0	0.0
1.423936765E8	0.0	38966.627094165226
1.42395546E8	0.0	0.0
1.42397415E8	0.0	0.0
1.42399284E8	177.0	38966.627094165226
1.424011525E8	0.0	0.0
1.42403019E8	0.0	0.0
1.42404883E8	317.6655105973025	38966.627094165226
1.42406746E8	0.0	0.0
1.424086055E8	0.0	0.0
1.424104605E8	298.6666666666667	38966.627094165226
1.42412313E8	0.0	0.0
1.42414163E8	0.0	0.0
1.42416009E8	0.0	38966.627094165226
1.42417852E8	342.0	0.0
1.42419695E8	0.0	0.0
1.42421538E8	363.6666666666667	38966.627094165226
1.424233805E8	0.0	0.0
1.42425222E8	0.0	0.0
1.42427063E8	0.0	38966.627094165226
1.424288995E8	0.0	0.0
1.424307315E8	0.0	0.0
1.424325625E8	0.0	38966.627094165226
1.42434392E8	0.0	0.0
1.42436221E8	0.0	0.0
1.424380485E8	173.0	38966.627094165226
1.42439871E8	247.0	0.0
1.424416895E8	0.0	0.0
1.424435075E8	0.0	38966.627094165226
1.42445323E8	0.0	0.0
1.42447136E8	0.0	0.0
1.424489455E8	0.0	38966.627094165226
1.4245075E8	0.0	0.0
1.424525525E8	0.0	0.0
1.42454354E8	244.0	38966.627094165226
1.424561545E8	0.0	0.0
1.424579545E8	327.0	0.0
1.424597535E8	0.0	38966.627094165226
1.42461551E8	0.0	0.0
1.42463346E8	0.0	0.0
1.424651385E8	0.0	38966.627094165226
1.42466928E8	0.0	0.0
1.424687145E8	0.0	0.0
1.424705E8	0.0	38966.627094165226
1.42472285E8	256.6666666666667	0.0
1.424740655E8	0.0	0.0
1.42475841E8	0.0	38966.627094165226
1.42477616E8	276.8333333333333	0.0
1.42479391E8	0.0	0.0
1.424811635E8	0.0	38966.627094165226
1.42482933E8	0.0	0.0
1.424847005E8	319.3090128755365	0.0
1.42486464E8	0.0	38966.627094165226
1.424882225E8	271.3333333333333	0.0
1.424899775E8	272.0	0.0
1.4249173E8	0.0	38966.627094165226
1.42493479E8	0.0	0.0
1.42495226E8	0.0	0.0
1.42496973E8	0.0	38966.627094165226
1.42498718E8	0.0	0.0
1.4250046E8	0.0	0.0
1.425021995E8	961.0	38966.627094165226
1.42503937E8	0.0	0.0
1.425056725E8	0.0	0.0
1.42507406E8	0.0	38966.627094165226
1.425091385E8	208.0	0.0
1.425108685E8	0.0	0.0
1.425125945E8	0.0	38966.627094165226
1.425143185E8	293.22222222222223	0.0
1.4251604E8	272.0	0.0
1.42517759E8	290.72727272727275	38966.627094165226
1.425194765E8	0.0	0.0
1.425211925E8	0.0	0.0
1.42522908E8	0.0	38966.627094165226
1.425246225E8	0.0	0.0
1.42526336E8	0.0	0.0
1.425280485E8	145.0	38966.627094165226
1.425297595E8	314.44444444444446	0.0
1.425314695E8	257.6666666666667	0.0
1.42533179E8	0.0	38966.627094165226
1.425348875E8	0.0	0.0
1.425365935E8	0.0	0.0
1.42538297E8	0.0	38966.627094165226
1.4254E8	0.0	0.0
1.425416995E8	0.0	0.0
1.425433925E8	307.1794871794872	38966.627094165226
1.425450825E8	293.5	0.0
1.42546771E8	0.0	0.0
1.42548457E8	279.125	38966.627094165226
1.42550141E8	0.0	0.0
1.42551824E8	259.8936170212766	0.0
1.42553507E8	248.1	38966.627094165226
1.425551885E8	0.0	0.0
1.42556868E8	318.3333333333333	0.0
1.425585465E8	0.0	38966.627094165226
1.42560223E8	0.0	0.0
1.42561894E8	274.6666666666667	0.0
1.42563556E8	0.0	38966.627094165226
1.425652095E8	0.0	0.0
1.42566857E8	0.0	0.0
1.42568501E8	0.0	38966.627094165226
1.42570144E8	0.0	0.0
1.42571786E8	0.0	0.0
1.42573425E8	0.0	38966.627094165226
1.42575062E8	0.0	0.0
1.42576699E8	333.0266808964781	0.0
1.425783355E8	0.0	38966.627094165226
1.425799685E8	0.0	0.0
1.42581598E8	0.0	0.0
1.42583225E8	244.66666666666666	38966.627094165226
1.4258485E8	0.0	0.0
1.42586474E8	0.0	0.0
1.425880965E8	0.0	38966.627094165226
1.42589717E8	282.48125	0.0
1.425913335E8	298.0	0.0
1.42592946E8	300.3333333333333	38966.627094165226
1.425945565E8	352.44	0.0
1.425961665E8	209.5	0.0
1.425977755E8	307.45454545454544	38966.627094165226
1.42599378E8	0.0	0.0
1.42600974E8	308.0	0.0
1.426025685E8	381.25	38966.627094165226
1.426041585E8	0.0	0.0
1.426057445E8	0.0	0.0
1.426073305E8	0.0	38966.627094165226
1.42608914E8	0.0	0.0
1.42610493E8	0.0	0.0
1.4261207E8	0.0	38966.627094165226
1.42613646E8	0.0	0.0
1.4261522E8	0.0	0.0
1.42616792E8	0.0	38966.627094165226
1.42618361E8	0.0	0.0
1.426199275E8	293.6666666666667	0.0
1.426214905E8	0.0	38966.627094165226
1.426230505E8	347.3333333333333	0.0
1.426246095E8	0.0	0.0
1.426261665E8	0.0	38966.627094165226
1.426277225E8	0.0	0.0
1.42629278E8	0.0	0.0
1.42630832E8	368.0	38966.627094165226
1.426323845E8	280.0	0.0
1.426339355E8	0.0	0.0
1.426354855E8	0.0	38966.627094165226
1.42637035E8	0.0	0.0
1.426385825E8	0.0	0.0
1.426401275E8	0.0	38966.627094165226
1.42641671E8	258.6896551724138	0.0
1.42643213E8	0.0	0.0
1.426447535E8	0.0	38966.627094165226
1.426462925E8	0.0	0.0
1.42647757E8	0.0	0.0
1.42648524E8	0.0	38966.627094165226
1.42649362E8	257.0	0.0
1.42650895E8	0.0	0.0
1.426524275E8	0.0	38966.627094165226
1.42653958E8	0.0	0.0
1.42655486E8	183.8125	0.0
1.42657012E8	0.0	38966.627094165226
1.42658537E8	0.0	0.0
1.42660062E8	268.44370860927154	0.0
1.42661585E8	279.0	38966.627094165226
1.426631055E8	0.0	0.0
1.42664625E8	0.0	0.0
1.426661435E8	0.0	38966.627094165226
1.426676605E8	0.0	0.0
1.426691735E8	0.0	0.0
1.42670683E8	0.0	38966.627094165226
1.426721915E8	0.0	0.0
1.426736975E8	284.55555555555554	0.0
1.426752015E8	0.0	38966.627094165226
1.426767045E8	0.0	0.0
1.426782025E8	0.0	0.0
1.426796955E8	0.0	38966.627094165226
1.426811875E8	319.3157894736842	0.0
1.426826785E8	0.0	0.0
1.42684168E8	0.0	38966.627094165226
1.426856565E8	0.0	0.0
1.42687144E8	218.0	0.0
1.42688631E8	188.5	38966.627094165226
1.42690117E8	263.28	0.0
1.426916015E8	0.0	0.0
1.426930845E8	0.0	38966.627094165226
1.426945645E8	0.0	0.0
1.426960415E8	0.0	0.0
1.42697517E8	245.5	38966.627094165226
1.42698991E8	298.0	0.0
1.42700463E8	0.0	0.0
1.427019325E8	0.0	38966.627094165226
1.427034E8	0.0	0.0
1.427048665E8	0.0	0.0
1.427063315E8	0.0	38966.627094165226
1.427077945E8	273.0	0.0
1.42709256E8	0.0	0.0
1.42710717E8	0.0	38966.627094165226
1.42712177E8	0.0	0.0
1.427136355E8	279.2828282828283	0.0
1.427150925E8	0.0	38966.627094165226
1.42716547E8	0.0	0.0
1.427179995E8	0.0	0.0
1.427194515E8	0.0	38966.627094165226
1.42720903E8	0.0	0.0
1.427223515E8	0.0	0.0
1.427237975E8	0.0	38966.627094165226
1.42725243E8	359.0	0.0
1.42726687E8	323.2142857142857	0.0
1.42728129E8	0.0	38966.627094165226
1.427295695E8	298.15170231997587	0.0
1.427310075E8	209.0	0.0
1.427324415E8	0.0	38966.627094165226
1.427338735E8	107.0	0.0
1.427353055E8	0.0	0.0
1.427367365E8	253.0	38966.627094165226
1.42738166E8	0.0	0.0
1.42739595E8	307.94117647058823	0.0
1.42741022E8	0.0	38966.627094165226
1.427424465E8	0.0	0.0
1.427438705E8	0.0	0.0
1.427452945E8	0.0	38966.627094165226
1.42746718E8	0.0	0.0
1.427481405E8	254.75	0.0
1.42749562E8	0.0	38966.627094165226
1.42750982E8	0.0	0.0
1.427523995E8	258.375	0.0
1.427538155E8	329.0	38966.627094165226
1.427552315E8	0.0	0.0
1.42756647E8	316.0	0.0
1.427580605E8	0.0	38966.627094165226
1.427594725E8	367.0	0.0
1.42760884E8	0.0	0.0
1.427622945E8	0.0	38966.627094165226
1.427637035E8	0.0	0.0
1.427651115E8	326.75	0.0
1.42766519E8	0.0	38966.627094165226
1.427679255E8	0.0	0.0
1.427693305E8	0.0	0.0
1.427707335E8	0.0	38966.627094165226
1.42772132E8	131.0	0.0
1.427735265E8	0.0	0.0
1.4277492E8	279.5	38966.627094165226
1.42776312E8	0.0	0.0
1.42777703E8	0.0	0.0
1.42779094E8	243.0	38966.627094165226
1.427804825E8	0.0	0.0
1.427818685E8	0.0	0.0
1.42783254E8	0.0	38966.627094165226
1.427846385E8	296.4	0.0
1.42786022E8	289.44444444444446	0.0
1.427874045E8	362.0	38966.627094165226
1.42788786E8	0.0	0.0
1.42790167E8	0.0	0.0
1.427915475E8	0.0	38966.627094165226
1.427929275E8	267.8	0.0
1.42794307E8	280.1818181818182	0.0
1.427956855E8	289.6666666666667	38966.627094165226
1.42797063E8	0.0	0.0
1.4279844E8	266.5	0.0
1.42799817E8	0.0	38966.627094165226
1.42801194E8	246.75	0.0
1.428025705E8	0.0	0.0
1.42803946E8	0.0	38966.627094165226
1.428053205E8	195.0	0.0
1.428066945E8	0.0	0.0
1.42808068E8	0.0	38966.627094165226
1.4280944E8	0.0	0.0
1.4281081E8	0.0	0.0
1.428121785E8	0.0	38966.627094165226
1.428135455E8	359.75	0.0
1.42814909E8	0.0	0.0
1.428162695E8	313.26574544989285	38966.627094165226
1.428176275E8	280.77777777777777	0.0
1.428189835E8	264.15384615384613	0.0
1.42820339E8	0.0	38966.627094165226
1.42821694E8	0.0	0.0
1.428230475E8	165.0	0.0
1.42824399E8	0.0	38966.627094165226
1.42825748E8	0.0	0.0
1.42827095E8	312.6	0.0
1.428284415E8	0.0	38966.627094165226
1.428297865E8	0.0	0.0
1.4283113E8	153.0	0.0
1.42832472E8	245.81720430107526	38966.627094165226
1.428338125E8	295.4782608695652	0.0
1.428351525E8	203.0	0.0
1.428364925E8	0.0	38966.627094165226
1.42837832E8	315.0	0.0
1.42839171E8	0.0	0.0
1.42840509E8	310.0	38966.627094165226
1.42841846E8	0.0	0.0
1.428431825E8	0.0	0.0
1.428445175E8	162.33333333333334	38966.627094165226
1.42845851E8	0.0	0.0
1.42847184E8	291.2653846153846	0.0
1.42848517E8	0.0	38966.627094165226
1.428498495E8	264.4	0.0
1.428511805E8	331.2	0.0
1.428525105E8	267.0	38966.627094165226
1.428538395E8	0.0	0.0
1.42855167E8	0.0	0.0
1.428564935E8	0.0	38966.627094165226
1.428578195E8	0.0	0.0
1.42859144E8	48.0	0.0
1.42860467E8	0.0	38966.627094165226
1.428617895E8	0.0	0.0
1.428631085E8	0.0	0.0
1.42864424E8	0.0	38966.627094165226
1.42865739E8	0.0	0.0
1.42867054E8	251.0	0.0
1.42868369E8	0.0	38966.627094165226
1.428696825E8	0.0	0.0
1.42870994E8	0.0	0.0
1.42872305E8	0.0	38966.627094165226
1.428736155E8	0.0	0.0
1.428749255E8	450.8235294117647	0.0
1.42876235E8	296.0	38966.627094165226
1.428775435E8	0.0	0.0
1.428788505E8	0.0	0.0
1.428801555E8	275.97058823529414	38966.627094165226
1.428814595E8	0.0	0.0
1.428827635E8	0.0	0.0
1.428840675E8	0.0	38966.627094165226
1.42885371E8	0.0	0.0
1.42886674E8	315.0	0.0
1.428879765E8	187.0	38966.627094165226
1.42889278E8	0.0	0.0
1.42890579E8	263.0	0.0
1.42891879E8	244.20833333333334	38966.627094165226
1.42893177E8	365.0	0.0
1.42894474E8	208.0	0.0
1.42895771E8	0.0	38966.627094165226
1.428970675E8	0.0	0.0
1.42898363E8	0.0	0.0
1.428996575E8	173.0	38966.627094165226
1.429009515E8	0.0	0.0
1.429022455E8	219.0	0.0
1.42903539E8	274.6666666666667	38966.627094165226
1.42904831E8	0.0	0.0
1.429061215E8	0.0	0.0
1.42907411E8	0.0	38966.627094165226
1.42908699E8	290.74477958236656	0.0
1.429099855E8	0.0	0.0
1.42911271E8	0.0	38966.627094165226
1.429125555E8	0.0	0.0
1.429138395E8	304.075	0.0
1.42915123E8	0.0	38966.627094165226
1.42916406E8	347.0681818181818	0.0
1.429176885E8	266.90909090909093	0.0
1.4291897E8	0.0	38966.627094165226
1.429202505E8	0.0	0.0
1.429215305E8	0.0	0.0
1.4292281E8	0.0	38966.627094165226
1.429240885E8	264.25	0.0
1.429253665E8	218.0	0.0
1.429266445E8	0.0	38966.627094165226
1.42927922E8	301.20518444666004	0.0
1.42929199E8	286.7992471769134	0.0
1.42930476E8	0.0	38966.627094165226
1.429317525E8	0.0	0.0
1.42933028E8	0.0	0.0
1.42934303E8	0.0	38966.627094165226
1.429355775E8	0.0	0.0
1.429368515E8	0.0	0.0
1.429381245E8	0.0	38966.627094165226
1.42939396E8	0.0	0.0
1.42940667E8	0.0	0.0
1.42941938E8	0.0	38966.627094165226
1.42943209E8	0.0	0.0
1.4294448E8	246.0	0.0
1.429457505E8	267.98153034300793	38966.627094165226
1.429470205E8	216.71428571428572	0.0
1.429482905E8	285.8181818181818	0.0
1.4294956E8	293.0	38966.627094165226
1.429508285E8	0.0	0.0
1.429520965E8	286.8	0.0
1.429533635E8	277.6666666666667	38966.627094165226
1.42954629E8	0.0	0.0
1.429558935E8	260.9	0.0
1.42957157E8	0.0	38966.627094165226
1.4295842E8	0.0	0.0
1.42959683E8	307.1818181818182	0.0
1.429609455E8	0.0	38966.627094165226
1.429622075E8	0.0	0.0
1.429634695E8	0.0	0.0
1.42964731E8	0.0	38966.627094165226
1.42965992E8	280.3625	0.0
1.429672525E8	288.2969034608379	0.0
1.429685125E8	282.0	38966.627094165226
1.429697725E8	251.44444444444446	0.0
1.429710325E8	295.3333333333333	0.0
1.42972292E8	233.6164383561644	38966.627094165226
1.429735505E8	264.3333333333333	0.0
1.429748085E8	189.23809523809524	0.0
1.429760665E8	248.81944444444446	38966.627094165226
1.42977324E8	0.0	0.0
1.42978579E8	0.0	0.0
1.42979832E8	254.28125	38966.627094165226
1.429810845E8	0.0	0.0
1.42982336E8	0.0	0.0
1.42983587E8	0.0	38966.627094165226
1.42984838E8	0.0	0.0
1.42986089E8	235.0	0.0
1.429873395E8	279.72727272727275	38966.627094165226
1.42988589E8	0.0	0.0
1.429898375E8	0.0	0.0
1.42991085E8	348.90909090909093	38966.627094165226
1.429923315E8	0.0	0.0
1.429935775E8	292.0	0.0
1.429948225E8	0.0	38966.627094165226
1.42996066E8	226.96494156928213	0.0
1.429973085E8	272.7307692307692	0.0
1.4299855E8	0.0	38966.627094165226
1.42999791E8	136.0	0.0
1.43001032E8	215.75	0.0
1.430022725E8	254.0	38966.627094165226
1.430035125E8	0.0	0.0
1.430047525E8	288.61772151898737	0.0
1.43005992E8	219.27272727272728	38966.627094165226
1.4300719E8	306.0	0.0
1.43007809E8	0.0	0.0
1.430084685E8	0.0	38966.627094165226
1.430097065E8	0.0	0.0
1.430109445E8	0.0	0.0
1.43012182E8	0.0	38966.627094165226
1.430134185E8	0.0	0.0
1.43014654E8	0.0	0.0
1.43015889E8	293.25	38966.627094165226
1.430171235E8	0.0	0.0
1.430183575E8	285.1904761904762	0.0
1.430195915E8	0.0	38966.627094165226
1.43020825E8	197.0	0.0
1.43022058E8	0.0	0.0
1.430232905E8	264.38461538461536	38966.627094165226
1.43024522E8	195.6	0.0
1.43025753E8	287.0	0.0
1.43026984E8	244.0	38966.627094165226
1.43028215E8	0.0	0.0
1.430294455E8	265.72727272727275	0.0
1.43030675E8	0.0	38966.627094165226
1.43031904E8	0.0	0.0
1.430331325E8	0.0	0.0
1.4303436E8	0.0	38966.627094165226
1.43035587E8	285.837528604119	0.0
1.43036814E8	0.0	0.0
1.43038041E8	0.0	38966.627094165226
1.430392675E8	350.3333333333333	0.0
1.430404935E8	0.0	0.0
1.430417195E8	126.0	38966.627094165226
1.43042945E8	268.75	0.0
1.4304417E8	0.0	0.0
1.43045395E8	0.0	38966.627094165226
1.4304662E8	296.0	0.0
1.43047845E8	0.0	0.0
1.4304907E8	169.625	38966.627094165226
1.430502945E8	298.69945355191254	0.0
1.430515185E8	242.0	0.0
1.430527425E8	0.0	38966.627094165226
1.430539665E8	261.22222222222223	0.0
1.4305519E8	0.0	0.0
1.43056413E8	0.0	38966.627094165226
1.43057636E8	0.0	0.0
1.430588585E8	287.70671378091873	0.0
1.430600805E8	186.75	38966.627094165226
1.43061302E8	0.0	0.0
1.430625225E8	0.0	0.0
1.430637425E8	287.25	38966.627094165226
1.43064962E8	0.0	0.0
1.43066181E8	0.0	0.0
1.430674E8	0.0	38966.627094165226
1.430686185E8	281.1463414634146	0.0
1.430698365E8	0.0	0.0
1.430710525E8	0.0	38966.627094165226
1.43072266E8	0.0	0.0
1.430734785E8	0.0	0.0
1.430746905E8	278.0	38966.627094165226
1.43075902E8	529.0	0.0
1.43077113E8	0.0	0.0
1.430783235E8	0.0	38966.627094165226
1.43079533E8	0.0	0.0
1.43080742E8	273.0	0.0
1.43081951E8	0.0	38966.627094165226
1.430831595E8	0.0	0.0
1.430843675E8	0.0	0.0
1.430855755E8	238.75	38966.627094165226
1.430867835E8	0.0	0.0
1.43087991E8	254.0	0.0
1.430891975E8	237.5	38966.627094165226
1.43090403E8	307.3448275862069	0.0
1.43091608E8	0.0	0.0
1.43092813E8	306.6	38966.627094165226
1.43094017E8	0.0	0.0
1.4309522E8	0.0	0.0
1.43096423E8	0.0	38966.627094165226
1.430976255E8	277.0	0.0
1.430988275E8	258.0	0.0
1.43100029E8	0.0	38966.627094165226
1.431012295E8	0.0	0.0
1.431024295E8	267.75	0.0
1.431036295E8	280.0	38966.627094165226
1.43104829E8	187.0	0.0
1.43106028E8	0.0	0.0
1.431072265E8	103.0	38966.627094165226
1.431084245E8	345.77777777777777	0.0
1.43109622E8	0.0	0.0
1.43110819E8	0.0	38966.627094165226
1.43112015E8	0.0	0.0
1.4311321E8	0.0	0.0
1.43114405E8	312.6666666666667	38966.627094165226
1.431156E8	0.0	0.0
1.43116795E8	277.0199004975124	0.0
1.431179895E8	0.0	38966.627094165226
1.43119183E8	270.0	0.0
1.43120376E8	0.0	0.0
1.43121569E8	0.0	38966.627094165226
1.43122762E8	185.75	0.0
1.431239545E8	0.0	0.0
1.431251465E8	294.4166666666667	38966.627094165226
1.431263385E8	269.0	0.0
1.4312753E8	0.0	0.0
1.43128721E8	0.0	38966.627094165226
1.431299115E8	0.0	0.0
1.431311015E8	0.0	0.0
1.431322915E8	331.0	38966.627094165226
1.43133481E8	306.6666666666667	0.0
1.4313467E8	0.0	0.0
1.43135859E8	0.0	38966.627094165226
1.43137048E8	0.0	0.0
1.43138237E8	0.0	0.0
1.43139426E8	255.5	38966.627094165226
1.431406145E8	0.0	0.0
1.431418015E8	288.0	0.0
1.431429875E8	0.0	38966.627094165226
1.431441735E8	289.4166666666667	0.0
1.431453595E8	0.0	0.0
1.431465455E8	0.0	38966.627094165226
1.43147731E8	0.0	0.0
1.43148916E8	989.0	0.0
1.43150101E8	236.0	38966.627094165226
1.43151286E8	0.0	0.0
1.431524705E8	0.0	0.0
1.431536545E8	0.0	38966.627094165226
1.431548385E8	0.0	0.0
1.431560225E8	0.0	0.0
1.431572055E8	0.0	38966.627094165226
1.431583875E8	296.7586206896552	0.0
1.43159569E8	0.0	0.0
1.4316075E8	278.78	38966.627094165226
1.43161931E8	155.0	0.0
1.43163111E8	222.0	0.0
1.4316429E8	0.0	38966.627094165226
1.43165469E8	0.0	0.0
1.431666475E8	0.0	0.0
1.431678255E8	0.0	38966.627094165226
1.431690035E8	0.0	0.0
1.431701815E8	0.0	0.0
1.431713595E8	0.0	38966.627094165226
1.431725375E8	0.0	0.0
1.43173715E8	0.0	0.0
1.431748915E8	332.326023785986	38966.627094165226
1.43176067E8	0.0	0.0
1.43177242E8	302.0	0.0
1.431784165E8	0.0	38966.627094165226
1.431795905E8	0.0	0.0
1.43180764E8	0.0	0.0
1.43181937E8	0.0	38966.627094165226
1.4318311E8	115.0	0.0
1.43184282E8	0.0	0.0
1.43185453E8	307.0	38966.627094165226
1.43186624E8	0.0	0.0
1.43187795E8	0.0	0.0
1.431889655E8	289.0	38966.627094165226
1.43190135E8	263.0	0.0
1.43191304E8	0.0	0.0
1.431924725E8	262.0	38966.627094165226
1.4319364E8	0.0	0.0
1.43194807E8	0.0	0.0
1.43195974E8	369.0	38966.627094165226
1.431971405E8	0.0	0.0
1.431983065E8	279.69101678183614	0.0
1.431994725E8	323.9991496598639	38966.627094165226
1.432006385E8	0.0	0.0
1.43201804E8	0.0	0.0
1.43202969E8	0.0	38966.627094165226
1.432041335E8	0.0	0.0
1.43205297E8	0.0	0.0
1.4320646E8	269.43502824858757	38966.627094165226
1.43207623E8	0.0	0.0
1.43208786E8	270.0	0.0
1.43209949E8	0.0	38966.627094165226
1.43211112E8	245.64285714285714	0.0
1.432122745E8	286.3805309734513	0.0
1.432134365E8	249.0	38966.627094165226
1.432145985E8	250.80254777070064	0.0
1.4321576E8	0.0	0.0
1.43216921E8	0.0	38966.627094165226
1.43218082E8	0.0	0.0
1.432192425E8	0.0	0.0
1.432204025E8	298.0	38966.627094165226
1.432215625E8	0.0	0.0
1.43222722E8	0.0	0.0
1.43223881E8	0.0	38966.627094165226
1.4322504E8	322.77777777777777	0.0
1.43226199E8	288.0	0.0
1.43227358E8	275.3333333333333	38966.627094165226
1.432285165E8	0.0	0.0
1.432296745E8	262.8024054982818	0.0
1.432308325E8	335.0	38966.627094165226
1.4323199E8	297.0	0.0
1.43233147E8	248.4	0.0
1.432343035E8	0.0	38966.627094165226
1.432354595E8	266.0	0.0
1.43236615E8	0.0	0.0
1.4323777E8	270.5	38966.627094165226
1.43238925E8	0.0	0.0
1.4324008E8	236.53240740740742	0.0
1.432412345E8	0.0	38966.627094165226
1.432423885E8	0.0	0.0
1.432435425E8	382.0	0.0
1.432446965E8	279.44444444444446	38966.627094165226
1.4324585E8	0.0	0.0
1.43247003E8	327.0	0.0
1.43248156E8	0.0	38966.627094165226
1.432493085E8	311.0	0.0
1.432504605E8	0.0	0.0
1.432516125E8	302.0	38966.627094165226
1.432527645E8	0.0	0.0
1.43253916E8	256.25	0.0
1.432550665E8	0.0	38966.627094165226
1.432562165E8	223.0	0.0
1.432573655E8	0.0	0.0
1.432585135E8	0.0	38966.627094165226
1.432596615E8	284.6666666666667	0.0
1.432608095E8	286.67088607594934	0.0
1.432619575E8	0.0	38966.627094165226
1.432631055E8	0.0	0.0
1.43264253E8	292.5	0.0
1.432654E8	273.72828784119105	38966.627094165226
1.43266547E8	0.0	0.0
1.432676935E8	0.0	0.0
1.432688395E8	0.0	38966.627094165226
1.432699855E8	0.0	0.0
1.43271131E8	287.0	0.0
1.432722755E8	272.0952380952381	38966.627094165226
1.432734195E8	269.85714285714283	0.0
1.432745635E8	265.93087557603684	0.0
1.432757075E8	330.8333333333333	38966.627094165226
1.432768515E8	253.0	0.0
1.43277995E8	230.0	0.0
1.43279138E8	221.0	38966.627094165226
1.432802805E8	0.0	0.0
1.432814225E8	364.0	0.0
1.432825645E8	237.15499124343256	38966.627094165226
1.43283706E8	288.37894736842105	0.0
1.43284847E8	310.5692307692308	0.0
1.432859875E8	301.06451612903226	38966.627094165226
1.432871275E8	309.4	0.0
1.432882675E8	230.0	0.0
1.432894075E8	0.0	38966.627094165226
1.43290547E8	282.6216216216216	0.0
1.43291686E8	0.0	0.0
1.43292825E8	0.0	38966.627094165226
1.43293964E8	266.3333333333333	0.0
1.43295103E8	0.0	0.0
1.432962415E8	0.0	38966.627094165226
1.43297379E8	0.0	0.0
1.432985155E8	295.3888888888889	0.0
1.432996515E8	0.0	38966.627094165226
1.433007875E8	387.71974004874085	0.0
1.433019235E8	259.0	0.0
1.43303059E8	0.0	38966.627094165226
1.43304194E8	218.0	0.0
1.43305329E8	281.2	0.0
1.433064635E8	0.0	38966.627094165226
1.433075975E8	276.7217391304348	0.0
1.433087315E8	0.0	0.0
1.433098655E8	0.0	38966.627094165226
1.43310999E8	0.0	0.0
1.43312132E8	0.0	0.0
1.43313265E8	0.0	38966.627094165226
1.433143975E8	280.05368578825454	0.0
1.433155295E8	238.25	0.0
1.433166615E8	0.0	38966.627094165226
1.433177935E8	0.0	0.0
1.43318925E8	0.0	0.0
1.43320056E8	268.92626070409136	38966.627094165226
1.43321187E8	0.0	0.0
1.433223175E8	0.0	0.0
1.433234475E8	0.0	38966.627094165226
1.433245775E8	236.75	0.0
1.43325707E8	0.0	0.0
1.43326836E8	0.0	38966.627094165226
1.43327965E8	323.77777777777777	0.0
1.43329094E8	200.0	0.0
1.43330222E8	250.5	38966.627094165226
1.43331349E8	0.0	0.0
1.433324755E8	272.20353982300884	0.0
1.433336015E8	0.0	38966.627094165226
1.433347275E8	0.0	0.0
1.433358535E8	0.0	0.0
1.433369795E8	216.95238095238096	38966.627094165226
1.43338105E8	0.0	0.0
1.4333923E8	0.0	0.0
1.433403545E8	0.0	38966.627094165226
1.433414785E8	0.0	0.0
1.43342602E8	0.0	0.0
1.43343725E8	0.0	38966.627094165226
1.43344848E8	101.0	0.0
1.43345971E8	276.3333333333333	0.0
1.43347094E8	369.0	38966.627094165226
1.433482165E8	328.53240279162515	0.0
1.43349338E8	0.0	0.0
1.433504585E8	244.0	38966.627094165226
1.43351578E8	172.5	0.0
1.43352697E8	173.77777777777777	0.0
1.433538155E8	225.5	38966.627094165226
1.433549335E8	0.0	0.0
1.433560515E8	257.6666666666667	0.0
1.433571695E8	301.0	38966.627094165226
1.43358287E8	0.0	0.0
1.43359404E8	0.0	0.0
1.43360521E8	260.75	38966.627094165226
1.43361638E8	267.5	0.0
1.43362755E8	322.54545454545456	0.0
1.43363872E8	297.0	38966.627094165226
1.433649885E8	0.0	0.0
1.433661045E8	251.7391304347826	0.0
1.433668735E8	254.68141592920355	38966.627094165226
1.433674315E8	339.0	0.0
1.433683365E8	243.0	0.0
1.433694525E8	319.5	38966.627094165226
1.433705685E8	0.0	0.0
1.43371684E8	0.0	0.0
1.43372799E8	0.0	38966.627094165226
1.43373914E8	233.0	0.0
1.433750285E8	87.4	0.0
1.433761425E8	0.0	38966.627094165226
1.433772565E8	0.0	0.0
1.433783705E8	0.0	0.0
1.433794845E8	246.0	38966.627094165226
1.433805985E8	0.0	0.0
1.433817115E8	167.0	0.0
1.433828235E8	0.0	38966.627094165226
1.433839355E8	0.0	0.0
1.433850475E8	297.8858695652174	0.0
1.43386159E8	375.1764705882353	38966.627094165226
1.433872695E8	0.0	0.0
1.433883795E8	0.0	0.0
1.433894895E8	395.0	38966.627094165226
1.433905995E8	0.0	0.0
1.43391709E8	259.0	0.0
1.43392818E8	0.0	38966.627094165226
1.43393927E8	305.0	0.0
1.43395036E8	179.0	0.0
1.433961445E8	278.39130434782606	38966.627094165226
1.433972525E8	0.0	0.0
1.4339836E8	0.0	0.0
1.43399467E8	318.6666666666667	38966.627094165226
1.43400574E8	0.0	0.0
1.434016805E8	266.0871369294606	0.0
1.434027865E8	308.4	38966.627094165226
1.43403892E8	314.0	0.0
1.43404997E8	0.0	0.0
1.43406102E8	0.0	38966.627094165226
1.43407207E8	0.0	0.0
1.43408312E8	0.0	0.0
1.43409417E8	0.0	38966.627094165226
1.43410521E8	0.0	0.0
1.43411624E8	0.0	0.0
1.43412727E8	0.0	38966.627094165226
1.434138295E8	0.0	0.0
1.434149315E8	0.0	0.0
1.434160335E8	0.0	38966.627094165226
1.43417135E8	264.0	0.0
1.43418236E8	0.0	0.0
1.43419337E8	218.5	38966.627094165226
1.434204375E8	290.3529411764706	0.0
1.434215375E8	0.0	0.0
1.43422637E8	0.0	38966.627094165226
1.43423736E8	312.3333333333333	0.0
1.434248345E8	267.6666666666667	0.0
1.434259325E8	0.0	38966.627094165226
1.434270305E8	0.0	0.0
1.43428128E8	0.0	0.0
1.43429225E8	0.0	38966.627094165226
1.43430322E8	0.0	0.0
1.434314185E8	0.0	0.0
1.434325145E8	0.0	38966.627094165226
1.434336095E8	255.2	0.0
1.43434703E8	0.0	0.0
1.434357955E8	0.0	38966.627094165226
1.43436887E8	0.0	0.0
1.43437978E8	302.0	0.0
1.434390685E8	0.0	38966.627094165226
1.434401585E8	0.0	0.0
1.434412485E8	311.4	0.0
1.434423385E8	258.5882352941176	38966.627094165226
1.434434285E8	0.0	0.0
1.43444518E8	354.0	0.0
1.43445607E8	209.0	38966.627094165226
1.434466955E8	0.0	0.0
1.434477835E8	236.0	0.0
1.434488715E8	0.0	38966.627094165226
1.434499595E8	265.06666666666666	0.0
1.43451047E8	0.0	0.0
1.43452134E8	296.08196721311475	38966.627094165226
1.43453221E8	283.72727272727275	0.0
1.434543075E8	293.1	0.0
1.434553935E8	282.3333333333333	38966.627094165226
1.434564795E8	262.77777777777777	0.0
1.434575655E8	264.0	0.0
1.434586505E8	0.0	38966.627094165226
1.434597345E8	0.0	0.0
1.434608185E8	0.0	0.0
1.434619025E8	0.0	38966.627094165226
1.434629865E8	213.0	0.0
1.4346407E8	0.0	0.0
1.43465153E8	0.0	38966.627094165226
1.43466236E8	291.90671031096565	0.0
1.434673185E8	0.0	0.0
1.434684005E8	258.0	38966.627094165226
1.43469482E8	0.0	0.0
1.43470563E8	278.46666666666664	0.0
1.434716435E8	0.0	38966.627094165226
1.434727235E8	0.0	0.0
1.434738035E8	334.27272727272725	0.0
1.43474883E8	0.0	38966.627094165226
1.43475962E8	0.0	0.0
1.434770405E8	0.0	0.0
1.434781185E8	0.0	38966.627094165226
1.434791965E8	0.0	0.0
1.434802745E8	0.0	0.0
1.43481352E8	668.0	38966.627094165226
1.43482429E8	0.0	0.0
1.434835055E8	0.0	0.0
1.434845815E8	274.0	38966.627094165226
1.434856575E8	0.0	0.0
1.434867335E8	0.0	0.0
1.43487809E8	0.0	38966.627094165226
1.43488884E8	301.85714285714283	0.0
1.43489959E8	265.77647058823527	0.0
1.43491034E8	0.0	38966.627094165226
1.434921085E8	0.0	0.0
1.434931825E8	249.61904761904762	0.0
1.434942565E8	0.0	38966.627094165226
1.434953305E8	237.0	0.0
1.43496404E8	0.0	0.0
1.434974765E8	279.0521739130435	38966.627094165226
1.434985485E8	0.0	0.0
1.4349962E8	0.0	0.0
1.43500691E8	243.61111111111111	38966.627094165226
1.435017615E8	0.0	0.0
1.435028315E8	361.0	0.0
1.435039015E8	0.0	38966.627094165226
1.43504971E8	269.0	0.0
1.4350604E8	0.0	0.0
1.435071085E8	276.0	38966.627094165226
1.43508176E8	273.0	0.0
1.43509243E8	0.0	0.0
1.4351031E8	238.5	38966.627094165226
1.435113765E8	253.25	0.0
1.435124415E8	273.75	0.0
1.435135055E8	0.0	38966.627094165226
1.435145695E8	261.0625	0.0
1.43515633E8	0.0	0.0
1.43516696E8	0.0	38966.627094165226
1.43517759E8	309.0	0.0
1.43518822E8	431.2	0.0
1.43519885E8	0.0	38966.627094165226
1.43520948E8	0.0	0.0
1.43522011E8	0.0	0.0
1.43523074E8	281.0	38966.627094165226
1.435241365E8	306.7985865724382	0.0
1.435251985E8	0.0	0.0
1.435262605E8	340.75	38966.627094165226
1.435273225E8	0.0	0.0
1.435283845E8	255.0	0.0
1.43529446E8	213.0	38966.627094165226
1.435305065E8	0.0	0.0
1.435315665E8	284.2073732718894	0.0
1.435326265E8	0.0	38966.627094165226
1.43533686E8	273.0	0.0
1.43534745E8	0.0	0.0
1.43535804E8	0.0	38966.627094165226
1.435368625E8	0.0	0.0
1.435379205E8	293.03867346413307	0.0
1.435389785E8	235.0	38966.627094165226
1.435400365E8	294.2916666666667	0.0
1.43541094E8	0.0	0.0
1.435421505E8	261.5	38966.627094165226
1.435432065E8	241.0	0.0
1.435442625E8	239.0	0.0
1.435453185E8	0.0	38966.627094165226
1.43546374E8	0.0	0.0
1.43547429E8	0.0	0.0
1.43548484E8	0.0	38966.627094165226
1.435495385E8	298.5	0.0
1.435505925E8	0.0	0.0
1.43551646E8	0.0	38966.627094165226
1.43552699E8	280.55555555555554	0.0
1.43553752E8	284.13157894736844	0.0
1.43554805E8	287.16279069767444	38966.627094165226
1.43555858E8	285.7647058823529	0.0
1.435569105E8	0.0	0.0
1.435579625E8	269.985254691689	38966.627094165226
1.435590145E8	319.6666666666667	0.0
1.43560066E8	0.0	0.0
1.43561117E8	0.0	38966.627094165226
1.43562168E8	322.1666666666667	0.0
1.43563219E8	0.0	0.0
1.4356427E8	241.85714285714286	38966.627094165226
1.435653205E8	0.0	0.0
1.435663705E8	293.44827586206895	0.0
1.4356742E8	131.5	38966.627094165226
1.43568469E8	0.0	0.0
1.43569518E8	0.0	0.0
1.43570567E8	0.0	38966.627094165226
1.43571616E8	229.6	0.0
1.435726645E8	0.0	0.0
1.435737125E8	254.86666666666667	38966.627094165226
1.435747605E8	0.0	0.0
1.435758085E8	0.0	0.0
1.435768565E8	491.4117647058824	38966.627094165226
1.43577904E8	292.0769230769231	0.0
1.43578951E8	0.0	0.0
1.43579998E8	0.0	38966.627094165226
1.43581045E8	200.66666666666666	0.0
1.435820915E8	0.0	0.0
1.43583137E8	0.0	38966.627094165226
1.43584182E8	168.0	0.0
1.43585227E8	0.0	0.0
1.43586272E8	0.0	38966.627094165226
1.435873165E8	0.0	0.0
1.435883605E8	284.0	0.0
1.435894045E8	288.2307692307692	38966.627094165226
1.43590448E8	419.8	0.0
1.43591491E8	0.0	0.0
1.435925335E8	0.0	38966.627094165226
1.435935755E8	0.0	0.0
1.435946175E8	252.128	0.0
1.435956595E8	308.0	38966.627094165226
1.435967015E8	294.0	0.0
1.43597743E8	270.0833333333333	0.0
1.43598784E8	0.0	38966.627094165226
1.43599825E8	0.0	0.0
1.436008655E8	0.0	0.0
1.436019055E8	0.0	38966.627094165226
1.436029455E8	0.0	0.0
1.436039855E8	381.5	0.0
1.43605025E8	264.5	38966.627094165226
1.43606064E8	299.6111111111111	0.0
1.43607103E8	258.0	0.0
1.436081415E8	0.0	38966.627094165226
1.436091795E8	207.5	0.0
1.436102175E8	0.0	0.0
1.43611255E8	0.0	38966.627094165226
1.43612292E8	0.0	0.0
1.43613329E8	0.0	0.0
1.43614366E8	383.8837209302326	38966.627094165226
1.436154025E8	0.0	0.0
1.436164385E8	297.6666666666667	0.0
1.43617474E8	0.0	38966.627094165226
1.43618509E8	250.0	0.0
1.43619544E8	0.0	0.0
1.43620579E8	0.0	38966.627094165226
1.43621614E8	237.25	0.0
1.43622648E8	0.0	0.0
1.43623681E8	198.0	38966.627094165226
1.43624714E8	250.0	0.0
1.43625747E8	296.68	0.0
1.436267795E8	0.0	38966.627094165226
1.436278115E8	233.75	0.0
1.436288435E8	0.0	0.0
1.43629875E8	0.0	38966.627094165226
1.43630906E8	0.0	0.0
1.43631937E8	243.75	0.0
1.436329675E8	284.3333333333333	38966.627094165226
1.436339975E8	0.0	0.0
1.436350275E8	0.0	0.0
1.43636057E8	287.25	38966.627094165226
1.43637086E8	301.8	0.0
1.43638115E8	286.1730377166157	0.0
1.43639144E8	246.46194225721786	38966.627094165226
1.43640173E8	0.0	0.0
1.43641202E8	0.0	0.0
1.43642231E8	0.0	38966.627094165226
1.436432595E8	138.0	0.0
1.436442875E8	0.0	0.0
1.43645315E8	0.0	38966.627094165226
1.43646342E8	278.0	0.0
1.43647369E8	0.0	0.0
1.436483955E8	0.0	38966.627094165226
1.436494215E8	0.0	0.0
1.43650447E8	0.0	0.0
1.43651472E8	238.0	38966.627094165226
1.43652497E8	333.25	0.0
1.43653522E8	0.0	0.0
1.43654546E8	0.0	38966.627094165226
1.43655569E8	0.0	0.0
1.436565915E8	0.0	0.0
1.436576135E8	296.1	38966.627094165226
1.436586355E8	239.09677419354838	0.0
1.436596575E8	0.0	0.0
1.43660679E8	296.2857142857143	38966.627094165226
1.436617E8	0.0	0.0
1.43662721E8	0.0	0.0
1.436637415E8	281.2325581395349	38966.627094165226
1.436647615E8	0.0	0.0
1.436657815E8	0.0	0.0
1.43666801E8	0.0	38966.627094165226
1.4366782E8	0.0	0.0
1.43668839E8	0.0	0.0
1.43669858E8	0.0	38966.627094165226
1.43670877E8	340.47058823529414	0.0
1.436718955E8	266.75409836065575	0.0
1.436729135E8	0.0	38966.627094165226
1.436739315E8	0.0	0.0
1.436749495E8	0.0	0.0
1.436759665E8	0.0	38966.627094165226
1.436769825E8	0.0	0.0
1.436779985E8	0.0	0.0
1.43679014E8	0.0	38966.627094165226
1.43680029E8	0.0	0.0
1.436810435E8	0.0	0.0
1.436820575E8	300.7972027972028	38966.627094165226
1.436830715E8	0.0	0.0
1.436840855E8	0.0	0.0
1.436850995E8	0.0	38966.627094165226
1.43686113E8	291.6666666666667	0.0
1.43687126E8	0.0	0.0
1.43688139E8	389.0	38966.627094165226
1.436891515E8	0.0	0.0
1.436901635E8	0.0	0.0
1.436911755E8	208.0	38966.627094165226
1.436921875E8	337.5059523809524	0.0
1.436931995E8	284.09090909090907	0.0
1.43694211E8	0.0	38966.627094165226
1.43695222E8	297.96491228070175	0.0
1.43696233E8	0.0	0.0
1.43697244E8	0.0	38966.627094165226
1.436982545E8	343.55	0.0
1.436992645E8	263.0	0.0
1.437002745E8	0.0	38966.627094165226
1.437012845E8	0.0	0.0
1.437022935E8	0.0	0.0
1.437033015E8	0.0	38966.627094165226
1.437043095E8	0.0	0.0
1.43705317E8	316.0	0.0
1.43706324E8	0.0	38966.627094165226
1.437073305E8	0.0	0.0
1.437083365E8	263.0	0.0
1.437093425E8	0.0	38966.627094165226
1.43710348E8	0.0	0.0
1.43711353E8	0.0	0.0
1.43712358E8	319.1111111111111	38966.627094165226
1.43713363E8	0.0	0.0
1.43714368E8	269.75	0.0
1.437153725E8	0.0	38966.627094165226
1.437163765E8	0.0	0.0
1.437173805E8	0.0	0.0
1.437183845E8	239.0	38966.627094165226
1.43719388E8	0.0	0.0
1.4372039E8	303.0	0.0
1.43721391E8	0.0	38966.627094165226
1.43722392E8	254.0	0.0
1.43723393E8	0.0	0.0
1.43724394E8	268.3333333333333	38966.627094165226
1.437251765E8	134.8	0.0
1.437257305E8	0.0	0.0
