#Position (bp)	mapping quality
179658.5	146.60807947204012
538974.5	156.6973386963095
898290.5	88.51612453183134
1257606.5	117.44162002905327
1616922.5	133.19600041011057
1976238.5	154.5173082928153
2335554.5	116.07856700028113
2694870.5	144.85153230108332
3054186.5	140.237197122978
3413502.5	151.18236250923482
3772818.5	93.1480457404226
4132134.5	143.59698126156027
4491450.5	166.16025192098658
4850766.5	137.90060028309819
5210082.5	125.8751379350606
5569398.5	106.66593286512375
5928714.5	78.97284846745886
6288030.5	56.76194591691895
6647346.5	129.72494546031353
7006662.5	159.1760760107563
7365978.5	65.50798748692003
7725294.5	149.6210739597564
8084610.5	114.62114788954145
8443926.5	88.11155001134529
8803242.5	82.60793773575145
9162558.5	139.2534370302447
9521874.5	109.43792189951446
9881190.5	178.2616623058826
1.02405065E7	152.72839082428627
1.05998225E7	128.1838214765827
1.09591385E7	142.46292710065376
1.13184545E7	150.29493702641344
1.16777705E7	143.07508078233474
1.20370865E7	119.34291299914919
1.23964025E7	25.17324762248995
1.27557185E7	112.02331478110561
1.31150345E7	146.37691734937263
1.34743505E7	151.06457101743788
1.38336665E7	159.53786181767043
1.41929825E7	91.12011219696178
1.45522985E7	72.10705563949723
1.49116145E7	75.01079628857019
1.52709305E7	131.98319128383565
1.56302465E7	102.88757977676683
1.59895625E7	31.37844741743369
1.63488785E7	83.31068894383539
1.67081945E7	97.90002137621894
1.70675105E7	97.63650928327195
1.74268265E7	119.47345270105903
1.77861425E7	14.471102653188176
1.81454585E7	118.69001628855086
1.85047745E7	112.20751124995988
1.88640905E7	127.56767671495861
1.92234065E7	117.9805935101817
1.95827225E7	119.58318005970085
1.99420385E7	141.5220943451655
2.03013545E7	82.70149150040645
2.06606705E7	96.97554841230584
2.10199865E7	74.30529693577554
2.13793025E7	56.410983617846156
2.17386185E7	148.4256598351273
2.20979345E7	169.68722703105186
2.24572505E7	125.92949042306013
2.28165665E7	36.120493919383826
2.31758825E7	76.04089501839718
2.34346265E7	41.211128849529544
2.36142845E7	22.644606780402505
2.38945145E7	9.23241981037814
2.42538305E7	10.448786969921867
2.46131465E7	14.05201498867051
2.49724625E7	52.63838456876094
2.53317785E7	2.3180921303232176
2.56910945E7	7.118603782269123
2.60504105E7	4.8164949056864055
2.64097265E7	4.695555718958616
2.67690425E7	9.518332550073808
2.71283585E7	76.40835782466291
2.74876745E7	20.219323662643575
2.78469905E7	11.376985457370035
2.82063065E7	77.09893254844077
2.85656225E7	87.51168682398175
2.89249385E7	78.44397052312428
2.92842545E7	125.04550267086185
2.96435705E7	126.21962851841153
3.00028865E7	96.10731781006267
3.03622025E7	74.25944472088347
3.07215185E7	130.06743878054363
3.10808345E7	131.30690929791825
3.14401505E7	150.77094410787427
3.17994665E7	138.52925165028435
3.21587825E7	122.2232494581474
3.25180985E7	175.1040742291123
3.28774145E7	136.67573367747073
3.32367305E7	170.80172797671418
3.35960465E7	98.19834689894982
3.39553625E7	51.21206583703922
3.43146785E7	140.93224173014286
3.46739945E7	99.71249473205614
3.50333105E7	60.98228771034062
3.53926265E7	166.01545766923667
3.57519425E7	65.5552141340031
3.61112585E7	139.0352222239764
3.64705745E7	144.16112063115202
3.68298905E7	135.5739633653338
3.71892065E7	134.7991253432959
3.75485225E7	70.04912959015452
3.79078385E7	115.57169593783198
3.82671545E7	175.90983715901223
3.86264705E7	116.72520544172001
3.89857865E7	170.71308797082983
3.93451025E7	110.21539234729018
3.97044185E7	112.13037350729704
4.00637345E7	139.6528459763287
4.04230505E7	176.51424196639218
4.07823665E7	88.78652881808075
4.11416825E7	169.7546388472041
4.15009985E7	153.43781593229272
4.18603145E7	124.20306783757844
4.22196305E7	85.7017355175758
4.25789465E7	100.46217342369404
4.29382625E7	96.34714614220871
4.32975785E7	81.41734706123248
4.36568945E7	184.1118560652219
4.40162105E7	92.02029889755808
4.43755265E7	166.11560237238754
4.47348425E7	141.52662918162275
4.50941585E7	57.519974378300304
4.54534745E7	90.26538982347083
4.58127905E7	114.68219600866627
4.61721065E7	104.76405522828227
4.65314225E7	128.53351712673793
4.68907385E7	123.76150426512055
4.72500545E7	144.4445252672075
4.76093705E7	111.2833139461843
4.79686865E7	120.72323139535224
4.83280025E7	154.61024654904895
4.86541545E7	62.34269305648576
4.88338125E7	47.71358670841719
4.90466345E7	163.75828563446998
4.94059505E7	102.89208899541647
4.97652665E7	120.21229682186086
5.01245825E7	134.52502969067984
5.04838985E7	152.3526732780626
5.08432145E7	118.49918406988573
5.12025305E7	91.39285523131714
5.15618465E7	143.5224688451191
5.19211625E7	134.6957131917648
5.22804785E7	58.27949841491977
5.26397945E7	101.91058637620895
5.29991105E7	102.39422529735036
5.33584265E7	102.74729449615154
5.37177425E7	181.48004280726477
5.40770585E7	80.41463245374757
5.44363745E7	109.98438565000606
5.47956905E7	154.82057519452295
5.51550065E7	134.87104065210758
5.55143225E7	126.56659783763705
5.58736385E7	137.32177276447698
5.62329545E7	145.3216981378196
5.65922705E7	101.04447490539027
5.69515865E7	149.22749252474804
5.73109025E7	121.51625814956961
5.76702185E7	165.83320516329437
5.80295345E7	93.05153741716623
5.83888505E7	112.06730943371134
5.87481665E7	134.50090107871864
5.91074825E7	77.08813802431948
5.94667985E7	193.13463787036397
5.98261145E7	139.7597073979388
6.01854305E7	76.41062183895883
6.05447465E7	131.48138683098284
6.09040625E7	129.63699244358992
6.12633785E7	122.11287539724064
6.16226945E7	108.00681913492538
6.19820105E7	100.61198020815084
6.23413265E7	120.45519868884033
6.27006425E7	154.1831864983145
6.30599585E7	69.79562131121922
6.34192745E7	108.58745727824501
6.37785905E7	120.19687668911916
6.41379065E7	151.88681362084634
6.44972225E7	147.24594851515775
6.48565385E7	134.92962446616298
6.52158545E7	126.07040604870357
6.55751705E7	98.46553794333498
6.59344865E7	81.81738358245289
6.62938025E7	123.49870816568624
6.66531185E7	137.55281038937133
6.70124345E7	112.15871195918511
6.73717505E7	156.27998952178532
6.77310665E7	146.67202331408544
6.80903825E7	130.05963701097951
6.84496985E7	153.4420322968254
6.88090145E7	121.28230823893759
6.91683305E7	114.4921143766417
6.95276465E7	122.06872665302495
6.98869625E7	127.94656438961808
7.02462785E7	159.9579331779876
7.06055945E7	109.94583375138298
7.09649105E7	177.97348267182866
7.13242265E7	66.14026401305378
7.16835425E7	113.70302759787853
7.20428585E7	94.09785269703923
7.24021745E7	6.684161874738965
7.27614905E7	19.340924247633374
7.31208065E7	24.972646976110386
7.34801225E7	15.10516351190144
7.38394385E7	80.87675456783379
7.41987545E7	7.183613244369789
7.45580705E7	3.755073734004541
7.49173865E7	7.747317280337671
7.52767025E7	17.46019483688476
7.56360185E7	3.6622380582555456
7.59953345E7	43.694130590948404
7.63546505E7	1.406975657285615
7.67139665E7	29.80314853015186
7.690225E7	13.288004311979718
7.7081908E7	7.173783450623846
7.74325985E7	8.533889961193438
7.77919145E7	75.96680729971388
7.81512305E7	13.91496062992126
7.85105465E7	23.348838359178476
7.88698625E7	33.75960490045046
7.92291785E7	35.72145694771004
7.95884945E7	70.93280001636649
7.99478105E7	27.02330793115875
8.03071265E7	6.72574935109054
8.06664425E7	23.916113521748716
8.10257585E7	114.38653114103711
8.13850745E7	174.51120689432366
8.17443905E7	131.56544466964516
8.21037065E7	73.85041244574633
8.24630225E7	127.80249791422582
8.28223385E7	118.43935323827878
8.31816545E7	115.49101001781241
8.35409705E7	169.9869476287034
8.39002865E7	158.51603040493072
8.42596025E7	111.64376881520457
8.46189185E7	170.23490012322046
8.49782345E7	119.48914220309774
8.53375505E7	186.60551109138586
8.56968665E7	130.20485105994902
8.60561825E7	115.57455493240484
8.64154985E7	148.71857201856437
8.67748145E7	138.5227417364869
8.71341305E7	120.8062717764183
8.74934465E7	159.64926647593643
8.78527625E7	148.81695745962
8.82120785E7	137.3091659965146
8.85713945E7	39.56324172239936
8.89307105E7	78.66959412847643
8.92900265E7	125.21834703064242
8.96493425E7	131.7829536160273
9.00086585E7	84.25012627494208
9.03679745E7	118.32956417016354
9.07272905E7	120.27964991977456
9.10866065E7	104.38629052736307
9.14459225E7	143.53101889101106
9.18052385E7	111.47837568389878
9.21645545E7	131.66578519300336
9.25238705E7	177.93771562117124
9.28831865E7	174.1172292527561
9.32425025E7	112.32911795260142
9.36018185E7	101.18061870802703
9.39611345E7	122.90194697123133
9.43204505E7	144.85149762078936
9.46797665E7	163.57812895914014
9.50390825E7	67.6854024939626
9.53983985E7	81.12205315278622
9.57577145E7	132.45055614093803
9.61170305E7	119.24426324195552
9.64763465E7	80.19868830177121
9.68356625E7	104.90291229693953
9.71949785E7	115.56393432365113
9.75542945E7	120.33610178239196
9.79136105E7	101.80389486902476
9.82729265E7	80.11072254335679
9.86322425E7	101.58613842310584
9.89915585E7	96.89735691088907
9.93508745E7	139.66091532541378
9.97101905E7	111.24179140901629
1.000695065E8	115.76367038541315
1.004288225E8	169.7666496345987
1.007881385E8	155.66764720756407
1.011474545E8	121.67611488467385
1.015067705E8	137.74736758748884
1.018660865E8	186.35276395008702
1.022254025E8	112.14745763117234
1.025847185E8	148.66751596894753
1.029440345E8	155.01661143426338
1.033033505E8	66.04912076202548
1.036626665E8	89.99202251251674
1.040219825E8	142.77320576057116
1.043812985E8	124.43148636228088
1.047406145E8	160.839080047387
1.050999305E8	156.55051344152682
1.054592465E8	108.27480796384452
1.058185625E8	102.70787094560625
1.061778785E8	180.54425719897134
1.065371945E8	141.83608071230904
1.068965105E8	100.981372636304
1.072558265E8	92.67224520560129
1.076151425E8	81.39536920824095
1.079744585E8	109.72835543512599
1.083337745E8	125.59789187265007
1.086930905E8	92.07222468094393
1.089314775E8	122.94262633961559
1.091111355E8	155.20412977587145
1.094117225E8	82.31941597368478
1.097710385E8	107.16555401109605
1.101303545E8	106.51411743595689
1.10324175E8	2.9626423955523293
1.10503833E8	59.68436050458306
1.108489865E8	151.54895130496536
1.112083025E8	117.40107616676424
1.115676185E8	111.56986539185324
1.119269345E8	160.24104046272072
1.122862505E8	136.9042678091437
1.126455665E8	140.69046376544713
1.130048825E8	79.75437329963358
1.133641985E8	68.50231090980935
1.137235145E8	73.23391366340279
1.140828305E8	78.28475235137347
1.144421465E8	66.51551422840245
1.148014625E8	108.07827900614681
1.151607785E8	58.95972761562828
1.155200945E8	119.02641502610055
1.158794105E8	114.13138337714982
1.162387265E8	140.9074862635863
1.165980425E8	112.23154295451256
1.169573585E8	104.27909922776712
1.173166745E8	128.58609208721793
1.176759905E8	129.3602252247062
1.180353065E8	151.1273003971303
1.183946225E8	136.2859822898679
1.187539385E8	108.89611047223218
1.191132545E8	65.84819202875246
1.194725705E8	91.5580908484653
1.198318865E8	168.67730227525595
1.201912025E8	133.3612889400726
1.205505185E8	63.61450212808801
1.209098345E8	101.82295050951028
1.212691505E8	85.0990060362089
1.216284665E8	126.12502028699343
1.219877825E8	127.94505948296575
1.223470985E8	170.11722937305208
1.227064145E8	62.76082744537896
1.230657305E8	68.71977752041056
1.234250465E8	142.4152457494126
1.237843625E8	100.33376888431445
1.241436785E8	90.17118429806476
1.245029945E8	93.31450739323175
1.248623105E8	68.46936594853342
1.252216265E8	41.99831124647475
1.255809425E8	159.86576357182864
1.259402585E8	172.67787353180006
1.262995745E8	147.3497158802761
1.266588905E8	111.28890521958336
1.270182065E8	133.99967222294293
1.273775225E8	70.24000277665539
1.277368385E8	127.11466318982123
1.280961545E8	118.54992929178367
1.284554705E8	95.80067478739007
1.288147865E8	152.83629092708028
1.291741025E8	64.77661889030382
1.295334185E8	142.5468379734811
1.298927345E8	148.4022452921284
1.302520505E8	101.72858063393262
1.306113665E8	126.71837973485022
1.309706825E8	117.17056991079058
1.313299985E8	84.7318389120653
1.316893145E8	80.04428448279509
1.320486305E8	105.27955991095483
1.324079465E8	22.93941398917947
1.327672625E8	151.5126615464148
1.331265785E8	111.0760326192848
1.334858945E8	138.27840735714526
1.337730805E8	21.320799126415192
1.339527385E8	10.853775231349447
1.342045265E8	19.334094846785067
1.345638425E8	61.063841597902936
1.349231585E8	2.3682061164046004
1.352824745E8	5.842074524550206
1.356417905E8	13.64711538946441
1.360011065E8	3.9476677765490096
1.363604225E8	17.37254204506931
1.367197385E8	15.91023529421172
1.370790545E8	54.73274491863344
1.374033365E8	20.30627708911885
1.375577225E8	254.40723852213884
1.375927565E8	24.70182313523406
1.376371405E8	158.11295788284653
1.37699935E8	22.013022356584756
1.37786751E8	81.82660329599088
1.37868371E8	10.44732426814915
1.37942101E8	20.342525871214395
1.37980213E8	62.028882921016596
1.38019627E8	84.67965302847975
1.38089538E8	29.124096976300734
1.38156123E8	36.97746023269707
1.382206275E8	95.24533818465336
1.38280805E8	3.4181752820588454
1.38323179E8	0.0
1.383484915E8	255.0
1.38384028E8	121.37524333758475
1.384312265E8	49.280518860417
1.384772795E8	108.48983393941565
1.38522045E8	117.13601512390862
1.385663025E8	0.7994098414898247
1.38610046E8	37.857142857142854
1.38651258E8	14.12611460737592
1.386833775E8	22.537616815541995
1.387019305E8	0.14484491255193738
1.38726341E8	0.0
1.387630385E8	123.96537518203418
1.3879854E8	130.9450149114289
1.3883298E8	27.28524817771607
1.388668195E8	255.0
1.389001375E8	43.569872763388986
1.389325255E8	12.940876822980284
1.38963047E8	2.499582985821518
1.38991991E8	99.21104227119442
1.390198715E8	71.54676258992805
1.39044446E8	0.6794967880085653
1.390581695E8	255.0
1.39074104E8	85.02857142857142
1.391000815E8	242.0524883228603
1.39125904E8	27.655182889780047
1.391516555E8	68.68595893481574
1.391772845E8	13.761131517057315
1.39202833E8	78.94812721872057
1.39227853E8	0.0
1.392522945E8	122.34895176115656
1.392761035E8	0.0
1.392991635E8	255.0
1.393219065E8	139.3844754396604
1.39344169E8	151.2128723704533
1.393656665E8	0.0
1.39386585E8	176.4329534137435
1.394057875E8	255.0
1.394157655E8	0.0
1.39426072E8	218.81043561512686
1.394433E8	0.0
1.394591395E8	0.6599664991624791
1.39474609E8	0.0
1.394898515E8	2.0
1.39504877E8	13.337826373833538
1.39519712E8	85.59399332591768
1.39534307E8	0.0
1.39548658E8	0.9415109666937449
1.395628065E8	254.93777452415813
1.395768695E8	255.0
1.395908865E8	0.0
1.396048595E8	0.0
1.39618797E8	0.0
1.396327175E8	203.25127334465196
1.39646447E8	3.0
1.39659998E8	16.744978579786668
1.39673523E8	0.0
1.39687001E8	1.25
1.39700456E8	0.0
1.397138915E8	0.0
1.397272965E8	0.0
1.39740652E8	0.0
1.397539385E8	0.0
1.397671835E8	0.0
1.397738625E8	0.0
1.39780441E8	11.043257880849882
1.397935115E8	2.0
1.39806605E8	0.0
1.398195725E8	237.5160186863401
1.398324245E8	0.0
1.39845262E8	225.42044581091469
1.398580325E8	2.5150976909413854
1.3987073E8	61.582388840453355
1.398833975E8	0.0
1.398960405E8	179.65255565228205
1.399086725E8	0.0
1.399212565E8	47.321755027422306
1.39933781E8	163.50921303576277
1.39946267E8	128.14070351758795
1.399587085E8	20.153846153846153
1.399711325E8	0.0
1.39983544E8	254.83011325782812
1.399959275E8	191.31358762046966
1.400082885E8	213.84417549167927
1.40020559E8	0.0
1.400327265E8	2.240506329113924
1.400448715E8	0.0
1.4005699E8	0.0
1.400690545E8	3.0
1.40081085E8	255.0
1.400930995E8	191.5
1.40105101E8	65.95287958115183
1.40117094E8	228.46268656716418
1.401281635E8	0.0
1.40134155E8	0.0
1.401410485E8	1.0280670435386294
1.40153003E8	0.33783783783783783
1.40164882E8	0.0
1.40176667E8	202.6906547739712
1.4018842E8	210.20872524025017
1.40200076E8	0.8740150004746986
1.402116215E8	0.0
1.402231315E8	247.5728155339806
1.402345955E8	0.0
1.402459205E8	3.0
1.402571045E8	0.0
1.402682415E8	0.0
1.4027885E8	41.79643190364443
1.40288828E8	0.0
1.402984445E8	0.0
1.40307799E8	0.0
1.403166425E8	2.6
1.40324819E8	0.0
1.403326835E8	1.6666666666666667
1.403402015E8	0.0
1.4034742E8	0.0
1.40354483E8	1.0
1.403614525E8	9.068603502936439
1.403683705E8	246.16332031131705
1.403752505E8	2.33006993006993
1.403821105E8	255.0
1.40388953E8	255.0
1.403957145E8	0.0
1.404023365E8	0.0
1.404088075E8	255.0
1.404151525E8	3.0
1.40421418E8	0.9982164090368609
1.40427633E8	67.45871792431883
1.404337675E8	200.72229595222296
1.404398365E8	0.0
1.40445888E8	255.0
1.404519085E8	0.0
1.404579005E8	170.14684014869889
1.404638765E8	157.91617021276596
1.404698365E8	255.0
1.4047577E8	235.6153846153846
1.40481673E8	170.49689425156052
1.404875345E8	0.0
1.404915035E8	0.0
1.404943895E8	0.0
1.404990715E8	0.0
1.405047025E8	97.09511165883272
1.40510262E8	0.0
1.405157995E8	189.75950942054746
1.40521292E8	224.30738786279684
1.40526756E8	165.46052834229306
1.40532181E8	0.0
1.40537566E8	240.29915051630297
1.405429375E8	255.0
1.405482795E8	255.0
1.40553603E8	0.0
1.405589225E8	2.0
1.40564221E8	2.4508196721311477
1.405694775E8	255.0
1.40574688E8	0.0
1.405798735E8	187.25677476677032
1.405850135E8	3.0
1.40590093E8	0.0
1.405951535E8	0.0
1.40600212E8	0.0
1.406052535E8	0.0
1.406102665E8	26.842105263157894
1.406152645E8	255.0
1.406202595E8	0.0
1.406252495E8	0.0
1.40630226E8	3.0
1.40635179E8	0.0
1.40640115E8	0.0
1.4064504E8	0.0
1.4064995E8	241.60252624105783
1.406548455E8	0.0
1.40659729E8	93.50644194756555
1.40664601E8	3.0
1.406694435E8	3.0
1.40674261E8	0.0
1.40679061E8	129.7123287671233
1.40683806E8	0.0
1.40688509E8	0.0
1.406931635E8	0.0
1.40697758E8	0.0
1.40702335E8	0.0
1.40706898E8	0.0
1.40711432E8	0.0
1.40715925E8	248.57792084832417
1.40720393E8	0.0
1.407248515E8	0.0
1.407292955E8	2.0
1.407337135E8	0.0
1.40738111E8	0.0
1.40742499E8	0.0
1.407468785E8	0.0
1.40751256E8	0.0
1.407556295E8	0.0
1.40759995E8	255.0
1.407643435E8	255.0
1.407686665E8	156.5298999267757
1.407729765E8	0.5359986998212254
1.40777284E8	0.0
1.40781584E8	224.8284250446619
1.40785876E8	8.06865545523848
1.40790157E8	0.0
1.407944295E8	255.0
1.407986935E8	0.0
1.40802937E8	0.0
1.40807165E8	0.0
1.408113885E8	0.0
1.408156105E8	191.16133518776078
1.408198225E8	8.042651965762367
1.40824022E8	126.4039408866995
1.408282145E8	2.5677233429394812
1.408324E8	0.0
1.408365825E8	0.0
1.40840755E8	0.0
1.408449115E8	0.0
1.40849054E8	0.0
1.40851497E8	0.0
1.408535395E8	0.0
1.40857247E8	0.0
1.408613235E8	255.0
1.40865389E8	150.77439772336982
1.408694335E8	0.0
1.40873455E8	0.0
1.408774675E8	0.0
1.408814765E8	0.0
1.40885475E8	255.0
1.408894625E8	0.0
1.408934395E8	0.0
1.408974065E8	0.0
1.409013685E8	172.06936150666056
1.409053235E8	229.28767331880218
1.40909269E8	0.0
1.409132055E8	0.0
1.409171345E8	254.09893992932862
1.409210595E8	254.8937057107128
1.40924982E8	0.0
1.40928899E8	0.0
1.40932812E8	0.0
1.409367215E8	3.0
1.4094061E8	0.0
1.409444775E8	2.398458821640713
1.409483385E8	219.2547644304631
1.409521765E8	0.0
1.40955989E8	0.0
1.409597955E8	0.0
1.409636015E8	255.0
1.40967392E8	0.0
1.40971157E8	3.0
1.40974907E8	0.0
1.40978648E8	0.0
1.409823815E8	1.75
1.40986105E8	31.875
1.409898215E8	3.0
1.40993536E8	0.0
1.409972465E8	0.0
1.41000941E8	0.0
1.410046115E8	0.5072215422276621
1.410082665E8	254.5757071547421
1.41011916E8	0.0
1.410155645E8	0.0
1.410192115E8	0.0
1.410228535E8	0.0
1.410264835E8	135.8646748681898
1.410301055E8	0.0
1.41033718E8	171.1868743047831
1.41037321E8	0.0
1.410409235E8	0.0
1.41044521E8	0.0
1.410481085E8	0.0
1.410516865E8	0.0
1.41055252E8	0.0
1.410588075E8	203.849351513136
1.41062361E8	0.0
1.41065914E8	0.0
1.41069467E8	198.87181818181818
1.41073012E8	236.82857142857142
1.41076544E8	0.0
1.41080071E8	0.0
1.41083596E8	0.0
1.41087117E8	0.0
1.41090628E8	0.0
1.410941305E8	238.28934285283515
1.41097631E8	57.7263453731654
1.411011295E8	0.0
1.411046235E8	0.0
1.411081075E8	0.0
1.41111585E8	0.0
1.4111506E8	0.0
1.411185295E8	211.97035347776512
1.41121994E8	0.0
1.411254545E8	44.890213802609225
1.411289005E8	0.0
1.411323185E8	0.0
1.411357175E8	0.0
1.4113911E8	255.0
1.411424975E8	255.0
1.41145878E8	255.0
1.411492525E8	233.89098451622857
1.41152626E8	200.92274678111588
1.41155995E8	0.0
1.411593515E8	250.0
1.41162699E8	0.0
1.41166043E8	1.2482299042065805
1.4116937E8	0.0
1.411726805E8	0.0
1.411759855E8	0.0
1.41179286E8	3.0
1.411825805E8	0.0
1.411858675E8	2.9193656766563634
1.41189148E8	0.0
1.41192424E8	171.0
1.411956955E8	249.99181669394434
1.411989605E8	1.0
1.41202221E8	0.0
1.4120548E8	223.78833139117367
1.412087365E8	0.0
1.41210776E8	255.0
1.41212402E8	255.0
1.412152325E8	0.0
1.41218463E8	3.0
1.41221688E8	0.0
1.412249085E8	233.71015307967374
1.41228124E8	184.58878541551576
1.41231335E8	0.0
1.412345425E8	0.0
1.41237746E8	0.0
1.41240947E8	2.0930232558139537
1.41244146E8	0.0
1.412473425E8	98.90858725761773
1.41250538E8	225.81490757823937
1.412537305E8	241.22183132045313
1.412569125E8	0.0
1.41260086E8	0.0
1.41263258E8	255.0
1.412664245E8	0.0
1.41269585E8	0.0
1.41272743E8	0.0
1.412758995E8	0.0
1.412790545E8	239.93793103448274
1.412822035E8	0.0
1.4128534E8	208.5264163947985
1.41288466E8	0.0
1.41291589E8	0.0
1.412947105E8	0.0
1.412978215E8	21.545316198850188
1.413009225E8	0.0
1.413040225E8	254.5757071547421
1.41307117E8	0.0
1.41310204E8	211.97203854146986
1.413132865E8	3.0
1.413163665E8	0.0
1.41319445E8	21.476777007954837
1.413225215E8	0.0
1.41325596E8	0.0
1.41328669E8	1.4
1.41331738E8	0.0
1.413348E8	0.0
1.413378585E8	203.7834919496356
1.413409105E8	249.7788697788698
1.413439555E8	0.0
1.41346999E8	0.0
1.41350033E8	0.0
1.413530575E8	0.0
1.41356076E8	0.0
1.413590875E8	0.0
1.41362097E8	0.0
1.413651025E8	0.0
1.41368103E8	1.0
1.41371102E8	38.069573738363545
1.413740995E8	116.83975720789074
1.41377093E8	255.0
1.413800805E8	195.66808329791755
1.413830635E8	255.0
1.413860455E8	1.0
1.41389022E8	1.4966592427616927
1.413919895E8	0.0
1.4139495E8	0.0
1.413979065E8	0.0
1.41400857E8	0.0
1.41403801E8	0.0
1.41406741E8	0.5008347245409015
1.41409678E8	0.0
1.414126105E8	0.0
1.41415538E8	244.87177627135603
1.414184645E8	0.0
1.414213895E8	255.0
1.414243125E8	201.7281809625978
1.414272345E8	7.080710847834135
1.41430155E8	0.0
1.414330725E8	1.0
1.414359875E8	170.33333333333334
1.414389E8	0.0
1.414418105E8	0.0
1.41444718E8	211.95592727272728
1.414476225E8	0.38631714523827565
1.41450526E8	0.0
1.41453427E8	181.23438213418564
1.41456323E8	0.0
1.41459214E8	1.0
1.414621005E8	158.08639127699726
1.414649835E8	184.6650758583555
1.414678655E8	0.0
1.414707475E8	255.0
1.41473629E8	0.27289266221952696
1.41476508E8	0.0
1.414793845E8	255.0
1.41482258E8	0.0
1.414851235E8	0.0
1.414879835E8	0.0
1.414908425E8	0.0
1.41493699E8	216.9714161029893
1.41496551E8	228.3198838557793
1.414993995E8	1.0
1.415022465E8	0.0
1.415050915E8	0.0
1.41507934E8	0.0
1.415107725E8	253.73134328358208
1.415136075E8	0.0
1.41516441E8	0.0
1.415192725E8	0.0
1.41522102E8	0.0
1.415249305E8	122.13532513181019
1.41527757E8	0.6260434056761269
1.41530581E8	0.0
1.415334035E8	0.0
1.415362255E8	0.0
1.415390465E8	0.0
1.41541866E8	255.0
1.41544683E8	227.46524520255863
1.415474975E8	0.0
1.4155031E8	0.0
1.415531175E8	0.0
1.41555919E8	213.5380076838639
1.415587165E8	0.0
1.41561512E8	0.0
1.41564307E8	0.6666666666666666
1.415671015E8	255.0
1.415695015E8	233.24677910798684
1.41570898E8	255.0
1.41572688E8	0.0
1.4157548E8	0.0
1.415782705E8	120.51368049426301
1.415810595E8	255.0
1.41583847E8	38.815208763295765
1.415866325E8	0.0
1.41589416E8	213.2767760587337
1.41592198E8	0.0
1.41594971E8	0.0
1.415977345E8	255.0
1.41600491E8	0.0
1.416032415E8	0.0
1.41605989E8	0.0
1.416087335E8	0.0
1.416114735E8	0.0
1.41614208E8	0.0
1.416169385E8	152.04617005405987
1.41619657E8	220.20285662703856
1.416223655E8	0.0
1.41625071E8	0.0
1.416277715E8	0.0
1.41630469E8	255.0
1.416331645E8	222.00231420201231
1.41635856E8	0.0
1.416385445E8	2.3811581676750215
1.416412325E8	0.0
1.416439195E8	219.1993474714519
1.41646598E8	160.576
1.416492685E8	0.0
1.41651938E8	1.4935437589670015
1.416546065E8	0.0
1.41657273E8	39.319951446643465
1.416599375E8	0.0
1.41662593E8	249.62594973699592
1.416652385E8	0.0
1.416678815E8	207.22846246509638
1.41670523E8	0.0
1.41673163E8	0.0
1.41675801E8	0.0
1.416784375E8	148.9662025145329
1.41681073E8	0.0
1.41683705E8	0.0
1.416863335E8	255.0
1.416889605E8	0.0
1.416915825E8	0.0
1.416942E8	1.0
1.416968145E8	0.0
1.41699426E8	0.0
1.41702034E8	255.0
1.41704638E8	0.0
1.41707241E8	171.0
1.41709838E8	0.0
1.417124275E8	255.0
1.417150135E8	0.0
1.41717597E8	255.0
1.41720177E8	0.0
1.41722754E8	0.0
1.417253305E8	53.75776397515528
1.41727906E8	235.1344493852995
1.41730481E8	3.0
1.41733056E8	3.0
1.417356305E8	255.0
1.417382025E8	255.0
1.4174077E8	0.0
1.41743333E8	0.0
1.41745892E8	0.0
1.417484485E8	0.0
1.41751004E8	255.0
1.41753556E8	0.0
1.41756104E8	135.4198266893911
1.41758648E8	2.3333333333333335
1.41761189E8	255.0
1.417637275E8	0.0
1.4176626E8	0.0
1.41768789E8	0.0
1.417713145E8	0.0
1.41773836E8	129.57436946717888
1.41776357E8	0.0
1.417788775E8	0.0
1.417813975E8	158.89965156794426
1.41783916E8	0.0
1.417864325E8	0.0
1.41788946E8	1.1367288161285434
1.41791457E8	0.0
1.417939675E8	0.0
1.417964765E8	3.0
1.41798983E8	0.0
1.418014855E8	0.0
1.41803981E8	75.89264864462871
1.4180647E8	0.0
1.41808953E8	0.0
1.41811431E8	192.1287619120262
1.418139075E8	204.6673346693387
1.41816383E8	0.0
1.41818857E8	0.0
1.418213285E8	0.0
1.418237955E8	1.0
1.41826259E8	116.52796725784448
1.418287215E8	1.0
1.41831178E8	255.0
1.41833627E8	128.0
1.418360715E8	0.0
1.41838512E8	0.0
1.418409505E8	128.20156739811912
1.418433885E8	0.0
1.418458265E8	124.90671152148498
1.41848263E8	0.0
1.418506975E8	255.0
1.418531305E8	0.0
1.41855562E8	0.0
1.41857992E8	1.6383495145631068
1.418604205E8	169.41999254009698
1.41862847E8	0.0
1.41865272E8	0.0
1.41867695E8	3.0
1.41870116E8	255.0
1.418725365E8	0.0
1.41874956E8	0.0
1.41877374E8	0.0
1.41879789E8	0.0
1.418822015E8	0.0
1.418846075E8	0.0
1.418870045E8	0.0
1.418893965E8	37.388036169719456
1.418917865E8	0.0
1.41894176E8	0.0
1.41896563E8	0.0
1.41898948E8	0.0
1.41901333E8	163.0238172129824
1.419037175E8	179.63012532313974
1.41906101E8	66.987892916228
1.41908484E8	200.01306387827603
1.419108665E8	0.0
1.41913248E8	0.0
1.41915629E8	90.0767945264557
1.41918009E8	4.880834059121881
1.41920388E8	127.5
1.419227665E8	255.0
1.41925143E8	0.2183406113537118
1.419275165E8	0.0
1.419292615E8	0.6280706085668436
1.41930446E8	0.0
1.419322555E8	0.0
1.419346225E8	0.0
1.41936987E8	0.0
1.41939347E8	0.0
1.41941703E8	0.0
1.419440575E8	0.0
1.41946411E8	0.0
1.419487635E8	0.0
1.419511115E8	255.0
1.419534545E8	0.0
1.419557965E8	227.31946211157552
1.41958135E8	0.0
1.419604675E8	238.05848204687163
1.419627965E8	0.0
1.419651245E8	227.26923925441582
1.419674515E8	238.34034399688971
1.41969777E8	0.0
1.419721005E8	0.0
1.419744205E8	0.0
1.41976738E8	0.0
1.419790505E8	0.0
1.41981358E8	0.0
1.419836635E8	230.20582218725414
1.41985967E8	141.9894922737307
1.41988266E8	2.25
1.4199056E8	0.0
1.41992852E8	0.0
1.41995142E8	0.0
1.4199743E8	0.0
1.419997165E8	0.0
1.420020015E8	238.06666666666666
1.42004285E8	0.0
1.420065675E8	0.0
1.42008845E8	0.0
1.420111165E8	232.68595041322314
1.42013386E8	0.0
1.420156535E8	0.0
1.42017916E8	0.0
1.42020175E8	0.0
1.42022431E8	0.0
1.420246815E8	0.0
1.42026929E8	0.0
1.42029171E8	0.0
1.420314065E8	0.0
1.420336395E8	0.0
1.420358715E8	196.10769052044608
1.420381015E8	0.0
1.42040329E8	255.0
1.42042554E8	0.0
1.42044776E8	0.0
1.420469965E8	0.0
1.42049215E8	0.0
1.420514315E8	0.0
1.420536445E8	0.0
1.42055854E8	0.0
1.42058062E8	0.0
1.420602685E8	184.8681983071342
1.42062474E8	0.0
1.42064677E8	0.0
1.420668775E8	0.0
1.420690765E8	0.0
1.420712745E8	0.0
1.420734715E8	0.0
1.420756655E8	0.0
1.420778565E8	227.84385595775763
1.42080046E8	0.0
1.42082235E8	0.0
1.42084423E8	0.0
1.42086609E8	127.5
1.4208879E8	0.0
1.420909665E8	255.0
1.42093141E8	0.0
1.420953105E8	0.0
1.42097474E8	0.0
1.42099635E8	0.0
1.42101794E8	0.0
1.42103946E8	0.0
1.42106089E8	0.0
1.421082245E8	0.0
1.42110355E8	0.0
1.421124825E8	0.0
1.421146075E8	0.0
1.421167315E8	191.4585337694824
1.42118853E8	180.06413803511242
1.42120971E8	118.1939736346516
1.421230865E8	0.0
1.421252E8	0.0
1.42127313E8	0.0
1.42129426E8	0.0
1.421315385E8	0.0
1.42133649E8	0.0
1.421357575E8	0.0
1.42137864E8	0.0
1.42139969E8	128.15
1.42142073E8	0.0
1.421441755E8	255.0
1.421462745E8	255.0
1.421483705E8	0.0
1.421504655E8	0.0
1.421525595E8	0.0
1.421546525E8	3.0
1.421567435E8	32.95568811248402
1.42158833E8	0.0
1.421609215E8	0.0
1.42163009E8	0.5008347245409015
1.42165096E8	0.0
1.421671825E8	0.0
1.421692675E8	0.0
1.4217135E8	161.98916377019015
1.4217343E8	0.0
1.42175509E8	0.0
1.421775875E8	0.0
1.421796645E8	255.0
1.421817365E8	0.0
1.421838025E8	0.1933930327921207
1.42185866E8	62.26126878130217
1.42187929E8	206.67185347564117
1.421899915E8	255.0
1.421920525E8	0.0
1.421941125E8	0.0
1.421961725E8	3.0
1.42198232E8	83.18641212801796
1.422002865E8	1.0
1.422023345E8	0.0
1.422043795E8	0.0
1.42206423E8	255.0
1.42208462E8	0.0
1.42210496E8	0.0
1.42212529E8	0.0
1.422145605E8	0.0
1.42216589E8	10.771935994373132
1.42218613E8	255.0
1.422206335E8	0.0
1.42222652E8	255.0
1.422246675E8	0.0
1.422266795E8	0.0
1.42228689E8	0.0
1.422306975E8	0.0
1.422327045E8	0.0
1.422347105E8	0.0
1.42236716E8	0.3325917686318131
1.42238721E8	254.15282392026577
1.422407225E8	0.0
1.422427205E8	0.40134228187919463
1.422447185E8	0.75
1.42246715E8	0.0
1.42248709E8	0.0
1.422507005E8	0.0
1.422526905E8	184.18850852927616
1.422546795E8	255.0
1.422566665E8	0.0
1.422586525E8	0.0
1.422606355E8	0.0
1.422626145E8	255.0
1.422645915E8	1.0
1.422665675E8	255.0
1.42268543E8	1.6666666666666667
1.422705175E8	187.8
1.422724895E8	0.0
1.422744575E8	3.0
1.422764235E8	1.0
1.422783895E8	0.0
1.422803545E8	0.0
1.42282318E8	0.0
1.422842805E8	0.0
1.422862425E8	216.6134057115884
1.4228818E8	0.0
1.42289161E8	0.0
1.42290166E8	0.0
1.42292127E8	0.0
1.42294088E8	0.0
1.422960465E8	0.0
1.422980025E8	61.33620511974937
1.42299954E8	0.0
1.42301901E8	255.0
1.42303848E8	122.83333333333333
1.423057945E8	0.0
1.4230774E8	0.0
1.423096845E8	0.0
1.42311628E8	0.0
1.42313569E8	0.0
1.423155065E8	255.0
1.423174425E8	0.0
1.42319378E8	0.0
1.42321312E8	0.0
1.42323245E8	0.0
1.42325177E8	0.0
1.42327107E8	53.166777851901266
1.423290355E8	0.0
1.423309635E8	0.0
1.42332891E8	0.0
1.423348175E8	233.04084528076464
1.423367435E8	0.0
1.423386685E8	0.0
1.423405905E8	0.0
1.42342509E8	255.0
1.423444255E8	0.0
1.423463415E8	0.0
1.42348253E8	1.0
1.423501595E8	0.0
1.42352065E8	0.0
1.423539695E8	0.0
1.42355873E8	0.0
1.42357776E8	255.0
1.42359679E8	0.0
1.423615815E8	0.0
1.42363483E8	255.0
1.423653835E8	0.0
1.423672835E8	0.0
1.42369183E8	0.0
1.4237108E8	0.0
1.42372975E8	0.0
1.42374869E8	0.0
1.42376761E8	0.0
1.423786515E8	0.0
1.423805415E8	254.02837059313742
1.423824305E8	1.0
1.423843155E8	255.0
1.423861925E8	255.0
1.423880645E8	0.0
1.42389936E8	0.0
1.423918065E8	255.0
1.423936765E8	0.0
1.42395546E8	0.0
1.42397415E8	0.0
1.42399284E8	1.0
1.424011525E8	0.0
1.42403019E8	0.0
1.42404883E8	212.00711681019382
1.42406746E8	0.0
1.424086055E8	0.0
1.424104605E8	254.71698113207546
1.42412313E8	0.0
1.42414163E8	0.0
1.42416009E8	0.0
1.42417852E8	3.0
1.42419695E8	0.0
1.42421538E8	0.699873896595208
1.424233805E8	0.0
1.42425222E8	0.0
1.42427063E8	0.0
1.424288995E8	0.0
1.424307315E8	0.0
1.424325625E8	0.0
1.42434392E8	0.0
1.42436221E8	0.0
1.424380485E8	3.0
1.42439871E8	255.0
1.424416895E8	0.0
1.424435075E8	0.0
1.42445323E8	0.0
1.42447136E8	0.0
1.424489455E8	0.0
1.4245075E8	0.0
1.424525525E8	0.0
1.42454354E8	255.0
1.424561545E8	0.0
1.424579545E8	0.0
1.424597535E8	0.0
1.42461551E8	0.0
1.42463346E8	0.0
1.424651385E8	0.0
1.42466928E8	0.0
1.424687145E8	0.0
1.424705E8	0.0
1.42472285E8	255.0
1.424740655E8	0.0
1.42475841E8	0.0
1.42477616E8	3.0
1.42479391E8	0.0
1.424811635E8	0.0
1.42482933E8	0.0
1.424847005E8	199.95338204503696
1.42486464E8	0.0
1.424882225E8	255.0
1.424899775E8	245.18469151568362
1.4249173E8	0.0
1.42493479E8	0.0
1.42495226E8	0.0
1.42496973E8	0.0
1.42498718E8	0.0
1.4250046E8	0.0
1.425021995E8	255.0
1.42503937E8	0.0
1.425056725E8	0.0
1.42507406E8	0.0
1.425091385E8	255.0
1.425108685E8	0.0
1.425125945E8	0.0
1.425143185E8	2.3335804299481095
1.4251604E8	255.0
1.42517759E8	251.72585534863578
1.425194765E8	0.0
1.425211925E8	0.0
1.42522908E8	0.0
1.425246225E8	0.0
1.42526336E8	0.0
1.425280485E8	3.0
1.425297595E8	219.84427141268077
1.425314695E8	0.0
1.42533179E8	0.0
1.425348875E8	0.0
1.425365935E8	0.0
1.42538297E8	0.0
1.4254E8	0.0
1.425416995E8	0.0
1.425433925E8	223.38794132696572
1.425450825E8	255.0
1.42546771E8	0.0
1.42548457E8	3.0
1.42550141E8	0.0
1.42551824E8	134.10682745442338
1.42553507E8	127.81408544726301
1.425551885E8	0.0
1.42556868E8	1.0
1.425585465E8	0.0
1.42560223E8	0.0
1.42561894E8	0.0
1.42563556E8	0.0
1.425652095E8	0.0
1.42566857E8	0.0
1.42568501E8	0.0
1.42570144E8	0.0
1.42571786E8	0.0
1.42573425E8	0.0
1.42575062E8	0.0
1.42576699E8	170.4722849989216
1.425783355E8	0.0
1.425799685E8	0.0
1.42581598E8	0.0
1.42583225E8	87.0
1.4258485E8	0.0
1.42586474E8	0.0
1.425880965E8	0.0
1.42589717E8	96.72625937376309
1.425913335E8	0.3333333333333333
1.42592946E8	233.88268156424581
1.425945565E8	70.06042780748663
1.425961665E8	255.0
1.425977755E8	255.0
1.42599378E8	0.0
1.42600974E8	255.0
1.426025685E8	174.07918416316735
1.426041585E8	0.0
1.426057445E8	0.0
1.426073305E8	0.0
1.42608914E8	0.0
1.42610493E8	0.0
1.4261207E8	0.0
1.42613646E8	0.0
1.4261522E8	0.0
1.42616792E8	0.0
1.42618361E8	0.0
1.426199275E8	160.01308345120228
1.426214905E8	0.0
1.426230505E8	255.0
1.426246095E8	0.0
1.426261665E8	0.0
1.426277225E8	0.0
1.42629278E8	0.0
1.42630832E8	3.0
1.426323845E8	65.0
1.426339355E8	0.0
1.426354855E8	0.0
1.42637035E8	0.0
1.426385825E8	0.0
1.426401275E8	0.0
1.42641671E8	108.81286031042129
1.42643213E8	0.0
1.426447535E8	0.0
1.426462925E8	0.0
1.42647757E8	0.0
1.42648524E8	0.0
1.42649362E8	255.0
1.42650895E8	0.0
1.426524275E8	0.0
1.42653958E8	0.0
1.42655486E8	167.46109921484654
1.42657012E8	0.0
1.42658537E8	0.0
1.42660062E8	193.10777672402114
1.42661585E8	255.0
1.426631055E8	0.0
1.42664625E8	0.0
1.426661435E8	0.0
1.426676605E8	0.0
1.426691735E8	0.0
1.42670683E8	0.0
1.426721915E8	0.0
1.426736975E8	2.9506061042622815
1.426752015E8	0.0
1.426767045E8	0.0
1.426782025E8	0.0
1.426796955E8	0.0
1.426811875E8	255.0
1.426826785E8	0.0
1.42684168E8	0.0
1.426856565E8	0.0
1.42687144E8	255.0
1.42688631E8	203.68269230769232
1.42690117E8	194.26574829477062
1.426916015E8	0.0
1.426930845E8	0.0
1.426945645E8	0.0
1.426960415E8	0.0
1.42697517E8	255.0
1.42698991E8	255.0
1.42700463E8	0.0
1.427019325E8	0.0
1.427034E8	0.0
1.427048665E8	0.0
1.427063315E8	0.0
1.427077945E8	255.0
1.42709256E8	0.0
1.42710717E8	0.0
1.42712177E8	0.0
1.427136355E8	239.0649814438765
1.427150925E8	0.0
1.42716547E8	0.0
1.427179995E8	0.0
1.427194515E8	0.0
1.42720903E8	0.0
1.427223515E8	0.0
1.427237975E8	0.0
1.42725243E8	255.0
1.42726687E8	218.21350762527234
1.42728129E8	0.0
1.427295695E8	233.3850654377752
1.427310075E8	0.0
1.427324415E8	0.0
1.427338735E8	255.0
1.427353055E8	0.0
1.427367365E8	3.0
1.42738166E8	0.0
1.42739595E8	175.44280962128965
1.42741022E8	0.0
1.427424465E8	0.0
1.427438705E8	0.0
1.427452945E8	0.0
1.42746718E8	0.0
1.427481405E8	200.78740157480314
1.42749562E8	0.0
1.42750982E8	0.0
1.427523995E8	254.65893892108784
1.427538155E8	255.0
1.427552315E8	0.0
1.42756647E8	3.0
1.427580605E8	0.0
1.427594725E8	0.0
1.42760884E8	0.0
1.427622945E8	0.0
1.427637035E8	0.0
1.427651115E8	255.0
1.42766519E8	0.0
1.427679255E8	0.0
1.427693305E8	0.0
1.427707335E8	0.0
1.42772132E8	255.0
1.427735265E8	0.0
1.4277492E8	206.4369486248054
1.42776312E8	0.0
1.42777703E8	0.0
1.42779094E8	255.0
1.427804825E8	0.0
1.427818685E8	0.0
1.42783254E8	0.0
1.427846385E8	255.0
1.42786022E8	255.0
1.427874045E8	1.2502870264064294
1.42788786E8	0.0
1.42790167E8	0.0
1.427915475E8	0.0
1.427929275E8	102.6
1.42794307E8	25.871606074551313
1.427956855E8	169.6230598669623
1.42797063E8	0.0
1.4279844E8	105.79155313351498
1.42799817E8	0.0
1.42801194E8	190.84251968503938
1.428025705E8	0.0
1.42803946E8	0.0
1.428053205E8	0.0
1.428066945E8	0.0
1.42808068E8	0.0
1.4280944E8	0.0
1.4281081E8	0.0
1.428121785E8	0.0
1.428135455E8	61.801824212271974
1.42814909E8	0.0
1.428162695E8	209.48961527059362
1.428176275E8	99.4741134751773
1.428189835E8	255.0
1.42820339E8	0.0
1.42821694E8	0.0
1.428230475E8	3.0
1.42824399E8	0.0
1.42825748E8	0.0
1.42827095E8	154.10073382254836
1.428284415E8	0.0
1.428297865E8	0.0
1.4283113E8	97.95033358042994
1.42832472E8	228.93472706155632
1.428338125E8	254.22604422604422
1.428351525E8	255.0
1.428364925E8	0.0
1.42837832E8	255.0
1.42839171E8	0.0
1.42840509E8	3.0
1.42841846E8	0.0
1.428431825E8	0.0
1.428445175E8	131.44329896907217
1.42845851E8	0.0
1.42847184E8	26.65074991953653
1.42848517E8	0.0
1.428498495E8	194.40989847715736
1.428511805E8	196.131090487239
1.428525105E8	3.0
1.428538395E8	0.0
1.42855167E8	0.0
1.428564935E8	0.0
1.428578195E8	0.0
1.42859144E8	0.0
1.42860467E8	0.0
1.428617895E8	0.0
1.428631085E8	0.0
1.42864424E8	0.0
1.42865739E8	0.0
1.42867054E8	255.0
1.42868369E8	0.0
1.428696825E8	0.0
1.42870994E8	0.0
1.42872305E8	0.0
1.428736155E8	0.0
1.428749255E8	137.37908847184985
1.42876235E8	109.57142857142857
1.428775435E8	0.0
1.428788505E8	0.0
1.428801555E8	255.0
1.428814595E8	0.0
1.428827635E8	0.0
1.428840675E8	0.0
1.42885371E8	0.0
1.42886674E8	3.0
1.428879765E8	255.0
1.42889278E8	0.0
1.42890579E8	255.0
1.42891879E8	241.75715476521256
1.42893177E8	255.0
1.42894474E8	255.0
1.42895771E8	0.0
1.428970675E8	0.0
1.42898363E8	0.0
1.428996575E8	255.0
1.429009515E8	0.0
1.429022455E8	255.0
1.42903539E8	171.0
1.42904831E8	0.0
1.429061215E8	0.0
1.42907411E8	0.0
1.42908699E8	240.32793362000714
1.429099855E8	0.0
1.42911271E8	0.0
1.429125555E8	0.0
1.429138395E8	217.72416407612405
1.42915123E8	0.0
1.42916406E8	164.19977880554998
1.429176885E8	254.92125984251967
1.4291897E8	0.0
1.429202505E8	0.0
1.429215305E8	0.0
1.4292281E8	0.0
1.429240885E8	0.0
1.429253665E8	255.0
1.429266445E8	0.0
1.42927922E8	236.39039675167348
1.42929199E8	1.2158002521138616
1.42930476E8	0.0
1.429317525E8	0.0
1.42933028E8	0.0
1.42934303E8	0.0
1.429355775E8	0.0
1.429368515E8	0.0
1.429381245E8	0.0
1.42939396E8	0.0
1.42940667E8	0.0
1.42941938E8	0.0
1.42943209E8	0.0
1.4294448E8	255.0
1.429457505E8	220.64062673630403
1.429470205E8	1.0
1.429482905E8	232.576099210823
1.4294956E8	3.0
1.429508285E8	0.0
1.429520965E8	204.13217623497997
1.429533635E8	255.0
1.42954629E8	0.0
1.429558935E8	25.86474358974359
1.42957157E8	0.0
1.4295842E8	0.0
1.42959683E8	114.40899157040275
1.429609455E8	0.0
1.429622075E8	0.0
1.429634695E8	0.0
1.42964731E8	0.0
1.42965992E8	176.54405039081988
1.429672525E8	208.78942070499636
1.429685125E8	255.0
1.429697725E8	255.0
1.429710325E8	2.6666666666666665
1.42972292E8	67.34568993404677
1.429735505E8	255.0
1.429748085E8	0.0
1.429760665E8	1.9925946756655417
1.42977324E8	0.0
1.42978579E8	0.0
1.42979832E8	255.0
1.429810845E8	0.0
1.42982336E8	0.0
1.42983587E8	0.0
1.42984838E8	0.0
1.42986089E8	1.6681514476614698
1.429873395E8	35.628638291648386
1.42988589E8	0.0
1.429898375E8	0.0
1.42991085E8	242.22797927461139
1.429923315E8	0.0
1.429935775E8	255.0
1.429948225E8	0.0
1.42996066E8	230.82820713566716
1.429973085E8	186.6047741935484
1.4299855E8	0.0
1.42999791E8	255.0
1.43001032E8	0.0
1.430022725E8	1.0
1.430035125E8	0.0
1.430047525E8	231.97638062730934
1.43005992E8	3.0
1.4300719E8	255.0
1.43007809E8	0.0
1.430084685E8	0.0
1.430097065E8	0.0
1.430109445E8	0.0
1.43012182E8	0.0
1.430134185E8	0.0
1.43014654E8	0.0
1.43015889E8	255.0
1.430171235E8	0.0
1.430183575E8	214.54372810858143
1.430195915E8	0.0
1.43020825E8	255.0
1.43022058E8	0.0
1.430232905E8	58.44748858447488
1.43024522E8	51.8
1.43025753E8	1.0
1.43026984E8	255.0
1.43028215E8	0.0
1.430294455E8	118.42166820560172
1.43030675E8	0.0
1.43031904E8	0.0
1.430331325E8	0.0
1.4303436E8	0.0
1.43035587E8	224.87614548741016
1.43036814E8	0.0
1.43038041E8	0.0
1.430392675E8	255.0
1.430404935E8	0.0
1.430417195E8	255.0
1.43042945E8	255.0
1.4304417E8	0.0
1.43045395E8	0.0
1.4304662E8	3.0
1.43047845E8	0.0
1.4304907E8	100.96885428253616
1.430502945E8	203.6528676775508
1.430515185E8	170.90656284760846
1.430527425E8	0.0
1.430539665E8	0.43963302752293576
1.4305519E8	0.0
1.43056413E8	0.0
1.43057636E8	0.0
1.430588585E8	200.24240054853183
1.430600805E8	255.0
1.43061302E8	0.0
1.430625225E8	0.0
1.430637425E8	0.0
1.43064962E8	0.0
1.43066181E8	0.0
1.430674E8	0.0
1.430686185E8	205.28655208927262
1.430698365E8	0.0
1.430710525E8	0.0
1.43072266E8	0.0
1.430734785E8	0.0
1.430746905E8	128.15436241610738
1.43075902E8	252.75330396475772
1.43077113E8	0.0
1.430783235E8	0.0
1.43079533E8	0.0
1.43080742E8	255.0
1.43081951E8	0.0
1.430831595E8	0.0
1.430843675E8	0.0
1.430855755E8	190.9125315391085
1.430867835E8	0.0
1.43087991E8	3.0
1.430891975E8	51.811797752808985
1.43090403E8	43.96551724137931
1.43091608E8	0.0
1.43092813E8	255.0
1.43094017E8	0.0
1.4309522E8	0.0
1.43096423E8	0.0
1.430976255E8	255.0
1.430988275E8	2.0
1.43100029E8	0.0
1.431012295E8	0.0
1.431024295E8	63.75
1.431036295E8	3.0
1.43104829E8	255.0
1.43106028E8	0.0
1.431072265E8	0.0
1.431084245E8	0.0
1.43109622E8	0.0
1.43110819E8	0.0
1.43112015E8	0.0
1.4311321E8	0.0
1.43114405E8	175.61565626839317
1.431156E8	0.0
1.43116795E8	3.7874582412285807
1.431179895E8	0.0
1.43119183E8	255.0
1.43120376E8	0.0
1.43121569E8	0.0
1.43122762E8	255.0
1.431239545E8	0.0
1.431251465E8	244.30137891953154
1.431263385E8	0.4983388704318937
1.4312753E8	0.0
1.43128721E8	0.0
1.431299115E8	0.0
1.431311015E8	0.0
1.431322915E8	0.0
1.43133481E8	255.0
1.4313467E8	0.0
1.43135859E8	0.0
1.43137048E8	0.0
1.43138237E8	0.0
1.43139426E8	250.36100056850483
1.431406145E8	0.0
1.431418015E8	0.0
1.431429875E8	0.0
1.431441735E8	236.48982035928142
1.431453595E8	0.0
1.431465455E8	0.0
1.43147731E8	0.0
1.43148916E8	255.0
1.43150101E8	255.0
1.43151286E8	0.0
1.431524705E8	0.0
1.431536545E8	0.0
1.431548385E8	0.0
1.431560225E8	0.0
1.431572055E8	0.0
1.431583875E8	237.53338148549417
1.43159569E8	0.0
1.4316075E8	249.5103666683161
1.43161931E8	255.0
1.43163111E8	3.0
1.4316429E8	0.0
1.43165469E8	0.0
1.431666475E8	0.0
1.431678255E8	0.0
1.431690035E8	0.0
1.431701815E8	0.0
1.431713595E8	0.0
1.431725375E8	0.0
1.43173715E8	0.0
1.431748915E8	12.739844853061186
1.43176067E8	0.0
1.43177242E8	255.0
1.431784165E8	0.0
1.431795905E8	0.0
1.43180764E8	0.0
1.43181937E8	0.0
1.4318311E8	255.0
1.43184282E8	0.0
1.43185453E8	75.1969111969112
1.43186624E8	0.0
1.43187795E8	0.0
1.431889655E8	255.0
1.43190135E8	255.0
1.43191304E8	0.0
1.431924725E8	3.0
1.4319364E8	0.0
1.43194807E8	0.0
1.43195974E8	207.8804347826087
1.431971405E8	0.0
1.431983065E8	250.65873922525702
1.431994725E8	195.96622288632773
1.432006385E8	0.0
1.43201804E8	0.0
1.43202969E8	0.0
1.432041335E8	0.0
1.43205297E8	0.0
1.4320646E8	231.76495638409995
1.43207623E8	0.0
1.43208786E8	0.749791492910759
1.43209949E8	0.0
1.43211112E8	221.35459174714663
1.432122745E8	203.71794566253575
1.432134365E8	166.26806358381504
1.432145985E8	152.21949535742638
1.4321576E8	0.0
1.43216921E8	0.0
1.43218082E8	0.0
1.432192425E8	0.0
1.432204025E8	160.1851072780816
1.432215625E8	0.0
1.43222722E8	0.0
1.43223881E8	0.0
1.4322504E8	255.0
1.43226199E8	255.0
1.43227358E8	0.0
1.432285165E8	0.0
1.432296745E8	26.220228771581
1.432308325E8	90.00854700854701
1.4323199E8	255.0
1.43233147E8	255.0
1.432343035E8	0.0
1.432354595E8	255.0
1.43236615E8	0.0
1.4323777E8	63.69691923397169
1.43238925E8	0.0
1.4324008E8	1.230776397515528
1.432412345E8	0.0
1.432423885E8	0.0
1.432435425E8	3.0
1.432446965E8	240.97402597402598
1.4324585E8	0.0
1.43247003E8	3.0
1.43248156E8	0.0
1.432493085E8	255.0
1.432504605E8	0.0
1.432516125E8	255.0
1.432527645E8	0.0
1.43253916E8	255.0
1.432550665E8	0.0
1.432562165E8	255.0
1.432573655E8	0.0
1.432585135E8	0.0
1.432596615E8	252.6818181818182
1.432608095E8	87.96429780033841
1.432619575E8	0.0
1.432631055E8	0.0
1.43264253E8	127.07357859531773
1.432654E8	240.68481157051528
1.43266547E8	0.0
1.432676935E8	0.0
1.432688395E8	0.0
1.432699855E8	0.0
1.43271131E8	255.0
1.432722755E8	37.092574734811954
1.432734195E8	218.11756097560976
1.432745635E8	243.2997515736376
1.432757075E8	0.0
1.432768515E8	0.0
1.43277995E8	255.0
1.43279138E8	253.8704318936877
1.432802805E8	0.0
1.432814225E8	255.0
1.432825645E8	0.7651407191071858
1.43283706E8	237.8535794916612
1.43284847E8	228.26871515007713
1.432859875E8	158.52662900948155
1.432871275E8	0.0
1.432882675E8	255.0
1.432894075E8	0.0
1.43290547E8	241.18248772504091
1.43291686E8	0.0
1.43292825E8	0.0
1.43293964E8	255.0
1.43295103E8	0.0
1.432962415E8	0.0
1.43297379E8	0.0
1.432985155E8	255.0
1.432996515E8	0.0
1.433007875E8	139.23820016382928
1.433019235E8	3.0
1.43303059E8	0.0
1.43304194E8	3.0
1.43305329E8	255.0
1.433064635E8	0.0
1.433075975E8	106.89974315568269
1.433087315E8	0.0
1.433098655E8	0.0
1.43310999E8	0.0
1.43312132E8	0.0
1.43313265E8	0.0
1.433143975E8	226.3711957790748
1.433155295E8	127.10274579273694
1.433166615E8	0.0
1.433177935E8	0.0
1.43318925E8	0.0
1.43320056E8	224.51594330075412
1.43321187E8	0.0
1.433223175E8	0.0
1.433234475E8	0.0
1.433245775E8	53.83768656716418
1.43325707E8	0.0
1.43326836E8	0.0
1.43327965E8	25.40983606557377
1.43329094E8	0.0
1.43330222E8	255.0
1.43331349E8	0.0
1.433324755E8	204.02009338126706
1.433336015E8	0.0
1.433347275E8	0.0
1.433358535E8	0.0
1.433369795E8	39.23307888040713
1.43338105E8	0.0
1.4333923E8	0.0
1.433403545E8	0.0
1.433414785E8	0.0
1.43342602E8	0.0
1.43343725E8	0.0
1.43344848E8	255.0
1.43345971E8	127.14445064138316
1.43347094E8	3.0
1.433482165E8	218.7715970264035
1.43349338E8	0.0
1.433504585E8	255.0
1.43351578E8	0.0
1.43352697E8	34.064360770577935
1.433538155E8	255.0
1.433549335E8	0.0
1.433560515E8	255.0
1.433571695E8	255.0
1.43358287E8	0.0
1.43359404E8	0.0
1.43360521E8	204.0955414012739
1.43361638E8	255.0
1.43362755E8	168.36389928547126
1.43363872E8	255.0
1.433649885E8	0.0
1.433661045E8	234.37869374147598
1.433668735E8	237.13734917336146
1.433674315E8	151.17731421121252
1.433683365E8	1.0
1.433694525E8	255.0
1.433705685E8	0.0
1.43371684E8	0.0
1.43372799E8	0.0
1.43373914E8	255.0
1.433750285E8	0.0
1.433761425E8	0.0
1.433772565E8	0.0
1.433783705E8	0.0
1.433794845E8	1.0
1.433805985E8	0.0
1.433817115E8	255.0
1.433828235E8	0.0
1.433839355E8	0.0
1.433850475E8	228.04897815271582
1.43386159E8	166.58982300884955
1.433872695E8	0.0
1.433883795E8	0.0
1.433894895E8	3.0
1.433905995E8	0.0
1.43391709E8	255.0
1.43392818E8	0.0
1.43393927E8	255.0
1.43395036E8	255.0
1.433961445E8	2.346465816917729
1.433972525E8	0.0
1.4339836E8	0.0
1.43399467E8	255.0
1.43400574E8	0.0
1.434016805E8	237.76823359583804
1.434027865E8	52.25935828877005
1.43403892E8	2.912621359223301
1.43404997E8	0.0
1.43406102E8	0.0
1.43407207E8	0.0
1.43408312E8	0.0
1.43409417E8	0.0
1.43410521E8	0.0
1.43411624E8	0.0
1.43412727E8	0.0
1.434138295E8	0.0
1.434149315E8	0.0
1.434160335E8	0.0
1.43417135E8	49.67277486910995
1.43418236E8	0.0
1.43419337E8	134.68309859154928
1.434204375E8	121.60859329017069
1.434215375E8	0.0
1.43422637E8	0.0
1.43423736E8	254.15282392026577
1.434248345E8	42.5
1.434259325E8	0.0
1.434270305E8	0.0
1.43428128E8	0.0
1.43429225E8	0.0
1.43430322E8	0.0
1.434314185E8	0.0
1.434325145E8	0.0
1.434336095E8	1.2979942693409743
1.43434703E8	0.0
1.434357955E8	0.0
1.43436887E8	0.0
1.43437978E8	255.0
1.434390685E8	0.0
1.434401585E8	0.0
1.434412485E8	217.7731714539532
1.434423385E8	211.3404044409199
1.434434285E8	0.0
1.43444518E8	1.0
1.43445607E8	0.0
1.434466955E8	0.0
1.434477835E8	255.0
1.434488715E8	0.0
1.434499595E8	238.06666666666666
1.43451047E8	0.0
1.43452134E8	206.67263137138914
1.43453221E8	255.0
1.434543075E8	184.91944426325745
1.434553935E8	255.0
1.434564795E8	1.2222222222222223
1.434575655E8	255.0
1.434586505E8	0.0
1.434597345E8	0.0
1.434608185E8	0.0
1.434619025E8	0.0
1.434629865E8	3.0
1.4346407E8	0.0
1.43465153E8	0.0
1.43466236E8	241.1100378843178
1.434673185E8	0.0
1.434684005E8	255.0
1.43469482E8	0.0
1.43470563E8	255.0
1.434716435E8	0.0
1.434727235E8	0.0
1.434738035E8	138.87978142076503
1.43474883E8	0.0
1.43475962E8	0.0
1.434770405E8	0.0
1.434781185E8	0.0
1.434791965E8	0.0
1.434802745E8	0.0
1.43481352E8	0.4694835680751174
1.43482429E8	0.0
1.434835055E8	0.0
1.434845815E8	1.0
1.434856575E8	0.0
1.434867335E8	0.0
1.43487809E8	0.0
1.43488884E8	226.66666666666666
1.43489959E8	47.48140301318267
1.43491034E8	0.0
1.434921085E8	0.0
1.434931825E8	12.766153846153847
1.434942565E8	0.0
1.434953305E8	254.15282392026577
1.43496404E8	0.0
1.434974765E8	237.70621564230288
1.434985485E8	0.0
1.4349962E8	0.0
1.43500691E8	199.9837269299464
1.435017615E8	0.0
1.435028315E8	2.990033222591362
1.435039015E8	0.0
1.43504971E8	255.0
1.4350604E8	0.0
1.435071085E8	3.0
1.43508176E8	255.0
1.43509243E8	0.0
1.4351031E8	255.0
1.435113765E8	0.0
1.435124415E8	189.59227467811158
1.435135055E8	0.0
1.435145695E8	255.0
1.43515633E8	0.0
1.43516696E8	0.0
1.43517759E8	135.40942928039703
1.43518822E8	174.16998626373626
1.43519885E8	0.0
1.43520948E8	0.0
1.43522011E8	0.0
1.43523074E8	3.0
1.435241365E8	230.77559122100607
1.435251985E8	0.0
1.435262605E8	192.0
1.435273225E8	0.0
1.435283845E8	0.0
1.43529446E8	85.66666666666667
1.435305065E8	0.0
1.435315665E8	231.11527752213638
1.435326265E8	0.0
1.43533686E8	188.81460674157304
1.43534745E8	0.0
1.43535804E8	0.0
1.435368625E8	0.0
1.435379205E8	232.23140417316404
1.435389785E8	3.0
1.435400365E8	183.63982131461393
1.43541094E8	0.0
1.435421505E8	1.9914893617021276
1.435432065E8	1.0
1.435442625E8	255.0
1.435453185E8	0.0
1.43546374E8	0.0
1.43547429E8	0.0
1.43548484E8	0.0
1.435495385E8	154.4058421379739
1.435505925E8	0.0
1.43551646E8	0.0
1.43552699E8	249.81611532064312
1.43553752E8	95.39968279143537
1.43554805E8	17.816715769886805
1.43555858E8	255.0
1.435569105E8	0.0
1.435579625E8	251.26793267852022
1.435590145E8	169.62053571428572
1.43560066E8	0.0
1.43561117E8	0.0
1.43562168E8	255.0
1.43563219E8	0.0
1.4356427E8	0.0
1.435653205E8	0.0
1.435663705E8	0.24108580630319762
1.4356742E8	0.0
1.43568469E8	0.0
1.43569518E8	0.0
1.43570567E8	0.0
1.43571616E8	255.0
1.435726645E8	0.0
1.435737125E8	213.2659140043238
1.435747605E8	0.0
1.435758085E8	0.0
1.435768565E8	133.18832283915285
1.43577904E8	19.264018691588785
1.43578951E8	0.0
1.43579998E8	0.0
1.43581045E8	1.0
1.435820915E8	0.0
1.43583137E8	0.0
1.43584182E8	1.0
1.43585227E8	0.0
1.43586272E8	0.0
1.435873165E8	0.0
1.435883605E8	0.0
1.435894045E8	0.0
1.43590448E8	255.0
1.43591491E8	0.0
1.435925335E8	0.0
1.435935755E8	0.0
1.435946175E8	239.8937166414131
1.435956595E8	202.78330019880715
1.435967015E8	255.0
1.43597743E8	233.98832684824902
1.43598784E8	0.0
1.43599825E8	0.0
1.436008655E8	0.0
1.436019055E8	0.0
1.436029455E8	0.0
1.436039855E8	0.0
1.43605025E8	191.57940808670278
1.43606064E8	198.13979496738116
1.43607103E8	255.0
1.436081415E8	0.0
1.436091795E8	255.0
1.436102175E8	0.0
1.43611255E8	0.0
1.43612292E8	0.0
1.43613329E8	0.0
1.43614366E8	179.29744779969778
1.436154025E8	0.0
1.436164385E8	0.0
1.43617474E8	0.0
1.43618509E8	255.0
1.43619544E8	0.0
1.43620579E8	0.0
1.43621614E8	0.7487437185929648
1.43622648E8	0.0
1.43623681E8	255.0
1.43624714E8	129.2828282828283
1.43625747E8	197.08262769735046
1.436267795E8	0.0
1.436278115E8	254.878223495702
1.436288435E8	0.0
1.43629875E8	0.0
1.43630906E8	0.0
1.43631937E8	187.6122448979592
1.436329675E8	212.69803630974434
1.436339975E8	0.0
1.436350275E8	0.0
1.43636057E8	192.0
1.43637086E8	161.28099173553719
1.43638115E8	149.1461294017227
1.43639144E8	228.52734630618218
1.43640173E8	0.0
1.43641202E8	0.0
1.43642231E8	0.0
1.436432595E8	255.0
1.436442875E8	0.0
1.43645315E8	0.0
1.43646342E8	255.0
1.43647369E8	0.0
1.436483955E8	0.0
1.436494215E8	0.0
1.43650447E8	0.0
1.43651472E8	3.0
1.43652497E8	63.80316930775646
1.43653522E8	0.0
1.43654546E8	0.0
1.43655569E8	0.0
1.436565915E8	0.0
1.436576135E8	254.74516988674216
1.436586355E8	246.89794543617379
1.436596575E8	0.0
1.43660679E8	109.28571428571429
1.436617E8	0.0
1.43662721E8	0.0
1.436637415E8	210.8354523797193
1.436647615E8	0.0
1.436657815E8	0.0
1.43666801E8	0.0
1.4366782E8	0.0
1.43668839E8	0.0
1.43669858E8	0.0
1.43670877E8	80.67918160725586
1.436718955E8	254.98605566796084
1.436729135E8	0.0
1.436739315E8	0.0
1.436749495E8	0.0
1.436759665E8	0.0
1.436769825E8	0.0
1.436779985E8	0.0
1.43679014E8	0.0
1.43680029E8	0.0
1.436810435E8	0.0
1.436820575E8	204.42801573522624
1.436830715E8	0.0
1.436840855E8	0.0
1.436850995E8	0.0
1.43686113E8	2.3333333333333335
1.43687126E8	0.0
1.43688139E8	1.0
1.436891515E8	0.0
1.436901635E8	0.0
1.436911755E8	0.0
1.436921875E8	203.35419482274665
1.436931995E8	222.17340673300868
1.43694211E8	0.0
1.43695222E8	0.4922310172969804
1.43696233E8	0.0
1.43697244E8	0.0
1.436982545E8	211.51952085181898
1.436992645E8	253.3112582781457
1.437002745E8	0.0
1.437012845E8	0.0
1.437022935E8	0.0
1.437033015E8	0.0
1.437043095E8	0.0
1.43705317E8	255.0
1.43706324E8	0.0
1.437073305E8	0.0
1.437083365E8	0.3333333333333333
1.437093425E8	0.0
1.43710348E8	0.0
1.43711353E8	0.0
1.43712358E8	2.319921875
1.43713363E8	0.0
1.43714368E8	1.0
1.437153725E8	0.0
1.437163765E8	0.0
1.437173805E8	0.0
1.437183845E8	255.0
1.43719388E8	0.0
1.4372039E8	170.19198664440734
1.43721391E8	0.0
1.43722392E8	129.0
1.43723393E8	0.0
1.43724394E8	134.5950774116713
1.437251765E8	154.38129496402877
1.437257305E8	0.0
