#Position (bp)	mapping quality
179658.5	144.9864158866875
538974.5	141.69691805164248
898290.5	88.4168874800856
1257606.5	108.81457489373365
1616922.5	120.88148162518088
1976238.5	143.54970611975543
2335554.5	116.08595443609093
2694870.5	140.54359288838504
3054186.5	119.85930668350098
3413502.5	164.25273628516874
3772818.5	91.85106238156301
4132134.5	147.9313602822875
4491450.5	173.70816968249125
4850766.5	140.0629502003599
5210082.5	121.84655868717067
5569398.5	107.68901355408347
5928714.5	73.8904703451486
6288030.5	44.931366918269646
6647346.5	121.72239867738855
7006662.5	145.25517410275748
7365978.5	59.98037847512108
7725294.5	139.86526721867645
8084610.5	107.95629911206935
8443926.5	77.03722996261928
8803242.5	71.44006856701084
9162558.5	128.17937935817358
9521874.5	99.36149536079071
9881190.5	185.1693560111001
1.02405065E7	162.7655810309494
1.05998225E7	133.3912984985875
1.09591385E7	139.974287738839
1.13184545E7	146.1508736809728
1.16777705E7	122.54013878606744
1.20370865E7	114.06672306499591
1.23964025E7	24.752779887419447
1.27557185E7	109.70076931337348
1.31150345E7	148.28508938225525
1.34743505E7	133.94584536412083
1.38336665E7	168.40616110109673
1.41929825E7	82.97547873406339
1.45522985E7	62.03049822377852
1.49116145E7	70.40755369993718
1.52709305E7	149.6497539199527
1.56302465E7	99.96282467464084
1.59895625E7	52.938550719851676
1.63488785E7	70.27616155179854
1.67081945E7	91.51929791473265
1.70675105E7	112.17675553093034
1.74268265E7	111.40526771901115
1.77861425E7	9.379888257263083
1.81454585E7	104.28803215368265
1.85047745E7	102.65379765742126
1.88640905E7	131.0911950024422
1.92234065E7	120.79806942132707
1.95827225E7	106.92875797993449
1.99420385E7	138.68452875663206
2.03013545E7	83.17750786020903
2.06606705E7	88.85649663072499
2.10199865E7	65.89999496390809
2.13793025E7	51.59572679508601
2.17386185E7	144.6604706888033
2.20979345E7	168.85159930727212
2.24572505E7	134.38106170283902
2.28165665E7	39.83323424420018
2.31758825E7	74.91633540295712
2.34346265E7	44.132025633936934
2.36142845E7	18.108420491341793
2.38945145E7	15.892680471918567
2.42538305E7	24.042352544868997
2.46131465E7	13.781028978372674
2.49724625E7	45.22644608812541
2.53317785E7	2.642642611271193
2.56910945E7	10.39416728255372
2.60504105E7	4.200036531231272
2.64097265E7	5.916575022793366
2.67690425E7	12.413429073201401
2.71283585E7	54.46752616235563
2.74876745E7	21.24392178999346
2.78469905E7	10.672589678089276
2.82063065E7	90.41282505884091
2.85656225E7	81.56147018039722
2.89249385E7	69.36996954270808
2.92842545E7	125.24053694539519
2.96435705E7	109.89004135324815
3.00028865E7	94.31731607308588
3.03622025E7	73.26840982109319
3.07215185E7	115.90551078056883
3.10808345E7	133.6071500401574
3.14401505E7	147.4535696651529
3.17994665E7	141.38145910218992
3.21587825E7	118.08625110997912
3.25180985E7	176.76336917359382
3.28774145E7	132.5474449546575
3.32367305E7	168.4521957660819
3.35960465E7	91.71242666569695
3.39553625E7	43.41099157325117
3.43146785E7	143.16845194825743
3.46739945E7	99.20139228212356
3.50333105E7	76.37852576493499
3.53926265E7	164.54241321531768
3.57519425E7	60.85128014632656
3.61112585E7	127.67557362280283
3.64705745E7	145.91465793296453
3.68298905E7	129.93127603414558
3.71892065E7	135.41734899951274
3.75485225E7	69.76168724577418
3.79078385E7	121.16429623599339
3.82671545E7	172.1109980886174
3.86264705E7	102.368723254979
3.89857865E7	168.39277490893733
3.93451025E7	102.4804920733924
3.97044185E7	102.46868336001138
4.00637345E7	146.2311878253694
4.04230505E7	157.95425915623258
4.07823665E7	72.36292864805183
4.11416825E7	170.87665216275403
4.15009985E7	141.4631596791487
4.18603145E7	121.9142153928071
4.22196305E7	93.39911090337499
4.25789465E7	86.56146801066231
4.29382625E7	88.4652978999015
4.32975785E7	82.9888778678529
4.36568945E7	185.73294079100637
4.40162105E7	78.68641316227797
4.43755265E7	151.16929638401598
4.47348425E7	137.2638693474484
4.50941585E7	49.55907785989312
4.54534745E7	92.08231337564426
4.58127905E7	113.09273622427173
4.61721065E7	104.16490685197952
4.65314225E7	129.78034524606912
4.68907385E7	122.60504295426584
4.72500545E7	142.32713252150052
4.76093705E7	113.95386842629631
4.79686865E7	119.12721037322763
4.83280025E7	154.14041073197876
4.86541545E7	47.592120477888464
4.88338125E7	35.404120947772554
4.90466345E7	153.27826131831918
4.94059505E7	82.89637282536003
4.97652665E7	116.9298392668322
5.01245825E7	126.47257480315115
5.04838985E7	147.48707000115655
5.08432145E7	119.02569789778263
5.12025305E7	90.57010479371912
5.15618465E7	149.37236079043925
5.19211625E7	143.09250743979837
5.22804785E7	58.754265979967506
5.26397945E7	92.12257919188508
5.29991105E7	94.84779290094586
5.33584265E7	87.78074085911676
5.37177425E7	173.55486794804847
5.40770585E7	53.898073548511626
5.44363745E7	117.29069289537051
5.47956905E7	142.9317879979067
5.51550065E7	139.29319464382408
5.55143225E7	113.97435289026659
5.58736385E7	132.3131308786897
5.62329545E7	145.73282908569246
5.65922705E7	81.02375302070902
5.69515865E7	126.86156857803851
5.73109025E7	127.724861318702
5.76702185E7	159.86982243122418
5.80295345E7	97.99718132540826
5.83888505E7	110.6177964415496
5.87481665E7	129.40622287653846
5.91074825E7	54.19989795803324
5.94667985E7	168.95709009809363
5.98261145E7	143.5053825872579
6.01854305E7	70.7169005301975
6.05447465E7	131.61527582473954
6.09040625E7	125.12679231134258
6.12633785E7	117.09472476532005
6.16226945E7	90.98964290477835
6.19820105E7	99.19436509993798
6.23413265E7	128.86433263679498
6.27006425E7	142.10792932378826
6.30599585E7	61.23739221980823
6.34192745E7	107.53870815855261
6.37785905E7	108.9743184113087
6.41379065E7	132.05217406298226
6.44972225E7	141.437197636907
6.48565385E7	125.27936050892735
6.52158545E7	128.36248413986127
6.55751705E7	98.26628218087001
6.59344865E7	88.96868692889936
6.62938025E7	111.01621284058493
6.66531185E7	139.38442412791966
6.70124345E7	104.33039840541838
6.73717505E7	145.72273236529298
6.77310665E7	130.55841261504688
6.80903825E7	126.90381370260585
6.84496985E7	146.16637310418423
6.88090145E7	114.2645730963063
6.91683305E7	126.50300786702753
6.95276465E7	126.6694715111008
6.98869625E7	124.67911634054643
7.02462785E7	144.6187658893527
7.06055945E7	109.7280194527972
7.09649105E7	171.30161346138516
7.13242265E7	64.23756045272658
7.16835425E7	111.82141717038596
7.20428585E7	95.70424876405967
7.24021745E7	6.979079251790827
7.27614905E7	19.160173411746023
7.31208065E7	23.19872750460824
7.34801225E7	15.97792727725756
7.38394385E7	92.51224471648474
7.41987545E7	17.93854809325974
7.45580705E7	3.803927776109067
7.49173865E7	5.9029455539448605
7.52767025E7	18.678259231317774
7.56360185E7	3.451956933451445
7.59953345E7	38.40155416087477
7.63546505E7	1.5060002713460305
7.67139665E7	26.940762220799428
7.690225E7	120.47597783182489
7.7081908E7	10.582899635343976
7.74325985E7	5.472834336500581
7.77919145E7	92.51348148156647
7.81512305E7	16.187579666664377
7.85105465E7	15.690806478369298
7.88698625E7	28.904295193278678
7.92291785E7	18.33615704374711
7.95884945E7	68.92562347496363
7.99478105E7	22.31159122362407
8.03071265E7	5.662122106764263
8.06664425E7	22.709872272564866
8.10257585E7	100.41409464471322
8.13850745E7	168.28244748902057
8.17443905E7	110.30559972361192
8.21037065E7	69.09654458467472
8.24630225E7	128.5963323737968
8.28223385E7	120.52152920811304
8.31816545E7	100.17691306183461
8.35409705E7	177.47830848041536
8.39002865E7	154.60629460935414
8.42596025E7	126.93597057010724
8.46189185E7	137.9050521371785
8.49782345E7	116.69258478144073
8.53375505E7	181.45254167322574
8.56968665E7	124.57178213737339
8.60561825E7	91.46749019859875
8.64154985E7	138.54776480774837
8.67748145E7	138.07737664501101
8.71341305E7	110.00788106508017
8.74934465E7	160.38420250479027
8.78527625E7	149.65204618942695
8.82120785E7	144.5429356567527
8.85713945E7	40.48869275489164
8.89307105E7	49.286046361116114
8.92900265E7	91.54199490985398
8.96493425E7	129.0665392876127
9.00086585E7	78.95678535257558
9.03679745E7	119.18354859735447
9.07272905E7	110.43097702172926
9.10866065E7	96.88652278126969
9.14459225E7	140.32124113298946
9.18052385E7	106.68017543248064
9.21645545E7	118.67017418561787
9.25238705E7	170.99409763490303
9.28831865E7	162.79793671495648
9.32425025E7	104.71265721219476
9.36018185E7	86.9770549462721
9.39611345E7	121.28447136434222
9.43204505E7	134.67719917944342
9.46797665E7	140.94598726932955
9.50390825E7	61.73419697851139
9.53983985E7	75.99798869239369
9.57577145E7	128.59870050008064
9.61170305E7	107.42884209676672
9.64763465E7	75.41594015610362
9.68356625E7	89.21288433424972
9.71949785E7	89.04477042784228
9.75542945E7	111.65854908047613
9.79136105E7	94.00868029016033
9.82729265E7	80.66262009642602
9.86322425E7	72.19083323376734
9.89915585E7	76.19000037666406
9.93508745E7	131.25619447535442
9.97101905E7	100.32995341896675
1.000695065E8	105.72312910370177
1.004288225E8	171.51890677769396
1.007881385E8	147.0954999424286
1.011474545E8	122.72698415665903
1.015067705E8	128.64225313242625
1.018660865E8	178.50196490737522
1.022254025E8	112.0602106262854
1.025847185E8	130.73455808022985
1.029440345E8	136.23543437043492
1.033033505E8	53.53004678359024
1.036626665E8	85.41482386788915
1.040219825E8	132.86420629887823
1.043812985E8	112.1251833205266
1.047406145E8	162.959683881761
1.050999305E8	146.38412068644556
1.054592465E8	110.78294107038889
1.058185625E8	89.40566391560934
1.061778785E8	164.82957674814125
1.065371945E8	133.2972363203676
1.068965105E8	102.20848936907095
1.072558265E8	97.729897872402
1.076151425E8	65.16303858151197
1.079744585E8	98.57751897790314
1.083337745E8	119.47986652122893
1.086930905E8	70.48856126605725
1.089314775E8	99.25326589315831
1.091111355E8	146.89055007515555
1.094117225E8	80.47261526980387
1.097710385E8	108.41413030716672
1.101303545E8	102.25010734320344
1.10324175E8	3.3514797726171963
1.10503833E8	61.23820134218177
1.108489865E8	139.89366429139432
1.112083025E8	107.51145197406402
1.115676185E8	106.46428369938103
1.119269345E8	155.78666516015306
1.122862505E8	127.47828775896168
1.126455665E8	135.82060186025157
1.130048825E8	69.86509775595556
1.133641985E8	52.28432076348127
1.137235145E8	70.19253994388552
1.140828305E8	63.52892198824741
1.144421465E8	61.20334993427597
1.148014625E8	80.46536763790235
1.151607785E8	61.41573783138897
1.155200945E8	114.24936113051521
1.158794105E8	132.5144145040903
1.162387265E8	129.69680419948406
1.165980425E8	115.87235322700917
1.169573585E8	106.02303759106597
1.173166745E8	117.78221756764171
1.176759905E8	112.71887104209678
1.180353065E8	113.76209621824978
1.183946225E8	134.63263788075537
1.187539385E8	96.27851242290548
1.191132545E8	55.619581092450204
1.194725705E8	93.83651399217955
1.198318865E8	160.97623702302502
1.201912025E8	134.5135829089895
1.205505185E8	62.30086347167795
1.209098345E8	85.35707190965276
1.212691505E8	86.98019978809609
1.216284665E8	129.64548860965434
1.219877825E8	120.54156622004045
1.223470985E8	168.6905580406218
1.227064145E8	51.777446832721864
1.230657305E8	64.43027806300589
1.234250465E8	138.33207534012806
1.237843625E8	94.80200022285406
1.241436785E8	82.15162700545896
1.245029945E8	87.58389949521785
1.248623105E8	59.41343142407773
1.252216265E8	37.922009289605825
1.255809425E8	157.40506028499038
1.259402585E8	171.30987449745982
1.262995745E8	141.48724879196624
1.266588905E8	104.52405428796658
1.270182065E8	138.4638408475721
1.273775225E8	70.26268775352638
1.277368385E8	104.9907596761927
1.280961545E8	113.15345712303085
1.284554705E8	88.28926571193537
1.288147865E8	129.19706954353333
1.291741025E8	78.08380494723495
1.295334185E8	129.53007080129305
1.298927345E8	145.60752637279964
1.302520505E8	112.33688324435224
1.306113665E8	116.62972612965764
1.309706825E8	103.33945376025255
1.313299985E8	85.69361386828253
1.316893145E8	72.31613924363309
1.320486305E8	92.06122930378251
1.324079465E8	20.120933941189683
1.327672625E8	137.76894553567783
1.331265785E8	76.8823280212356
1.334858945E8	108.11449437520247
1.337730805E8	2.104652126928009
1.339527385E8	21.50635345517199
1.342045265E8	14.770935716282382
1.345638425E8	49.626184982528876
1.349231585E8	3.193305480549592
1.352824745E8	9.515498969467581
1.356417905E8	12.192392163575136
1.360011065E8	3.5390767121707967
1.363604225E8	22.027124147077327
1.367197385E8	18.41230934397306
1.370790545E8	44.233528935604014
1.374033365E8	13.019215496325776
1.375577225E8	254.40801041521192
1.375927565E8	73.7451384181842
1.376371405E8	83.22843953135602
1.37699935E8	28.581462615254004
1.37786751E8	75.73212911712875
1.37868371E8	7.052298409006547
1.37942101E8	24.36617323464693
1.37980213E8	54.88547543976104
1.38019627E8	60.96061784940879
1.38089538E8	30.459030047276073
1.38156123E8	42.3881843601673
1.382206275E8	79.24888620620276
1.38280805E8	2.4551287213766075
1.38323179E8	255.0
1.383484915E8	255.0
1.38384028E8	102.98694633294424
1.384312265E8	35.29110680149605
1.384772795E8	79.95847226432252
1.38522045E8	81.55423508248172
1.385663025E8	0.692915361165213
1.38610046E8	38.60705379408621
1.38651258E8	23.102498635064393
1.386833775E8	33.62644169953121
1.387019305E8	4.827020202020202
1.38726341E8	0.0
1.387630385E8	112.2022569574535
1.3879854E8	135.92277162857417
1.3883298E8	18.538319958771993
1.388668195E8	3.0
1.389001375E8	44.177328245023695
1.389325255E8	10.984027827829484
1.38963047E8	5.772527149985324
1.38991991E8	108.1912091876616
1.390198715E8	21.798353491208456
1.39044446E8	1.7014633125569856
1.390581695E8	0.0
1.39074104E8	100.78067181605891
1.391000815E8	242.55727462064863
1.39125904E8	41.14774967299792
1.391516555E8	90.44157392686805
1.391772845E8	7.743012418459374
1.39202833E8	64.55528980307741
1.39227853E8	0.0
1.392522945E8	152.05591325431035
1.392761035E8	0.0
1.392991635E8	3.0
1.393219065E8	128.29977957384276
1.39344169E8	134.2436281969286
1.393656665E8	0.0
1.39386585E8	130.4268152974109
1.394057875E8	164.92537313432837
1.394157655E8	0.0
1.39426072E8	187.09816066066065
1.394433E8	1.0
1.394591395E8	3.0
1.39474609E8	0.0
1.394898515E8	0.8752204585537919
1.39504877E8	14.105390121406256
1.39519712E8	156.92489795918368
1.39534307E8	0.0
1.39548658E8	19.69250687813562
1.395628065E8	172.4206381260097
1.395768695E8	86.0
1.395908865E8	0.0
1.396048595E8	0.1001410437235543
1.39618797E8	255.0
1.396327175E8	208.78076834598573
1.39646447E8	3.0
1.39659998E8	15.654333996415417
1.39673523E8	0.0
1.39687001E8	1.0
1.39700456E8	255.0
1.397138915E8	0.0
1.397272965E8	0.0
1.39740652E8	255.0
1.397539385E8	0.0
1.397671835E8	63.86243386243386
1.397738625E8	0.0
1.39780441E8	5.036408263448558
1.397935115E8	2.0
1.39806605E8	3.0
1.398195725E8	233.67057247031693
1.398324245E8	0.0
1.39845262E8	255.0
1.398580325E8	2.991788321167883
1.3987073E8	132.6691176470588
1.398833975E8	2.0
1.398960405E8	138.62500937476563
1.399086725E8	0.0
1.399212565E8	22.17391304347826
1.39933781E8	163.70809073901626
1.39946267E8	255.0
1.399587085E8	59.53846153846154
1.399711325E8	0.0
1.39983544E8	255.0
1.399959275E8	165.97754114230398
1.400082885E8	127.0644336486832
1.40020559E8	0.0
1.400327265E8	0.0
1.400448715E8	0.0
1.4005699E8	0.0
1.400690545E8	0.0
1.40081085E8	255.0
1.400930995E8	152.56905409489272
1.40105101E8	2.7777777777777777
1.40117094E8	186.27272727272728
1.401281635E8	0.0
1.40134155E8	0.0
1.401410485E8	1.106846966955528
1.40153003E8	104.43819628647215
1.40164882E8	0.0
1.40176667E8	174.6401114206128
1.4018842E8	214.146793776157
1.40200076E8	0.4612015018773467
1.402116215E8	0.0
1.402231315E8	252.77486910994764
1.402345955E8	3.0
1.402459205E8	235.80063626723225
1.402571045E8	0.0
1.402682415E8	0.0
1.4027885E8	46.26918960021057
1.40288828E8	255.0
1.402984445E8	0.0
1.40307799E8	0.0
1.403166425E8	37.19951040391677
1.40324819E8	0.0
1.403326835E8	1.0
1.403402015E8	0.0
1.4034742E8	0.0
1.40354483E8	1.0
1.403614525E8	17.531207914637935
1.403683705E8	245.02689780016527
1.403752505E8	2.685688593760808
1.403821105E8	0.0
1.40388953E8	235.14969072164948
1.403957145E8	0.0
1.404023365E8	2.150252525252525
1.404088075E8	0.0
1.404151525E8	2.8563480020232674
1.40421418E8	1.0
1.40427633E8	70.32324481629684
1.404337675E8	188.2501765121205
1.404398365E8	0.0
1.40445888E8	255.0
1.404519085E8	0.0
1.404579005E8	255.0
1.404638765E8	218.9241055294543
1.404698365E8	225.84665813879118
1.4047577E8	254.66373626373627
1.40481673E8	163.53425180602537
1.404875345E8	0.0
1.404915035E8	0.0
1.404943895E8	0.0
1.404990715E8	0.0
1.405047025E8	84.90786491014816
1.40510262E8	0.0
1.405157995E8	215.64879931389365
1.40521292E8	225.75753931544867
1.40526756E8	164.05197698294361
1.40532181E8	0.0
1.40537566E8	243.85885665917897
1.405429375E8	255.0
1.405482795E8	0.0
1.40553603E8	255.0
1.405589225E8	3.0
1.40564221E8	0.0
1.405694775E8	255.0
1.40574688E8	0.0
1.405798735E8	255.0
1.405850135E8	255.0
1.40590093E8	0.0
1.405951535E8	0.0
1.40600212E8	0.0
1.406052535E8	0.0
1.406102665E8	49.36605316973415
1.406152645E8	254.09574468085106
1.406202595E8	3.0
1.406252495E8	0.0
1.40630226E8	0.0
1.40635179E8	0.0
1.40640115E8	0.0
1.4064504E8	0.0
1.4064995E8	232.20671671691397
1.406548455E8	1.0
1.40659729E8	77.09858222415014
1.40664601E8	1.0
1.406694435E8	0.0
1.40674261E8	0.0
1.40679061E8	238.42288444040037
1.40683806E8	0.0
1.40688509E8	0.0
1.406931635E8	0.0
1.40697758E8	0.0
1.40702335E8	0.0
1.40706898E8	0.0
1.40711432E8	255.0
1.40715925E8	233.06961722488037
1.40720393E8	27.77454056476916
1.407248515E8	3.0
1.407292955E8	0.0
1.407337135E8	0.0
1.40738111E8	0.0
1.40742499E8	0.0
1.407468785E8	0.0
1.40751256E8	0.0
1.407556295E8	0.0
1.40759995E8	162.4421593830334
1.407643435E8	0.0
1.407686665E8	159.32380335304123
1.407729765E8	0.21414808698045693
1.40777284E8	0.0
1.40781584E8	227.16522765325203
1.40785876E8	7.291794169362438
1.40790157E8	0.0
1.407944295E8	86.11704634721131
1.407986935E8	0.0
1.40802937E8	3.0
1.40807165E8	175.66103739445114
1.408113885E8	0.0
1.408156105E8	114.50628072091753
1.408198225E8	0.5830770582549863
1.40824022E8	154.1372812920592
1.408282145E8	2.6877974490767182
1.408324E8	1.0
1.408365825E8	0.0
1.40840755E8	0.0
1.408449115E8	255.0
1.40849054E8	0.0
1.40851497E8	0.0
1.408535395E8	0.0
1.40857247E8	0.0
1.408613235E8	85.33333333333333
1.40865389E8	167.28864587194832
1.408694335E8	0.0
1.40873455E8	251.43356643356643
1.408774675E8	0.0
1.408814765E8	0.0
1.40885475E8	212.66666666666666
1.408894625E8	127.5
1.408934395E8	0.0
1.408974065E8	182.39820895522388
1.409013685E8	153.28801042571678
1.409053235E8	233.30568783528565
1.40909269E8	0.0
1.409132055E8	3.0
1.409171345E8	3.0
1.409210595E8	232.22778192681105
1.40924982E8	0.0
1.40928899E8	0.0
1.40932812E8	0.0
1.409367215E8	65.62981330221703
1.4094061E8	255.0
1.409444775E8	2.2316162013370033
1.409483385E8	209.54991683133645
1.409521765E8	0.0
1.40955989E8	0.0
1.409597955E8	0.0
1.409636015E8	255.0
1.40967392E8	0.0
1.40971157E8	2.779169929522318
1.40974907E8	3.0
1.40978648E8	0.0
1.409823815E8	2.0
1.40986105E8	0.125
1.409898215E8	36.76477757464961
1.40993536E8	0.0
1.409972465E8	0.0
1.41000941E8	0.0
1.410046115E8	0.26721866767030483
1.410082665E8	254.5494699646643
1.41011916E8	255.0
1.410155645E8	0.0
1.410192115E8	87.0
1.410228535E8	0.12821670428893905
1.410264835E8	255.0
1.410301055E8	0.0
1.41033718E8	255.0
1.41037321E8	242.15827338129498
1.410409235E8	0.0
1.41044521E8	0.0
1.410481085E8	0.0
1.410516865E8	0.0
1.41055252E8	255.0
1.410588075E8	191.3607946245983
1.41062361E8	0.0
1.41065914E8	0.0
1.41069467E8	232.26474760116812
1.41073012E8	242.85997244230106
1.41076544E8	3.0
1.41080071E8	3.0
1.41083596E8	0.0
1.41087117E8	0.0
1.41090628E8	0.0
1.410941305E8	234.02147815514465
1.41097631E8	77.02525953478043
1.411011295E8	0.0
1.411046235E8	255.0
1.411081075E8	0.0
1.41111585E8	255.0
1.4111506E8	0.0
1.411185295E8	219.5800973559022
1.41121994E8	0.0
1.411254545E8	19.216549006731242
1.411289005E8	0.0
1.411323185E8	0.0
1.411357175E8	0.0
1.4113911E8	255.0
1.411424975E8	0.0
1.41145878E8	207.77086383601758
1.411492525E8	226.8326942260263
1.41152626E8	255.0
1.41155995E8	0.0
1.411593515E8	0.0
1.41162699E8	210.52325581395348
1.41166043E8	0.0
1.4116937E8	0.0
1.411726805E8	204.0
1.411759855E8	0.0
1.41179286E8	0.0
1.411825805E8	0.0
1.411858675E8	2.9973614775725594
1.41189148E8	0.0
1.41192424E8	86.77777777777777
1.411956955E8	0.0
1.411989605E8	0.9378306878306878
1.41202221E8	3.0
1.4120548E8	224.05938127663242
1.412087365E8	0.0
1.41210776E8	0.0
1.41212402E8	0.0
1.412152325E8	0.0
1.41218463E8	3.0
1.41221688E8	43.45752782659637
1.412249085E8	222.97753247767565
1.41228124E8	199.26903632872202
1.41231335E8	0.0
1.412345425E8	0.0
1.41237746E8	0.0
1.41240947E8	255.0
1.41244146E8	0.0
1.412473425E8	101.2671009771987
1.41250538E8	228.26167355371902
1.412537305E8	243.24169823056053
1.412569125E8	0.0
1.41260086E8	0.0
1.41263258E8	255.0
1.412664245E8	0.0
1.41269585E8	0.0
1.41272743E8	0.0
1.412758995E8	0.0
1.412790545E8	244.33220312861215
1.412822035E8	0.0
1.4128534E8	211.47157842875617
1.41288466E8	0.0
1.41291589E8	0.0
1.412947105E8	0.0
1.412978215E8	27.746152052238806
1.413009225E8	0.0
1.413040225E8	181.50375939849624
1.41307117E8	1.0
1.41310204E8	242.86076638362726
1.413132865E8	0.0
1.413163665E8	103.78888888888889
1.41319445E8	61.68399820708203
1.413225215E8	232.2093840692821
1.41325596E8	0.0
1.41328669E8	1.3636363636363635
1.41331738E8	0.0
1.413348E8	3.0
1.413378585E8	165.17105417105418
1.413409105E8	255.0
1.413439555E8	0.0
1.41346999E8	0.0
1.41350033E8	0.0
1.413530575E8	0.0
1.41356076E8	0.0
1.413590875E8	0.0
1.41362097E8	0.0
1.413651025E8	0.0
1.41368103E8	0.0
1.41371102E8	22.426258992805757
1.413740995E8	1.125
1.41377093E8	255.0
1.413800805E8	187.45259824920842
1.413830635E8	198.69158143194335
1.413860455E8	1.0
1.41389022E8	0.0
1.413919895E8	0.0
1.4139495E8	0.0
1.413979065E8	0.0
1.41400857E8	0.0
1.41403801E8	0.0
1.41406741E8	0.0
1.41409678E8	0.0
1.414126105E8	0.0
1.41415538E8	237.83704587897807
1.414184645E8	0.0
1.414213895E8	128.64864864864865
1.414243125E8	213.84521780640083
1.414272345E8	6.021952436387826
1.41430155E8	0.0
1.414330725E8	4.158908854730461
1.414359875E8	166.1
1.414389E8	0.0
1.414418105E8	0.0
1.41444718E8	228.2624746048263
1.414476225E8	0.1308159838318993
1.41450526E8	0.0
1.41453427E8	187.0547693037102
1.41456323E8	0.0
1.41459214E8	85.0
1.414621005E8	212.7357630979499
1.414649835E8	182.28771971228443
1.414678655E8	0.7300771208226221
1.414707475E8	255.0
1.41473629E8	0.0
1.41476508E8	0.0
1.414793845E8	211.15377546331752
1.41482258E8	125.99301919720767
1.414851235E8	0.0
1.414879835E8	3.0
1.414908425E8	0.0
1.41493699E8	245.60011795930404
1.41496551E8	224.483609274151
1.414993995E8	255.0
1.415022465E8	0.0
1.415050915E8	0.0
1.41507934E8	0.0
1.415107725E8	253.21678321678323
1.415136075E8	0.0
1.41516441E8	3.0
1.415192725E8	0.0
1.41522102E8	0.0
1.415249305E8	186.87843704775688
1.41527757E8	1.1666666666666667
1.41530581E8	0.0
1.415334035E8	0.0
1.415362255E8	0.0
1.415390465E8	0.0
1.41541866E8	190.91388400702988
1.41544683E8	196.9106208500352
1.415474975E8	0.0
1.4155031E8	0.0
1.415531175E8	255.0
1.41555919E8	234.5981325521787
1.415587165E8	0.0
1.41561512E8	0.0
1.41564307E8	0.0
1.415671015E8	0.0
1.415695015E8	240.02056407304693
1.41570898E8	255.0
1.41572688E8	0.0
1.4157548E8	0.0
1.415782705E8	168.30923594665336
1.415810595E8	0.0
1.41583847E8	48.63636363636363
1.415866325E8	0.0
1.41589416E8	207.33512073932923
1.41592198E8	0.0
1.41594971E8	0.0
1.415977345E8	204.23934636334508
1.41600491E8	0.0
1.416032415E8	0.0
1.41605989E8	233.04181745074388
1.416087335E8	0.0
1.416114735E8	0.0
1.41614208E8	255.0
1.416169385E8	131.04074427044685
1.41619657E8	224.59902157134377
1.416223655E8	0.0
1.41625071E8	191.94449339207048
1.416277715E8	0.0
1.41630469E8	255.0
1.416331645E8	220.5014332476467
1.41635856E8	0.0
1.416385445E8	0.8122605363984674
1.416412325E8	0.0
1.416439195E8	234.43907905460472
1.41646598E8	191.33077734787196
1.416492685E8	0.0
1.41651938E8	90.2827763496144
1.416546065E8	0.0
1.41657273E8	42.624341933958455
1.416599375E8	0.0
1.41662593E8	250.93394439815165
1.416652385E8	0.0
1.416678815E8	210.2043470535702
1.41670523E8	0.0
1.41673163E8	0.0
1.41675801E8	0.0
1.416784375E8	155.92926222713456
1.41681073E8	0.0
1.41683705E8	87.19764705882353
1.416863335E8	255.0
1.416889605E8	0.0
1.416915825E8	255.0
1.416942E8	0.0
1.416968145E8	0.0
1.41699426E8	3.0
1.41702034E8	0.0
1.41704638E8	0.0
1.41707241E8	189.8675392670157
1.41709838E8	0.0
1.417124275E8	185.87371794871794
1.417150135E8	0.0
1.41717597E8	0.0
1.41720177E8	0.0
1.41722754E8	0.0
1.417253305E8	30.078793774319067
1.41727906E8	134.8330241187384
1.41730481E8	0.0
1.41733056E8	0.0
1.417356305E8	204.34615384615384
1.417382025E8	0.0
1.4174077E8	3.0
1.41743333E8	0.0
1.41745892E8	0.0
1.417484485E8	0.0
1.41751004E8	254.9152904328018
1.41753556E8	0.0
1.41756104E8	131.91341158594227
1.41758648E8	1.0
1.41761189E8	255.0
1.417637275E8	0.0
1.4176626E8	0.0
1.41768789E8	0.0
1.417713145E8	0.0
1.41773836E8	131.00703850718173
1.41776357E8	0.0
1.417788775E8	0.0
1.417813975E8	116.66800320769848
1.41783916E8	0.0
1.417864325E8	0.0
1.41788946E8	7.393607061655744
1.41791457E8	0.6905628725416711
1.417939675E8	0.0
1.417964765E8	3.0
1.41798983E8	0.0
1.418014855E8	0.0
1.41803981E8	88.07453682783552
1.4180647E8	169.8
1.41808953E8	255.0
1.41811431E8	191.209550413514
1.418139075E8	213.79209962064985
1.41816383E8	0.0
1.41818857E8	255.0
1.418213285E8	0.0
1.418237955E8	1.0
1.41826259E8	77.05
1.418287215E8	255.0
1.41831178E8	129.0
1.41833627E8	75.0
1.418360715E8	0.0
1.41838512E8	0.0
1.418409505E8	187.74054260603745
1.418433885E8	0.0
1.418458265E8	124.38726303211884
1.41848263E8	0.0
1.418506975E8	0.0
1.418531305E8	0.0
1.41855562E8	0.0
1.41857992E8	2.453846153846154
1.418604205E8	167.153990474816
1.41862847E8	0.0
1.41865272E8	0.0
1.41867695E8	3.0
1.41870116E8	236.91691842900303
1.418725365E8	0.0
1.41874956E8	0.0
1.41877374E8	0.0
1.41879789E8	0.0
1.418822015E8	0.0
1.418846075E8	0.0
1.418870045E8	0.0
1.418893965E8	1.754580601781812
1.418917865E8	0.0
1.41894176E8	0.0
1.41896563E8	0.0
1.41898948E8	0.0
1.41901333E8	195.20210068815646
1.419037175E8	198.998311625846
1.41906101E8	55.2187265917603
1.41908484E8	193.45021257977686
1.419108665E8	255.0
1.41913248E8	0.0
1.41915629E8	80.8980973347152
1.41918009E8	3.7917687570359577
1.41920388E8	255.0
1.419227665E8	0.0
1.41925143E8	0.0
1.419275165E8	0.0
1.419292615E8	18.03065267255161
1.41930446E8	255.0
1.419322555E8	0.0
1.419346225E8	0.0
1.41936987E8	0.0
1.41939347E8	0.0
1.41941703E8	255.0
1.419440575E8	0.0
1.41946411E8	0.0
1.419487635E8	0.0
1.419511115E8	0.0
1.419534545E8	0.0
1.419557965E8	227.57926953682923
1.41958135E8	0.0
1.419604675E8	254.47223180407036
1.419627965E8	0.0
1.419651245E8	223.98342547615408
1.419674515E8	230.53280302771915
1.41969777E8	0.0
1.419721005E8	0.0
1.419744205E8	0.0
1.41976738E8	0.0
1.419790505E8	0.0
1.41981358E8	0.0
1.419836635E8	234.14389356290354
1.41985967E8	145.1159167270571
1.41988266E8	2.263157894736842
1.4199056E8	0.0
1.41992852E8	255.0
1.41995142E8	0.0
1.4199743E8	0.0
1.419997165E8	0.0
1.420020015E8	255.0
1.42004285E8	0.0
1.420065675E8	0.0
1.42008845E8	0.0
1.420111165E8	231.7032
1.42013386E8	0.0
1.420156535E8	0.0
1.42017916E8	0.0
1.42020175E8	3.0
1.42022431E8	0.0
1.420246815E8	0.0
1.42026929E8	0.0
1.42029171E8	0.0
1.420314065E8	0.0
1.420336395E8	0.0
1.420358715E8	191.86860092729793
1.420381015E8	0.0
1.42040329E8	208.10344827586206
1.42042554E8	0.0
1.42044776E8	0.0
1.420469965E8	0.0
1.42049215E8	0.0
1.420514315E8	0.0
1.420536445E8	0.0
1.42055854E8	0.0
1.42058062E8	0.0
1.420602685E8	161.816237167143
1.42062474E8	0.0
1.42064677E8	255.0
1.420668775E8	0.0
1.420690765E8	0.0
1.420712745E8	0.0
1.420734715E8	0.0
1.420756655E8	0.0
1.420778565E8	232.95559235067893
1.42080046E8	0.0
1.42082235E8	0.0
1.42084423E8	0.0
1.42086609E8	0.0
1.4208879E8	0.0
1.420909665E8	0.0
1.42093141E8	0.0
1.420953105E8	0.0
1.42097474E8	0.0
1.42099635E8	0.0
1.42101794E8	255.0
1.42103946E8	0.0
1.42106089E8	0.0
1.421082245E8	0.0
1.42110355E8	0.0
1.421124825E8	0.0
1.421146075E8	255.0
1.421167315E8	196.5043113493358
1.42118853E8	194.72051749271137
1.42120971E8	255.0
1.421230865E8	0.0
1.421252E8	0.0
1.42127313E8	0.0
1.42129426E8	0.0
1.421315385E8	0.0
1.42133649E8	0.0
1.421357575E8	0.0
1.42137864E8	0.0
1.42139969E8	170.16696061140505
1.42142073E8	0.0
1.421441755E8	255.0
1.421462745E8	0.0
1.421483705E8	255.0
1.421504655E8	0.0
1.421525595E8	0.0
1.421546525E8	3.0
1.421567435E8	45.400580551523944
1.42158833E8	0.0
1.421609215E8	1.5657370517928286
1.42163009E8	0.8416822429906542
1.42165096E8	1.0
1.421671825E8	3.0
1.421692675E8	0.0
1.4217135E8	210.4740460033489
1.4217343E8	0.0
1.42175509E8	0.0
1.421775875E8	0.0
1.421796645E8	255.0
1.421817365E8	0.0
1.421838025E8	22.619918204187208
1.42185866E8	0.0
1.42187929E8	201.53136936092815
1.421899915E8	255.0
1.421920525E8	0.0
1.421941125E8	0.0
1.421961725E8	192.0
1.42198232E8	185.51413881748073
1.422002865E8	1.0
1.422023345E8	0.0
1.422043795E8	0.0
1.42206423E8	129.0
1.42208462E8	0.0
1.42210496E8	0.0
1.42212529E8	0.0
1.422145605E8	255.0
1.42216589E8	6.0554371002132195
1.42218613E8	0.0
1.422206335E8	0.0
1.42222652E8	0.0
1.422246675E8	0.0
1.422266795E8	0.0
1.42228689E8	0.0
1.422306975E8	255.0
1.422327045E8	0.0
1.422347105E8	0.0
1.42236716E8	85.66666666666667
1.42238721E8	254.77572559366754
1.422407225E8	0.0
1.422427205E8	0.0
1.422447185E8	1.0
1.42246715E8	0.0
1.42248709E8	0.0
1.422507005E8	0.0
1.422526905E8	184.17440036900368
1.422546795E8	255.0
1.422566665E8	0.0
1.422586525E8	0.0
1.422606355E8	0.0
1.422626145E8	0.0
1.422645915E8	0.0
1.422665675E8	0.0
1.42268543E8	1.6666666666666667
1.422705175E8	255.0
1.422724895E8	0.0
1.422744575E8	0.0
1.422764235E8	255.0
1.422783895E8	0.0
1.422803545E8	0.0
1.42282318E8	1.0244961485173663
1.422842805E8	0.0
1.422862425E8	218.84217824278332
1.4228818E8	0.16666666666666666
1.42289161E8	0.0
1.42290166E8	0.0
1.42292127E8	0.0
1.42294088E8	0.0
1.422960465E8	0.0
1.422980025E8	16.219544996077552
1.42299954E8	0.0
1.42301901E8	255.0
1.42303848E8	121.51243781094527
1.423057945E8	255.0
1.4230774E8	1.0
1.423096845E8	0.0
1.42311628E8	0.0
1.42313569E8	0.0
1.423155065E8	177.38121546961327
1.423174425E8	0.0
1.42319378E8	0.0
1.42321312E8	255.0
1.42323245E8	0.0
1.42325177E8	0.0
1.42327107E8	117.9862707058648
1.423290355E8	0.0
1.423309635E8	0.0
1.42332891E8	0.0
1.423348175E8	248.76263303113913
1.423367435E8	0.0
1.423386685E8	0.0
1.423405905E8	0.0
1.42342509E8	254.77572559366754
1.423444255E8	0.0
1.423463415E8	0.0
1.42348253E8	0.0
1.423501595E8	0.0
1.42352065E8	255.0
1.423539695E8	0.0
1.42355873E8	0.0
1.42357776E8	0.0
1.42359679E8	3.0
1.423615815E8	0.0
1.42363483E8	255.0
1.423653835E8	0.0
1.423672835E8	0.0
1.42369183E8	0.0
1.4237108E8	0.0
1.42372975E8	0.0
1.42374869E8	255.0
1.42376761E8	0.0
1.423786515E8	0.0
1.423805415E8	253.1047159686033
1.423824305E8	0.0
1.423843155E8	255.0
1.423861925E8	0.0
1.423880645E8	0.0
1.42389936E8	0.0
1.423918065E8	170.03449675324674
1.423936765E8	0.0
1.42395546E8	0.0
1.42397415E8	0.0
1.42399284E8	0.5
1.424011525E8	0.0
1.42403019E8	0.0
1.42404883E8	206.68304275560038
1.42406746E8	0.0
1.424086055E8	0.0
1.424104605E8	253.80841121495328
1.42412313E8	3.0
1.42414163E8	0.0
1.42416009E8	0.0
1.42417852E8	0.0
1.42419695E8	0.0
1.42421538E8	1.2578302315024965
1.424233805E8	0.0
1.42425222E8	0.0
1.42427063E8	0.0
1.424288995E8	0.0
1.424307315E8	0.0
1.424325625E8	0.0
1.42434392E8	0.0
1.42436221E8	0.0
1.424380485E8	2.2420091324200913
1.42439871E8	3.0
1.424416895E8	0.0
1.424435075E8	0.0
1.42445323E8	0.0
1.42447136E8	4.249703831649771
1.424489455E8	0.0
1.4245075E8	255.0
1.424525525E8	0.0
1.42454354E8	255.0
1.424561545E8	0.0
1.424579545E8	128.0
1.424597535E8	0.0
1.42461551E8	0.0
1.42463346E8	0.0
1.424651385E8	0.0
1.42466928E8	0.0
1.424687145E8	0.0
1.424705E8	0.0
1.42472285E8	0.0
1.424740655E8	0.0
1.42475841E8	0.0
1.42477616E8	3.0
1.42479391E8	3.0
1.424811635E8	0.0
1.42482933E8	129.0
1.424847005E8	207.92610518776928
1.42486464E8	0.0
1.424882225E8	253.80281690140845
1.424899775E8	255.0
1.4249173E8	231.57931034482758
1.42493479E8	0.0
1.42495226E8	0.0
1.42496973E8	0.0
1.42498718E8	0.0
1.4250046E8	0.0
1.425021995E8	0.0
1.42503937E8	0.0
1.425056725E8	0.0
1.42507406E8	253.21678321678323
1.425091385E8	0.0
1.425108685E8	0.0
1.425125945E8	0.0
1.425143185E8	3.0
1.4251604E8	171.0
1.42517759E8	247.35429486039482
1.425194765E8	0.0
1.425211925E8	0.0
1.42522908E8	0.0
1.425246225E8	0.0
1.42526336E8	0.0
1.425280485E8	191.7091891891892
1.425297595E8	213.12331180270112
1.425314695E8	28.333333333333332
1.42533179E8	0.0
1.425348875E8	0.0
1.425365935E8	0.0
1.42538297E8	1.5
1.4254E8	0.0
1.425416995E8	0.0
1.425433925E8	208.60003903962522
1.425450825E8	242.13709198813055
1.42546771E8	0.0
1.42548457E8	2.799561883899233
1.42550141E8	0.0
1.42551824E8	123.13659938323521
1.42553507E8	178.4384073441503
1.425551885E8	0.0
1.42556868E8	255.0
1.425585465E8	0.0
1.42560223E8	0.0
1.42561894E8	0.0
1.42563556E8	0.0
1.425652095E8	3.0
1.42566857E8	0.0
1.42568501E8	0.0
1.42570144E8	0.0
1.42571786E8	0.0
1.42573425E8	0.0
1.42575062E8	0.0
1.42576699E8	156.7552956150847
1.425783355E8	0.0
1.425799685E8	0.0
1.42581598E8	0.0
1.42583225E8	255.0
1.4258485E8	0.0
1.42586474E8	0.0
1.425880965E8	0.0
1.42589717E8	76.16159769456021
1.425913335E8	0.0
1.42592946E8	234.77559943582511
1.425945565E8	143.3360554318238
1.425961665E8	3.0
1.425977755E8	255.0
1.42599378E8	1.0
1.42600974E8	0.0
1.426025685E8	159.67929594272076
1.426041585E8	0.0
1.426057445E8	0.0
1.426073305E8	0.0
1.42608914E8	0.0
1.42610493E8	0.0
1.4261207E8	0.0
1.42613646E8	0.0
1.4261522E8	0.0
1.42616792E8	0.0
1.42618361E8	0.0
1.426199275E8	201.86052871467638
1.426214905E8	0.0
1.426230505E8	0.0
1.426246095E8	0.0
1.426261665E8	0.0
1.426277225E8	0.0
1.42629278E8	0.0
1.42630832E8	0.0
1.426323845E8	65.0
1.426339355E8	0.0
1.426354855E8	0.0
1.42637035E8	0.0
1.426385825E8	0.0
1.426401275E8	0.0
1.42641671E8	88.47731481481482
1.42643213E8	0.0
1.426447535E8	0.0
1.426462925E8	0.0
1.42647757E8	255.0
1.42648524E8	0.0
1.42649362E8	255.0
1.42650895E8	0.0
1.426524275E8	255.0
1.42653958E8	0.0
1.42655486E8	254.91787439613526
1.42657012E8	0.9955156950672646
1.42658537E8	0.0
1.42660062E8	200.52678041249357
1.42661585E8	255.0
1.426631055E8	0.0
1.42664625E8	0.0
1.426661435E8	0.0
1.426676605E8	255.0
1.426691735E8	0.0
1.42670683E8	1.0
1.426721915E8	0.0
1.426736975E8	2.9795867026055705
1.426752015E8	0.0
1.426767045E8	0.0
1.426782025E8	255.0
1.426796955E8	0.0
1.426811875E8	206.0719972895138
1.426826785E8	0.0
1.42684168E8	3.0
1.426856565E8	0.0
1.42687144E8	0.0
1.42688631E8	153.50153482880756
1.42690117E8	94.74678663239075
1.426916015E8	0.0
1.426930845E8	0.0
1.426945645E8	0.0
1.426960415E8	0.0
1.42697517E8	28.985436893203882
1.42698991E8	0.0
1.42700463E8	255.0
1.427019325E8	0.0
1.427034E8	0.0
1.427048665E8	0.0
1.427063315E8	0.0
1.427077945E8	255.0
1.42709256E8	0.0
1.42710717E8	0.0
1.42712177E8	0.0
1.427136355E8	233.99120865976914
1.427150925E8	255.0
1.42716547E8	0.0
1.427179995E8	0.0
1.427194515E8	0.0
1.42720903E8	0.0
1.427223515E8	0.0
1.427237975E8	0.0
1.42725243E8	0.0
1.42726687E8	220.45376239232894
1.42728129E8	0.0
1.427295695E8	232.46983988647725
1.427310075E8	0.0
1.427324415E8	255.0
1.427338735E8	0.0
1.427353055E8	0.0
1.427367365E8	0.0
1.42738166E8	255.0
1.42739595E8	183.72917661504877
1.42741022E8	0.0
1.427424465E8	0.0
1.427438705E8	0.0
1.427452945E8	0.0
1.42746718E8	0.0
1.427481405E8	255.0
1.42749562E8	0.0
1.42750982E8	0.0
1.427523995E8	200.79776951672864
1.427538155E8	255.0
1.427552315E8	101.42454160789845
1.42756647E8	0.0
1.427580605E8	0.0
1.427594725E8	0.0
1.42760884E8	0.0
1.427622945E8	0.0
1.427637035E8	0.0
1.427651115E8	0.0
1.42766519E8	1.0
1.427679255E8	0.0
1.427693305E8	0.0
1.427707335E8	0.0
1.42772132E8	255.0
1.427735265E8	0.0
1.4277492E8	195.93185044959773
1.42776312E8	0.0
1.42777703E8	0.0
1.42779094E8	0.0
1.427804825E8	0.0
1.427818685E8	0.0
1.42783254E8	0.0
1.427846385E8	203.5891583452211
1.42786022E8	251.26378531666842
1.427874045E8	2.352823920265781
1.42788786E8	0.0
1.42790167E8	0.0
1.427915475E8	86.23294117647059
1.427929275E8	128.0
1.42794307E8	80.44473997982207
1.427956855E8	0.6658823529411765
1.42797063E8	0.0
1.4279844E8	48.00188639698177
1.42799817E8	0.0
1.42801194E8	3.0
1.428025705E8	0.0
1.42803946E8	0.0
1.428053205E8	0.0
1.428066945E8	0.0
1.42808068E8	0.0
1.4280944E8	0.0
1.4281081E8	255.0
1.428121785E8	0.0
1.428135455E8	3.0
1.42814909E8	0.0
1.428162695E8	191.3576722656391
1.428176275E8	160.59916769966352
1.428189835E8	255.0
1.42820339E8	0.0
1.42821694E8	0.0
1.428230475E8	0.0
1.42824399E8	0.0
1.42825748E8	0.0
1.42827095E8	145.9090909090909
1.428284415E8	0.0
1.428297865E8	0.0
1.4283113E8	31.274949083503056
1.42832472E8	230.56061182163845
1.428338125E8	254.7582611050921
1.428351525E8	0.0
1.428364925E8	0.0
1.42837832E8	204.54263565891472
1.42839171E8	0.0
1.42840509E8	0.0
1.42841846E8	0.0
1.428431825E8	0.0
1.428445175E8	1.0
1.42845851E8	0.0
1.42847184E8	28.865760055626872
1.42848517E8	0.0
1.428498495E8	0.0
1.428511805E8	188.56507177033492
1.428525105E8	0.0
1.428538395E8	0.0
1.42855167E8	0.0
1.428564935E8	0.0
1.428578195E8	0.0
1.42859144E8	0.0
1.42860467E8	0.0
1.428617895E8	145.25482021886398
1.428631085E8	0.0
1.42864424E8	0.0
1.42865739E8	0.0
1.42867054E8	129.0
1.42868369E8	0.9451646073653523
1.428696825E8	0.0
1.42870994E8	0.0
1.42872305E8	0.0
1.428736155E8	0.0
1.428749255E8	196.35231530046457
1.42876235E8	125.90366310931641
1.428775435E8	0.0
1.428788505E8	0.0
1.428801555E8	242.17012858555884
1.428814595E8	0.0
1.428827635E8	255.0
1.428840675E8	255.0
1.42885371E8	0.0
1.42886674E8	0.0
1.428879765E8	0.0
1.42889278E8	0.0
1.42890579E8	255.0
1.42891879E8	254.7408536585366
1.42893177E8	0.0
1.42894474E8	73.70883534136546
1.42895771E8	0.0
1.428970675E8	0.0
1.42898363E8	0.0
1.428996575E8	0.0
1.429009515E8	0.0
1.429022455E8	255.0
1.42903539E8	85.0
1.42904831E8	0.0
1.429061215E8	0.0
1.42907411E8	0.0
1.42908699E8	234.749531656024
1.429099855E8	0.0
1.42911271E8	0.0
1.429125555E8	0.0
1.429138395E8	223.37380204241947
1.42915123E8	0.0
1.42916406E8	159.5324842633965
1.429176885E8	199.63808025177025
1.4291897E8	0.0
1.429202505E8	0.0
1.429215305E8	0.0
1.4292281E8	0.0
1.429240885E8	0.0
1.429253665E8	255.0
1.429266445E8	0.0
1.42927922E8	233.02794847373522
1.42929199E8	0.002526847757422615
1.42930476E8	255.0
1.429317525E8	0.0
1.42933028E8	1.8876086074416627
1.42934303E8	255.0
1.429355775E8	0.0
1.429368515E8	255.0
1.429381245E8	0.0
1.42939396E8	0.0
1.42940667E8	0.0
1.42941938E8	0.0
1.42943209E8	2.9753086419753085
1.4294448E8	255.0
1.429457505E8	212.9238074426143
1.429470205E8	1.0
1.429482905E8	238.35073601570167
1.4294956E8	2.991957104557641
1.429508285E8	0.0
1.429520965E8	26.0124826629681
1.429533635E8	230.95997301551608
1.42954629E8	0.0
1.429558935E8	1.9171075837742504
1.42957157E8	0.0
1.4295842E8	0.0
1.42959683E8	69.47270978600625
1.429609455E8	0.0
1.429622075E8	0.0
1.429634695E8	0.0
1.42964731E8	0.0
1.42965992E8	149.5511589352185
1.429672525E8	208.05123610195375
1.429685125E8	0.0
1.429697725E8	229.63783269961976
1.429710325E8	3.0
1.42972292E8	50.0115095913261
1.429735505E8	255.0
1.429748085E8	0.0
1.429760665E8	2.276824096246502
1.42977324E8	0.0
1.42978579E8	0.0
1.42979832E8	240.10871056241427
1.429810845E8	0.0
1.42982336E8	0.0
1.42983587E8	255.0
1.42984838E8	0.0
1.42986089E8	1.0
1.429873395E8	47.540549769506576
1.42988589E8	0.0
1.429898375E8	0.0
1.42991085E8	248.81228875985786
1.429923315E8	0.0
1.429935775E8	3.0
1.429948225E8	0.0
1.42996066E8	233.6870507473624
1.429973085E8	134.89473684210526
1.4299855E8	0.0
1.42999791E8	255.0
1.43001032E8	0.0
1.430022725E8	1.0
1.430035125E8	0.0
1.430047525E8	234.92081630885176
1.43005992E8	3.0
1.4300719E8	0.0
1.43007809E8	0.0
1.430084685E8	0.0
1.430097065E8	8.342200708932968
1.430109445E8	1.0
1.43012182E8	255.0
1.430134185E8	0.0
1.43014654E8	0.0
1.43015889E8	255.0
1.430171235E8	0.0
1.430183575E8	144.9473878650904
1.430195915E8	0.0
1.43020825E8	0.0
1.43022058E8	3.0
1.430232905E8	101.00418410041841
1.43024522E8	255.0
1.43025753E8	1.0
1.43026984E8	0.0
1.43028215E8	0.0
1.430294455E8	254.89688637282651
1.43030675E8	3.0
1.43031904E8	0.0
1.430331325E8	0.0
1.4303436E8	0.0
1.43035587E8	224.2038936105587
1.43036814E8	0.0
1.43038041E8	0.0
1.430392675E8	255.0
1.430404935E8	0.0
1.430417195E8	87.0
1.43042945E8	253.88122845502977
1.4304417E8	0.0
1.43045395E8	0.0
1.4304662E8	0.0
1.43047845E8	0.0
1.4304907E8	255.0
1.430502945E8	200.05944114215876
1.430515185E8	113.76303527845573
1.430527425E8	0.0
1.430539665E8	55.37145471180238
1.4305519E8	0.0
1.43056413E8	0.0
1.43057636E8	0.0
1.430588585E8	204.07330018096934
1.430600805E8	0.0
1.43061302E8	0.0
1.430625225E8	0.0
1.430637425E8	83.18505338078292
1.43064962E8	0.0
1.43066181E8	0.0
1.430674E8	0.0
1.430686185E8	234.34813814667424
1.430698365E8	0.0
1.430710525E8	255.0
1.43072266E8	0.0
1.430734785E8	0.0
1.430746905E8	255.0
1.43075902E8	0.0
1.43077113E8	0.0
1.430783235E8	0.0
1.43079533E8	0.0
1.43080742E8	255.0
1.43081951E8	0.0
1.430831595E8	0.0
1.430843675E8	0.0
1.430855755E8	129.0
1.430867835E8	0.0
1.43087991E8	3.0
1.430891975E8	0.0
1.43090403E8	63.9
1.43091608E8	0.0
1.43092813E8	234.45868677348415
1.43094017E8	0.0
1.4309522E8	0.0
1.43096423E8	0.0
1.430976255E8	255.0
1.430988275E8	3.0
1.43100029E8	0.0
1.431012295E8	2.504461715601612
1.431024295E8	0.0
1.431036295E8	1.6666666666666667
1.43104829E8	0.0
1.43106028E8	1.0
1.431072265E8	255.0
1.431084245E8	1.5
1.43109622E8	255.0
1.43110819E8	0.0
1.43112015E8	0.0
1.4311321E8	0.0
1.43114405E8	204.32794626928325
1.431156E8	0.0
1.43116795E8	8.399731866302991
1.431179895E8	0.0
1.43119183E8	255.0
1.43120376E8	255.0
1.43121569E8	0.0
1.43122762E8	255.0
1.431239545E8	0.0
1.431251465E8	246.78583085671093
1.431263385E8	0.0
1.4312753E8	0.0
1.43128721E8	0.0
1.431299115E8	0.0
1.431311015E8	0.0
1.431322915E8	0.0
1.43133481E8	0.0
1.4313467E8	0.0
1.43135859E8	0.0
1.43137048E8	0.0
1.43138237E8	0.0
1.43139426E8	255.0
1.431406145E8	0.0
1.431418015E8	0.0
1.431429875E8	0.0
1.431441735E8	229.67542761785566
1.431453595E8	255.0
1.431465455E8	3.0
1.43147731E8	0.0
1.43148916E8	64.57081545064378
1.43150101E8	222.83076923076922
1.43151286E8	0.0
1.431524705E8	255.0
1.431536545E8	0.0
1.431548385E8	0.0
1.431560225E8	0.0
1.431572055E8	0.0
1.431583875E8	234.66859877956844
1.43159569E8	0.0
1.4316075E8	250.49702702172334
1.43161931E8	0.0
1.43163111E8	3.0
1.4316429E8	0.0
1.43165469E8	0.0
1.431666475E8	0.0
1.431678255E8	0.0
1.431690035E8	0.0
1.431701815E8	255.0
1.431713595E8	0.0
1.431725375E8	0.0
1.43173715E8	0.0
1.431748915E8	11.31444996662161
1.43176067E8	0.0
1.43177242E8	255.0
1.431784165E8	0.0
1.431795905E8	0.0
1.43180764E8	0.0
1.43181937E8	0.0
1.4318311E8	129.5644970414201
1.43184282E8	0.0
1.43185453E8	118.21650879566982
1.43186624E8	255.0
1.43187795E8	0.0
1.431889655E8	0.0
1.43190135E8	0.0
1.43191304E8	3.0
1.431924725E8	1.0
1.4319364E8	0.0
1.43194807E8	0.0
1.43195974E8	0.0
1.431971405E8	0.0
1.431983065E8	251.45105432046435
1.431994725E8	187.0412119189528
1.432006385E8	0.0
1.43201804E8	0.0
1.43202969E8	0.0
1.432041335E8	0.0
1.43205297E8	0.0
1.4320646E8	235.88066757267097
1.43207623E8	0.0
1.43208786E8	37.0
1.43209949E8	0.0
1.43211112E8	234.5372791379447
1.432122745E8	180.38160087085953
1.432134365E8	255.0
1.432145985E8	124.38971355370373
1.4321576E8	255.0
1.43216921E8	0.0
1.43218082E8	255.0
1.432192425E8	0.0
1.432204025E8	142.55832241153342
1.432215625E8	3.0
1.43222722E8	0.0
1.43223881E8	0.0
1.4322504E8	255.0
1.43226199E8	254.6978672985782
1.43227358E8	0.0
1.432285165E8	0.0
1.432296745E8	22.55838423784471
1.432308325E8	155.23703703703703
1.4323199E8	204.40637450199202
1.43233147E8	254.95725062866723
1.432343035E8	0.0
1.432354595E8	1.0
1.43236615E8	0.0
1.4323777E8	164.43683409436835
1.43238925E8	0.0
1.4324008E8	1.7614795918367347
1.432412345E8	0.0
1.432423885E8	202.85714285714286
1.432435425E8	3.0
1.432446965E8	255.0
1.4324585E8	0.0
1.43247003E8	0.0
1.43248156E8	0.0
1.432493085E8	255.0
1.432504605E8	0.0
1.432516125E8	0.0
1.432527645E8	0.0
1.43253916E8	85.66666666666667
1.432550665E8	2.3333333333333335
1.432562165E8	255.0
1.432573655E8	0.0
1.432585135E8	0.0
1.432596615E8	0.0
1.432608095E8	64.47381012339461
1.432619575E8	0.0
1.432631055E8	0.0
1.43264253E8	255.0
1.432654E8	240.4021532862009
1.43266547E8	0.0
1.432676935E8	79.3213897937025
1.432688395E8	0.0
1.432699855E8	2.0
1.43271131E8	242.47767857142858
1.432722755E8	24.15890833058215
1.432734195E8	254.23076923076923
1.432745635E8	242.0505499029583
1.432757075E8	6.074369078561247
1.432768515E8	0.0
1.43277995E8	0.0
1.43279138E8	254.07775768535262
1.432802805E8	0.0
1.432814225E8	238.48518111964873
1.432825645E8	0.28537833990947753
1.43283706E8	217.54265611257696
1.43284847E8	221.71978761805627
1.432859875E8	183.39191660570592
1.432871275E8	0.0
1.432882675E8	171.0
1.432894075E8	0.0
1.43290547E8	246.36
1.43291686E8	0.0
1.43292825E8	0.0
1.43293964E8	0.0
1.43295103E8	0.0
1.432962415E8	254.7010550996483
1.43297379E8	0.0
1.432985155E8	3.0822275635965606
1.432996515E8	0.0
1.433007875E8	133.7854797731154
1.433019235E8	0.0
1.43303059E8	0.0
1.43304194E8	0.0
1.43305329E8	255.0
1.433064635E8	0.0
1.433075975E8	182.68312541037426
1.433087315E8	2.085811791271534
1.433098655E8	0.0
1.43310999E8	0.0
1.43312132E8	0.0
1.43313265E8	0.0
1.433143975E8	229.08954525225278
1.433155295E8	126.39622641509433
1.433166615E8	0.0
1.433177935E8	0.0
1.43318925E8	0.0
1.43320056E8	223.27681306180517
1.43321187E8	0.0
1.433223175E8	0.0
1.433234475E8	3.0
1.433245775E8	1.0
1.43325707E8	0.0
1.43326836E8	103.5867418899859
1.43327965E8	89.75868963395878
1.43329094E8	0.0
1.43330222E8	176.6839546191248
1.43331349E8	0.0
1.433324755E8	231.76933096935267
1.433336015E8	0.0
1.433347275E8	0.0
1.433358535E8	0.0
1.433369795E8	45.263849850394415
1.43338105E8	0.0
1.4333923E8	0.0
1.433403545E8	0.0
1.433414785E8	0.0
1.43342602E8	0.0
1.43343725E8	37.08816958051723
1.43344848E8	191.23430962343096
1.43345971E8	255.0
1.43347094E8	255.0
1.433482165E8	219.02251304200374
1.43349338E8	0.0
1.433504585E8	255.0
1.43351578E8	0.5
1.43352697E8	45.32572486119679
1.433538155E8	192.0
1.433549335E8	0.0
1.433560515E8	0.0
1.433571695E8	0.0
1.43358287E8	0.0
1.43359404E8	0.0
1.43360521E8	255.0
1.43361638E8	255.0
1.43362755E8	197.5840543881335
1.43363872E8	254.90883089023953
1.433649885E8	0.0
1.433661045E8	238.43121779401213
1.433668735E8	234.26264064948012
1.433674315E8	249.8015717092338
1.433683365E8	3.0
1.433694525E8	213.0
1.433705685E8	0.0
1.43371684E8	3.0
1.43372799E8	0.0
1.43373914E8	0.0
1.433750285E8	0.0
1.433761425E8	255.0
1.433772565E8	0.0
1.433783705E8	0.0
1.433794845E8	0.0
1.433805985E8	0.0
1.433817115E8	0.0
1.433828235E8	0.0
1.433839355E8	0.0
1.433850475E8	244.0165612984058
1.43386159E8	149.96057670646542
1.433872695E8	0.0
1.433883795E8	0.0
1.433894895E8	153.6
1.433905995E8	0.0
1.43391709E8	0.0
1.43392818E8	0.0
1.43393927E8	254.6895922093731
1.43395036E8	0.0
1.433961445E8	2.857142857142857
1.433972525E8	0.0
1.4339836E8	0.0
1.43399467E8	255.0
1.43400574E8	0.0
1.434016805E8	243.5995441577278
1.434027865E8	3.0
1.43403892E8	0.0
1.43404997E8	255.0
1.43406102E8	0.0
1.43407207E8	0.0
1.43408312E8	0.0
1.43409417E8	0.0
1.43410521E8	0.0
1.43411624E8	0.0
1.43412727E8	255.0
1.434138295E8	0.0
1.434149315E8	0.0
1.434160335E8	0.0
1.43417135E8	28.99038881607689
1.43418236E8	3.0
1.43419337E8	0.0
1.434204375E8	111.84946502798661
1.434215375E8	0.0
1.43422637E8	255.0
1.43423736E8	0.0
1.434248345E8	49.354838709677416
1.434259325E8	0.0
1.434270305E8	0.0
1.43428128E8	0.0
1.43429225E8	0.0
1.43430322E8	0.0
1.434314185E8	0.0
1.434325145E8	0.0
1.434336095E8	1.0
1.43434703E8	0.0
1.434357955E8	0.0
1.43436887E8	0.0
1.43437978E8	255.0
1.434390685E8	0.0
1.434401585E8	0.0
1.434412485E8	203.95823095823096
1.434423385E8	209.66526845637583
1.434434285E8	0.0
1.43444518E8	0.0
1.43445607E8	0.0
1.434466955E8	0.0
1.434477835E8	0.0
1.434488715E8	0.0
1.434499595E8	255.0
1.43451047E8	0.0
1.43452134E8	214.48937282229966
1.43453221E8	239.0185742603333
1.434543075E8	154.38014311270126
1.434553935E8	216.97826086956522
1.434564795E8	1.2
1.434575655E8	0.0
1.434586505E8	0.0
1.434597345E8	255.0
1.434608185E8	0.0
1.434619025E8	0.0
1.434629865E8	1.0
1.4346407E8	0.0
1.43465153E8	0.0
1.43466236E8	242.51149589324748
1.434673185E8	0.0
1.434684005E8	0.0
1.43469482E8	0.0
1.43470563E8	248.42164007010425
1.434716435E8	120.26575809199319
1.434727235E8	255.0
1.434738035E8	157.43478260869566
1.43474883E8	0.0
1.43475962E8	0.0
1.434770405E8	0.0
1.434781185E8	0.993994720477007
1.434791965E8	0.0
1.434802745E8	129.0
1.43481352E8	0.0
1.43482429E8	0.0
1.434835055E8	0.0
1.434845815E8	0.0
1.434856575E8	0.0
1.434867335E8	0.0
1.43487809E8	0.0
1.43488884E8	140.18669250645993
1.43489959E8	37.07238773114177
1.43491034E8	255.0
1.434921085E8	0.0
1.434931825E8	20.14623641664458
1.434942565E8	14.46953046953047
1.434953305E8	3.0
1.43496404E8	255.0
1.434974765E8	242.31121066654674
1.434985485E8	255.0
1.4349962E8	0.0
1.43500691E8	177.41998187128613
1.435017615E8	0.0
1.435028315E8	0.0
1.435039015E8	0.0
1.43504971E8	0.0
1.4350604E8	0.0
1.435071085E8	255.0
1.43508176E8	0.0
1.43509243E8	0.0
1.4351031E8	254.61246200607903
1.435113765E8	127.27513227513228
1.435124415E8	165.30745814307457
1.435135055E8	0.0
1.435145695E8	255.0
1.43515633E8	0.0
1.43516696E8	0.0
1.43517759E8	169.1345600920069
1.43518822E8	198.82709698830166
1.43519885E8	0.0
1.43520948E8	255.0
1.43522011E8	0.0
1.43523074E8	0.0
1.435241365E8	218.63776647711617
1.435251985E8	0.0
1.435262605E8	3.0
1.435273225E8	0.0
1.435283845E8	0.0
1.43529446E8	0.7488126649076517
1.435305065E8	0.08814152410575428
1.435315665E8	228.51980534884882
1.435326265E8	0.0
1.43533686E8	204.6852191066648
1.43534745E8	0.0
1.43535804E8	255.0
1.435368625E8	0.0
1.435379205E8	229.11499234574143
1.435389785E8	3.0
1.435400365E8	201.42669632925472
1.43541094E8	0.0
1.435421505E8	255.0
1.435432065E8	252.289156626506
1.435442625E8	204.6
1.435453185E8	0.0
1.43546374E8	0.0
1.43547429E8	0.0
1.43548484E8	0.0
1.435495385E8	171.0
1.435505925E8	0.0
1.43551646E8	0.0
1.43552699E8	236.5507209714141
1.43553752E8	87.64781184876452
1.43554805E8	34.54248905248461
1.43555858E8	255.0
1.435569105E8	0.0
1.435579625E8	252.74655294181562
1.435590145E8	127.95494544174586
1.43560066E8	0.0
1.43561117E8	0.0
1.43562168E8	255.0
1.43563219E8	0.0
1.4356427E8	112.52633632461959
1.435653205E8	0.0
1.435663705E8	1.0
1.4356742E8	1.0
1.43568469E8	0.0
1.43569518E8	0.0
1.43570567E8	0.0
1.43571616E8	255.0
1.435726645E8	0.0
1.435737125E8	205.74361120410668
1.435747605E8	0.0
1.435758085E8	0.0
1.435768565E8	127.5713723018749
1.43577904E8	0.8818116348654809
1.43578951E8	0.0
1.43579998E8	0.0
1.43581045E8	0.0
1.435820915E8	0.0
1.43583137E8	0.0
1.43584182E8	1.5
1.43585227E8	153.19187841367847
1.43586272E8	0.0
1.435873165E8	0.0
1.435883605E8	0.014443030269492558
1.435894045E8	11.164739884393063
1.43590448E8	255.0
1.43591491E8	255.0
1.435925335E8	0.0
1.435935755E8	0.0
1.435946175E8	241.66431625117983
1.435956595E8	205.34971644612477
1.435967015E8	0.0
1.43597743E8	203.54924514737598
1.43598784E8	0.0
1.43599825E8	0.0
1.436008655E8	0.0
1.436019055E8	0.0
1.436029455E8	0.0
1.436039855E8	0.0
1.43605025E8	170.0
1.43606064E8	162.29385259092373
1.43607103E8	255.0
1.436081415E8	0.0
1.436091795E8	96.36035242290748
1.436102175E8	0.0
1.43611255E8	0.0
1.43612292E8	0.0
1.43613329E8	0.0
1.43614366E8	172.9512156418249
1.436154025E8	0.0
1.436164385E8	0.0
1.43617474E8	0.0
1.43618509E8	255.0
1.43619544E8	0.0
1.43620579E8	0.0
1.43621614E8	0.5
1.43622648E8	1.0
1.43623681E8	255.0
1.43624714E8	0.0
1.43625747E8	191.72148541114058
1.436267795E8	0.0
1.436278115E8	254.81076066790354
1.436288435E8	255.0
1.43629875E8	0.0
1.43630906E8	0.0
1.43631937E8	255.0
1.436329675E8	179.24951478922443
1.436339975E8	0.0
1.436350275E8	0.0
1.43636057E8	255.0
1.43637086E8	255.0
1.43638115E8	126.76548809066435
1.43639144E8	232.46603096201778
1.43640173E8	0.0
1.43641202E8	0.0
1.43642231E8	0.0
1.436432595E8	0.0
1.436442875E8	0.0
1.43645315E8	0.0
1.43646342E8	0.0
1.43647369E8	0.0
1.436483955E8	0.0
1.436494215E8	0.0
1.43650447E8	255.0
1.43651472E8	0.0
1.43652497E8	0.0
1.43653522E8	0.3183856502242152
1.43654546E8	0.0
1.43655569E8	0.0
1.436565915E8	0.0
1.436576135E8	254.9184
1.436586355E8	248.43603744149766
1.436596575E8	0.0
1.43660679E8	173.03571428571428
1.436617E8	254.61940298507463
1.43662721E8	0.0
1.436637415E8	207.5030197197047
1.436647615E8	0.0
1.436657815E8	0.0
1.43666801E8	0.0
1.4366782E8	0.0
1.43668839E8	0.0
1.43669858E8	0.0
1.43670877E8	125.95405232929164
1.436718955E8	253.64416131621186
1.436729135E8	0.0
1.436739315E8	255.0
1.436749495E8	0.0
1.436759665E8	0.0
1.436769825E8	0.0
1.436779985E8	1.2713903743315509
1.43679014E8	0.0
1.43680029E8	0.0
1.436810435E8	0.0
1.436820575E8	208.41705265924247
1.436830715E8	0.0
1.436840855E8	0.0
1.436850995E8	0.0
1.43686113E8	1.7246963562753037
1.43687126E8	0.0
1.43688139E8	0.0
1.436891515E8	0.0
1.436901635E8	0.0
1.436911755E8	190.6552643269658
1.436921875E8	201.6828841841195
1.436931995E8	217.49168262929732
1.43694211E8	0.0
1.43695222E8	0.38847371754274856
1.43696233E8	0.0
1.43697244E8	255.0
1.436982545E8	224.8383402936818
1.436992645E8	0.0
1.437002745E8	255.0
1.437012845E8	255.0
1.437022935E8	0.0
1.437033015E8	0.0
1.437043095E8	0.0
1.43705317E8	0.0
1.43706324E8	0.0
1.437073305E8	47.83040201005025
1.437083365E8	0.3733156615860393
1.437093425E8	0.0
1.43710348E8	0.0
1.43711353E8	0.0
1.43712358E8	0.04423543411597785
1.43713363E8	1.0561094721366489
1.43714368E8	74.1399856424982
1.437153725E8	0.0
1.437163765E8	0.0
1.437173805E8	0.0
1.437183845E8	255.0
1.43719388E8	0.0
1.4372039E8	181.218671992012
1.43721391E8	1.8
1.43722392E8	48.85745140388769
1.43723393E8	0.0
1.43724394E8	103.75857242827152
1.437251765E8	181.81912914030517
1.437257305E8	0.0
