#Position (bp)	Coverage	Std
179658.5	301.01164712954613	377.9069593027583
538974.5	302.44458359772455	2385.1328701947277
898290.5	209.50251032517338	493.70412634105526
1257606.5	156.5851256275813	289.5325821976276
1616922.5	110.20364525932605	249.04954655886002
1976238.5	103.30403321867104	249.64845770862598
2335554.5	175.8504102238698	298.8162740496782
2694870.5	213.7687216823075	1328.4216420608386
3054186.5	254.00583052243707	306.1152953074966
3413502.5	96.79530830800744	192.9829598925575
3772818.5	74.6411988333389	89.52916920607638
4132134.5	113.37085462378519	1459.195193795672
4491450.5	215.4689799507954	2326.2198734429444
4850766.5	198.9199339856839	373.2775779449985
5210082.5	303.13348974162017	1593.7026911227665
5569398.5	162.57792027073663	374.3566921851141
5928714.5	835.2882699350989	1609.7220094123475
6288030.5	256.02372841732625	255.5715450559094
6647346.5	222.04841977535094	404.29452442129326
7006662.5	329.14230649344864	1172.8900273898275
7365978.5	185.92598993643477	215.02533569826545
7725294.5	280.5634288481448	1623.5839937590374
8084610.5	529.366732903628	1658.1730102834651
8443926.5	854.7865110376382	1871.8589291715186
8803242.5	53.435218581972414	83.22235958255968
9162558.5	73.67703358603569	273.3963254789302
9521874.5	220.07607509824223	511.51641636314775
9881190.5	454.85625466163486	2871.621051201261
1.02405065E7	669.7789438822651	3410.4096636395257
1.05998225E7	374.0953589598014	794.2321343780956
1.09591385E7	446.5136398045175	2235.4330833301583
1.13184545E7	28.518000868316467	77.24659042170903
1.16777705E7	105.72796368656002	365.39033457414695
1.20370865E7	223.96581282213984	608.9247118107807
1.23964025E7	836.5712993576684	574.0997386822482
1.27557185E7	109.5191892373287	291.0974801466199
1.31150345E7	177.8032205635151	290.05519615287426
1.34743505E7	237.6709498046288	1373.1333634286264
1.38336665E7	93.43541617963018	196.8946799140573
1.41929825E7	83.26033352258179	162.09173885277772
1.45522985E7	30.58670362577787	85.16226338904444
1.49116145E7	219.69545748032374	433.85951261276915
1.52709305E7	44.74231038974051	163.41677374369692
1.56302465E7	92.9778245332799	179.21759063308392
1.59895625E7	8.787301428269267	35.19360921501991
1.63488785E7	371.77036090794735	387.9257230800081
1.67081945E7	260.58943381313384	444.20504542668897
1.70675105E7	40.37934019080698	99.7611760363358
1.74268265E7	156.3274499326498	287.77907516267004
1.77861425E7	21.696487214596623	10.14853451968171
1.81454585E7	38.90195259882666	74.77630163017471
1.85047745E7	318.8486986385243	1815.5023084039035
1.88640905E7	284.5752067817743	1412.9638375478423
1.92234065E7	180.07600830466777	307.2767246178581
1.95827225E7	302.1909294325886	427.1498713488883
1.99420385E7	116.70675950973516	353.5395806569861
2.03013545E7	131.74440603813912	305.8844235159926
2.06606705E7	239.8433857662893	455.77305360188274
2.10199865E7	337.1517800487593	437.75901217855704
2.13793025E7	243.50763673201305	368.66628907291533
2.17386185E7	544.8759114539848	2496.565258477606
2.20979345E7	179.59587104387225	2252.2073681174047
2.24572505E7	268.048489351991	2524.6080306034087
2.28165665E7	89.22599605917911	103.60170061964821
2.31758825E7	65.21831201505081	189.55317498443196
2.34346265E7	63.078895126823966	483.0035908897904
2.36142845E7	3.0725002982937597	2.300470348196826
2.38945145E7	14.32374845539859	33.487620132099416
2.42538305E7	48.17752618864732	76.84344428793995
2.46131465E7	269.1662686882855	142.3074109988462
2.49724625E7	102.05807701299135	218.071715936469
2.53317785E7	80.18602845406272	586.7816827842072
2.56910945E7	43.42007592202963	18.00133126112453
2.60504105E7	140.66501074263323	31.30148525753033
2.64097265E7	175.0534292934353	148.9378688163196
2.67690425E7	13.230195705173163	22.60762916640356
2.71283585E7	42.92356310322947	75.9208554421256
2.74876745E7	252.16941633548186	136.48921578605996
2.78469905E7	636.6559212503757	306.0570808131569
2.82063065E7	421.35058277393716	1653.5735236756261
2.85656225E7	154.73560876776986	214.14078924006975
2.89249385E7	270.1422730966614	346.6723393174499
2.92842545E7	162.98394449453963	314.21503635127254
2.96435705E7	269.481603936368	957.0188470283938
3.00028865E7	246.3141190484142	678.5731205262261
3.03622025E7	430.20787830210736	549.453441584293
3.07215185E7	74.575593627893	108.04952777815866
3.10808345E7	327.05520488928966	379.6585441270734
3.14401505E7	286.2825034231707	564.1301421239432
3.17994665E7	118.38738881652918	221.10064324243382
3.21587825E7	121.3601899163967	239.53617979858393
3.25180985E7	261.5783711273642	510.7499501329927
3.28774145E7	130.58199189571297	291.1273735315277
3.32367305E7	337.38504825835753	2035.1493103492048
3.35960465E7	448.15707900566633	784.3231926360081
3.39553625E7	434.00145832637565	285.7294228096674
3.43146785E7	144.15167429226642	322.38891100138267
3.46739945E7	95.60874550534905	151.3253823167517
3.50333105E7	331.94929532778946	376.6294825219093
3.53926265E7	751.5596104821383	5522.06829725416
3.57519425E7	1123.2365410947466	2331.4180023382723
3.61112585E7	282.26279653563995	598.3226289207339
3.64705745E7	203.88370403767158	1131.8668807203721
3.68298905E7	195.17457335604314	291.48927129948333
3.71892065E7	139.72646361420033	466.80503652611844
3.75485225E7	656.0271488049516	926.8733830861736
3.79078385E7	573.6370409333289	3562.7163108750533
3.82671545E7	122.46430996671454	354.3240460339979
3.86264705E7	116.76737467855592	235.1364812823467
3.89857865E7	88.73546126529294	200.47790911245613
3.93451025E7	207.8559067784346	290.4329097760569
3.97044185E7	461.50213739438266	568.3143645549047
4.00637345E7	320.10508020795066	2859.75303316802
4.04230505E7	275.10174331229337	1331.2969389765235
4.07823665E7	543.136025114384	1834.257298667196
4.11416825E7	441.7981470349219	1850.5132129023095
4.15009985E7	601.9689242894833	2604.6663352989485
4.18603145E7	229.00955704727872	392.9413462297967
4.22196305E7	313.5434547863162	562.977525799891
4.25789465E7	164.33611918200137	215.37814741058276
4.29382625E7	841.1422285676118	2254.385141688103
4.32975785E7	55.27411526344499	122.5821677975132
4.36568945E7	147.31104654398914	1872.2583176119608
4.40162105E7	195.62576116844227	243.19736157861752
4.43755265E7	71.51347282058133	248.87801484378764
4.47348425E7	321.24086597869285	952.6833824095519
4.50941585E7	645.4782559084483	999.8544866757912
4.54534745E7	78.66014316089459	130.80007312736876
4.58127905E7	195.6339517305102	285.81810413870136
4.61721065E7	520.7614050028387	2374.8339978124677
4.65314225E7	340.9413858553474	2121.9416986437677
4.68907385E7	328.74049583096775	1152.6167770367122
4.72500545E7	301.78027140455754	798.0874153011827
4.76093705E7	815.0578460185463	2955.9635929110555
4.79686865E7	256.00441672511107	588.0705685701594
4.83280025E7	484.0582718275835	3685.788011315604
4.86541545E7	118.61026048848417	127.20953588915405
4.88338125E7	3.9659872150524667	2.411029940106555
4.90466345E7	261.8607520956484	442.0988385153488
4.94059505E7	142.42843346803372	152.6929380798473
4.97652665E7	165.92527747164056	341.2934825084265
5.01245825E7	194.23659397299312	321.70994323606436
5.04838985E7	417.00863585256434	1792.068447652362
5.08432145E7	100.50868873081076	204.34611198556942
5.12025305E7	192.4337212926783	227.04711521258233
5.15618465E7	284.8545068964366	2142.7947541646513
5.19211625E7	513.7512134166027	1855.394832826999
5.22804785E7	283.2984225584165	254.26559734683815
5.26397945E7	190.68139186676908	460.0529872826174
5.29991105E7	340.107982945374	401.68059474930357
5.33584265E7	125.11469569960703	249.3063646388572
5.37177425E7	26.31348729252246	84.42980302332644
5.40770585E7	284.2890631087956	501.44745621528216
5.44363745E7	331.2666622137617	598.5162633634045
5.47956905E7	61.45547929955805	175.90245847114147
5.51550065E7	103.04439824555544	330.9547279330572
5.55143225E7	87.60204666644402	281.6989041139692
5.58736385E7	228.0144663750014	1392.6168273747917
5.62329545E7	229.6736966903784	435.7482042331992
5.65922705E7	112.76065635819168	147.2834165617732
5.69515865E7	315.89398468200693	458.3141568521587
5.73109025E7	359.06451146066416	1910.1445284481742
5.76702185E7	136.08220897482997	393.98493061592916
5.80295345E7	395.4374032884703	1080.0457296932545
5.83888505E7	620.6388304445112	2546.941441866802
5.87481665E7	155.0557253225573	274.6048757611642
5.91074825E7	53.62343452559864	111.10002046141707
5.94667985E7	688.8723519130793	16592.849845605117
5.98261145E7	209.65069743623997	492.97730736000415
6.01854305E7	131.96371160761	153.99976467716604
6.05447465E7	282.81528515290165	1629.0903395007067
6.09040625E7	221.01820681517106	440.5654829471971
6.12633785E7	168.94781473688897	278.5908579422132
6.16226945E7	139.2381664050585	210.02506367443434
6.19820105E7	415.8665520043638	2214.785013103554
6.23413265E7	67.85125627581293	130.58168113831465
6.27006425E7	187.82977657549344	449.3977195501355
6.30599585E7	65.16689209498047	97.24291664333185
6.34192745E7	150.13497033252068	360.02500723712035
6.37785905E7	266.9355664651727	729.7374336379182
6.41379065E7	36.74458137127208	135.225708598109
6.44972225E7	175.63960413674872	320.0223591854298
6.48565385E7	228.56821850404657	275.87774530559096
6.52158545E7	208.99442551959834	431.5257413700125
6.55751705E7	335.5496331919536	431.9150071619467
6.59344865E7	171.04179329615158	186.8258334516008
6.62938025E7	236.13001369268275	459.7615568857585
6.66531185E7	79.38664295494773	195.70324230259004
6.70124345E7	29.864194747798596	76.13833105480107
6.73717505E7	114.1935872602389	383.2204240856926
6.77310665E7	256.9689604693362	1890.4525098978363
6.80903825E7	61.32316401162208	162.17375308354906
6.84496985E7	141.9075131639003	270.4858826625209
6.88090145E7	310.3148537777333	431.75615642516044
6.91683305E7	311.30209620501176	454.78156982212323
6.95276465E7	112.82452771376727	175.70772884955375
6.98869625E7	95.77967582851863	180.0652807367027
7.02462785E7	235.97779113649267	420.82480854841293
7.06055945E7	249.91090015473844	403.17691702027275
7.09649105E7	266.63768103841744	2283.6569180128886
7.13242265E7	10.935204666644402	22.23488167614596
7.16835425E7	202.59519475893086	579.8946048657909
7.20428585E7	468.46582395440225	3247.223090130756
7.24021745E7	918.9830900933997	233.19108665725634
7.27614905E7	187.92282559084484	453.1250652386998
7.31208065E7	12.860969174765387	29.9705175331666
7.34801225E7	40.615346936958	84.67968492341679
7.38394385E7	73.1772645804807	418.86958377444813
7.41987545E7	39.36929610704784	22.24527045910448
7.45580705E7	182.74337908693184	30.06100955548189
7.49173865E7	108.12760634093667	27.305658586827978
7.52767025E7	12.215011299246346	10.603479080226148
7.56360185E7	16.281028398401407	2.8843391685427733
7.59953345E7	736.6398629618498	2163.0130196718114
7.63546505E7	318.6794632023066	66.80285350120737
7.67139665E7	182.79028209152946	217.99450278248912
7.690225E7	1.6140513593414874	1.3377508795743633
7.7081908E7	1.2717846023416601	27.393926005016866
7.74325985E7	21.521571541484377	5.791108189596335
7.77919145E7	34.122076389584656	89.32414382190588
7.81512305E7	2.4756509590444065	2.184453871287331
7.85105465E7	3.7789299669371808	18.868854336221023
7.88698625E7	4.649742844738336	11.703487560554422
7.92291785E7	7.030443954624898	62.69188655829936
7.95884945E7	24.673156775651517	84.5299669524575
7.99478105E7	44.8460491600708	54.96337392025826
8.03071265E7	403.9127648086921	99.52961966042778
8.06664425E7	358.5092982221777	357.2634472306947
8.10257585E7	63.62237139453851	136.53389477448903
8.13850745E7	277.67238308341405	695.1382611799751
8.17443905E7	185.04865076979596	357.35378731045256
8.21037065E7	306.8955905108595	347.5595293474723
8.24630225E7	629.3551943136404	2213.6813186570957
8.28223385E7	253.0089419897806	599.3216435985034
8.31816545E7	134.42965245076758	206.54501929211028
8.35409705E7	43.37698850037293	203.45847540599
8.39002865E7	340.22994522926894	2111.2077015491836
8.42596025E7	58.91942746774427	100.51011074258562
8.46189185E7	58.123490186910686	204.93981246864846
8.49782345E7	180.89276291620746	243.89999960998284
8.53375505E7	125.80884792216322	469.66358632736075
8.56968665E7	301.1019214284919	467.3084103371322
8.60561825E7	280.24062385198545	448.7081365970544
8.64154985E7	392.56944305291165	1299.8226717442594
8.67748145E7	457.49054036001735	3064.3689483232515
8.71341305E7	257.377982054793	446.26056066805893
8.74934465E7	29.541559518640973	102.72692283890808
8.78527625E7	121.67312616192989	337.80844671089426
8.82120785E7	557.0541974195415	3113.41948217776
8.85713945E7	1077.0412060693095	910.1712891867469
8.89307105E7	274.5407496465507	457.6895437454863
8.92900265E7	310.0513614756927	711.2917341061991
8.96493425E7	129.74430863084305	336.43582919969793
9.00086585E7	324.0737234078082	420.93422250016795
9.03679745E7	126.24519086263902	423.7367720083333
9.07272905E7	445.09564283249284	719.8789981193645
9.10866065E7	218.22961404446227	615.3236915297887
9.14459225E7	120.81047323247503	727.793096363402
9.18052385E7	307.73049627625824	1204.9469437303594
9.21645545E7	717.8570227877411	1993.9361789255565
9.25238705E7	59.440884903538944	340.2908599543437
9.28831865E7	404.3759253693128	3455.664129942244
9.32425025E7	245.655072415367	331.03402789128205
9.36018185E7	157.75271627202795	321.7142270237098
9.39611345E7	164.15397310445402	285.1418875015923
9.43204505E7	75.61273920448853	165.97788461448604
9.46797665E7	83.65936668559151	151.5755387170697
9.50390825E7	774.2177915817832	1367.7080990564407
9.53983985E7	174.55449520756105	192.47871716900366
9.57577145E7	109.55254427857373	182.03912262387536
9.61170305E7	160.6471545937281	406.25923286593184
9.64763465E7	112.51805374656291	229.09927819385274
9.68356625E7	159.29259760211067	198.649588435027
9.71949785E7	39.98820536797693	71.32214320540068
9.75542945E7	305.0830411114451	1342.6820129716773
9.79136105E7	455.58693462022285	1383.9716940994363
9.82729265E7	202.66260339088714	272.6922368579495
9.86322425E7	107.52576562134723	151.04417129611502
9.89915585E7	180.41182134945285	235.81790256873103
9.93508745E7	294.2745605539414	529.0743091902679
9.97101905E7	141.2575615892418	167.61830617383
1.000695065E8	140.57207304990592	174.21120529507382
1.004288225E8	223.17100824900643	2133.450786812079
1.007881385E8	399.4998218838014	699.0739168882068
1.011474545E8	329.58541228333837	367.74710888011276
1.015067705E8	179.23429516080554	219.50339582093164
1.018660865E8	229.32207583297154	518.2545085728439
1.022254025E8	404.86018991639673	2002.480294765269
1.025847185E8	244.07139954803014	2522.380127212419
1.029440345E8	112.84486635718977	425.331206190188
1.033033505E8	123.79934375313096	164.62031346372095
1.036626665E8	229.9611456211246	589.6837723629446
1.040219825E8	173.258491133153	239.51670447531967
1.043812985E8	139.24809916619355	448.0715978261003
1.047406145E8	294.71577664228704	1690.2885501543346
1.050999305E8	43.631819902258734	142.27032471653845
1.054592465E8	76.35172104776854	213.02828813366082
1.058185625E8	153.4662414142426	154.2608481503371
1.061778785E8	266.6689265159358	1344.19413373208
1.065371945E8	184.73900132473923	402.793965582341
1.068965105E8	665.6353933584923	3127.281837636647
1.072558265E8	393.03177147691724	2164.989981513333
1.076151425E8	132.81408565162698	318.83343445767173
1.079744585E8	320.03880706676017	1057.4477790980393
1.083337745E8	302.9933206425542	1544.1912752374906
1.086930905E8	379.4877906912022	1015.4493616508418
1.089314775E8	340.82099984675375	718.7996225308847
1.091111355E8	461.8037939617461	3001.4279058959087
1.094117225E8	316.7040404546416	313.73863482200125
1.097710385E8	257.6120044751695	337.2706038421926
1.101303545E8	359.13416880962717	738.0149386001696
1.10324175E8	94.59932921447485	129.4469123789686
1.10503833E8	108.05018565459484	99.57099174510844
1.108489865E8	189.9643851094858	1492.4292980754863
1.112083025E8	145.25561344332007	400.05329689375696
1.115676185E8	118.75096850682964	135.9574248741007
1.119269345E8	202.2371394538512	2012.494747642389
1.122862505E8	201.90507798149818	236.66798507760657
1.126455665E8	132.5123929911276	199.3953767792367
1.130048825E8	258.12650981308934	214.14793724129703
1.133641985E8	31.675770074252192	62.01837551997215
1.137235145E8	99.71750492602612	225.2569537002266
1.140828305E8	167.7745828184662	257.65407822760847
1.144421465E8	367.9213449999443	680.0575985813701
1.148014625E8	90.67837502365606	124.37350877346432
1.151607785E8	365.0605984704271	556.5422497604333
1.155200945E8	122.55908726580503	286.5554118596591
1.158794105E8	193.06402164111813	1562.0572377733429
1.162387265E8	362.5953673089982	1727.9522334664914
1.165980425E8	240.5661729508288	428.37105390563164
1.169573585E8	527.5143355709181	2215.5548628809156
1.173166745E8	104.18627336383574	131.21545110695587
1.176759905E8	44.13397121196941	100.70226701439658
1.180353065E8	27.785979472108117	86.40023338163932
1.183946225E8	438.90540360017366	2014.796787847131
1.187539385E8	220.1424456467288	249.95167789905264
1.191132545E8	285.0954786316223	316.7410124321968
1.194725705E8	384.2889239555155	821.1307854339963
1.198318865E8	190.07580514087877	1826.5166388335142
1.201912025E8	59.296435449576414	221.62932077749997
1.205505185E8	176.35487426109609	178.4209191824748
1.209098345E8	130.09194692137282	224.59193424630698
1.212691505E8	274.7514778078349	548.8333312720224
1.216284665E8	221.46467733137405	534.8356697660074
1.219877825E8	234.08344187289183	327.3237325429517
1.223470985E8	97.77510881786506	235.6741066401381
1.227064145E8	31.209756871388972	62.896048795271334
1.230657305E8	193.75099912055126	155.1662814283289
1.234250465E8	98.03713722739873	266.7003144421912
1.237843625E8	307.3967315677565	1426.1279239255714
1.241436785E8	321.6366012089637	616.3644146812121
1.245029945E8	82.79062719166416	176.49529925287527
1.248623105E8	61.520447182980995	97.5133916201736
1.252216265E8	136.30632646472742	83.12837621584129
1.255809425E8	139.81471462445313	1500.8408504278584
1.259402585E8	252.2654014850438	456.8754588094545
1.262995745E8	269.55729497155704	424.71624265028527
1.266588905E8	378.4696673679992	802.107778421488
1.270182065E8	228.61623195181957	1163.9900674415594
1.273775225E8	391.4017550011689	1183.0792303364242
1.277368385E8	93.0450439167752	205.71355955762544
1.280961545E8	198.32532367052957	215.1530152386186
1.284554705E8	61.45230103864008	118.5432317118096
1.288147865E8	173.47677531754778	778.4770132600777
1.291741025E8	145.43608968150596	248.22182001410263
1.295334185E8	113.43318972714825	191.53947413133457
1.298927345E8	426.19079862850526	1790.0498706654616
1.302520505E8	109.67084961426711	285.0072712032141
1.306113665E8	98.99572242816907	203.35665002337348
1.309706825E8	25.483399013681552	43.023499350921156
1.313299985E8	88.26416023778512	178.3604610486927
1.316893145E8	196.49998051854078	233.49871466711318
1.320486305E8	41.747578732925895	124.04425535832613
1.324079465E8	3.5672305157577173	5.924803478842105
1.327672625E8	56.963491745427426	136.32115142321643
1.331265785E8	22.307378463525144	27.337313115901548
1.334858945E8	26.939067561700565	90.74310550576023
1.337730805E8	74.89386020385388	266.2919180358083
1.339527385E8	2.453978926937474	37.23773849428271
1.342045265E8	20.925728328268153	57.43505036965911
1.345638425E8	51.887054848656895	332.73373610212417
1.349231585E8	539.3800415233388	127.82814029957778
1.352824745E8	60.89006612563871	62.747540048882826
1.356417905E8	44.968314798116424	113.46645760739342
1.360011065E8	48.89355330683855	26.82772198264305
1.363604225E8	62.58485288715226	62.85691461417512
1.367197385E8	77.42285620456646	157.23286768960108
1.370790545E8	104.19256865822841	761.7765173159318
1.374033365E8	29.349852030091824	117.15699019255783
1.375577225E8	56370.9135423069	199079.59266684737
1.375927565E8	14.306960272238051	41.491221558843954
1.376371405E8	6.711150062787778	21.685833549270452
1.37699935E8	2.4871172666399586	5.441762030276813
1.37786751E8	3.8827709321061357	37.1368592262518
1.37868371E8	1485.361048679407	1426.1367505778169
1.37942101E8	2.4420531445514775	12.123498506027463
1.37980213E8	8.994073557608505	23.362088326930316
1.38019627E8	1.1818691767796308	2.951976377720734
1.38089538E8	1.4912859090977206	9.985331136293134
1.38156123E8	30.876698926835143	172.9537520007323
1.382206275E8	0.49611634968834906	3.054972863659934
1.38280805E8	1.4760924115254823	10.531737964016262
1.38323179E8	0.07495456737009977	0.5978735699934355
1.383484915E8	0.003803566900515595	0.06167306462723897
1.38384028E8	2.099407310539748	5.2550562917110915
1.384312265E8	0.2236623675137275	0.5858764214430475
1.384772795E8	1.7813608156028369	3.07052159036204
1.38522045E8	5.026097138096418	9.679321576060744
1.385663025E8	20.388377471431163	119.08549222153623
1.38610046E8	1.2512965908305096	1.2712386717857391
1.38651258E8	2.3499910350657003	2.341587209581421
1.386833775E8	1.64326533851893	5.857767285784804
1.387019305E8	0.7394188780651663	1.833857479455438
1.38726341E8	0.0	0.0
1.387630385E8	1.9058439778520915	5.2607259102930835
1.3879854E8	494.6594826337592	788.2528008740616
1.3883298E8	0.3489915306033354	1.0641547229183812
1.388668195E8	0.2165966386554622	0.4049513479884899
1.389001375E8	4.12063272901909	7.312485601472957
1.389325255E8	35.89084551811825	259.89427357925376
1.38963047E8	0.18632322617719635	0.9078861022885687
1.38991991E8	0.7730083024200671	2.737596685430977
1.390198715E8	0.19868152680652681	1.6638269806218497
1.39044446E8	3.441063937675748	14.7557129722901
1.390581695E8	0.1480709071949948	0.663356397507933
1.39074104E8	0.16729848745931458	0.6542691801248683
1.391000815E8	1.755611455108359	3.6314118057287827
1.39125904E8	1.050532842472389	2.0696925385260068
1.391516555E8	0.8267958595999688	2.3883097913438176
1.391772845E8	24.30133020344288	187.45423353811324
1.39202833E8	0.943807025100834	1.6919889145789326
1.39227853E8	0.09272333999918378	0.4382443557341228
1.392522945E8	8.020344544708777	11.518126029673354
1.392761035E8	0.0	0.0
1.392991635E8	0.5533607202167643	0.16220015130425158
1.393219065E8	0.18602902141213945	0.7856999219604183
1.39344169E8	12.094521235345104	63.44070104557309
1.393656665E8	0.0	0.0
1.39386585E8	10.143091075470789	25.105116389883037
1.394057875E8	0.09556739598684956	0.4965588420277744
1.394157655E8	0.0	0.0
1.39426072E8	0.1498989015793213	0.6488923332712075
1.394433E8	0.046233830537847374	0.23927124198066016
1.394591395E8	0.05482540909676588	0.3642120696042438
1.39474609E8	0.0	0.0
1.394898515E8	0.06537032121051234	0.5286458350360685
1.39504877E8	2.006674230794901	6.7799924338987445
1.39519712E8	0.07734731395111323	0.5316944474953436
1.39534307E8	0.0	0.0
1.39548658E8	0.3129797873089654	1.1503007320125447
1.395628065E8	0.3990636969782948	1.0342756896969967
1.395768695E8	0.09595095523239236	0.5867805188019699
1.395908865E8	0.020277024132514636	0.14239741617218563
1.396048595E8	0.3253945480631277	2.0289511464455816
1.39618797E8	0.09680660208109078	0.4051161864288293
1.396327175E8	0.020422839062275277	0.14290849891547835
1.39646447E8	0.02095477016158784	0.14475762557318989
1.39659998E8	5.22614215071223	31.552979626112194
1.39673523E8	0.0	0.0
1.39687001E8	0.337421033073207	1.0114175400677727
1.39700456E8	0.08368636194723152	0.30915667888562787
1.397138915E8	0.0	0.0
1.397272965E8	0.0	0.0
1.39740652E8	0.021326124502515583	0.20616028965264221
1.397539385E8	0.0	0.0
1.397671835E8	0.27897838899803534	1.5303587436407091
1.397738625E8	0.0	0.0
1.39780441E8	1.8898948822220518	3.0507611190000077
1.397935115E8	0.06499847421422032	0.3480623376728898
1.39806605E8	0.0	0.0
1.398195725E8	3.3533758556316116	7.079208933829503
1.398324245E8	0.0	0.0
1.39845262E8	0.14118655960084198	0.5832168449252546
1.398580325E8	0.11074406166430706	0.5200857856901634
1.3987073E8	0.0	0.0
1.398833975E8	0.022443496127706655	0.16583481358243882
1.398960405E8	3.1435243825205825	4.257383780693427
1.399086725E8	0.022482583913869536	0.14994193514113902
1.399212565E8	0.40347798340778557	1.9499971364500435
1.39933781E8	125.32054663150323	232.24601288521376
1.39946267E8	0.06838430050565857	0.4762604147555569
1.399587085E8	0.5028976175144881	1.7594378016793055
1.399711325E8	0.0	0.0
1.39983544E8	0.2036454552786515	0.7182817719584259
1.399959275E8	4.116267787839586	11.20529424052834
1.400082885E8	0.2366844746640764	0.8210442420488991
1.40020559E8	0.0	0.0
1.400327265E8	0.023378333882120513	0.20287690485824172
1.400448715E8	0.0	0.0
1.4005699E8	0.0	0.0
1.400690545E8	0.023599800565065648	0.15362226585057795
1.40081085E8	0.04722707242038746	0.23283332617632746
1.400930995E8	0.22521246458923513	0.9335084861162528
1.40105101E8	0.09599200066661112	0.2568939478817964
1.40117094E8	0.0947851481017939	0.47340624750557
1.401281635E8	0.0	0.0
1.40134155E8	0.0	0.0
1.401410485E8	4.582957016223449	21.981404356436922
1.40153003E8	0.19010961425822107	1.0054657755598182
1.40164882E8	0.0	0.0
1.40176667E8	0.10567032219671853	0.5761710996785028
1.4018842E8	163.9475432172358	436.43276998664425
1.40200076E8	1.201227418100095	4.2476699871600445
1.402116215E8	0.0	0.0
1.402231315E8	0.02426508958079666	0.17196034444783945
1.402345955E8	0.0	0.0
1.402459205E8	0.07513368983957219	0.3141068315148177
1.402571045E8	0.0	0.0
1.402682415E8	0.0	0.0
1.4027885E8	15.154295907244078	35.11499152878149
1.40288828E8	0.0287886467308667	0.16967217429757508
1.402984445E8	0.0	0.0
1.40307799E8	0.0	0.0
1.403166425E8	0.0	0.0
1.40324819E8	0.0	0.0
1.403326835E8	0.29422429422429425	0.9925910463211852
1.403402015E8	0.0	0.0
1.4034742E8	0.0	0.0
1.40354483E8	0.2020562616021705	0.7384698452942866
1.403614525E8	4.401672433679354	5.7111987563155875
1.403683705E8	9.726376811594204	9.16061987650067
1.403752505E8	2.035276967930029	4.7452293059641235
1.403821105E8	0.12346938775510204	0.5893862004615146
1.40388953E8	0.37362637362637363	0.9733443724598542
1.403957145E8	0.0	0.0
1.404023365E8	0.1733883287503819	0.766408250926553
1.404088075E8	0.0	0.0
1.404151525E8	0.30743565300285985	1.1090092395854327
1.40421418E8	0.7740901074234408	2.188122205883115
1.40427633E8	9.826255449701275	10.106553263106232
1.404337675E8	0.6170177748518763	2.104495329644393
1.404398365E8	0.0	0.0
1.40445888E8	1.4401589140870716	3.9762371463565342
1.404519085E8	0.0	0.0
1.404579005E8	0.23713235294117646	0.7611690628539689
1.404638765E8	1.3021112600536193	5.207281842027147
1.404698365E8	0.08971774193548387	0.34586652904549536
1.4047577E8	0.09602704987320372	0.3900711944900846
1.40481673E8	41.78645391274826	180.66646032472985
1.404875345E8	0.0	0.0
1.404915035E8	0.0	0.0
1.404943895E8	0.0	0.0
1.404990715E8	0.0	0.0
1.405047025E8	425.990294751977	552.6101235031175
1.40510262E8	0.0	0.0
1.405157995E8	0.7518115942028986	1.4516357590014082
1.40521292E8	1.3156450137236964	2.1676318023075583
1.40526756E8	51.96375617792422	102.94202893676693
1.40532181E8	0.0	0.0
1.40537566E8	38.09697194872748	35.26010407847295
1.405429375E8	0.26492537313432835	0.6353985704135492
1.405482795E8	0.0	0.0
1.40553603E8	0.0	0.0
1.405589225E8	0.5342362678705794	1.706006738475291
1.40564221E8	0.0	0.0
1.405694775E8	0.21674311926605505	0.7587411109162963
1.40574688E8	0.10792060127192137	0.46458713127231877
1.405798735E8	0.6750289463527596	1.65583771348064
1.405850135E8	0.16575127500980777	0.7988074673843502
1.40590093E8	0.05611539221497728	0.2775965950637542
1.405951535E8	0.0	0.0
1.40600212E8	0.0	0.0
1.406052535E8	0.0	0.0
1.406102665E8	1.5332	5.760659684445871
1.406152645E8	0.0	0.0
1.406202595E8	0.6255506607929515	1.2696197545664696
1.406252495E8	0.05695948656237465	0.2541275788136311
1.40630226E8	0.0	0.0
1.40635179E8	0.05750151852601741	0.23979474249035865
1.40640115E8	0.0	0.0
1.4064504E8	0.0	0.0
1.4064995E8	48.25127472975729	45.232684166518524
1.406548455E8	0.0	0.0
1.40659729E8	5.109243697478991	13.29501907788045
1.40664601E8	0.11675231243576567	0.5515557740062841
1.406694435E8	0.0	0.0
1.40674261E8	0.0	0.0
1.40679061E8	0.9322884012539185	2.3752907757982973
1.40683806E8	0.0	0.0
1.40688509E8	0.0	0.0
1.406931635E8	0.18294270833333334	0.8548015932886934
1.40697758E8	0.0	0.0
1.40702335E8	0.12420730373933961	0.4234540837353505
1.40706898E8	0.17109598067208434	0.4674796553874682
1.40711432E8	0.0	0.0
1.40715925E8	2.4611943636770297	3.1045309273917994
1.40720393E8	0.3818589025755879	1.0400706324537392
1.407248515E8	0.0637915543575921	0.2525698999437425
1.407292955E8	0.284941388638413	0.8096576662512291
1.407337135E8	0.0	0.0
1.40738111E8	0.0	0.0
1.40742499E8	0.0	0.0
1.407468785E8	0.0	0.0
1.40751256E8	0.0	0.0
1.407556295E8	0.0	0.0
1.40759995E8	0.12038523274478331	0.3469657515444187
1.407643435E8	0.0	0.0
1.407686665E8	1.9707656612529003	3.4086011038135267
1.407729765E8	2.1784222737819023	7.947142666778122
1.40777284E8	0.0	0.0
1.40781584E8	101.68614668218859	186.77216889392565
1.40785876E8	20.96432734903241	47.13670014771973
1.40790157E8	0.0	0.0
1.407944295E8	0.0	0.0
1.407986935E8	0.06672932330827068	0.31785819886620226
1.40802937E8	0.0	0.0
1.40807165E8	0.19124260355029585	0.8005914973081654
1.408113885E8	0.0	0.0
1.408156105E8	1.3413074372335385	2.2917788109735384
1.408198225E8	3.3203236554021895	9.22551817655206
1.40824022E8	0.31236597569692637	0.8263587088845527
1.408282145E8	1.5840496657115568	4.267164339408835
1.408324E8	0.0	0.0
1.408365825E8	0.0	0.0
1.40840755E8	0.0	0.0
1.408449115E8	0.12	0.41420558308675776
1.40849054E8	0.0	0.0
1.40851497E8	0.3781624500665779	0.6807217912802813
1.408535395E8	0.0	0.0
1.40857247E8	0.0	0.0
1.408613235E8	0.06974459724950884	0.2940136184916375
1.40865389E8	7.573540280857354	16.381702818639948
1.408694335E8	0.0	0.0
1.40873455E8	0.0	0.0
1.408774675E8	0.0	0.0
1.408814765E8	0.2126809785322017	0.5095199545884481
1.40885475E8	0.21348033074417438	0.6223918268009747
1.408894625E8	0.0	0.0
1.408934395E8	0.4292191435768262	1.26670201903912
1.408974065E8	0.0	0.0
1.409013685E8	1.1376262626262625	2.641596165773698
1.409053235E8	42.970886075949366	70.88315220010172
1.40909269E8	0.0	0.0
1.409132055E8	0.0	0.0
1.409171345E8	0.0	0.0
1.409210595E8	0.7813455657492355	1.405899902620227
1.40924982E8	0.0	0.0
1.40928899E8	0.0	0.0
1.40932812E8	0.0	0.0
1.409367215E8	0.07322068612391193	0.26964542153319543
1.4094061E8	0.0	0.0
1.409444775E8	4.075569358178054	8.484091799632786
1.409483385E8	49.23354069466045	49.14065307201584
1.409521765E8	0.07438449449973808	0.3113027090100289
1.40955989E8	5.893354347255056	17.036287543044043
1.409597955E8	0.0	0.0
1.409636015E8	0.22385706778770362	0.6548256538110907
1.40967392E8	0.0	0.0
1.40971157E8	0.15126498002663116	0.38892798822742386
1.40974907E8	0.30333778371161546	0.7300529453887307
1.40978648E8	0.0	0.0
1.409823815E8	0.33994638069705096	0.910763754560964
1.40986105E8	1.2983588915792306	4.160649408138611
1.409898215E8	0.7319698600645855	2.1178924064798923
1.40993536E8	0.0	0.0
1.409972465E8	0.0	0.0
1.41000941E8	0.0	0.0
1.410046115E8	1.464207650273224	2.831082358816919
1.410082665E8	0.07808219178082192	0.2818724087145114
1.41011916E8	0.0	0.0
1.410155645E8	0.0	0.0
1.410192115E8	0.07789358200767965	0.2943982398764432
1.410228535E8	0.622869708631116	2.276393664186523
1.410264835E8	0.44947542794036444	0.9835757795874472
1.410301055E8	0.0	0.0
1.41033718E8	0.7801831806827644	1.4865480637072945
1.41037321E8	0.0	0.0
1.410409235E8	0.0	0.0
1.41044521E8	0.0	0.0
1.410481085E8	0.07928531546621999	0.28157648244521416
1.410516865E8	0.0	0.0
1.41055252E8	0.15940399212819792	0.44139223088996443
1.410588075E8	11.856218345526168	14.42179539203664
1.41062361E8	0.39431466366450885	1.1614649561467112
1.41065914E8	0.0	0.0
1.41069467E8	5.540388404165494	7.114835469650907
1.41073012E8	4.144189991518235	6.310211800838759
1.41076544E8	0.0	0.0
1.41080071E8	0.08052168982137795	0.38983395591457787
1.41083596E8	0.0	0.0
1.41087117E8	0.0	0.0
1.41090628E8	0.0	0.0
1.410941305E8	148.13792118789263	79.3180816781175
1.41097631E8	4.341526150328665	6.289164232159016
1.411011295E8	0.0	0.0
1.411046235E8	0.5696275071633238	1.4103587301998748
1.411081075E8	0.0	0.0
1.41111585E8	0.0	0.0
1.4111506E8	0.0	0.0
1.411185295E8	2.837853433352568	4.5611824627767374
1.41121994E8	0.0	0.0
1.411254545E8	14.762001156737998	12.878138181843429
1.411289005E8	0.0	0.0
1.411323185E8	0.0	0.0
1.411357175E8	0.0	0.0
1.4113911E8	0.16760106226025376	0.6334811110743015
1.411424975E8	0.0	0.0
1.41145878E8	0.38666666666666666	0.7280618614335419
1.411492525E8	186.92086544161234	217.03046123194068
1.41152626E8	0.6199229172843166	2.2084520820867737
1.41155995E8	0.0	0.0
1.411593515E8	0.0	0.0
1.41162699E8	0.5138930385419779	1.4967348188694394
1.41166043E8	0.1694103561807842	0.5820830802914377
1.4116937E8	0.0	0.0
1.411726805E8	0.42926239419588874	0.9101071598013305
1.411759855E8	0.0	0.0
1.41179286E8	0.0	0.0
1.411825805E8	0.0	0.0
1.411858675E8	0.7783191230207065	2.7387239753940693
1.41189148E8	0.0	0.0
1.41192424E8	0.0867175572519084	0.2944784495543068
1.411956955E8	0.17380660954712362	0.41909735725633146
1.411989605E8	0.5251379521765788	1.258326041505963
1.41202221E8	0.5228597729364836	1.5109298023901852
1.4120548E8	611.4372506903958	871.5403801566702
1.412087365E8	0.0	0.0
1.41210776E8	0.0	0.0
1.41212402E8	0.0	0.0
1.412152325E8	0.0	0.0
1.41218463E8	0.26402231174465446	0.7817249485968542
1.41221688E8	0.2621780949426001	0.8075812052299418
1.412249085E8	6.32380360472343	14.95758453062116
1.41228124E8	5.0525988173047	8.021543510219013
1.41231335E8	0.0	0.0
1.412345425E8	0.1771678103555833	0.5351057054755062
1.41237746E8	0.0	0.0
1.41240947E8	0.08778506716651047	0.2962854487930693
1.41244146E8	0.0	0.0
1.412473425E8	0.6930538172715894	1.673151755219769
1.41250538E8	373.59749608763696	183.5793713969625
1.412537305E8	124.15799373040753	226.45647508896243
1.412569125E8	0.0	0.0
1.41260086E8	0.0	0.0
1.41263258E8	0.07158625039419741	0.27222989153326493
1.412664245E8	0.17963314358001264	0.5411585949801926
1.41269585E8	0.0	0.0
1.41272743E8	0.0	0.0
1.412758995E8	0.0	0.0
1.412790545E8	1.1642358909321497	1.5794334487478294
1.412822035E8	0.0	0.0
1.4128534E8	55.11569191434963	115.12330571754467
1.41288466E8	0.0	0.0
1.41291589E8	0.0	0.0
1.412947105E8	0.0	0.0
1.412978215E8	4.960025789813024	5.283210637076558
1.413009225E8	0.0	0.0
1.413040225E8	0.6419354838709678	1.5510662305694438
1.41307117E8	0.0	0.0
1.41310204E8	1.0149108589951377	1.4352587171270346
1.413132865E8	0.0	0.0
1.413163665E8	0.36883116883116884	0.8973264763701143
1.41319445E8	0.9229769255768606	2.005031046209159
1.413225215E8	18.979518855656696	77.43389940867817
1.41325596E8	0.0	0.0
1.41328669E8	0.7393426618939147	1.3383137269079806
1.41331738E8	0.0	0.0
1.413348E8	0.0	0.0
1.413378585E8	28.278613472858076	45.49308372821831
1.413409105E8	1.1244254760341432	3.335969629410906
1.413439555E8	0.0	0.0
1.41346999E8	0.0933289516924088	0.36436756169168644
1.41350033E8	0.0	0.0
1.413530575E8	0.0	0.0
1.41356076E8	0.1330899435778294	0.36161675532231274
1.413590875E8	0.0	0.0
1.41362097E8	0.0	0.0
1.413651025E8	0.0	0.0
1.41368103E8	0.0	0.0
1.41371102E8	0.4728242747582527	1.467895854416497
1.413740995E8	0.9445927903871829	2.4006285336293285
1.41377093E8	0.47174857907054496	1.2359541853340414
1.413800805E8	2.760053619302949	4.171025423455235
1.413830635E8	0.5714285714285714	2.1191851438806064
1.413860455E8	0.5714285714285714	1.0941586258818001
1.41389022E8	0.7647256815886907	3.031751640125707
1.413919895E8	0.0	0.0
1.4139495E8	0.0	0.0
1.413979065E8	0.0	0.0
1.41400857E8	0.0	0.0
1.41403801E8	0.0	0.0
1.41406741E8	0.38678924072182497	1.3408030463079819
1.41409678E8	0.0	0.0
1.414126105E8	0.0	0.0
1.41415538E8	25.65288691492996	47.54740141097211
1.414184645E8	0.0	0.0
1.414213895E8	0.5790013679890561	1.1455319733870302
1.414243125E8	83.1974674880219	58.22295120090927
1.414272345E8	4.278918548939083	9.511349897105081
1.41430155E8	0.19458718739294278	0.6238384204150026
1.414330725E8	3.190672153635117	12.940986662633925
1.414359875E8	1.6499656829100893	2.4581605300487115
1.414389E8	2.6341463414634148	9.270580454957013
1.414418105E8	0.19518900343642612	0.6248023742535332
1.41444718E8	8.538382099827883	18.78881639014318
1.414476225E8	17.58677685950413	45.490432802777576
1.41450526E8	0.0	0.0
1.41453427E8	302.7361159020352	309.5230845047338
1.41456323E8	0.0	0.0
1.41459214E8	0.9823468328141225	2.774806302664571
1.414621005E8	2.1050624133148403	3.545376548159385
1.414649835E8	438.9642609299098	597.3217590467244
1.414678655E8	0.09854267869535045	0.37901219358601657
1.414707475E8	0.09854267869535045	0.3139150819813385
1.41473629E8	1.4786532454009025	3.0827418747208766
1.41476508E8	0.0	0.0
1.414793845E8	1.4808762169680112	2.1343113920465657
1.41482258E8	0.0	0.0
1.414851235E8	0.0	0.0
1.414879835E8	0.1986013986013986	0.47452589515728766
1.414908425E8	0.0	0.0
1.41493699E8	0.8928196147110333	1.7726270490408418
1.41496551E8	322.6096876096876	544.6541732881228
1.414993995E8	0.08040730337078651	0.5599583652259486
1.415022465E8	0.0	0.0
1.415050915E8	0.09985935302390998	0.3477878655695338
1.41507934E8	0.0	0.0
1.415107725E8	0.0	0.0
1.415136075E8	0.0	0.0
1.41516441E8	0.0	0.0
1.415192725E8	0.0	0.0
1.41522102E8	0.5019441498762813	1.5842098186103402
1.415249305E8	0.5767326732673267	1.3631594468405404
1.41527757E8	0.4021238938053097	1.1545983479689998
1.41530581E8	0.0	0.0
1.415334035E8	0.0	0.0
1.415362255E8	0.0	0.0
1.415390465E8	0.10070921985815603	0.36320089980205345
1.41541866E8	0.0	0.0
1.41544683E8	12.493072824156306	16.325714442027607
1.415474975E8	0.0	0.0
1.4155031E8	0.1672002845962291	0.578273783940149
1.415531175E8	0.0	0.0
1.41555919E8	1.0789567702750982	1.5282267358136796
1.415587165E8	0.5078683834048641	1.51151990319004
1.41561512E8	0.0	0.0
1.41564307E8	0.8114490161001789	1.754319993738126
1.415671015E8	0.0	0.0
1.415695015E8	22.61565304087737	30.472099590275707
1.41570898E8	10.855146124523507	8.038108092248347
1.41572688E8	0.0	0.0
1.4157548E8	0.0	0.0
1.415782705E8	2.2261648745519715	2.411739508155293
1.415810595E8	0.20408895265423244	0.5032177664952812
1.41583847E8	2.031216361679225	5.17213560573155
1.415866325E8	0.0	0.0
1.41589416E8	121.27811713977722	122.20008127434573
1.41592198E8	0.0	0.0
1.41594971E8	0.2687160940325497	1.0631081389064057
1.415977345E8	0.24076755973931932	0.925736296187879
1.41600491E8	0.0	0.0
1.416032415E8	0.0	0.0
1.41605989E8	0.20692167577413478	0.8637614188575105
1.416087335E8	0.10349854227405247	0.40134613141422726
1.416114735E8	0.0	0.0
1.41614208E8	0.0	0.0
1.416169385E8	112.74890029325513	95.67425298001787
1.41619657E8	303.16315983757846	99.58624629109522
1.416223655E8	0.42097488921713444	1.0525343965089997
1.41625071E8	0.2097669256381798	0.7753604773099573
1.416277715E8	0.0	0.0
1.41630469E8	0.10530218761586949	0.32450298552689694
1.416331645E8	209.36896807720862	337.5266081512634
1.41635856E8	0.0	0.0
1.416385445E8	1.5412946428571428	2.7280645720957213
1.416412325E8	0.0	0.0
1.416439195E8	2.925167535368578	5.212748562902749
1.41646598E8	5.021714713590415	3.3574071399083327
1.416492685E8	0.0	0.0
1.41651938E8	2.684151367553391	4.0854950910053365
1.416546065E8	0.0	0.0
1.41657273E8	229.6971857410882	219.02148497761843
1.416599375E8	0.0	0.0
1.41662593E8	18.17793728749528	8.393581479268082
1.416652385E8	0.10741301059001512	0.3435156848218261
1.416678815E8	69.89250567751704	95.38117679713677
1.41670523E8	0.0	0.0
1.41673163E8	0.0	0.0
1.41675801E8	0.0	0.0
1.416784375E8	8.372913505311077	19.254199628610674
1.41681073E8	0.0	0.0
1.41683705E8	0.4347660707493343	0.5625567889003946
1.416863335E8	0.6385083713850838	1.3038988484547112
1.416889605E8	0.32444782939832445	1.1911708704675492
1.416915825E8	0.10847975553857907	0.3293626504911859
1.416942E8	0.0	0.0
1.416968145E8	0.0	0.0
1.41699426E8	0.0	0.0
1.41702034E8	0.0	0.0
1.41704638E8	0.11102573953131002	0.3332052513561424
1.41707241E8	0.8728390318862851	1.4790118286353158
1.41709838E8	0.0	0.0
1.417124275E8	0.10973724884080371	0.39802448799643253
1.417150135E8	0.0	0.0
1.41717597E8	0.15640727835849788	0.681598176590997
1.41720177E8	0.0	0.0
1.41722754E8	0.0	0.0
1.417253305E8	0.0	0.0
1.41727906E8	0.8671844660194175	1.7850511945012364
1.41730481E8	0.0	0.0
1.41733056E8	0.14563106796116504	0.4700753915984198
1.417356305E8	1.4207459207459208	1.9965977277364828
1.417382025E8	0.0	0.0
1.4174077E8	0.4428849902534113	1.3455579942126144
1.41743333E8	0.0	0.0
1.41745892E8	0.0	0.0
1.417484485E8	0.24491392801251957	0.3280091223587352
1.41751004E8	6.39412915851272	12.515837325286443
1.41753556E8	0.0	0.0
1.41756104E8	354.9811542991755	466.05155363738567
1.41758648E8	0.6576151121605667	1.4506169893339163
1.41761189E8	0.4470680834317198	1.123958260956821
1.417637275E8	0.0	0.0
1.4176626E8	0.0	0.0
1.41768789E8	0.0	0.0
1.417713145E8	0.0	0.0
1.41773836E8	7.2661642205474015	15.936954329117519
1.41776357E8	0.0	0.0
1.417788775E8	0.0	0.0
1.417813975E8	0.5373015873015873	1.4175767384955953
1.41783916E8	12.972983710766785	27.145094915834612
1.417864325E8	0.0	0.0
1.41788946E8	4.18478693747511	8.533439739479954
1.41791457E8	74.28036638789327	151.57813267965383
1.417939675E8	0.0	0.0
1.417964765E8	0.22727272727272727	0.7121636283136221
1.41798983E8	0.0	0.0
1.418014855E8	0.0	0.0
1.41803981E8	17.938578883982338	11.169041631558319
1.4180647E8	0.0	0.0
1.41808953E8	0.0	0.0
1.41811431E8	106.87161889382317	160.32445906978566
1.418139075E8	2.245961227786753	3.3301142237367904
1.41816383E8	0.0	0.0
1.41818857E8	0.0	0.0
1.418213285E8	0.0	0.0
1.418237955E8	0.3457792207792208	1.1100193048514324
1.41826259E8	2.76979293544458	5.641473936571886
1.418287215E8	0.0	0.0
1.41831178E8	0.5026519787841697	1.2467828857742176
1.41833627E8	0.4634246015529219	1.0172199427522934
1.418360715E8	0.0	0.0
1.41838512E8	0.0	0.0
1.418409505E8	5.321575061525841	8.996626840304735
1.418433885E8	0.0	0.0
1.418458265E8	28.2383100902379	42.184635571033084
1.41848263E8	0.0	0.0
1.418506975E8	0.0	0.0
1.418531305E8	0.11677631578947369	0.417542938226906
1.41855562E8	0.0	0.0
1.41857992E8	1.1683820502264306	2.251114723178788
1.418604205E8	0.700164744645799	1.2391206958350698
1.41862847E8	0.0	0.0
1.41865272E8	0.0	0.0
1.41867695E8	0.0	0.0
1.41870116E8	2.3432465923172243	3.030070961036007
1.418725365E8	0.0	0.0
1.41874956E8	0.0	0.0
1.41877374E8	0.0	0.0
1.41879789E8	0.0	0.0
1.418822015E8	0.0	0.0
1.418846075E8	0.0	0.0
1.418870045E8	0.0	0.0
1.418893965E8	9.49581589958159	12.773599866775433
1.418917865E8	0.0	0.0
1.41894176E8	0.1197153620761825	0.3447871687171862
1.41896563E8	0.0	0.0
1.41898948E8	0.1190775681341719	0.48542704188982255
1.41901333E8	13.454507337526206	8.025379031260009
1.419037175E8	431.0377516778523	512.8911680382865
1.41906101E8	9.391103650860261	16.39038027849021
1.41908484E8	104.01762484263533	118.83928430058789
1.419108665E8	0.0	0.0
1.41913248E8	0.0	0.0
1.41915629E8	528.7858042839143	404.7793374837196
1.41918009E8	18.10634720470786	43.94682770582688
1.41920388E8	0.11937788986969315	0.42415507089957
1.419227665E8	0.11942809083263246	0.3467984050220243
1.41925143E8	0.0	0.0
1.419275165E8	0.0	0.0
1.419292615E8	6.011627906976744	9.29361063144314
1.41930446E8	0.1135091926458833	0.33691125336783173
1.419322555E8	0.11655405405405406	0.3414001377475616
1.419346225E8	0.0	0.0
1.41936987E8	0.0	0.0
1.41939347E8	0.0	0.0
1.41941703E8	0.12059447983014862	0.3942258397655505
1.419440575E8	0.0	0.0
1.41946411E8	0.0	0.0
1.419487635E8	0.0	0.0
1.419511115E8	0.0	0.0
1.419534545E8	0.12126387702818105	0.37423420241594596
1.419557965E8	4.823228010247652	5.972217202106559
1.41958135E8	0.0	0.0
1.419604675E8	1.8987124463519314	5.358399607339054
1.419627965E8	0.0	0.0
1.419651245E8	63.81829896907217	29.658892664584553
1.419674515E8	441.18142734307827	391.79078791637085
1.41969777E8	0.0	0.0
1.419721005E8	0.0	0.0
1.419744205E8	0.12251941328731665	0.35002773216891925
1.41976738E8	0.0	0.0
1.419790505E8	4.42894280762565	8.44633379595674
1.41981358E8	0.0	0.0
1.419836635E8	38.02300347222222	32.561546957688876
1.41985967E8	6.565783760312636	16.084516791524933
1.41988266E8	2.227450980392157	4.527331667344882
1.4199056E8	0.0	0.0
1.41992852E8	1.0755128764731559	2.32036888050102
1.41995142E8	0.0	0.0
1.4199743E8	0.0	0.0
1.419997165E8	0.0	0.0
1.420020015E8	1.7403677758318739	2.3189239004421927
1.42004285E8	0.0	0.0
1.420065675E8	0.0	0.0
1.42008845E8	0.0	0.0
1.420111165E8	5.670925110132159	4.412387448490297
1.42013386E8	0.0	0.0
1.420156535E8	0.0	0.0
1.42017916E8	0.04249667994687915	0.20614722881202927
1.42020175E8	0.0	0.0
1.42022431E8	0.0	0.0
1.420246815E8	0.0	0.0
1.42026929E8	0.12639074321317312	0.4485054050436405
1.42029171E8	0.0	0.0
1.420314065E8	0.0	0.0
1.420336395E8	0.5053763440860215	1.0826093527919884
1.420358715E8	34.44310035842294	37.374119665733005
1.420381015E8	0.0	0.0
1.42040329E8	0.12752581948810057	0.41847757945714026
1.42042554E8	0.0	0.0
1.42044776E8	0.0	0.0
1.420469965E8	0.0	0.0
1.42049215E8	0.0	0.0
1.420514315E8	0.0	0.0
1.420536445E8	0.0	0.0
1.42055854E8	0.0	0.0
1.42058062E8	0.11826008155867694	0.39076331375466816
1.420602685E8	44.29691749773345	23.495230124898548
1.42062474E8	0.0	0.0
1.42064677E8	0.12903225806451613	0.38955000308928317
1.420668775E8	0.0	0.0
1.420690765E8	0.0	0.0
1.420712745E8	0.0	0.0
1.420734715E8	0.0	0.0
1.420756655E8	0.0	0.0
1.420778565E8	55.542922374429224	69.13424172575725
1.42080046E8	0.0	0.0
1.42082235E8	0.0	0.0
1.42084423E8	0.0	0.0
1.42086609E8	0.0	0.0
1.4208879E8	0.13045475424896646	0.4753936067140024
1.420909665E8	0.22840073529411764	0.47791289509084983
1.42093141E8	0.0	0.0
1.420953105E8	0.0	0.0
1.42097474E8	0.0	0.0
1.42099635E8	0.0	0.0
1.42101794E8	1.2758460825220213	1.939631325822324
1.42103946E8	0.0	0.0
1.42106089E8	0.0	0.0
1.421082245E8	0.1327392120075047	0.3643339292565334
1.42110355E8	0.0	0.0
1.421124825E8	0.0	0.0
1.421146075E8	0.0	0.0
1.421167315E8	2.707156308851224	3.1545262372572296
1.42118853E8	9.606418121755546	13.35781926571961
1.42120971E8	0.14076523382144543	0.38204877429769524
1.421230865E8	0.3973509933774834	0.856827441177387
1.421252E8	0.0	0.0
1.42127313E8	0.0	0.0
1.42129426E8	0.0	0.0
1.421315385E8	0.0	0.0
1.42133649E8	0.3025130393551446	0.363717177105734
1.421357575E8	0.0	0.0
1.42137864E8	0.0	0.0
1.42139969E8	1.3358669833729215	2.7768127117442605
1.42142073E8	0.0	0.0
1.421441755E8	0.7136060894386299	1.2774111545816669
1.421462745E8	0.0	0.0
1.421483705E8	0.27099236641221375	0.7361961238857669
1.421504655E8	0.0	0.0
1.421525595E8	0.1356255969436485	0.3682738070290209
1.421546525E8	0.5406309751434034	0.9823976600765602
1.421567435E8	3.9287081339712917	6.408539458443759
1.42158833E8	0.0	0.0
1.421609215E8	0.0	0.0
1.42163009E8	1.6291327264015334	4.695979991288474
1.42165096E8	0.0	0.0
1.421671825E8	0.0	0.0
1.421692675E8	0.0	0.0
1.4217135E8	7.437770302739068	16.99990106537625
1.4217343E8	0.0	0.0
1.42175509E8	0.0	0.0
1.421775875E8	0.0	0.0
1.421796645E8	1.2032755298651252	2.422000956231146
1.421817365E8	0.0	0.0
1.421838025E8	43.68217054263566	99.58841656125622
1.42185866E8	0.41250605913717886	0.9327872741869492
1.42187929E8	44.85070285991275	59.53914951332235
1.421899915E8	0.47090203685742	0.9262315837055732
1.421920525E8	0.0	0.0
1.421941125E8	0.0	0.0
1.421961725E8	0.6893203883495146	1.3252587217640375
1.42198232E8	0.5225837785332685	0.9646495789155725
1.422002865E8	0.3980487804878049	0.97929790679032
1.422023345E8	0.12023460410557185	0.3467486180297938
1.422043795E8	0.0	0.0
1.42206423E8	0.4170337738619677	1.4204299156855467
1.42208462E8	0.0	0.0
1.42210496E8	0.0	0.0
1.42212529E8	0.0	0.0
1.422145605E8	0.0	0.0
1.42216589E8	10.924518993586581	16.663150426647874
1.42218613E8	0.13953488372093023	0.43815997792396505
1.422206335E8	0.0	0.0
1.42222652E8	0.14080317302925136	0.3752374888377377
1.422246675E8	0.0	0.0
1.422266795E8	0.15223880597014924	0.5202372210531983
1.42228689E8	0.0	0.0
1.422306975E8	0.28286852589641437	0.7521549386880529
1.422327045E8	0.0	0.0
1.422347105E8	0.0	0.0
1.42236716E8	1.2748129675810473	2.6159876760407355
1.42238721E8	0.42493765586034915	0.9027527864904153
1.422407225E8	0.0	0.0
1.422427205E8	1.087087087087087	1.6738583577476924
1.422447185E8	0.14214214214214213	0.5022472023339226
1.42246715E8	0.0	0.0
1.42248709E8	0.0	0.0
1.422507005E8	0.0	0.0
1.422526905E8	18.310552763819096	12.403314518920997
1.422546795E8	0.11670020120724346	0.34161411154582516
1.422566665E8	0.0	0.0
1.422586525E8	0.0	0.0
1.422606355E8	0.0	0.0
1.422626145E8	0.1435793731041456	0.39588377536796776
1.422645915E8	0.4180161943319838	1.156743999406067
1.422665675E8	0.4311740890688259	0.9297163382643264
1.42268543E8	0.3959493670886076	1.1000575358945917
1.422705175E8	0.5754812563323202	1.1325523264010693
1.422724895E8	0.0	0.0
1.422744575E8	0.4328585961342828	1.0022862979163412
1.422764235E8	0.14394710071210579	0.37940361188595156
1.422783895E8	0.0	0.0
1.422803545E8	0.0	0.0
1.42282318E8	711.5863474274071	945.8602962113683
1.422842805E8	0.4026503567787971	0.8679360264290775
1.422862425E8	2.4602446483180427	4.734489672253691
1.4228818E8	0.24255096706743334	0.696492594458022
1.42289161E8	0.0	0.0
1.42290166E8	0.0	0.0
1.42292127E8	0.0	0.0
1.42294088E8	0.0	0.0
1.422960465E8	0.0	0.0
1.422980025E8	11.401329243353784	19.777067858707834
1.42299954E8	0.0	0.0
1.42301901E8	0.7046738572162301	1.4336910245150587
1.42303848E8	0.145351823317925	0.43416024771794864
1.423057945E8	0.43782117163412126	1.4102108914906775
1.4230774E8	0.0	0.0
1.423096845E8	0.0	0.0
1.42311628E8	0.14616572310859496	0.4256326465021209
1.42313569E8	0.0	0.0
1.423155065E8	0.0	0.0
1.423174425E8	0.0	0.0
1.42319378E8	0.0	0.0
1.42321312E8	0.0	0.0
1.42323245E8	0.1469218830832902	0.3833039043413075
1.42325177E8	0.0	0.0
1.42327107E8	1.9139450492483152	4.484464283132089
1.423290355E8	0.0	0.0
1.423309635E8	0.44190871369294604	1.010320190814182
1.42332891E8	0.0	0.0
1.423348175E8	6.331775700934579	7.478525851373205
1.423367435E8	0.13395638629283488	0.3660005277220716
1.423386685E8	0.0	0.0
1.423405905E8	0.0	0.0
1.42342509E8	0.0	0.0
1.423444255E8	0.0	0.0
1.423463415E8	0.0	0.0
1.42348253E8	0.15102254850550603	0.41850233638352463
1.423501595E8	0.0	0.0
1.42352065E8	0.6089238845144357	1.8001166483054818
1.423539695E8	0.0	0.0
1.42355873E8	0.0	0.0
1.42357776E8	0.0	0.0
1.42359679E8	0.3515501839201261	1.0036716619715167
1.423615815E8	0.4479495268138801	1.1592448319667594
1.42363483E8	0.44818516570226197	0.8799598288377869
1.423653835E8	0.0	0.0
1.423672835E8	0.29894736842105263	0.7732365335666087
1.42369183E8	0.0	0.0
1.4237108E8	0.0	0.0
1.42372975E8	0.0	0.0
1.42374869E8	0.15002641310089804	0.38733243228639924
1.42376761E8	0.0	0.0
1.423786515E8	0.0	0.0
1.423805415E8	43.147089947089945	28.516170108763866
1.423824305E8	1.5635593220338984	3.5615055852684416
1.423843155E8	0.0	0.0
1.423861925E8	0.1517094017094017	0.4725363459995414
1.423880645E8	0.0	0.0
1.42389936E8	0.0	0.0
1.423918065E8	0.27754010695187165	0.38970714357580194
1.423936765E8	0.0	0.0
1.42395546E8	0.0	0.0
1.42397415E8	0.0	0.0
1.42399284E8	0.30390583199571963	0.9344486189774311
1.424011525E8	0.6076017130620985	1.3803065792339975
1.42403019E8	0.0	0.0
1.42404883E8	1001.458400429415	1064.1791057346154
1.42406746E8	0.0	0.0
1.424086055E8	0.0	0.0
1.424104605E8	0.6127292340884574	1.242452944939304
1.42412313E8	0.0	0.0
1.42414163E8	0.0	0.0
1.42416009E8	0.0	0.0
1.42417852E8	0.0	0.0
1.42419695E8	0.0	0.0
1.42421538E8	0.3081931633206728	0.6686532167378946
1.424233805E8	0.0	0.0
1.42425222E8	0.0	0.0
1.42427063E8	0.06844106463878327	0.2616124321181684
1.424288995E8	0.0	0.0
1.424307315E8	0.0	0.0
1.424325625E8	0.0	0.0
1.42434392E8	0.0	0.0
1.42436221E8	0.0	0.0
1.424380485E8	0.2973713033953998	1.0057338353884322
1.42439871E8	0.3122594832325454	0.7902651241609304
1.424416895E8	0.0	0.0
1.424435075E8	0.0	0.0
1.42445323E8	0.0	0.0
1.42447136E8	121.22338665195808	306.9600452628242
1.424489455E8	0.0	0.0
1.4245075E8	0.0	0.0
1.424525525E8	0.0	0.0
1.42454354E8	0.47418101054969464	0.9495900515292658
1.424561545E8	0.0	0.0
1.424579545E8	0.4666666666666667	1.2688577540449522
1.424597535E8	0.0	0.0
1.42461551E8	0.05787423483583751	0.24057064416889587
1.42463346E8	0.0	0.0
1.424651385E8	0.0	0.0
1.42466928E8	0.3010632344711808	0.432325604251904
1.424687145E8	0.0	0.0
1.424705E8	0.34061624649859945	0.3974709967749986
1.42472285E8	1.3837535014005602	2.048296415874156
1.424740655E8	0.0	0.0
1.42475841E8	0.0	0.0
1.42477616E8	2.2388732394366198	2.4593598159328685
1.42479391E8	0.12394366197183099	0.3520563335204055
1.424811635E8	0.16045197740112993	0.492887262066433
1.42482933E8	0.4816280384397965	1.2563012460404206
1.424847005E8	64.71574178935447	74.67343399130885
1.42486464E8	0.0	0.0
1.424882225E8	1.2340546697038723	2.5249326204952482
1.424899775E8	11.289053591790195	5.652266676837616
1.4249173E8	0.32438606510565393	0.8415264475049915
1.42493479E8	0.0	0.0
1.42495226E8	0.0	0.0
1.42496973E8	0.0	0.0
1.42498718E8	0.0	0.0
1.4250046E8	0.0	0.0
1.425021995E8	1.305523590333717	0.8855702979375397
1.42503937E8	0.0	0.0
1.425056725E8	0.0	0.0
1.42507406E8	0.6555106751298326	1.1689382441260514
1.425091385E8	0.16397228637413394	0.40493491622004385
1.425108685E8	0.3287037037037037	0.8395600699837452
1.425125945E8	0.3271461716937355	0.8508219037101399
1.425143185E8	0.9454756380510441	1.2848393148425983
1.4251604E8	0.33042466550319954	0.9538507730593146
1.42517759E8	12.549156486329261	15.061247847919995
1.425194765E8	0.0	0.0
1.425211925E8	0.0	0.0
1.42522908E8	0.0	0.0
1.425246225E8	0.0	0.0
1.42526336E8	0.0	0.0
1.425280485E8	1.810747663551402	2.5968393801610334
1.425297595E8	1.9690058479532164	2.693071031173773
1.425314695E8	0.664327485380117	1.3156725094212403
1.42533179E8	0.0	0.0
1.425348875E8	0.0	0.0
1.425365935E8	0.0	0.0
1.42538297E8	0.0	0.0
1.4254E8	0.5002935995302408	0.999118813164158
1.425416995E8	0.0	0.0
1.425433925E8	4.415976331360946	6.312380996593428
1.425450825E8	0.672189349112426	0.819871544275337
1.42546771E8	0.0	0.0
1.42548457E8	0.1685459940652819	0.4105435349208192
1.42550141E8	0.0	0.0
1.42551824E8	27.96316102198455	32.70368777822923
1.42553507E8	2.4961378490790254	4.3623054516205375
1.425551885E8	0.0	0.0
1.42556868E8	1.3531864204883859	2.6092564416097916
1.425585465E8	0.0	0.0
1.42560223E8	0.4155223880597015	0.8464147390303179
1.42561894E8	1.0221955608878224	1.5159618636118835
1.42563556E8	0.0	0.0
1.425652095E8	1.5175757575757576	1.698840959613526
1.42566857E8	0.0	0.0
1.42568501E8	0.0	0.0
1.42570144E8	0.0	0.0
1.42571786E8	0.0	0.0
1.42573425E8	0.0	0.0
1.42575062E8	0.0	0.0
1.42576699E8	235.76847892486256	309.57554641327863
1.425783355E8	0.0	0.0
1.425799685E8	0.0	0.0
1.42581598E8	0.0	0.0
1.42583225E8	0.17476923076923076	0.4381780460041329
1.4258485E8	0.0	0.0
1.42586474E8	0.0	0.0
1.425880965E8	0.0	0.0
1.42589717E8	59.846201358863496	88.83430801452788
1.425913335E8	0.35192069392812886	0.7350323901856686
1.42592946E8	3.9577901924270638	1.9892635471356621
1.425945565E8	4.193788819875777	7.867300041176019
1.425961665E8	1.2347826086956522	1.5375224080576853
1.425977755E8	0.0	0.0
1.42599378E8	0.35566687539135877	0.9600667895781237
1.42600974E8	0.0	0.0
1.426025685E8	1.248431618569636	2.5145748297982617
1.426041585E8	0.0	0.0
1.426057445E8	0.0	0.0
1.426073305E8	0.0	0.0
1.42608914E8	0.0	0.0
1.42610493E8	0.0	0.0
1.4261207E8	0.0	0.0
1.42613646E8	0.0	0.0
1.4261522E8	0.0	0.0
1.42616792E8	0.0	0.0
1.42618361E8	0.0	0.0
1.426199275E8	2.7918263090676882	3.048773385656619
1.426214905E8	0.0	0.0
1.426230505E8	0.0	0.0
1.426246095E8	0.0	0.0
1.426261665E8	0.0	0.0
1.426277225E8	0.18251928020565553	0.4756270384361224
1.42629278E8	0.0	0.0
1.42630832E8	0.0	0.0
1.426323845E8	1.4639175257731958	2.3292182662770706
1.426339355E8	0.0	0.0
1.426354855E8	0.8612903225806452	1.5610170381992592
1.42637035E8	0.0	0.0
1.426385825E8	0.0	0.0
1.426401275E8	0.36528497409326427	0.8547338464028019
1.42641671E8	6.012313674659754	7.650795560952424
1.42643213E8	0.0	0.0
1.426447535E8	0.0	0.0
1.426462925E8	0.0	0.0
1.42647757E8	0.0	0.0
1.42648524E8	0.0	0.0
1.42649362E8	1.1030658838878018	1.983789490757505
1.42650895E8	0.0	0.0
1.426524275E8	0.16775456919060053	0.5661237351948016
1.42653958E8	0.18508829300196206	0.5184622833984517
1.42655486E8	2.444007858546169	6.109565004553041
1.42657012E8	0.0	0.0
1.42658537E8	0.0	0.0
1.42660062E8	35.57770491803279	41.899974568637376
1.42661585E8	0.0	0.0
1.426631055E8	0.0	0.0
1.42664625E8	0.0	0.0
1.426661435E8	0.0	0.0
1.426676605E8	0.15897097625329815	0.4529294853876365
1.426691735E8	0.0	0.0
1.42670683E8	0.18820410868124585	0.4843474427805228
1.426721915E8	0.0	0.0
1.426736975E8	16.09773936170213	28.639647139898084
1.426752015E8	0.0	0.0
1.426767045E8	0.0	0.0
1.426782025E8	0.0	0.0
1.426796955E8	0.0	0.0
1.426811875E8	5.520777479892762	3.565172613503456
1.426826785E8	0.0	0.0
1.42684168E8	0.5721961047683009	1.031407392287359
1.426856565E8	0.0	0.0
1.42687144E8	0.33422999327505043	0.5769618734045385
1.42688631E8	4.908540685944855	13.796800892313353
1.42690117E8	3.228956228956229	3.6318827611271254
1.426916015E8	0.0	0.0
1.426930845E8	0.0	0.0
1.426945645E8	0.0	0.0
1.426960415E8	0.0	0.0
1.42697517E8	0.7315254237288136	1.328437338647128
1.42698991E8	0.0	0.0
1.42700463E8	0.0	0.0
1.427019325E8	0.0	0.0
1.427034E8	0.0	0.0
1.427048665E8	0.0	0.0
1.427063315E8	0.0	0.0
1.427077945E8	0.38850889192886456	1.0770583640463702
1.42709256E8	0.0	0.0
1.42710717E8	0.0	0.0
1.42712177E8	0.0	0.0
1.427136355E8	28.22565157750343	30.591875159734027
1.427150925E8	0.0	0.0
1.42716547E8	0.0	0.0
1.427179995E8	0.0	0.0
1.427194515E8	0.0	0.0
1.42720903E8	0.19503790489317713	0.4416309600709365
1.427223515E8	0.0	0.0
1.427237975E8	0.0	0.0
1.42725243E8	0.0	0.0
1.42726687E8	5.665973665973666	7.890185311830404
1.42728129E8	0.0	0.0
1.427295695E8	1809.3368055555557	2185.409464398682
1.427310075E8	0.0	0.0
1.427324415E8	0.19832402234636873	0.4453358534256688
1.427338735E8	0.6319832402234636	1.655994696777194
1.427353055E8	0.0	0.0
1.427367365E8	0.5881118881118881	1.1166257863998783
1.42738166E8	0.1966410076976907	0.45665899615398964
1.42739595E8	14.117564730580826	13.138893060176187
1.42741022E8	0.0	0.0
1.427424465E8	0.0	0.0
1.427438705E8	0.0	0.0
1.427452945E8	0.0	0.0
1.42746718E8	0.0	0.0
1.427481405E8	1.1033755274261603	1.761240772201592
1.42749562E8	0.0	0.0
1.42750982E8	0.0	0.0
1.427523995E8	0.17584745762711865	0.5791821625370812
1.427538155E8	0.4011299435028249	0.7985686347501882
1.427552315E8	0.20056497175141244	0.516671222870379
1.42756647E8	0.0	0.0
1.427580605E8	0.0	0.0
1.427594725E8	0.0	0.0
1.42760884E8	0.0	0.0
1.427622945E8	0.0	0.0
1.427637035E8	0.0	0.0
1.427651115E8	0.2705965909090909	0.47523917423469286
1.42766519E8	0.9864960909737029	3.008871034798795
1.427679255E8	0.0	0.0
1.427693305E8	0.1517094017094017	0.3894989110503413
1.427707335E8	0.0	0.0
1.42772132E8	0.1913978494623656	0.6181252729395514
1.427735265E8	0.0	0.0
1.4277492E8	4.2505384063173	3.9644870052308976
1.42776312E8	0.06613946800862688	0.25717594757019346
1.42777703E8	0.0	0.0
1.42779094E8	0.0	0.0
1.427804825E8	0.0	0.0
1.427818685E8	0.0	0.0
1.42783254E8	0.0	0.0
1.427846385E8	0.9190751445086706	1.6328456666501785
1.42786022E8	12.647143890093998	10.225406097687149
1.427874045E8	0.5795947901591896	0.8653985304458456
1.42788786E8	0.0	0.0
1.42790167E8	0.0	0.0
1.427915475E8	0.20579710144927535	0.4536486541909668
1.427929275E8	1.2347826086956522	2.599609781196546
1.42794307E8	3.9883973894126177	6.568377448504224
1.427956855E8	0.41291727140783746	0.7086445288117337
1.42797063E8	0.6550472040668119	1.230807635845693
1.4279844E8	5.285403050108933	7.614199554673347
1.42799817E8	0.0	0.0
1.42801194E8	0.20624546114742193	0.5535912987675738
1.428025705E8	0.2063953488372093	0.5458618106069243
1.42803946E8	0.0	0.0
1.428053205E8	0.0	0.0
1.428066945E8	0.0	0.0
1.42808068E8	0.0	0.0
1.4280944E8	0.0	0.0
1.4281081E8	0.20745069393718044	0.4554675553068302
1.428121785E8	0.0	0.0
1.428135455E8	0.5878477306002928	0.9523800808752897
1.42814909E8	0.0	0.0
1.428162695E8	7677.353676470589	6024.676295795289
1.428176275E8	5.605457227138643	5.623709291445484
1.428189835E8	2.851769911504425	4.001198198121279
1.42820339E8	0.0	0.0
1.42821694E8	0.0	0.0
1.428230475E8	0.0	0.0
1.42824399E8	0.0	0.0
1.42825748E8	0.0	0.0
1.42827095E8	6.744617668893838	5.213411407166252
1.428284415E8	0.0	0.0
1.428297865E8	0.0	0.0
1.4283113E8	1.2598659717051377	3.691470517192312
1.42832472E8	54.65771812080537	97.69198196776671
1.428338125E8	4.655970149253731	3.5812530117723265
1.428351525E8	0.0	0.0
1.428364925E8	0.0	0.0
1.42837832E8	1.8648244958924571	2.8010986855435576
1.42839171E8	0.0	0.0
1.42840509E8	0.0	0.0
1.42841846E8	0.0	0.0
1.428431825E8	0.0	0.0
1.428445175E8	1.883808095952024	3.2068844609725162
1.42845851E8	0.0	0.0
1.42847184E8	74.25881470367592	63.848822761598434
1.42848517E8	0.0	0.0
1.428498495E8	0.2695195195195195	0.4745789978762495
1.428511805E8	1.8616541353383458	2.6260694205416124
1.428525105E8	0.0	0.0
1.428538395E8	0.0	0.0
1.42855167E8	0.0	0.0
1.428564935E8	0.0	0.0
1.428578195E8	0.0	0.0
1.42859144E8	0.0	0.0
1.42860467E8	0.6439909297052154	1.1638287479252927
1.428617895E8	0.4288956127080182	0.8023226494921157
1.428631085E8	0.0	0.0
1.42864424E8	0.0	0.0
1.42865739E8	0.0	0.0
1.42867054E8	1.079847908745247	1.770265602722515
1.42868369E8	244.55437262357415	435.31903601596696
1.428696825E8	0.0	0.0
1.42870994E8	0.0	0.0
1.42872305E8	0.21662852784134248	0.555123147255971
1.428736155E8	0.0	0.0
1.428749255E8	8.967175572519084	11.908589497366759
1.42876235E8	1.0847975553857907	1.8776560001778333
1.428775435E8	0.0	0.0
1.428788505E8	0.0	0.0
1.428801555E8	21.944018404907975	22.74554159778762
1.428814595E8	0.0	0.0
1.428827635E8	0.21779141104294478	0.5926440701340314
1.428840675E8	0.21779141104294478	0.6092336531838825
1.42885371E8	0.0	0.0
1.42886674E8	0.0	0.0
1.428879765E8	0.0	0.0
1.42889278E8	0.0	0.0
1.42890579E8	0.398923904688701	0.7846529461899971
1.42891879E8	9.204003079291763	10.731555421055996
1.42893177E8	0.0	0.0
1.42894474E8	1.094834232845027	1.497105920514572
1.42895771E8	0.0	0.0
1.428970675E8	0.0	0.0
1.42898363E8	0.0	0.0
1.428996575E8	0.0	0.0
1.429009515E8	0.0	0.0
1.429022455E8	0.43894899536321486	1.106395626728475
1.42903539E8	0.0	0.0
1.42904831E8	0.0	0.0
1.429061215E8	0.0	0.0
1.42907411E8	0.22032583397982933	0.6115008435101738
1.42908699E8	111.79797979797979	62.63386906460077
1.429099855E8	0.0	0.0
1.42911271E8	0.0	0.0
1.429125555E8	0.0	0.0
1.429138395E8	16.121495327102803	9.232923953721405
1.42915123E8	0.0	0.0
1.42916406E8	30.864380358534685	24.982191630739297
1.429176885E8	3.0366614664586584	4.7420185016065455
1.4291897E8	0.0	0.0
1.429202505E8	0.0	0.0
1.429215305E8	0.0	0.0
1.4292281E8	0.0	0.0
1.429240885E8	0.6666666666666666	1.1648208067068038
1.429253665E8	0.568075117370892	0.9527162387678156
1.429266445E8	0.0	0.0
1.42927922E8	1454.8230227094753	854.1189597108295
1.42929199E8	294.70869224745496	504.2346697646236
1.42930476E8	1.3343774471417384	3.0925428786904092
1.429317525E8	0.0	0.0
1.42933028E8	506.8964705882353	657.6559330489688
1.42934303E8	0.0	0.0
1.429355775E8	0.0	0.0
1.429368515E8	0.44583987441130296	0.9672826850402368
1.429381245E8	0.0	0.0
1.42939396E8	0.22344610542879623	0.47270086252173926
1.42940667E8	0.0	0.0
1.42941938E8	0.0	0.0
1.42943209E8	0.44689221085759245	1.0167751121260133
1.4294448E8	1.986624704956727	2.6126846660929925
1.429457505E8	77.39763779527559	63.76085981301137
1.429470205E8	1.5622047244094488	3.839086177355928
1.429482905E8	3.8181102362204724	5.640475213128878
1.4294956E8	0.22379826635145783	0.5486569316831814
1.429508285E8	0.0	0.0
1.429520965E8	0.22318611987381703	0.4724257823974228
1.429533635E8	11.436018957345972	14.111886466821106
1.42954629E8	0.0	0.0
1.429558935E8	3.1455696202531644	4.880534832696572
1.42957157E8	0.0	0.0
1.4295842E8	0.0	0.0
1.42959683E8	4.160728424386382	5.712843387705159
1.429609455E8	0.0	0.0
1.429622075E8	0.6751188589540412	1.0931279360749937
1.429634695E8	0.0	0.0
1.42964731E8	0.0	0.0
1.42965992E8	35.10467882632831	21.337903042821925
1.429672525E8	130.88015873015874	111.84535809314632
1.429685125E8	0.0	0.0
1.429697725E8	2.980952380952381	6.125991983163035
1.429710325E8	0.9015873015873016	1.2817398889233114
1.42972292E8	125.27164416203335	252.10021394541982
1.429735505E8	0.0	0.0
1.429748085E8	6.536565977742448	14.948108440399606
1.429760665E8	23.334658187599363	42.86252842987947
1.42977324E8	0.0	0.0
1.42978579E8	0.0	0.0
1.42979832E8	12.225059856344773	11.13782193313423
1.429810845E8	0.0	0.0
1.42982336E8	0.4540367705835332	0.7722194905897433
1.42983587E8	0.0	0.0
1.42984838E8	0.0	0.0
1.42986089E8	0.0	0.0
1.429873395E8	6.0696	9.092194454585758
1.42988589E8	0.0	0.0
1.429898375E8	0.0	0.0
1.42991085E8	1.8933440256615879	2.763317973548293
1.429923315E8	0.0	0.0
1.429935775E8	0.45585874799357945	0.9548389895616741
1.429948225E8	0.0	0.0
1.42996066E8	136.51005631536606	149.89772592715858
1.429973085E8	6.623993558776167	12.492735409157621
1.4299855E8	0.0	0.0
1.42999791E8	0.45769540692989524	1.160732770305569
1.43001032E8	0.6865431103948428	1.7876828104508997
1.430022725E8	0.6870967741935484	1.711912720114645
1.430035125E8	0.0	0.0
1.430047525E8	107.26532258064516	104.6312418649112
1.43005992E8	2.2921711057304277	4.54126448597279
1.4300719E8	0.0	0.0
1.43007809E8	0.0	0.0
1.430084685E8	0.0	0.0
1.430097065E8	80.61066235864297	132.4626688655054
1.430109445E8	0.0	0.0
1.43012182E8	0.0	0.0
1.430134185E8	0.0	0.0
1.43014654E8	0.0	0.0
1.43015889E8	2.2987854251012148	3.035685197016419
1.430171235E8	0.0	0.0
1.430183575E8	29.630470016207454	23.285539923523004
1.430195915E8	0.0	0.0
1.43020825E8	0.0	0.0
1.43022058E8	0.0	0.0
1.430232905E8	0.9334415584415584	1.5193556392239305
1.43024522E8	0.9228269699431356	1.3933811275791506
1.43025753E8	0.4614134849715678	0.8784818157302081
1.43026984E8	0.2307067424857839	0.48031941714424153
1.43028215E8	0.22095857026807472	0.45245067860695354
1.430294455E8	2.0203252032520327	2.453966425913809
1.43030675E8	0.46053702196908053	0.9313280018501031
1.43031904E8	0.46216436126932464	1.039496654810434
1.430331325E8	0.0	0.0
1.4303436E8	0.3471882640586797	1.1290055919843207
1.43035587E8	726.8149959250204	782.2930794163333
1.43036814E8	0.0	0.0
1.43038041E8	0.0	0.0
1.430392675E8	0.4632952691680261	1.0670812136273162
1.430404935E8	0.0	0.0
1.430417195E8	0.6949429037520392	1.3744344825487038
1.43042945E8	2.7689795918367346	3.73313896481396
1.4304417E8	0.0	0.0
1.43045395E8	0.0	0.0
1.4304662E8	0.9273469387755102	1.8276783533393688
1.43047845E8	0.0	0.0
1.4304907E8	0.0	0.0
1.430502945E8	25.736928104575163	35.29157262065854
1.430515185E8	2.7745098039215685	4.222759683714576
1.430527425E8	0.0	0.0
1.430539665E8	3.727124183006536	4.511423409132708
1.4305519E8	0.0	0.0
1.43056413E8	0.0	0.0
1.43057636E8	0.23221586263287	0.6159504286050733
1.430588585E8	55.213584288052374	45.008455288569664
1.430600805E8	0.44353518821603927	0.7202927210016681
1.43061302E8	0.0	0.0
1.430625225E8	0.0	0.0
1.430637425E8	0.0	0.0
1.43064962E8	0.0	0.0
1.43066181E8	0.0	0.0
1.430674E8	0.0	0.0
1.430686185E8	3.7307060755336616	3.847354239859157
1.430698365E8	0.0	0.0
1.430710525E8	1.6359143327841845	2.8712056832944826
1.43072266E8	0.0	0.0
1.430734785E8	0.0	0.0
1.430746905E8	0.9372937293729373	1.254694156255848
1.43075902E8	0.0	0.0
1.43077113E8	0.0	0.0
1.430783235E8	0.0	0.0
1.43079533E8	0.0	0.0
1.43080742E8	0.9396195202646815	1.3906220231425095
1.43081951E8	0.0	0.0
1.430831595E8	0.0	0.0
1.430843675E8	0.0	0.0
1.430855755E8	0.19370860927152317	0.4401234023220342
1.430867835E8	0.0	0.0
1.43087991E8	0.23943661971830985	0.48507125007266594
1.430891975E8	0.42703150912106136	1.1096590843957839
1.43090403E8	7.305394190871369	9.286317065839553
1.43091608E8	0.0	0.0
1.43092813E8	1.8506224066390042	2.6691724050350945
1.43094017E8	0.0	0.0
1.4309522E8	0.0	0.0
1.43096423E8	0.0	0.0
1.430976255E8	0.23627287853577372	0.5175778736009341
1.430988275E8	0.23627287853577372	0.5111078958478369
1.43100029E8	0.0	0.0
1.431012295E8	31.654166666666665	55.20695155503517
1.431024295E8	0.71	1.4708274315273473
1.431036295E8	0.0	0.0
1.43104829E8	0.0	0.0
1.43106028E8	0.4195162635529608	0.881181252826915
1.431072265E8	0.0	0.0
1.431084245E8	0.2370617696160267	0.4868898947565319
1.43109622E8	0.0	0.0
1.43110819E8	0.0	0.0
1.43112015E8	0.0	0.0
1.4311321E8	0.0	0.0
1.43114405E8	6.155648535564853	7.746830908270744
1.431156E8	0.0	0.0
1.43116795E8	209.41255230125523	219.7061655101648
1.431179895E8	0.4288107202680067	0.8891680187085775
1.43119183E8	0.47611064543168485	0.9758182673343279
1.43120376E8	0.18273260687342832	0.427472346325968
1.43121569E8	0.7141659681475272	1.5778219839096659
1.43122762E8	1.8901927912824812	0.6134835876548594
1.431239545E8	0.0	0.0
1.431251465E8	26.12248322147651	23.59542598718613
1.431263385E8	0.47651006711409394	1.0264946542324442
1.4312753E8	0.23845507976490343	0.4883186252488261
1.43128721E8	0.0	0.0
1.431299115E8	0.0	0.0
1.431311015E8	0.0	0.0
1.431322915E8	0.0	0.0
1.43133481E8	1.8174936921783011	2.6878538748378933
1.4313467E8	0.0	0.0
1.43135859E8	0.0	0.0
1.43137048E8	0.0	0.0
1.43138237E8	0.0	0.0
1.43139426E8	0.8191757779646762	1.4260581039100413
1.431406145E8	0.0	0.0
1.431418015E8	0.47892074198988194	0.92828878451354
1.431429875E8	0.0	0.0
1.431441735E8	10.386172006745362	9.830262665918157
1.431453595E8	0.0	0.0
1.431465455E8	0.7175379426644182	1.3678431711925447
1.43147731E8	0.0	0.0
1.43148916E8	0.0	0.0
1.43150101E8	2.578902953586498	3.3418456711002493
1.43151286E8	0.0	0.0
1.431524705E8	0.0	0.0
1.431536545E8	0.0	0.0
1.431548385E8	0.0	0.0
1.431560225E8	0.0	0.0
1.431572055E8	0.24027072758037224	0.5299810040333613
1.431583875E8	84.81302876480541	55.74046244853294
1.43159569E8	0.0	0.0
1.4316075E8	18.31752751905165	21.805176152187865
1.43161931E8	0.0	0.0
1.43163111E8	0.5971162001696353	1.0189052649443409
1.4316429E8	0.2408821034775233	0.6286892809998474
1.43165469E8	0.0	0.0
1.431666475E8	0.0	0.0
1.431678255E8	0.0	0.0
1.431690035E8	0.0	0.0
1.431701815E8	1.1884550084889642	1.333262590087053
1.431713595E8	0.0	0.0
1.431725375E8	0.0	0.0
1.43173715E8	0.0	0.0
1.431748915E8	10916.520408163266	14274.114804839377
1.43176067E8	0.0	0.0
1.43177242E8	0.0	0.0
1.431784165E8	0.0	0.0
1.431795905E8	0.0	0.0
1.43180764E8	0.0	0.0
1.43181937E8	0.0	0.0
1.4318311E8	0.2421142369991475	0.5676712423455932
1.43184282E8	0.0	0.0
1.43185453E8	5.7497865072587535	8.949139904953363
1.43186624E8	0.0	0.0
1.43187795E8	0.0	0.0
1.431889655E8	0.0	0.0
1.43190135E8	0.0	0.0
1.43191304E8	0.7288280581693756	1.698386493388318
1.431924725E8	0.24315068493150685	0.4931031179494882
1.4319364E8	0.0	0.0
1.43194807E8	0.0	0.0
1.43195974E8	0.24250214224507283	0.5758641656459137
1.431971405E8	0.0	0.0
1.431983065E8	275.10377358490564	178.71454715649654
1.431994725E8	441.67753001715266	494.26400487797036
1.432006385E8	0.0	0.0
1.43201804E8	0.0	0.0
1.43202969E8	0.0	0.0
1.432041335E8	0.0	0.0
1.43205297E8	0.0	0.0
1.4320646E8	220.83319002579535	171.62625113130588
1.43207623E8	0.4883920894239037	1.0458121866934948
1.43208786E8	0.9733447979363714	1.8894648411840078
1.43209949E8	0.0	0.0
1.43211112E8	38.49527085124677	63.70511249935487
1.432122745E8	43.10413080895009	31.707394469232863
1.432134365E8	0.0	0.0
1.432145985E8	93.85370051635113	148.91629179553945
1.4321576E8	0.0	0.0
1.43216921E8	0.0	0.0
1.43218082E8	0.0	0.0
1.432192425E8	0.0	0.0
1.432204025E8	2.218103448275862	3.146152549077836
1.432215625E8	0.0	0.0
1.43222722E8	0.0	0.0
1.43223881E8	0.0	0.0
1.4322504E8	2.4055220017256254	4.48061686866076
1.43226199E8	0.0	0.0
1.43227358E8	19.59965487489215	13.574610874603142
1.432285165E8	0.0	0.0
1.432296745E8	162.32469775474956	183.6663759405151
1.432308325E8	0.0	0.0
1.4323199E8	2.9178910976663786	3.0152307123866358
1.43233147E8	1.9671564390665515	3.713485434315442
1.432343035E8	0.0	0.0
1.432354595E8	0.47837370242214533	0.7935727978371789
1.43236615E8	0.0	0.0
1.4323777E8	0.9324675324675324	1.583737701838631
1.43238925E8	0.7376623376623377	1.4876111766812634
1.4324008E8	57.461471861471864	100.15201000591605
1.432412345E8	0.0	0.0
1.432423885E8	0.4436741767764298	0.941991695055142
1.432435425E8	0.24610051993067592	0.7003341613889179
1.432446965E8	11.401213171577123	6.1078549874452905
1.4324585E8	0.0	0.0
1.43247003E8	0.24631396357328708	0.4963002756127454
1.43248156E8	0.0	0.0
1.432493085E8	1.7256944444444444	2.5813164169555898
1.432504605E8	0.2465277777777778	0.5936586186989586
1.432516125E8	0.0	0.0
1.432527645E8	0.2048611111111111	0.6137883276106765
1.43253916E8	0.7402258905299739	1.3781212106496286
1.432550665E8	0.24695652173913044	0.540531139753741
1.432562165E8	0.24695652173913044	0.6296997213993625
1.432573655E8	0.0	0.0
1.432585135E8	0.0	0.0
1.432596615E8	0.6837979094076655	1.323862999112113
1.432608095E8	16.32752613240418	14.958537352336771
1.432619575E8	0.0	0.0
1.432631055E8	0.0	0.0
1.43264253E8	0.4952048823016565	0.9951933302646843
1.432654E8	274.1682650392328	196.65994353567777
1.43266547E8	0.0	0.0
1.432676935E8	0.0	0.0
1.432688395E8	0.0	0.0
1.432699855E8	0.0	0.0
1.43271131E8	0.0	0.0
1.432722755E8	9.431818181818182	6.993753456663125
1.432734195E8	1.1494755244755244	1.5291457462540035
1.432745635E8	174.78671328671328	82.96017559206184
1.432757075E8	9.433566433566433	14.06932138362772
1.432768515E8	1.7377622377622377	3.7144586142805247
1.43277995E8	0.0	0.0
1.43279138E8	0.994750656167979	1.3320203509042559
1.432802805E8	0.0	0.0
1.432814225E8	0.43695271453590195	0.8301456838364543
1.432825645E8	399.8231173380035	625.6259660428427
1.43283706E8	35.43908851884312	43.50114588435038
1.43284847E8	47.190184049079754	39.77439665504139
1.432859875E8	4.447368421052632	3.046856303361439
1.432871275E8	0.0	0.0
1.432882675E8	0.0	0.0
1.432894075E8	0.0	0.0
1.43290547E8	5.473222124670764	4.901935615972849
1.43291686E8	0.24934152765583845	0.6229443807375883
1.43292825E8	0.0	0.0
1.43293964E8	0.0	0.0
1.43295103E8	0.0	0.0
1.432962415E8	0.7486818980667839	1.4308919140157939
1.43297379E8	0.0	0.0
1.432985155E8	1293.7640845070423	1855.8299790367514
1.432996515E8	0.0	0.0
1.433007875E8	377.6830985915493	308.30464258723885
1.433019235E8	0.25	0.5
1.43303059E8	0.0	0.0
1.43304194E8	0.0	0.0
1.43305329E8	2.7524229074889868	2.6502431107835194
1.433064635E8	0.0	0.0
1.433075975E8	38.90917107583774	29.652722482384043
1.433087315E8	862.1701940035273	1380.419987594962
1.433098655E8	0.0	0.0
1.43310999E8	0.24889673433362755	0.5636847628908105
1.43312132E8	0.0	0.0
1.43313265E8	0.0	0.0
1.433143975E8	9438.605123674912	10469.842158683125
1.433155295E8	1.1563604240282686	2.2366604965167256
1.433166615E8	0.0	0.0
1.433177935E8	0.0	0.0
1.43318925E8	0.0	0.0
1.43320056E8	1591.0433244916003	2595.686942905537
1.43321187E8	0.0	0.0
1.433223175E8	0.2513274336283186	0.590485026373812
1.433234475E8	0.24690265486725663	0.5444815671729857
1.433245775E8	4.523008849557522	7.501327316177103
1.43325707E8	0.0	0.0
1.43326836E8	0.0	0.0
1.43327965E8	6.1532329495128435	7.248346685436366
1.43329094E8	0.5031000885739593	1.2876740726099605
1.43330222E8	2.267968056787933	2.242210216468529
1.43331349E8	0.0	0.0
1.433324755E8	58.786856127886324	70.79541735879044
1.433336015E8	0.2522202486678508	0.5747808293394961
1.433347275E8	0.0	0.0
1.433358535E8	0.0	0.0
1.433369795E8	12.86145648312611	24.61717547966872
1.43338105E8	8.577777777777778	15.514752835786831
1.4333923E8	0.0	0.0
1.433403545E8	0.7580071174377224	1.338586921577832
1.433414785E8	0.0	0.0
1.43342602E8	0.0	0.0
1.43343725E8	41.6206589492431	77.9526250631096
1.43344848E8	0.36776491540516476	1.1201227511921188
1.43345971E8	1.0115761353517365	1.6840882284415575
1.43347094E8	0.7604630454140695	1.480655915879463
1.433482165E8	222.32620320855614	137.4820617046187
1.43349338E8	0.0	0.0
1.433504585E8	0.0	0.0
1.43351578E8	2.285075960679178	3.0483151413645513
1.43352697E8	2.117068811438785	2.5462653792546264
1.433538155E8	5.504472271914133	7.356619936308981
1.433549335E8	0.0	0.0
1.433560515E8	0.0	0.0
1.433571695E8	0.7620751341681574	1.3091121409167084
1.43358287E8	0.0	0.0
1.43359404E8	0.0	0.0
1.43360521E8	0.0	0.0
1.43361638E8	0.5085049239033125	1.0330266870119003
1.43362755E8	14.637421665174575	10.379849288997878
1.43363872E8	4.054610564010743	3.704506196425566
1.433649885E8	0.0	0.0
1.433661045E8	6.802867383512544	10.847509335389484
1.433668735E8	87.88862559241706	49.55273891168166
1.433674315E8	3.873198847262248	4.576597530564856
1.433683365E8	0.25448028673835127	0.5986843400892496
1.433694525E8	2.717741935483871	2.9568279525901806
1.433705685E8	0.0	0.0
1.43371684E8	0.0	0.0
1.43372799E8	0.0	0.0
1.43373914E8	1.2735426008968609	1.847795923738537
1.433750285E8	0.0	0.0
1.433761425E8	0.0	0.0
1.433772565E8	0.0	0.0
1.433783705E8	0.0	0.0
1.433794845E8	0.0	0.0
1.433805985E8	0.0	0.0
1.433817115E8	0.25539568345323743	0.5053668800517476
1.433828235E8	0.0	0.0
1.433839355E8	0.0	0.0
1.433850475E8	307.1708633093525	491.9861066500665
1.43386159E8	0.7245724572457246	0.9619212697788345
1.433872695E8	0.0	0.0
1.433883795E8	0.0	0.0
1.433894895E8	0.5117117117117117	0.7699303817831797
1.433905995E8	0.0	0.0
1.43391709E8	0.0	0.0
1.43392818E8	0.0	0.0
1.43393927E8	2.0342651036970243	2.6676433438371863
1.43395036E8	0.2560865644724977	0.6109904153475146
1.433961445E8	5.381768953068592	4.7585188667330245
1.433972525E8	0.0	0.0
1.4339836E8	0.0	0.0
1.43399467E8	1.021680216802168	1.0936294132777653
1.43400574E8	0.2565492321589883	0.5065068925088664
1.434016805E8	55.51537070524412	35.51786856417164
1.434027865E8	0.25678119349005424	0.5067358221894859
1.43403892E8	0.0	0.0
1.43404997E8	0.0	0.0
1.43406102E8	0.0	0.0
1.43407207E8	0.0	0.0
1.43408312E8	0.0	0.0
1.43409417E8	0.5140271493212669	1.221230000832
1.43410521E8	0.0	0.0
1.43411624E8	0.0	0.0
1.43412727E8	0.0	0.0
1.434138295E8	0.0	0.0
1.434149315E8	0.0	0.0
1.434160335E8	0.8756805807622504	1.364576478442026
1.43417135E8	5.368755676657584	4.536860838402472
1.43418236E8	0.0	0.0
1.43419337E8	0.0	0.0
1.434204375E8	348.5427272727273	505.47344323730977
1.434215375E8	0.0	0.0
1.43422637E8	0.2584167424931756	0.5707457248535293
1.43423736E8	0.7252047315741583	1.3621024267389426
1.434248345E8	4.138433515482696	6.058458387476709
1.434259325E8	0.5036429872495446	1.0414890558963703
1.434270305E8	0.0	0.0
1.43428128E8	0.0	0.0
1.43429225E8	0.0	0.0
1.43430322E8	0.0	0.0
1.434314185E8	0.0	0.0
1.434325145E8	0.0	0.0
1.434336095E8	1.482632541133455	2.814171502084481
1.43434703E8	0.0	0.0
1.434357955E8	0.0	0.0
1.43436887E8	0.0	0.0
1.43437978E8	1.8221814848762603	3.4253864347419825
1.434390685E8	0.26055045871559634	0.5211138388370846
1.434401585E8	0.0	0.0
1.434412485E8	1.5642201834862386	1.435461758012242
1.434423385E8	7.736697247706422	8.695142585786387
1.434434285E8	0.0	0.0
1.43444518E8	0.0	0.0
1.43445607E8	0.7823691460055097	2.073931955426506
1.434466955E8	0.0	0.0
1.434477835E8	3.119485294117647	3.5712289860198316
1.434488715E8	0.5220588235294118	0.8713157731101786
1.434499595E8	4.176470588235294	7.342963818994264
1.43451047E8	0.0	0.0
1.43452134E8	20.635694572217112	19.8257125381383
1.43453221E8	8.816927322907084	6.628948806674309
1.434543075E8	10.841620626151013	6.411387773797781
1.434553935E8	2.2697974217311234	2.7966699482175854
1.434564795E8	4.967771639042358	4.996960402051282
1.434575655E8	0.0	0.0
1.434586505E8	0.0	0.0
1.434597345E8	0.0	0.0
1.434608185E8	0.0	0.0
1.434619025E8	0.22509225092250923	0.48310954652991434
1.434629865E8	0.514760147601476	1.2698606716727843
1.4346407E8	0.0	0.0
1.43465153E8	0.0	0.0
1.43466236E8	572.3471837488459	352.11343315200884
1.434673185E8	0.0	0.0
1.434684005E8	0.48151571164510165	0.7839659353571236
1.43469482E8	0.0	0.0
1.43470563E8	8.373728029602221	6.620406878284941
1.434716435E8	0.5074074074074074	1.1221672153735642
1.434727235E8	0.0	0.0
1.434738035E8	3.9444444444444446	5.8163244089054755
1.43474883E8	0.0	0.0
1.43475962E8	0.0	0.0
1.434770405E8	0.0	0.0
1.434781185E8	111.88311688311688	218.94434700900254
1.434791965E8	0.0	0.0
1.434802745E8	0.0	0.0
1.43481352E8	0.5273909006499535	0.9587596443897222
1.43482429E8	0.0	0.0
1.434835055E8	0.0	0.0
1.434845815E8	0.0	0.0
1.434856575E8	0.26394052044609667	0.513751418923682
1.434867335E8	0.0	0.0
1.43487809E8	0.0	0.0
1.43488884E8	4.645581395348837	4.041758769828844
1.43489959E8	31.172093023255815	43.45744777873938
1.43491034E8	0.2641860465116279	0.5139903175271183
1.434921085E8	0.0	0.0
1.434931825E8	5.8249534450651765	7.730685670178208
1.434942565E8	9.519553072625698	19.995623357251585
1.434953305E8	0.5288640595903166	0.970706897482122
1.43496404E8	0.0	0.0
1.434974765E8	192.2472014925373	59.843374550671335
1.434985485E8	0.26492537313432835	0.7240536798769022
1.4349962E8	0.0	0.0
1.43500691E8	10.044817927170868	9.698826057351287
1.435017615E8	0.4224299065420561	1.2998921594379376
1.435028315E8	0.24018691588785046	0.6212739399099362
1.435039015E8	0.0	0.0
1.43504971E8	0.0	0.0
1.4350604E8	0.0	0.0
1.435071085E8	0.5318352059925093	0.999063231644509
1.43508176E8	0.0	0.0
1.43509243E8	0.0	0.0
1.4351031E8	0.0	0.0
1.435113765E8	0.0	0.0
1.435124415E8	0.5140977443609023	0.8578474547605173
1.435135055E8	0.0	0.0
1.435145695E8	8.271616541353383	5.258630571614801
1.43515633E8	0.2671683913452493	0.5168833440392999
1.43516696E8	0.0	0.0
1.43517759E8	1.0253998118532455	1.2731395405634065
1.43518822E8	10.746001881467544	8.343743889192007
1.43519885E8	0.0	0.0
1.43520948E8	0.0	0.0
1.43522011E8	0.5079962370649106	0.9363567033044309
1.43523074E8	0.0	0.0
1.435241365E8	44.112052730696796	18.602264811590207
1.435251985E8	0.0	0.0
1.435262605E8	0.5348399246704332	1.0342532810394494
1.435273225E8	0.0	0.0
1.435283845E8	0.0	0.0
1.43529446E8	2.944392082940622	7.230029533131443
1.435305065E8	109.48584905660377	172.83012436144475
1.435315665E8	269.1216981132076	184.04031295466987
1.435326265E8	0.0	0.0
1.43533686E8	8.039660056657224	5.155376192162852
1.43534745E8	0.0	0.0
1.43535804E8	0.0	0.0
1.435368625E8	0.0	0.0
1.435379205E8	5509.8147448015125	4982.857882739997
1.435389785E8	0.2684310018903592	0.5181032733831733
1.435400365E8	4.724952741020794	8.010213234867903
1.43541094E8	0.0	0.0
1.435421505E8	0.0	0.0
1.435432065E8	1.8702651515151516	3.287228500138257
1.435442625E8	0.8068181818181818	1.7033834423039198
1.435453185E8	0.8068181818181818	1.4796600756234317
1.43546374E8	0.0	0.0
1.43547429E8	0.0	0.0
1.43548484E8	0.0	0.0
1.435495385E8	6.197343453510436	5.016670501657562
1.435505925E8	0.0	0.0
1.43551646E8	0.0	0.0
1.43552699E8	2.4283000949667617	2.6939487604679107
1.43553752E8	13.474833808167142	18.581000006823132
1.43554805E8	30.47483380816714	43.16667491667413
1.43555858E8	6.106362773029439	3.186510027262766
1.435569105E8	0.0	0.0
1.435579625E8	186.63403041825094	265.78864999069907
1.435590145E8	0.5399239543726235	1.053691681515906
1.43560066E8	0.2702188392007612	0.6351577042194367
1.43561117E8	0.0	0.0
1.43562168E8	0.8525214081826832	1.846641717478172
1.43563219E8	0.0	0.0
1.4356427E8	1.3510941960038059	3.0142383334322846
1.435653205E8	0.0	0.0
1.435663705E8	1.3514285714285714	1.81711440528789
1.4356742E8	0.0	0.0
1.43568469E8	0.0	0.0
1.43569518E8	0.0	0.0
1.43570567E8	0.0	0.0
1.43571616E8	1.0428979980934223	1.5667542180540879
1.435726645E8	0.0	0.0
1.435737125E8	22.09828244274809	17.780199554088423
1.435747605E8	0.5419847328244275	1.2448366642297644
1.435758085E8	0.0	0.0
1.435768565E8	4.883587786259542	3.6081967753249886
1.43577904E8	1008.3352435530086	1498.2737137449049
1.43578951E8	0.0	0.0
1.43579998E8	0.0	0.0
1.43581045E8	0.542502387774594	0.9126093240891842
1.435820915E8	0.0	0.0
1.43583137E8	0.0	0.0
1.43584182E8	0.5435406698564593	0.8879846543783757
1.43585227E8	1.0870813397129186	1.6997044494002493
1.43586272E8	0.0	0.0
1.435873165E8	0.0	0.0
1.435883605E8	38.8955938697318	64.46855391929033
1.435894045E8	6.795019157088123	11.11340014735585
1.43590448E8	0.8168744007670182	1.3004903566675283
1.43591491E8	0.0	0.0
1.435925335E8	0.0	0.0
1.435935755E8	0.0	0.0
1.435946175E8	79.60172744721689	66.68032569606136
1.435956595E8	1.643953934740883	1.7131085438224474
1.435967015E8	0.0	0.0
1.43597743E8	4.580211335254563	3.5851117048983876
1.43598784E8	0.8184438040345822	1.56694971588234
1.43599825E8	0.2728146013448607	0.52231657196078
1.436008655E8	0.0	0.0
1.436019055E8	0.0	0.0
1.436029455E8	0.0	0.0
1.436039855E8	0.27307692307692305	0.660710573200143
1.43605025E8	1.9143407122232916	3.0788483278632817
1.43606064E8	1.0914340712223292	1.3476532913356234
1.43607103E8	0.546679499518768	1.0456380822433429
1.436081415E8	0.0	0.0
1.436091795E8	2.735067437379576	3.271144349681732
1.436102175E8	0.0	0.0
1.43611255E8	0.0	0.0
1.43612292E8	0.0	0.0
1.43613329E8	0.0	0.0
1.43614366E8	113.33847637415622	46.940934181503124
1.436154025E8	0.0	0.0
1.436164385E8	10.965250965250965	18.622183392011642
1.43617474E8	0.0	0.0
1.43618509E8	0.548792270531401	1.107724306899789
1.43619544E8	0.2743961352657005	0.5577733510227171
1.43620579E8	0.0	0.0
1.43621614E8	0.0	0.0
1.43622648E8	0.0	0.0
1.43623681E8	0.6195546950629235	1.8997121094369878
1.43624714E8	0.0	0.0
1.43625747E8	4.398838334946757	4.713680117667521
1.436267795E8	0.0	0.0
1.436278115E8	1.2810077519379846	1.2717106832984866
1.436288435E8	0.4496124031007752	0.5463054204408929
1.43629875E8	0.0	0.0
1.43630906E8	0.0	0.0
1.43631937E8	1.3773035887487877	2.7280559084753406
1.436329675E8	3.5825242718446604	4.313221939008661
1.436339975E8	0.0	0.0
1.436350275E8	0.0	0.0
1.43636057E8	2.207968901846453	2.055592764439668
1.43637086E8	0.7337220602526725	1.429591472563283
1.43638115E8	6301.9047619047615	5891.921953663854
1.43639144E8	96.20796890184646	132.21085215150757
1.43640173E8	0.0	0.0
1.43641202E8	0.0	0.0
1.43642231E8	0.0	0.0
1.436432595E8	0.27626459143968873	0.5246825981427004
1.436442875E8	0.0	0.0
1.43645315E8	0.0	0.0
1.43646342E8	0.0	0.0
1.43647369E8	0.0	0.0
1.436483955E8	0.0	0.0
1.436494215E8	0.0	0.0
1.43650447E8	0.3492682926829268	0.9020302304165675
1.43651472E8	0.0	0.0
1.43652497E8	0.0	0.0
1.43653522E8	0.3931707317073171	0.5517157274379978
1.43654546E8	0.0	0.0
1.43655569E8	0.0	0.0
1.436565915E8	0.0	0.0
1.436576135E8	2.176125244618395	2.62309477966237
1.436586355E8	9.126223091976517	11.255266216865973
1.436596575E8	0.0	0.0
1.43660679E8	5.527913809990205	3.8339684920000794
1.436617E8	1.3016650342801175	1.6192403389306889
1.43662721E8	0.277179236043095	0.5264781439367593
1.436637415E8	329.15	237.01046555861987
1.436647615E8	0.0	0.0
1.436657815E8	0.0	0.0
1.43666801E8	0.0	0.0
1.4366782E8	0.0	0.0
1.43668839E8	0.8282630029440629	1.558792215073673
1.43669858E8	0.0	0.0
1.43670877E8	2.306182531894014	3.427075705333677
1.436718955E8	31.24459724950884	49.43618259243301
1.436729135E8	0.0	0.0
1.436739315E8	0.8369351669941061	1.5845521452392528
1.436749495E8	0.0	0.0
1.436759665E8	0.0	0.0
1.436769825E8	0.5590551181102362	1.2549116102763171
1.436779985E8	0.24606299212598426	0.6655173820620853
1.43679014E8	0.0	0.0
1.43680029E8	0.0	0.0
1.436810435E8	0.0	0.0
1.436820575E8	53.92406311637081	69.45593014812786
1.436830715E8	0.0	0.0
1.436840855E8	0.0	0.0
1.436850995E8	0.0	0.0
1.43686113E8	0.84106614017769	1.6277456112445712
1.43687126E8	0.0	0.0
1.43688139E8	0.56071076011846	1.2977313335270013
1.436891515E8	0.0	0.0
1.436901635E8	0.0	0.0
1.436911755E8	3.6482213438735176	6.236764642150691
1.436921875E8	37.20652173913044	35.65564610008111
1.436931995E8	7.07905138339921	6.3124351834029975
1.43694211E8	0.0	0.0
1.43695222E8	29.21463897131553	30.208392595187277
1.43696233E8	0.0	0.0
1.43697244E8	0.0	0.0
1.436982545E8	7.764356435643564	6.915902180503787
1.436992645E8	0.8455445544554455	1.302700926141644
1.437002745E8	0.5623762376237624	1.0215499774536945
1.437012845E8	0.5366336633663367	0.8108179466281302
1.437022935E8	0.0	0.0
1.437033015E8	0.0	0.0
1.437043095E8	0.0	0.0
1.43705317E8	0.0	0.0
1.43706324E8	0.0	0.0
1.437073305E8	1.5854870775347913	3.8305302800839676
1.437083365E8	1.1292246520874751	1.6497484596505263
1.437093425E8	0.0	0.0
1.43710348E8	0.0	0.0
1.43711353E8	0.0	0.0
1.43712358E8	38.940298507462686	57.33220813427858
1.43713363E8	837.6378109452736	1049.496508992793
1.43714368E8	2.5432835820895523	4.583118493381783
1.437153725E8	0.0	0.0
1.437163765E8	0.0	0.0
1.437173805E8	0.0	0.0
1.437183845E8	0.0	0.0
1.43719388E8	0.0	0.0
1.4372039E8	1.3146853146853146	1.7663182385629494
1.43721391E8	0.2837162837162837	0.5326502452043778
1.43722392E8	1.4095904095904095	2.665500910691104
1.43723393E8	0.0	0.0
1.43724394E8	6.845154845154845	8.011729662676604
1.437251765E8	13.22517730496454	19.896184459045628
1.437257305E8	0.0	0.0
