#Position (bp)	insert size	chromosomes
179658.5	510.3644207066557	0.0
538974.5	510.81423934685563	36876.15037176784
898290.5	736.372527163439	0.0
1257606.5	617.9617740612109	0.0
1616922.5	593.1855816841053	36876.15037176784
1976238.5	456.2825656642558	0.0
2335554.5	605.2974001874773	0.0
2694870.5	541.7897127255304	36876.15037176784
3054186.5	703.3695377880778	0.0
3413502.5	445.2359691277122	0.0
3772818.5	794.2101536245799	36876.15037176784
4132134.5	487.16195115857846	0.0
4491450.5	405.3767193495586	0.0
4850766.5	520.6416533578362	36876.15037176784
5210082.5	581.8209037705924	0.0
5569398.5	786.8020483711747	0.0
5928714.5	1022.4041761579347	36876.15037176784
6288030.5	460.1555243428613	0.0
6647346.5	572.4400034805813	0.0
7006662.5	450.34381472339425	36876.15037176784
7365978.5	1110.9619257495817	0.0
7725294.5	518.2475948826425	0.0
8084610.5	652.5279742956791	36876.15037176784
8443926.5	843.7110809530749	0.0
8803242.5	884.914527333132	0.0
9162558.5	511.87675021607606	36876.15037176784
9521874.5	672.716001647488	0.0
9881190.5	374.96540933795114	0.0
1.02405065E7	426.85676122748134	36876.15037176784
1.05998225E7	532.1048137918353	0.0
1.09591385E7	478.966780571301	0.0
1.13184545E7	426.26105504587156	36876.15037176784
1.16777705E7	467.8605504587156	0.0
1.20370865E7	862.99861450933	0.0
1.23964025E7	2760.147022737617	36876.15037176784
1.27557185E7	639.4964874529287	0.0
1.31150345E7	494.938431585834	0.0
1.34743505E7	522.3572357374607	36876.15037176784
1.38336665E7	403.42540839917683	0.0
1.41929825E7	844.4451917780419	0.0
1.45522985E7	1213.2403116670084	36876.15037176784
1.49116145E7	1119.2938922789713	0.0
1.52709305E7	386.99832144355855	0.0
1.56302465E7	716.3507359705612	36876.15037176784
1.59895625E7	803.7414375301496	0.0
1.63488785E7	874.5321085801376	0.0
1.67081945E7	705.2689817038219	36876.15037176784
1.70675105E7	776.786507385744	0.0
1.74268265E7	678.9356939585841	0.0
1.77861425E7	3805.1461057418987	36876.15037176784
1.81454585E7	1840.265854702888	0.0
1.85047745E7	448.0820870260955	0.0
1.88640905E7	545.2005895930955	36876.15037176784
1.92234065E7	607.1235453156224	0.0
1.95827225E7	667.4206619296933	0.0
1.99420385E7	1565.4865667193912	36876.15037176784
2.03013545E7	4586.059868292999	0.0
2.06606705E7	758.7186806143704	0.0
2.10199865E7	872.219081331506	36876.15037176784
2.13793025E7	1223.7467894319982	0.0
2.17386185E7	496.0640335856221	0.0
2.20979345E7	1636.8557935185684	36876.15037176784
2.24572505E7	536.1042749668093	0.0
2.28165665E7	1671.0268339509755	0.0
2.31758825E7	1009.7200335624101	36876.15037176784
2.34346265E7	390.75747833807907	0.0
2.36142845E7	4322.2874251497005	0.0
2.38945145E7	1341.3433171540191	36876.15037176784
2.42538305E7	2053.453745893822	0.0
2.46131465E7	4643.749652294854	0.0
2.49724625E7	1773.6613585073583	36876.15037176784
2.53317785E7	8722.024586878777	0.0
2.56910945E7	2239.464571687566	0.0
2.60504105E7	11707.013945505256	36876.15037176784
2.64097265E7	3501.1630098809223	0.0
2.67690425E7	1726.3800338409476	0.0
2.71283585E7	1582.5102031457789	36876.15037176784
2.74876745E7	3467.2560063276537	0.0
2.78469905E7	6433.126963728396	0.0
2.82063065E7	766.9347462800076	36876.15037176784
2.85656225E7	942.7245855265513	0.0
2.89249385E7	1209.9583130340895	0.0
2.92842545E7	558.5668794948608	36876.15037176784
2.96435705E7	656.1177836145602	0.0
3.00028865E7	758.8157365767239	0.0
3.03622025E7	912.602448260348	36876.15037176784
3.07215185E7	617.2340735896985	0.0
3.10808345E7	559.6903480617324	0.0
3.14401505E7	423.4847049374293	36876.15037176784
3.17994665E7	533.0396704964231	0.0
3.21587825E7	634.9576765692169	0.0
3.25180985E7	397.94842872537083	36876.15037176784
3.28774145E7	548.3294299962714	0.0
3.32367305E7	418.19996554682115	0.0
3.35960465E7	732.3771907247784	36876.15037176784
3.39553625E7	1581.474879990459	0.0
3.43146785E7	475.1953840785604	0.0
3.46739945E7	794.5977895242672	36876.15037176784
3.50333105E7	1159.8279211106476	0.0
3.53926265E7	444.16811480409586	0.0
3.57519425E7	1086.9909636565615	36876.15037176784
3.61112585E7	552.0044578300153	0.0
3.64705745E7	456.5120074283243	0.0
3.68298905E7	519.315717364418	36876.15037176784
3.71892065E7	745.5495826698443	0.0
3.75485225E7	950.6217236734603	0.0
3.79078385E7	488.2220554790977	36876.15037176784
3.82671545E7	389.92108466967227	0.0
3.86264705E7	613.820895958828	0.0
3.89857865E7	421.8272630457934	36876.15037176784
3.93451025E7	758.5179261380351	0.0
3.97044185E7	641.2940713482986	0.0
4.00637345E7	549.5812055536742	36876.15037176784
4.04230505E7	404.8895629166739	0.0
4.07823665E7	886.9553428213806	0.0
4.11416825E7	415.98418807753285	36876.15037176784
4.15009985E7	477.805483595802	0.0
4.18603145E7	578.1850856939881	0.0
4.22196305E7	686.2475568020361	36876.15037176784
4.25789465E7	797.3700051389602	0.0
4.29382625E7	763.8600664932836	0.0
4.32975785E7	404.0817593790427	36876.15037176784
4.36568945E7	388.2375396181912	0.0
4.40162105E7	797.2489566065907	0.0
4.43755265E7	466.64318886836776	36876.15037176784
4.47348425E7	806.8818904912321	0.0
4.50941585E7	880.5193386146562	0.0
4.54534745E7	814.3470605789316	36876.15037176784
4.58127905E7	642.2861679669574	0.0
4.61721065E7	642.6433199453023	0.0
4.65314225E7	707.9968970445848	36876.15037176784
4.68907385E7	596.6953309252342	0.0
4.72500545E7	495.79613816306755	0.0
4.76093705E7	589.3702602055347	36876.15037176784
4.79686865E7	593.2574034612551	0.0
4.83280025E7	431.849487109905	0.0
4.86541545E7	1295.9481751270962	36876.15037176784
4.88338125E7	3789.6444444444446	0.0
4.90466345E7	434.8985054640235	0.0
4.94059505E7	839.5010885975368	36876.15037176784
4.97652665E7	582.4734981980367	0.0
5.01245825E7	559.6919963644556	0.0
5.04838985E7	486.6083969162032	36876.15037176784
5.08432145E7	577.2463884011613	0.0
5.12025305E7	914.266368407468	0.0
5.15618465E7	451.3482248392248	36876.15037176784
5.19211625E7	489.21500812840367	0.0
5.22804785E7	1086.277171599489	0.0
5.26397945E7	602.3532903633713	36876.15037176784
5.29991105E7	738.8210604005905	0.0
5.33584265E7	821.6876333014635	0.0
5.37177425E7	392.86062579764996	36876.15037176784
5.40770585E7	844.8589332063707	0.0
5.44363745E7	647.8356123155899	0.0
5.47956905E7	429.13098615050893	36876.15037176784
5.51550065E7	518.8081548923734	0.0
5.55143225E7	516.2367055438524	0.0
5.58736385E7	567.4214167471375	36876.15037176784
5.62329545E7	462.6567072808321	0.0
5.65922705E7	884.0625268401615	0.0
5.69515865E7	535.7010227443236	36876.15037176784
5.73109025E7	554.0100936017209	0.0
5.76702185E7	442.4567826636271	0.0
5.80295345E7	671.2937342005852	36876.15037176784
5.83888505E7	629.8769571537741	0.0
5.87481665E7	546.854004400096	0.0
5.91074825E7	1394.356485500955	36876.15037176784
5.94667985E7	340.245540766159	0.0
5.98261145E7	482.2391624988268	0.0
6.01854305E7	868.618983525358	36876.15037176784
6.05447465E7	536.731177054747	0.0
6.09040625E7	556.0465845448582	0.0
6.12633785E7	632.6276370174221	36876.15037176784
6.16226945E7	622.0314337660861	0.0
6.19820105E7	696.2450220448897	0.0
6.23413265E7	528.5027134348114	36876.15037176784
6.27006425E7	481.15160836954493	0.0
6.30599585E7	1271.277838382143	0.0
6.34192745E7	609.8724365568156	36876.15037176784
6.37785905E7	627.9348882344617	0.0
6.41379065E7	448.5480800432666	0.0
6.44972225E7	493.2906870322943	36876.15037176784
6.48565385E7	560.919253572727	0.0
6.52158545E7	614.5572296174337	0.0
6.55751705E7	681.1947257798155	36876.15037176784
6.59344865E7	923.933658008658	0.0
6.62938025E7	641.7679327410411	0.0
6.66531185E7	515.2169470495932	36876.15037176784
6.70124345E7	688.0522287862514	0.0
6.73717505E7	488.92626283660115	0.0
6.77310665E7	497.4645818093148	36876.15037176784
6.80903825E7	709.0691054873465	0.0
6.84496985E7	451.91083874907315	0.0
6.88090145E7	654.7284423712802	36876.15037176784
6.91683305E7	566.1255965710465	0.0
6.95276465E7	587.2777819702069	0.0
6.98869625E7	557.7754563593489	36876.15037176784
7.02462785E7	487.932891585686	0.0
7.06055945E7	730.5429022606382	0.0
7.09649105E7	355.1306657478541	36876.15037176784
7.13242265E7	683.678046574723	0.0
7.16835425E7	618.9637131839463	0.0
7.20428585E7	719.9929043695336	36876.15037176784
7.24021745E7	9020.689426134924	0.0
7.27614905E7	1174.71974271012	0.0
7.31208065E7	1211.6387112058753	36876.15037176784
7.34801225E7	2320.0970084543683	0.0
7.38394385E7	1298.9454545454546	0.0
7.41987545E7	3268.2044537962474	36876.15037176784
7.45580705E7	18377.003020496224	0.0
7.49173865E7	5149.124369747899	0.0
7.52767025E7	4051.542469352014	36876.15037176784
7.56360185E7	11658.953651685393	0.0
7.59953345E7	2091.5671010286765	0.0
7.63546505E7	24785.552171655996	36876.15037176784
7.67139665E7	1390.4796824234659	0.0
7.690225E7	467.6666666666667	0.0
7.7081908E7	4120.863758389261	36876.15037176784
7.74325985E7	11057.589835728953	0.0
7.77919145E7	1583.3170731707316	0.0
7.81512305E7	5706.239870340357	36876.15037176784
7.85105465E7	2545.1398058252425	0.0
7.88698625E7	2245.1009631351712	0.0
7.92291785E7	1879.0849470694552	36876.15037176784
7.95884945E7	3131.7453870625664	0.0
7.99478105E7	763.5774647887324	0.0
8.03071265E7	11381.184101654846	36876.15037176784
8.06664425E7	2415.2820330585223	0.0
8.10257585E7	517.642737185111	0.0
8.13850745E7	432.0041155256279	36876.15037176784
8.17443905E7	612.0762690174889	0.0
8.21037065E7	1092.9025456058819	0.0
8.24630225E7	559.8982153610474	36876.15037176784
8.28223385E7	612.456236042216	0.0
8.31816545E7	689.2643775106143	0.0
8.35409705E7	396.5986077643909	36876.15037176784
8.39002865E7	748.4614038881895	0.0
8.42596025E7	547.6058605974396	0.0
8.46189185E7	524.4268942358674	36876.15037176784
8.49782345E7	547.7227942816935	0.0
8.53375505E7	389.6104682107721	0.0
8.56968665E7	562.9597855667399	36876.15037176784
8.60561825E7	682.2988413271446	0.0
8.64154985E7	505.5914080755471	0.0
8.67748145E7	469.5159193596904	36876.15037176784
8.71341305E7	594.9180770650759	0.0
8.74934465E7	420.9421310856712	0.0
8.78527625E7	474.92128488769714	36876.15037176784
8.82120785E7	520.0858765529282	0.0
8.85713945E7	1806.195417445625	0.0
8.89307105E7	1285.8244482046896	36876.15037176784
8.92900265E7	438.995027675127	0.0
8.96493425E7	534.4808584202683	0.0
9.00086585E7	830.8419692180438	36876.15037176784
9.03679745E7	670.3945943890163	0.0
9.07272905E7	635.7645110717715	0.0
9.10866065E7	444.2634434437538	36876.15037176784
9.14459225E7	509.31688413991134	0.0
9.18052385E7	716.4952522472696	0.0
9.21645545E7	558.5183868011	36876.15037176784
9.25238705E7	418.42959431851347	0.0
9.28831865E7	406.73484157639473	0.0
9.32425025E7	682.5691339742535	36876.15037176784
9.36018185E7	737.6537299650419	0.0
9.39611345E7	597.3351059984924	0.0
9.43204505E7	505.28851589421924	36876.15037176784
9.46797665E7	573.8490475946863	0.0
9.50390825E7	1126.7274454705755	0.0
9.53983985E7	964.3440240034823	36876.15037176784
9.57577145E7	562.3825037966704	0.0
9.61170305E7	662.6715698876656	0.0
9.64763465E7	872.2257718746359	36876.15037176784
9.68356625E7	732.728854619813	0.0
9.71949785E7	750.4190163934426	0.0
9.75542945E7	606.9270773692631	36876.15037176784
9.79136105E7	789.5502748438994	0.0
9.82729265E7	802.3699495266554	0.0
9.86322425E7	984.906542690376	36876.15037176784
9.89915585E7	863.2174596877037	0.0
9.93508745E7	501.86342042148004	0.0
9.97101905E7	702.62532912442	36876.15037176784
1.000695065E8	639.2873481421237	0.0
1.004288225E8	431.6772889656676	0.0
1.007881385E8	471.15909481448193	36876.15037176784
1.011474545E8	531.8692054223541	0.0
1.015067705E8	593.4821442003912	0.0
1.018660865E8	372.47413024716684	36876.15037176784
1.022254025E8	655.6517103204735	0.0
1.025847185E8	428.5982443761058	0.0
1.029440345E8	487.8143588959401	36876.15037176784
1.033033505E8	1383.4239903625516	0.0
1.036626665E8	851.7368336561821	0.0
1.040219825E8	503.46269313804345	36876.15037176784
1.043812985E8	629.5743415245673	0.0
1.047406145E8	433.7253716204698	0.0
1.050999305E8	676.6710718163487	36876.15037176784
1.054592465E8	617.2705228535783	0.0
1.058185625E8	747.0165622788858	0.0
1.061778785E8	444.499596296695	36876.15037176784
1.065371945E8	507.54766854766854	0.0
1.068965105E8	664.013236224717	0.0
1.072558265E8	708.5518361292962	36876.15037176784
1.076151425E8	885.4971992053976	0.0
1.079744585E8	668.088172406032	0.0
1.083337745E8	703.1432258424148	36876.15037176784
1.086930905E8	714.0336618479243	0.0
1.089314775E8	477.3337797732288	0.0
1.091111355E8	501.8834319782261	36876.15037176784
1.094117225E8	886.4783080428414	0.0
1.097710385E8	675.8177754670248	0.0
1.101303545E8	688.3104722660054	36876.15037176784
1.10324175E8	463.8284775778349	0.0
1.10503833E8	1219.226139752876	0.0
1.108489865E8	432.2563906658724	36876.15037176784
1.112083025E8	563.1247928662542	0.0
1.115676185E8	696.8613049106467	0.0
1.119269345E8	456.3870708616238	36876.15037176784
1.122862505E8	558.354490625512	0.0
1.126455665E8	521.189979853674	0.0
1.130048825E8	1056.3676293418905	36876.15037176784
1.133641985E8	1082.9613973959288	0.0
1.137235145E8	791.7982600415512	0.0
1.140828305E8	965.4779328946588	36876.15037176784
1.144421465E8	959.2117310443491	0.0
1.148014625E8	832.2496472895095	0.0
1.151607785E8	1216.1046628741956	36876.15037176784
1.155200945E8	568.3991054459195	0.0
1.158794105E8	502.6823267261392	0.0
1.162387265E8	550.7164791702492	36876.15037176784
1.165980425E8	726.6683197199533	0.0
1.169573585E8	671.3266457656396	0.0
1.173166745E8	528.1323660098673	36876.15037176784
1.176759905E8	644.4096106115474	0.0
1.180353065E8	501.75083992094864	0.0
1.183946225E8	565.8813994679979	36876.15037176784
1.187539385E8	690.4145663571474	0.0
1.191132545E8	1309.5372279636752	0.0
1.194725705E8	667.0829916813605	36876.15037176784
1.198318865E8	450.6380300144534	0.0
1.201912025E8	548.4743548900924	0.0
1.205505185E8	1493.2721671205104	36876.15037176784
1.209098345E8	643.5310610319042	0.0
1.212691505E8	776.6417498665027	0.0
1.216284665E8	550.5735289949549	36876.15037176784
1.219877825E8	593.7118936014006	0.0
1.223470985E8	378.8171366067088	0.0
1.227064145E8	1125.4532166554477	36876.15037176784
1.230657305E8	1026.7462320041748	0.0
1.234250465E8	495.7199626597731	0.0
1.237843625E8	732.5953624172466	36876.15037176784
1.241436785E8	805.1078510211327	0.0
1.245029945E8	703.5198908053109	0.0
1.248623105E8	1143.696424666521	36876.15037176784
1.252216265E8	1931.4175468932076	0.0
1.255809425E8	439.5746459878624	0.0
1.259402585E8	412.9499198458074	36876.15037176784
1.262995745E8	531.7111398423489	0.0
1.266588905E8	601.2156936834813	0.0
1.270182065E8	513.2644393457753	36876.15037176784
1.273775225E8	1023.2405831089493	0.0
1.277368385E8	654.7007743980004	0.0
1.280961545E8	595.396906193652	36876.15037176784
1.284554705E8	878.779066035465	0.0
1.288147865E8	472.2607792652287	0.0
1.291741025E8	908.0977469491729	36876.15037176784
1.295334185E8	755.0905126051658	0.0
1.298927345E8	399.82299620115094	0.0
1.302520505E8	629.1313470139437	36876.15037176784
1.306113665E8	569.4426410459711	0.0
1.309706825E8	658.6888149752475	0.0
1.313299985E8	941.6272739239173	36876.15037176784
1.316893145E8	877.8533949141193	0.0
1.320486305E8	724.2864410885892	0.0
1.324079465E8	1800.0218772053634	36876.15037176784
1.327672625E8	509.4347381439376	0.0
1.331265785E8	1426.1818661971831	0.0
1.334858945E8	879.8964679499159	36876.15037176784
1.337730805E8	1213.9867010873818	0.0
1.339527385E8	1018.410472972973	0.0
1.342045265E8	12988.33676975945	36876.15037176784
1.345638425E8	36876.15037176784	0.0
1.349231585E8	15951.782980824624	0.0
1.352824745E8	2877.320996369504	36876.15037176784
1.356417905E8	1822.4588728892572	0.0
1.360011065E8	8277.83810488979	0.0
1.363604225E8	7409.667325753831	36876.15037176784
1.367197385E8	8351.386764316012	0.0
1.370790545E8	1881.0254125815331	0.0
1.374033365E8	572.4833701070523	36876.15037176784
1.375577225E8	268.1002410856011	0.0
1.375927565E8	2524.3422267829656	0.0
1.376371405E8	387.7858319604613	36876.15037176784
1.37699935E8	697.0236966824644	0.0
1.37786751E8	272.54368932038835	0.0
1.37868371E8	1205.1339345110503	36876.15037176784
1.37942101E8	297.81832797427654	0.0
1.37980213E8	311.39444444444445	0.0
1.38019627E8	519.2173913043479	36876.15037176784
1.38089538E8	528.6543909348442	0.0
1.38156123E8	1313.547934648582	0.0
1.382206275E8	704.5701754385965	36876.15037176784
1.38280805E8	387.82394366197184	0.0
1.38323179E8	492.25	0.0
1.383484915E8	0.0	36876.15037176784
1.38384028E8	1208.5674157303372	0.0
1.384312265E8	1044.8214285714287	0.0
1.384772795E8	943.6915887850467	36876.15037176784
1.38522045E8	462.7463312368973	0.0
1.385663025E8	375.85214262348705	0.0
1.38610046E8	3164.873015873016	36876.15037176784
1.38651258E8	906.4307692307692	0.0
1.386833775E8	867.4537037037037	0.0
1.387019305E8	263.12	36876.15037176784
1.38726341E8	0.0	0.0
1.387630385E8	470.7433155080214	0.0
1.3879854E8	675.9762494660401	36876.15037176784
1.3883298E8	537.1627906976744	0.0
1.388668195E8	790.0	0.0
1.389001375E8	1322.0619718309858	36876.15037176784
1.389325255E8	285.80351573575274	0.0
1.38963047E8	264.45	0.0
1.38991991E8	289.4871794871795	36876.15037176784
1.390198715E8	197.57142857142858	0.0
1.39044446E8	278.29213483146066	0.0
1.390581695E8	169.33333333333334	36876.15037176784
1.39074104E8	490.1875	0.0
1.391000815E8	282.78343949044586	0.0
1.39125904E8	1322.826923076923	36876.15037176784
1.391516555E8	621.5733333333334	0.0
1.391772845E8	275.4275925079945	0.0
1.39202833E8	2184.56	36876.15037176784
1.39227853E8	271.375	0.0
1.392522945E8	989.0987841945289	0.0
1.392761035E8	0.0	36876.15037176784
1.392991635E8	7834.5	0.0
1.393219065E8	256.0	0.0
1.39344169E8	273.9203354297694	36876.15037176784
1.393656665E8	0.0	0.0
1.39386585E8	504.89980353634576	0.0
1.394057875E8	1156.3333333333333	36876.15037176784
1.394157655E8	0.0	0.0
1.39426072E8	1385.0	0.0
1.394433E8	712.0	36876.15037176784
1.394591395E8	331.6666666666667	0.0
1.39474609E8	0.0	0.0
1.394898515E8	197.75	36876.15037176784
1.39504877E8	281.09615384615387	0.0
1.39519712E8	219.0	0.0
1.39534307E8	0.0	36876.15037176784
1.39548658E8	306.6666666666667	0.0
1.395628065E8	286.42105263157896	0.0
1.395768695E8	207.0	36876.15037176784
1.395908865E8	288.0	0.0
1.396048595E8	332.4375	0.0
1.39618797E8	257.6	36876.15037176784
1.396327175E8	1496.0	0.0
1.39646447E8	284.0	0.0
1.39659998E8	277.74900398406373	36876.15037176784
1.39673523E8	0.0	0.0
1.39687001E8	270.3125	0.0
1.39700456E8	321.0	36876.15037176784
1.397138915E8	0.0	0.0
1.397272965E8	0.0	0.0
1.39740652E8	143.0	36876.15037176784
1.397539385E8	0.0	0.0
1.397671835E8	344.0	0.0
1.397738625E8	0.0	36876.15037176784
1.39780441E8	440.75	0.0
1.397935115E8	278.3333333333333	0.0
1.39806605E8	0.0	36876.15037176784
1.398195725E8	278.9671052631579	0.0
1.398324245E8	0.0	0.0
1.39845262E8	241.42857142857142	36876.15037176784
1.398580325E8	255.4	0.0
1.3987073E8	0.0	0.0
1.398833975E8	252.0	36876.15037176784
1.398960405E8	372.70992366412213	0.0
1.399086725E8	295.0	0.0
1.399212565E8	266.05555555555554	36876.15037176784
1.39933781E8	379.4609602327837	0.0
1.39946267E8	269.0	0.0
1.399587085E8	353.54545454545456	36876.15037176784
1.399711325E8	0.0	0.0
1.39983544E8	244.22222222222223	0.0
1.399959275E8	279.683615819209	36876.15037176784
1.400082885E8	265.8	0.0
1.40020559E8	0.0	0.0
1.400327265E8	176.0	36876.15037176784
1.400448715E8	0.0	0.0
1.4005699E8	0.0	0.0
1.400690545E8	358.0	36876.15037176784
1.40081085E8	287.0	0.0
1.400930995E8	327.7	0.0
1.40105101E8	515.0	36876.15037176784
1.40117094E8	271.25	0.0
1.401281635E8	0.0	0.0
1.40134155E8	0.0	36876.15037176784
1.401410485E8	265.0	0.0
1.40153003E8	259.5	0.0
1.40164882E8	0.0	36876.15037176784
1.40176667E8	319.25	0.0
1.4018842E8	389.91657914478617	0.0
1.40200076E8	245.51020408163265	36876.15037176784
1.402116215E8	0.0	0.0
1.402231315E8	244.0	0.0
1.402345955E8	0.0	36876.15037176784
1.402459205E8	241.66666666666666	0.0
1.402571045E8	0.0	0.0
1.402682415E8	0.0	36876.15037176784
1.4027885E8	286.9013539651838	0.0
1.40288828E8	377.0	0.0
1.402984445E8	0.0	36876.15037176784
1.40307799E8	0.0	0.0
1.403166425E8	0.0	0.0
1.40324819E8	0.0	36876.15037176784
1.403326835E8	240.75	0.0
1.403402015E8	0.0	0.0
1.4034742E8	0.0	36876.15037176784
1.40354483E8	313.4	0.0
1.403614525E8	310.30526315789473	0.0
1.403683705E8	263.43459915611817	36876.15037176784
1.403752505E8	262.6326530612245	0.0
1.403821105E8	313.6666666666667	0.0
1.40388953E8	289.0	36876.15037176784
1.403957145E8	0.0	0.0
1.404023365E8	240.5	0.0
1.404088075E8	0.0	36876.15037176784
1.404151525E8	227.42857142857142	0.0
1.40421418E8	262.6470588235294	0.0
1.40427633E8	275.2688679245283	36876.15037176784
1.404337675E8	287.42857142857144	0.0
1.404398365E8	0.0	0.0
1.40445888E8	248.54545454545453	36876.15037176784
1.404519085E8	0.0	0.0
1.404579005E8	248.2	0.0
1.404638765E8	241.10714285714286	36876.15037176784
1.404698365E8	225.0	0.0
1.4047577E8	201.0	0.0
1.40481673E8	254.95501730103805	36876.15037176784
1.404875345E8	0.0	0.0
1.404915035E8	0.0	0.0
1.404943895E8	0.0	36876.15037176784
1.404990715E8	0.0	0.0
1.405047025E8	346.8658924374395	0.0
1.40510262E8	0.0	36876.15037176784
1.405157995E8	270.93333333333334	0.0
1.40521292E8	266.34615384615387	0.0
1.40526756E8	308.6736035049288	36876.15037176784
1.40532181E8	0.0	0.0
1.40537566E8	268.3337893296854	0.0
1.405429375E8	294.6	36876.15037176784
1.405482795E8	0.0	0.0
1.40553603E8	0.0	0.0
1.405589225E8	267.9	36876.15037176784
1.40564221E8	0.0	0.0
1.405694775E8	204.75	0.0
1.40574688E8	295.0	36876.15037176784
1.405798735E8	244.30769230769232	0.0
1.405850135E8	217.66666666666666	0.0
1.40590093E8	231.0	36876.15037176784
1.405951535E8	0.0	0.0
1.40600212E8	0.0	0.0
1.406052535E8	0.0	36876.15037176784
1.406102665E8	255.25925925925927	0.0
1.406152645E8	0.0	0.0
1.406202595E8	282.27272727272725	36876.15037176784
1.406252495E8	265.0	0.0
1.40630226E8	0.0	0.0
1.40635179E8	355.0	36876.15037176784
1.40640115E8	0.0	0.0
1.4064504E8	0.0	0.0
1.4064995E8	281.3583535108959	36876.15037176784
1.406548455E8	0.0	0.0
1.40659729E8	218.39772727272728	0.0
1.40664601E8	241.0	36876.15037176784
1.406694435E8	0.0	0.0
1.40674261E8	0.0	0.0
1.40679061E8	250.0	36876.15037176784
1.40683806E8	0.0	0.0
1.40688509E8	0.0	0.0
1.406931635E8	234.0	36876.15037176784
1.40697758E8	0.0	0.0
1.40702335E8	221.0	0.0
1.40706898E8	1954.3333333333333	36876.15037176784
1.40711432E8	0.0	0.0
1.40715925E8	434.0731707317073	0.0
1.40720393E8	236.16666666666666	36876.15037176784
1.407248515E8	290.0	0.0
1.407292955E8	316.25	0.0
1.407337135E8	0.0	36876.15037176784
1.40738111E8	0.0	0.0
1.40742499E8	0.0	0.0
1.407468785E8	0.0	36876.15037176784
1.40751256E8	0.0	0.0
1.407556295E8	0.0	0.0
1.40759995E8	302.0	36876.15037176784
1.407643435E8	0.0	0.0
1.407686665E8	267.96666666666664	0.0
1.407729765E8	266.45454545454544	36876.15037176784
1.40777284E8	0.0	0.0
1.40781584E8	282.6188369152971	0.0
1.40785876E8	296.0410094637224	36876.15037176784
1.40790157E8	0.0	0.0
1.407944295E8	0.0	0.0
1.407986935E8	211.0	36876.15037176784
1.40802937E8	0.0	0.0
1.40807165E8	241.33333333333334	0.0
1.408113885E8	0.0	36876.15037176784
1.408156105E8	265.9	0.0
1.408198225E8	372.6511627906977	0.0
1.40824022E8	284.0	36876.15037176784
1.408282145E8	332.2916666666667	0.0
1.408324E8	0.0	0.0
1.408365825E8	0.0	36876.15037176784
1.40840755E8	0.0	0.0
1.408449115E8	905.5	0.0
1.40849054E8	0.0	36876.15037176784
1.40851497E8	252.0	0.0
1.408535395E8	0.0	0.0
1.40857247E8	0.0	36876.15037176784
1.408613235E8	250.0	0.0
1.40865389E8	332.7319587628866	0.0
1.408694335E8	0.0	36876.15037176784
1.40873455E8	0.0	0.0
1.408774675E8	0.0	0.0
1.408814765E8	285.6666666666667	36876.15037176784
1.40885475E8	281.0	0.0
1.408894625E8	0.0	0.0
1.408934395E8	230.33333333333334	36876.15037176784
1.408974065E8	0.0	0.0
1.409013685E8	366.0	0.0
1.409053235E8	301.47396768402155	36876.15037176784
1.40909269E8	0.0	0.0
1.409132055E8	0.0	0.0
1.409171345E8	0.0	36876.15037176784
1.409210595E8	310.54545454545456	0.0
1.40924982E8	0.0	0.0
1.40928899E8	0.0	36876.15037176784
1.40932812E8	0.0	0.0
1.409367215E8	340.0	0.0
1.4094061E8	0.0	36876.15037176784
1.409444775E8	269.0192307692308	0.0
1.409483385E8	276.8854489164087	0.0
1.409521765E8	241.0	36876.15037176784
1.40955989E8	300.88607594936707	0.0
1.409597955E8	0.0	0.0
1.409636015E8	257.3333333333333	36876.15037176784
1.40967392E8	0.0	0.0
1.40971157E8	292.0	0.0
1.40974907E8	289.25	36876.15037176784
1.40978648E8	0.0	0.0
1.409823815E8	255.25	0.0
1.40986105E8	240.76470588235293	36876.15037176784
1.409898215E8	267.6	0.0
1.40993536E8	0.0	0.0
1.409972465E8	0.0	36876.15037176784
1.41000941E8	0.0	0.0
1.410046115E8	233.68421052631578	0.0
1.410082665E8	282.0	36876.15037176784
1.41011916E8	0.0	0.0
1.410155645E8	0.0	0.0
1.410192115E8	268.0	36876.15037176784
1.410228535E8	238.125	0.0
1.410264835E8	258.6666666666667	0.0
1.410301055E8	0.0	36876.15037176784
1.41033718E8	257.1111111111111	0.0
1.41037321E8	0.0	0.0
1.410409235E8	0.0	36876.15037176784
1.41044521E8	0.0	0.0
1.410481085E8	360.0	0.0
1.410516865E8	0.0	36876.15037176784
1.41055252E8	258.5	0.0
1.410588075E8	309.6031746031746	0.0
1.41062361E8	198.0	36876.15037176784
1.41065914E8	0.0	0.0
1.41069467E8	259.943661971831	0.0
1.41073012E8	300.0	36876.15037176784
1.41076544E8	0.0	0.0
1.41080071E8	158.0	0.0
1.41083596E8	0.0	36876.15037176784
1.41087117E8	0.0	0.0
1.41090628E8	0.0	0.0
1.410941305E8	286.59081196581195	36876.15037176784
1.41097631E8	274.59615384615387	0.0
1.411011295E8	0.0	0.0
1.411046235E8	297.14285714285717	36876.15037176784
1.411081075E8	0.0	0.0
1.41111585E8	0.0	0.0
1.4111506E8	0.0	36876.15037176784
1.411185295E8	262.0285714285714	0.0
1.41121994E8	0.0	0.0
1.411254545E8	309.10526315789474	36876.15037176784
1.411289005E8	0.0	0.0
1.411323185E8	0.0	0.0
1.411357175E8	0.0	36876.15037176784
1.4113911E8	256.0	0.0
1.411424975E8	0.0	0.0
1.41145878E8	350.6	36876.15037176784
1.411492525E8	299.5039924847346	0.0
1.41152626E8	289.875	0.0
1.41155995E8	0.0	36876.15037176784
1.411593515E8	0.0	0.0
1.41162699E8	317.4	0.0
1.41166043E8	300.0	36876.15037176784
1.4116937E8	0.0	0.0
1.411726805E8	277.6	0.0
1.411759855E8	0.0	36876.15037176784
1.41179286E8	0.0	0.0
1.411825805E8	0.0	0.0
1.411858675E8	218.22222222222223	36876.15037176784
1.41189148E8	0.0	0.0
1.41192424E8	284.0	0.0
1.411956955E8	303.0	36876.15037176784
1.411989605E8	262.0	0.0
1.41202221E8	208.83333333333334	0.0
1.4120548E8	317.22763096893834	36876.15037176784
1.412087365E8	0.0	0.0
1.41210776E8	0.0	0.0
1.41212402E8	0.0	36876.15037176784
1.412152325E8	0.0	0.0
1.41218463E8	239.0	0.0
1.41221688E8	205.0	36876.15037176784
1.412249085E8	232.25925925925927	0.0
1.41228124E8	373.27659574468083	0.0
1.41231335E8	0.0	36876.15037176784
1.412345425E8	196.5	0.0
1.41237746E8	0.0	0.0
1.41240947E8	297.0	36876.15037176784
1.41244146E8	0.0	0.0
1.412473425E8	541.1111111111111	0.0
1.41250538E8	266.49106723084157	36876.15037176784
1.412537305E8	266.862167982771	0.0
1.412569125E8	0.0	0.0
1.41260086E8	0.0	36876.15037176784
1.41263258E8	223.0	0.0
1.412664245E8	194.5	0.0
1.41269585E8	0.0	36876.15037176784
1.41272743E8	0.0	0.0
1.412758995E8	0.0	0.0
1.412790545E8	248.15384615384616	36876.15037176784
1.412822035E8	0.0	0.0
1.4128534E8	294.73588342440803	0.0
1.41288466E8	0.0	36876.15037176784
1.41291589E8	0.0	0.0
1.412947105E8	0.0	0.0
1.412978215E8	314.0888888888889	36876.15037176784
1.413009225E8	0.0	0.0
1.413040225E8	298.42857142857144	0.0
1.41307117E8	0.0	36876.15037176784
1.41310204E8	277.45454545454544	0.0
1.413132865E8	0.0	0.0
1.413163665E8	249.75	36876.15037176784
1.41319445E8	281.5	0.0
1.413225215E8	173.7579908675799	0.0
1.41325596E8	0.0	36876.15037176784
1.41328669E8	227.875	0.0
1.41331738E8	0.0	0.0
1.413348E8	0.0	36876.15037176784
1.413378585E8	268.67619047619047	0.0
1.413409105E8	298.5	0.0
1.413439555E8	0.0	36876.15037176784
1.41346999E8	224.0	0.0
1.41350033E8	0.0	0.0
1.413530575E8	0.0	36876.15037176784
1.41356076E8	346.0	0.0
1.413590875E8	0.0	0.0
1.41362097E8	0.0	36876.15037176784
1.413651025E8	0.0	0.0
1.41368103E8	0.0	0.0
1.41371102E8	220.8	36876.15037176784
1.413740995E8	514.5	0.0
1.41377093E8	273.6	0.0
1.413800805E8	284.58620689655174	36876.15037176784
1.413830635E8	240.0	0.0
1.413860455E8	280.8333333333333	0.0
1.41389022E8	200.0	36876.15037176784
1.413919895E8	0.0	0.0
1.4139495E8	0.0	0.0
1.413979065E8	0.0	36876.15037176784
1.41400857E8	0.0	0.0
1.41403801E8	0.0	0.0
1.41406741E8	261.0	36876.15037176784
1.41409678E8	0.0	0.0
1.414126105E8	0.0	0.0
1.41415538E8	271.13454545454545	36876.15037176784
1.414184645E8	0.0	0.0
1.414213895E8	327.1666666666667	0.0
1.414243125E8	299.5676359039191	36876.15037176784
1.414272345E8	275.3181818181818	0.0
1.41430155E8	310.0	0.0
1.414330725E8	170.96969696969697	36876.15037176784
1.414359875E8	263.0	0.0
1.414389E8	230.40740740740742	0.0
1.414418105E8	360.0	36876.15037176784
1.41444718E8	270.7386363636364	0.0
1.414476225E8	232.16666666666666	0.0
1.41450526E8	0.0	36876.15037176784
1.41453427E8	317.6483664533513	0.0
1.41456323E8	0.0	0.0
1.41459214E8	270.2	36876.15037176784
1.414621005E8	256.42857142857144	0.0
1.414649835E8	310.96707503828486	0.0
1.414678655E8	219.0	36876.15037176784
1.414707475E8	297.0	0.0
1.41473629E8	331.2	0.0
1.41476508E8	0.0	36876.15037176784
1.414793845E8	260.73333333333335	0.0
1.41482258E8	0.0	0.0
1.414851235E8	0.0	36876.15037176784
1.414879835E8	266.0	0.0
1.414908425E8	0.0	0.0
1.41493699E8	293.55555555555554	36876.15037176784
1.41496551E8	298.55634039690545	0.0
1.414993995E8	57.0	0.0
1.415022465E8	0.0	36876.15037176784
1.415050915E8	254.0	0.0
1.41507934E8	0.0	0.0
1.415107725E8	0.0	36876.15037176784
1.415136075E8	0.0	0.0
1.41516441E8	0.0	0.0
1.415192725E8	0.0	36876.15037176784
1.41522102E8	333.0	0.0
1.415249305E8	275.3333333333333	0.0
1.41527757E8	222.25	36876.15037176784
1.41530581E8	0.0	0.0
1.415334035E8	0.0	0.0
1.415362255E8	0.0	36876.15037176784
1.415390465E8	240.0	0.0
1.41541866E8	0.0	0.0
1.41544683E8	302.8636363636364	36876.15037176784
1.415474975E8	0.0	0.0
1.4155031E8	245.0	0.0
1.415531175E8	0.0	36876.15037176784
1.41555919E8	357.54545454545456	0.0
1.415587165E8	243.2	0.0
1.41561512E8	0.0	36876.15037176784
1.41564307E8	301.25	0.0
1.415671015E8	0.0	0.0
1.415695015E8	270.25142857142856	36876.15037176784
1.41570898E8	238.83333333333334	0.0
1.41572688E8	0.0	0.0
1.4157548E8	0.0	36876.15037176784
1.415782705E8	435.6666666666667	0.0
1.415810595E8	269.0	0.0
1.41583847E8	298.3	36876.15037176784
1.415866325E8	0.0	0.0
1.41589416E8	309.0173775671406	0.0
1.41592198E8	0.0	36876.15037176784
1.41594971E8	203.33333333333334	0.0
1.415977345E8	221.0	0.0
1.41600491E8	0.0	36876.15037176784
1.416032415E8	0.0	0.0
1.41605989E8	170.0	0.0
1.416087335E8	205.0	36876.15037176784
1.416114735E8	0.0	0.0
1.41614208E8	0.0	0.0
1.416169385E8	274.44323342415987	36876.15037176784
1.41619657E8	305.14044943820227	0.0
1.416223655E8	239.0	0.0
1.41625071E8	190.0	36876.15037176784
1.416277715E8	0.0	0.0
1.41630469E8	351.0	0.0
1.416331645E8	306.05555555555554	36876.15037176784
1.41635856E8	0.0	0.0
1.416385445E8	288.46666666666664	0.0
1.416412325E8	0.0	36876.15037176784
1.416439195E8	262.9655172413793	0.0
1.41646598E8	403.45454545454544	0.0
1.416492685E8	0.0	36876.15037176784
1.41651938E8	264.8333333333333	0.0
1.416546065E8	0.0	0.0
1.41657273E8	281.03073170731705	36876.15037176784
1.416599375E8	0.0	0.0
1.41662593E8	282.41279069767444	0.0
1.416652385E8	270.0	36876.15037176784
1.416678815E8	293.12417218543044	0.0
1.41670523E8	0.0	0.0
1.41673163E8	0.0	36876.15037176784
1.41675801E8	0.0	0.0
1.416784375E8	279.53846153846155	0.0
1.41681073E8	0.0	36876.15037176784
1.41683705E8	505.5	0.0
1.416863335E8	263.3333333333333	0.0
1.416889605E8	219.0	36876.15037176784
1.416915825E8	293.0	0.0
1.416942E8	0.0	0.0
1.416968145E8	0.0	36876.15037176784
1.41699426E8	0.0	0.0
1.41702034E8	0.0	0.0
1.41704638E8	1220.5	36876.15037176784
1.41707241E8	255.875	0.0
1.41709838E8	0.0	0.0
1.417124275E8	221.0	36876.15037176784
1.417150135E8	0.0	0.0
1.41717597E8	153.0	0.0
1.41720177E8	0.0	36876.15037176784
1.41722754E8	0.0	0.0
1.417253305E8	0.0	0.0
1.41727906E8	250.75	36876.15037176784
1.41730481E8	0.0	0.0
1.41733056E8	200.0	0.0
1.417356305E8	255.23076923076923	36876.15037176784
1.417382025E8	0.0	0.0
1.4174077E8	260.5	0.0
1.41743333E8	0.0	36876.15037176784
1.41745892E8	0.0	0.0
1.417484485E8	1682.0	0.0
1.41751004E8	247.20338983050848	36876.15037176784
1.41753556E8	0.0	0.0
1.41756104E8	393.5059574468085	0.0
1.41758648E8	275.1666666666667	36876.15037176784
1.41761189E8	272.25	0.0
1.417637275E8	0.0	0.0
1.4176626E8	0.0	36876.15037176784
1.41768789E8	0.0	0.0
1.417713145E8	0.0	0.0
1.41773836E8	289.30434782608694	36876.15037176784
1.41776357E8	0.0	0.0
1.417788775E8	0.0	0.0
1.417813975E8	260.6	36876.15037176784
1.41783916E8	278.46086956521737	0.0
1.417864325E8	0.0	0.0
1.41788946E8	251.1891891891892	36876.15037176784
1.41791457E8	229.17629179331308	0.0
1.417939675E8	0.0	0.0
1.417964765E8	268.0	36876.15037176784
1.41798983E8	0.0	0.0
1.418014855E8	0.0	0.0
1.41803981E8	273.281045751634	36876.15037176784
1.4180647E8	0.0	0.0
1.41808953E8	0.0	0.0
1.41811431E8	296.9644495412844	36876.15037176784
1.418139075E8	256.3	0.0
1.41816383E8	0.0	0.0
1.41818857E8	0.0	36876.15037176784
1.418213285E8	0.0	0.0
1.418237955E8	226.66666666666666	0.0
1.41826259E8	278.7916666666667	36876.15037176784
1.418287215E8	0.0	0.0
1.41831178E8	237.6	0.0
1.41833627E8	268.75	36876.15037176784
1.418360715E8	0.0	0.0
1.41838512E8	0.0	0.0
1.418409505E8	243.0408163265306	36876.15037176784
1.418433885E8	0.0	0.0
1.418458265E8	274.0	0.0
1.41848263E8	0.0	36876.15037176784
1.418506975E8	0.0	0.0
1.418531305E8	214.0	0.0
1.41855562E8	0.0	36876.15037176784
1.41857992E8	240.9	0.0
1.418604205E8	254.33333333333334	0.0
1.41862847E8	0.0	36876.15037176784
1.41865272E8	0.0	0.0
1.41867695E8	0.0	0.0
1.41870116E8	274.7	36876.15037176784
1.418725365E8	0.0	0.0
1.41874956E8	0.0	0.0
1.41877374E8	0.0	36876.15037176784
1.41879789E8	0.0	0.0
1.418822015E8	0.0	0.0
1.418846075E8	0.0	36876.15037176784
1.418870045E8	0.0	0.0
1.418893965E8	266.0375	0.0
1.418917865E8	0.0	36876.15037176784
1.41894176E8	410.0	0.0
1.41896563E8	0.0	0.0
1.41898948E8	145.0	36876.15037176784
1.41901333E8	283.20952380952383	0.0
1.419037175E8	312.3557993730407	0.0
1.41906101E8	270.1392405063291	36876.15037176784
1.41908484E8	269.2597254004577	0.0
1.419108665E8	0.0	0.0
1.41913248E8	0.0	36876.15037176784
1.41915629E8	288.360038378508	0.0
1.41918009E8	258.4671052631579	0.0
1.41920388E8	212.0	36876.15037176784
1.419227665E8	283.0	0.0
1.41925143E8	0.0	0.0
1.419275165E8	0.0	36876.15037176784
1.419292615E8	304.0833333333333	0.0
1.41930446E8	0.0	0.0
1.419322555E8	281.0	36876.15037176784
1.419346225E8	0.0	0.0
1.41936987E8	0.0	0.0
1.41939347E8	0.0	36876.15037176784
1.41941703E8	243.0	0.0
1.419440575E8	0.0	0.0
1.41946411E8	0.0	36876.15037176784
1.419487635E8	0.0	0.0
1.419511115E8	0.0	0.0
1.419534545E8	262.0	36876.15037176784
1.419557965E8	286.475	0.0
1.41958135E8	0.0	0.0
1.419604675E8	235.375	36876.15037176784
1.419627965E8	0.0	0.0
1.419651245E8	306.90283400809716	0.0
1.419674515E8	286.72581108240024	36876.15037176784
1.41969777E8	0.0	0.0
1.419721005E8	0.0	0.0
1.419744205E8	300.0	36876.15037176784
1.41976738E8	0.0	0.0
1.419790505E8	280.5	0.0
1.41981358E8	0.0	36876.15037176784
1.419836635E8	282.50689655172414	0.0
1.41985967E8	245.1090909090909	0.0
1.41988266E8	263.3333333333333	36876.15037176784
1.4199056E8	0.0	0.0
1.41992852E8	283.3333333333333	0.0
1.41995142E8	0.0	36876.15037176784
1.4199743E8	0.0	0.0
1.419997165E8	0.0	0.0
1.420020015E8	250.64285714285714	36876.15037176784
1.42004285E8	0.0	0.0
1.420065675E8	0.0	0.0
1.42008845E8	0.0	36876.15037176784
1.420111165E8	288.8510638297872	0.0
1.42013386E8	0.0	0.0
1.420156535E8	0.0	36876.15037176784
1.42017916E8	1108.0	0.0
1.42020175E8	0.0	0.0
1.42022431E8	0.0	36876.15037176784
1.420246815E8	0.0	0.0
1.42026929E8	200.0	0.0
1.42029171E8	0.0	36876.15037176784
1.420314065E8	0.0	0.0
1.420336395E8	300.5	0.0
1.420358715E8	272.40418118466897	36876.15037176784
1.420381015E8	0.0	0.0
1.42040329E8	231.0	0.0
1.42042554E8	0.0	36876.15037176784
1.42044776E8	0.0	0.0
1.420469965E8	0.0	0.0
1.42049215E8	0.0	36876.15037176784
1.420514315E8	0.0	0.0
1.420536445E8	0.0	0.0
1.42055854E8	0.0	36876.15037176784
1.42058062E8	223.0	0.0
1.420602685E8	280.0028901734104	0.0
1.42062474E8	0.0	36876.15037176784
1.42064677E8	259.0	0.0
1.420668775E8	0.0	0.0
1.420690765E8	0.0	36876.15037176784
1.420712745E8	0.0	0.0
1.420734715E8	0.0	0.0
1.420756655E8	0.0	36876.15037176784
1.420778565E8	265.8830548926014	0.0
1.42080046E8	0.0	0.0
1.42082235E8	0.0	36876.15037176784
1.42084423E8	0.0	0.0
1.42086609E8	0.0	0.0
1.4208879E8	180.0	36876.15037176784
1.420909665E8	311.5	0.0
1.42093141E8	0.0	0.0
1.420953105E8	0.0	36876.15037176784
1.42097474E8	0.0	0.0
1.42099635E8	0.0	0.0
1.42101794E8	274.2	36876.15037176784
1.42103946E8	0.0	0.0
1.42106089E8	0.0	0.0
1.421082245E8	644.0	36876.15037176784
1.42110355E8	0.0	0.0
1.421124825E8	0.0	0.0
1.421146075E8	0.0	36876.15037176784
1.421167315E8	270.6842105263158	0.0
1.42118853E8	278.8888888888889	0.0
1.42120971E8	280.0	36876.15037176784
1.421230865E8	266.0	0.0
1.421252E8	0.0	0.0
1.42127313E8	0.0	36876.15037176784
1.42129426E8	0.0	0.0
1.421315385E8	0.0	0.0
1.42133649E8	1361.0	36876.15037176784
1.421357575E8	0.0	0.0
1.42137864E8	0.0	0.0
1.42139969E8	276.1	36876.15037176784
1.42142073E8	0.0	0.0
1.421441755E8	303.5	0.0
1.421462745E8	0.0	36876.15037176784
1.421483705E8	373.0	0.0
1.421504655E8	0.0	0.0
1.421525595E8	1050.0	36876.15037176784
1.421546525E8	257.75	0.0
1.421567435E8	316.51724137931035	0.0
1.42158833E8	0.0	36876.15037176784
1.421609215E8	0.0	0.0
1.42163009E8	219.41666666666666	0.0
1.42165096E8	0.0	36876.15037176784
1.421671825E8	0.0	0.0
1.421692675E8	0.0	0.0
1.4217135E8	278.037037037037	36876.15037176784
1.4217343E8	0.0	0.0
1.42175509E8	0.0	0.0
1.421775875E8	0.0	36876.15037176784
1.421796645E8	298.0	0.0
1.421817365E8	0.0	0.0
1.421838025E8	272.340490797546	36876.15037176784
1.42185866E8	573.0	0.0
1.42187929E8	316.59800664451825	0.0
1.421899915E8	281.75	36876.15037176784
1.421920525E8	0.0	0.0
1.421941125E8	0.0	0.0
1.421961725E8	255.0	36876.15037176784
1.42198232E8	383.75	0.0
1.422002865E8	300.3333333333333	0.0
1.422023345E8	341.0	36876.15037176784
1.422043795E8	0.0	0.0
1.42206423E8	197.0	0.0
1.42208462E8	0.0	36876.15037176784
1.42210496E8	0.0	0.0
1.42212529E8	0.0	0.0
1.422145605E8	0.0	36876.15037176784
1.42216589E8	255.9102564102564	0.0
1.42218613E8	229.0	0.0
1.422206335E8	0.0	36876.15037176784
1.42222652E8	327.0	0.0
1.422246675E8	0.0	0.0
1.422266795E8	165.0	36876.15037176784
1.42228689E8	0.0	0.0
1.422306975E8	315.0	0.0
1.422327045E8	0.0	36876.15037176784
1.422347105E8	0.0	0.0
1.42236716E8	258.8888888888889	0.0
1.42238721E8	255.66666666666666	36876.15037176784
1.422407225E8	0.0	0.0
1.422427205E8	234.875	0.0
1.422447185E8	174.0	36876.15037176784
1.42246715E8	0.0	0.0
1.42248709E8	0.0	0.0
1.422507005E8	0.0	36876.15037176784
1.422526905E8	250.97037037037038	0.0
1.422546795E8	295.0	0.0
1.422566665E8	0.0	36876.15037176784
1.422586525E8	0.0	0.0
1.422606355E8	0.0	0.0
1.422626145E8	271.0	36876.15037176784
1.422645915E8	210.66666666666666	0.0
1.422665675E8	251.33333333333334	0.0
1.42268543E8	197.0	36876.15037176784
1.422705175E8	254.75	0.0
1.422724895E8	0.0	0.0
1.422744575E8	363.3333333333333	36876.15037176784
1.422764235E8	528.0	0.0
1.422783895E8	0.0	0.0
1.422803545E8	0.0	36876.15037176784
1.42282318E8	266.834688897926	0.0
1.422842805E8	546.75	0.0
1.422862425E8	245.8235294117647	36876.15037176784
1.4228818E8	1402.0	0.0
1.42289161E8	0.0	0.0
1.42290166E8	0.0	36876.15037176784
1.42292127E8	0.0	0.0
1.42294088E8	0.0	0.0
1.422960465E8	0.0	36876.15037176784
1.422980025E8	311.6125	0.0
1.42299954E8	0.0	0.0
1.42301901E8	264.2	36876.15037176784
1.42303848E8	241.0	0.0
1.423057945E8	211.0	0.0
1.4230774E8	0.0	36876.15037176784
1.423096845E8	0.0	0.0
1.42311628E8	250.0	0.0
1.42313569E8	0.0	36876.15037176784
1.423155065E8	0.0	0.0
1.423174425E8	0.0	0.0
1.42319378E8	0.0	36876.15037176784
1.42321312E8	0.0	0.0
1.42323245E8	322.0	0.0
1.42325177E8	0.0	36876.15037176784
1.42327107E8	334.15384615384613	0.0
1.423290355E8	0.0	0.0
1.423309635E8	319.0	36876.15037176784
1.42332891E8	0.0	0.0
1.423348175E8	242.79545454545453	0.0
1.423367435E8	1027.0	36876.15037176784
1.423386685E8	0.0	0.0
1.423405905E8	0.0	0.0
1.42342509E8	0.0	36876.15037176784
1.423444255E8	0.0	0.0
1.423463415E8	0.0	0.0
1.42348253E8	257.0	36876.15037176784
1.423501595E8	0.0	0.0
1.42352065E8	222.5	0.0
1.423539695E8	0.0	36876.15037176784
1.42355873E8	0.0	0.0
1.42357776E8	0.0	0.0
1.42359679E8	253.0	36876.15037176784
1.423615815E8	291.0	0.0
1.42363483E8	278.6666666666667	0.0
1.423653835E8	0.0	36876.15037176784
1.423672835E8	307.0	0.0
1.42369183E8	0.0	0.0
1.4237108E8	0.0	36876.15037176784
1.42372975E8	0.0	0.0
1.42374869E8	312.0	0.0
1.42376761E8	0.0	36876.15037176784
1.423786515E8	0.0	0.0
1.423805415E8	282.20819112627987	0.0
1.423824305E8	304.25	36876.15037176784
1.423843155E8	0.0	0.0
1.423861925E8	217.0	0.0
1.423880645E8	0.0	36876.15037176784
1.42389936E8	0.0	0.0
1.423918065E8	549.0	0.0
1.423936765E8	0.0	36876.15037176784
1.42395546E8	0.0	0.0
1.42397415E8	0.0	0.0
1.42399284E8	222.0	36876.15037176784
1.424011525E8	427.5	0.0
1.42403019E8	0.0	0.0
1.42404883E8	304.90714774281804	36876.15037176784
1.42406746E8	0.0	0.0
1.424086055E8	0.0	0.0
1.424104605E8	318.75	36876.15037176784
1.42412313E8	0.0	0.0
1.42414163E8	0.0	0.0
1.42416009E8	0.0	36876.15037176784
1.42417852E8	0.0	0.0
1.42419695E8	0.0	0.0
1.42421538E8	341.5	36876.15037176784
1.424233805E8	0.0	0.0
1.42425222E8	0.0	0.0
1.42427063E8	769.0	36876.15037176784
1.424288995E8	0.0	0.0
1.424307315E8	0.0	0.0
1.424325625E8	0.0	36876.15037176784
1.42434392E8	0.0	0.0
1.42436221E8	0.0	0.0
1.424380485E8	165.5	36876.15037176784
1.42439871E8	318.0	0.0
1.424416895E8	0.0	0.0
1.424435075E8	0.0	36876.15037176784
1.42445323E8	0.0	0.0
1.42447136E8	232.75064599483204	0.0
1.424489455E8	0.0	36876.15037176784
1.4245075E8	0.0	0.0
1.424525525E8	0.0	0.0
1.42454354E8	271.3333333333333	36876.15037176784
1.424561545E8	0.0	0.0
1.424579545E8	229.33333333333334	0.0
1.424597535E8	0.0	36876.15037176784
1.42461551E8	543.0	0.0
1.42463346E8	0.0	0.0
1.424651385E8	0.0	36876.15037176784
1.42466928E8	513.0	0.0
1.424687145E8	0.0	0.0
1.424705E8	721.0	36876.15037176784
1.42472285E8	277.55555555555554	0.0
1.424740655E8	0.0	0.0
1.42475841E8	0.0	36876.15037176784
1.42477616E8	283.07142857142856	0.0
1.42479391E8	262.0	0.0
1.424811635E8	211.0	36876.15037176784
1.42482933E8	213.0	0.0
1.424847005E8	297.02211302211305	0.0
1.42486464E8	0.0	36876.15037176784
1.424882225E8	224.0	0.0
1.424899775E8	261.3611111111111	0.0
1.4249173E8	271.0	36876.15037176784
1.42493479E8	0.0	0.0
1.42495226E8	0.0	0.0
1.42496973E8	0.0	36876.15037176784
1.42498718E8	0.0	0.0
1.4250046E8	0.0	0.0
1.425021995E8	715.0	36876.15037176784
1.42503937E8	0.0	0.0
1.425056725E8	0.0	0.0
1.42507406E8	294.5	36876.15037176784
1.425091385E8	303.0	0.0
1.425108685E8	256.5	0.0
1.425125945E8	267.0	36876.15037176784
1.425143185E8	336.8	0.0
1.4251604E8	220.0	0.0
1.42517759E8	268.2236842105263	36876.15037176784
1.425194765E8	0.0	0.0
1.425211925E8	0.0	0.0
1.42522908E8	0.0	36876.15037176784
1.425246225E8	0.0	0.0
1.42526336E8	0.0	0.0
1.425280485E8	272.3076923076923	36876.15037176784
1.425297595E8	268.0	0.0
1.425314695E8	242.5	0.0
1.42533179E8	0.0	36876.15037176784
1.425348875E8	0.0	0.0
1.425365935E8	0.0	0.0
1.42538297E8	0.0	36876.15037176784
1.4254E8	297.3333333333333	0.0
1.425416995E8	0.0	0.0
1.425433925E8	259.8888888888889	36876.15037176784
1.425450825E8	338.5	0.0
1.42546771E8	0.0	0.0
1.42548457E8	313.0	36876.15037176784
1.42550141E8	0.0	0.0
1.42551824E8	249.63483146067415	0.0
1.42553507E8	236.46666666666667	36876.15037176784
1.425551885E8	0.0	0.0
1.42556868E8	276.625	0.0
1.425585465E8	0.0	36876.15037176784
1.42560223E8	340.0	0.0
1.42561894E8	268.1666666666667	0.0
1.42563556E8	0.0	36876.15037176784
1.425652095E8	671.2857142857143	0.0
1.42566857E8	0.0	0.0
1.42568501E8	0.0	36876.15037176784
1.42570144E8	0.0	0.0
1.42571786E8	0.0	0.0
1.42573425E8	0.0	36876.15037176784
1.42575062E8	0.0	0.0
1.42576699E8	313.3678541839271	0.0
1.425783355E8	0.0	36876.15037176784
1.425799685E8	0.0	0.0
1.42581598E8	0.0	0.0
1.42583225E8	270.0	36876.15037176784
1.4258485E8	0.0	0.0
1.42586474E8	0.0	0.0
1.425880965E8	0.0	36876.15037176784
1.42589717E8	266.58923512747873	0.0
1.425913335E8	270.5	0.0
1.42592946E8	316.6666666666667	36876.15037176784
1.425945565E8	338.9583333333333	0.0
1.425961665E8	259.57142857142856	0.0
1.425977755E8	0.0	36876.15037176784
1.42599378E8	242.0	0.0
1.42600974E8	0.0	0.0
1.426025685E8	322.1666666666667	36876.15037176784
1.426041585E8	0.0	0.0
1.426057445E8	0.0	0.0
1.426073305E8	0.0	36876.15037176784
1.42608914E8	0.0	0.0
1.42610493E8	0.0	0.0
1.4261207E8	0.0	36876.15037176784
1.42613646E8	0.0	0.0
1.4261522E8	0.0	0.0
1.42616792E8	0.0	36876.15037176784
1.42618361E8	0.0	0.0
1.426199275E8	267.0	0.0
1.426214905E8	0.0	36876.15037176784
1.426230505E8	0.0	0.0
1.426246095E8	0.0	0.0
1.426261665E8	0.0	36876.15037176784
1.426277225E8	250.0	0.0
1.42629278E8	0.0	0.0
1.42630832E8	0.0	36876.15037176784
1.426323845E8	260.125	0.0
1.426339355E8	0.0	0.0
1.426354855E8	260.8	36876.15037176784
1.42637035E8	0.0	0.0
1.426385825E8	0.0	0.0
1.426401275E8	638.0	36876.15037176784
1.42641671E8	244.57575757575756	0.0
1.42643213E8	0.0	0.0
1.426447535E8	0.0	36876.15037176784
1.426462925E8	0.0	0.0
1.42647757E8	0.0	0.0
1.42648524E8	0.0	36876.15037176784
1.42649362E8	269.8333333333333	0.0
1.42650895E8	0.0	0.0
1.426524275E8	140.0	36876.15037176784
1.42653958E8	219.0	0.0
1.42655486E8	174.46666666666667	0.0
1.42657012E8	0.0	36876.15037176784
1.42658537E8	0.0	0.0
1.42660062E8	252.89285714285714	0.0
1.42661585E8	0.0	36876.15037176784
1.426631055E8	0.0	0.0
1.42664625E8	0.0	0.0
1.426661435E8	0.0	36876.15037176784
1.426676605E8	206.0	0.0
1.426691735E8	0.0	0.0
1.42670683E8	249.0	36876.15037176784
1.426721915E8	0.0	0.0
1.426736975E8	262.01162790697674	0.0
1.426752015E8	0.0	36876.15037176784
1.426767045E8	0.0	0.0
1.426782025E8	0.0	0.0
1.426796955E8	0.0	36876.15037176784
1.426811875E8	271.0344827586207	0.0
1.426826785E8	0.0	0.0
1.42684168E8	304.6666666666667	36876.15037176784
1.426856565E8	0.0	0.0
1.42687144E8	324.5	0.0
1.42688631E8	163.5	36876.15037176784
1.42690117E8	251.8235294117647	0.0
1.426916015E8	0.0	0.0
1.426930845E8	0.0	36876.15037176784
1.426945645E8	0.0	0.0
1.426960415E8	0.0	0.0
1.42697517E8	228.75	36876.15037176784
1.42698991E8	0.0	0.0
1.42700463E8	0.0	0.0
1.427019325E8	0.0	36876.15037176784
1.427034E8	0.0	0.0
1.427048665E8	0.0	0.0
1.427063315E8	0.0	36876.15037176784
1.427077945E8	214.0	0.0
1.42709256E8	0.0	0.0
1.42710717E8	0.0	36876.15037176784
1.42712177E8	0.0	0.0
1.427136355E8	262.7027027027027	0.0
1.427150925E8	0.0	36876.15037176784
1.42716547E8	0.0	0.0
1.427179995E8	0.0	0.0
1.427194515E8	0.0	36876.15037176784
1.42720903E8	338.0	0.0
1.427223515E8	0.0	0.0
1.427237975E8	0.0	36876.15037176784
1.42725243E8	0.0	0.0
1.42726687E8	327.6666666666667	0.0
1.42728129E8	0.0	36876.15037176784
1.427295695E8	279.58213065990964	0.0
1.427310075E8	0.0	0.0
1.427324415E8	384.0	36876.15037176784
1.427338735E8	142.5	0.0
1.427353055E8	0.0	0.0
1.427367365E8	227.33333333333334	36876.15037176784
1.42738166E8	272.0	0.0
1.42739595E8	315.15384615384613	0.0
1.42741022E8	0.0	36876.15037176784
1.427424465E8	0.0	0.0
1.427438705E8	0.0	0.0
1.427452945E8	0.0	36876.15037176784
1.42746718E8	0.0	0.0
1.427481405E8	313.6	0.0
1.42749562E8	0.0	36876.15037176784
1.42750982E8	0.0	0.0
1.427523995E8	136.0	0.0
1.427538155E8	251.0	36876.15037176784
1.427552315E8	237.0	0.0
1.42756647E8	0.0	0.0
1.427580605E8	0.0	36876.15037176784
1.427594725E8	0.0	0.0
1.42760884E8	0.0	0.0
1.427622945E8	0.0	36876.15037176784
1.427637035E8	0.0	0.0
1.427651115E8	364.0	0.0
1.42766519E8	152.6	36876.15037176784
1.427679255E8	0.0	0.0
1.427693305E8	298.0	0.0
1.427707335E8	0.0	36876.15037176784
1.42772132E8	133.0	0.0
1.427735265E8	0.0	0.0
1.4277492E8	282.6363636363636	36876.15037176784
1.42776312E8	287.0	0.0
1.42777703E8	0.0	0.0
1.42779094E8	0.0	36876.15037176784
1.427804825E8	0.0	0.0
1.427818685E8	0.0	0.0
1.42783254E8	0.0	36876.15037176784
1.427846385E8	224.6	0.0
1.42786022E8	267.69354838709677	0.0
1.427874045E8	352.3333333333333	36876.15037176784
1.42788786E8	0.0	0.0
1.42790167E8	0.0	0.0
1.427915475E8	908.0	36876.15037176784
1.427929275E8	264.8333333333333	0.0
1.42794307E8	275.35	0.0
1.427956855E8	269.5	36876.15037176784
1.42797063E8	412.2	0.0
1.4279844E8	272.6296296296296	0.0
1.42799817E8	0.0	36876.15037176784
1.42801194E8	215.0	0.0
1.428025705E8	221.0	0.0
1.42803946E8	0.0	36876.15037176784
1.428053205E8	0.0	0.0
1.428066945E8	0.0	0.0
1.42808068E8	0.0	36876.15037176784
1.4280944E8	0.0	0.0
1.4281081E8	291.0	0.0
1.428121785E8	0.0	36876.15037176784
1.428135455E8	206.66666666666666	0.0
1.42814909E8	0.0	0.0
1.428162695E8	292.6828945142922	36876.15037176784
1.428176275E8	273.5925925925926	0.0
1.428189835E8	282.7857142857143	0.0
1.42820339E8	0.0	36876.15037176784
1.42821694E8	0.0	0.0
1.428230475E8	0.0	0.0
1.42824399E8	0.0	36876.15037176784
1.42825748E8	0.0	0.0
1.42827095E8	295.9375	0.0
1.428284415E8	0.0	36876.15037176784
1.428297865E8	0.0	0.0
1.4283113E8	143.16666666666666	0.0
1.42832472E8	244.03272727272727	36876.15037176784
1.428338125E8	252.3181818181818	0.0
1.428351525E8	0.0	0.0
1.428364925E8	0.0	36876.15037176784
1.42837832E8	287.3333333333333	0.0
1.42839171E8	0.0	0.0
1.42840509E8	0.0	36876.15037176784
1.42841846E8	0.0	0.0
1.428431825E8	0.0	0.0
1.428445175E8	181.0	36876.15037176784
1.42845851E8	0.0	0.0
1.42847184E8	274.7435158501441	0.0
1.42848517E8	0.0	36876.15037176784
1.428498495E8	351.0	0.0
1.428511805E8	210.75	0.0
1.428525105E8	0.0	36876.15037176784
1.428538395E8	0.0	0.0
1.42855167E8	0.0	0.0
1.428564935E8	0.0	36876.15037176784
1.428578195E8	0.0	0.0
1.42859144E8	0.0	0.0
1.42860467E8	447.0	36876.15037176784
1.428617895E8	212.5	0.0
1.428631085E8	0.0	0.0
1.42864424E8	0.0	36876.15037176784
1.42865739E8	0.0	0.0
1.42867054E8	310.2	0.0
1.42868369E8	246.28130511463846	36876.15037176784
1.428696825E8	0.0	0.0
1.42870994E8	0.0	0.0
1.42872305E8	224.0	36876.15037176784
1.428736155E8	0.0	0.0
1.428749255E8	377.5	0.0
1.42876235E8	230.8	36876.15037176784
1.428775435E8	0.0	0.0
1.428788505E8	0.0	0.0
1.428801555E8	272.6831683168317	36876.15037176784
1.428814595E8	0.0	0.0
1.428827635E8	197.0	0.0
1.428840675E8	184.0	36876.15037176784
1.42885371E8	0.0	0.0
1.42886674E8	0.0	0.0
1.428879765E8	0.0	36876.15037176784
1.42889278E8	0.0	0.0
1.42890579E8	189.0	0.0
1.42891879E8	243.41860465116278	36876.15037176784
1.42893177E8	0.0	0.0
1.42894474E8	308.0	0.0
1.42895771E8	0.0	36876.15037176784
1.428970675E8	0.0	0.0
1.42898363E8	0.0	0.0
1.428996575E8	0.0	36876.15037176784
1.429009515E8	0.0	0.0
1.429022455E8	228.0	0.0
1.42903539E8	0.0	36876.15037176784
1.42904831E8	0.0	0.0
1.429061215E8	0.0	0.0
1.42907411E8	185.0	36876.15037176784
1.42908699E8	280.03550295857985	0.0
1.429099855E8	0.0	0.0
1.42911271E8	0.0	36876.15037176784
1.429125555E8	0.0	0.0
1.429138395E8	287.38235294117646	0.0
1.42915123E8	0.0	36876.15037176784
1.42916406E8	311.53125	0.0
1.429176885E8	245.07142857142858	0.0
1.4291897E8	0.0	36876.15037176784
1.429202505E8	0.0	0.0
1.429215305E8	0.0	0.0
1.4292281E8	0.0	36876.15037176784
1.429240885E8	243.66666666666666	0.0
1.429253665E8	267.0	0.0
1.429266445E8	0.0	36876.15037176784
1.42927922E8	289.6471725471242	0.0
1.42929199E8	271.70889894419304	0.0
1.42930476E8	196.5	36876.15037176784
1.429317525E8	0.0	0.0
1.42933028E8	279.4617750439367	0.0
1.42934303E8	0.0	36876.15037176784
1.429355775E8	0.0	0.0
1.429368515E8	277.0	0.0
1.429381245E8	0.0	36876.15037176784
1.42939396E8	288.0	0.0
1.42940667E8	0.0	0.0
1.42941938E8	0.0	36876.15037176784
1.42943209E8	201.5	0.0
1.4294448E8	243.11111111111111	0.0
1.429457505E8	266.5151515151515	36876.15037176784
1.429470205E8	210.57142857142858	0.0
1.429482905E8	280.11764705882354	0.0
1.4294956E8	235.0	36876.15037176784
1.429508285E8	0.0	0.0
1.429520965E8	334.0	0.0
1.429533635E8	260.078431372549	36876.15037176784
1.42954629E8	0.0	0.0
1.429558935E8	199.71428571428572	0.0
1.42957157E8	0.0	36876.15037176784
1.4295842E8	0.0	0.0
1.42959683E8	324.94736842105266	0.0
1.429609455E8	0.0	36876.15037176784
1.429622075E8	290.6666666666667	0.0
1.429634695E8	0.0	0.0
1.42964731E8	0.0	36876.15037176784
1.42965992E8	263.5870967741935	0.0
1.429672525E8	270.1359060402685	0.0
1.429685125E8	0.0	36876.15037176784
1.429697725E8	241.26666666666668	0.0
1.429710325E8	282.0	0.0
1.42972292E8	228.38256227758006	36876.15037176784
1.429735505E8	0.0	0.0
1.429748085E8	212.20689655172413	0.0
1.429760665E8	245.77142857142857	36876.15037176784
1.42977324E8	0.0	0.0
1.42978579E8	0.0	0.0
1.42979832E8	265.35714285714283	36876.15037176784
1.429810845E8	0.0	0.0
1.42982336E8	257.5	0.0
1.42983587E8	0.0	36876.15037176784
1.42984838E8	0.0	0.0
1.42986089E8	0.0	0.0
1.429873395E8	296.5925925925926	36876.15037176784
1.42988589E8	0.0	0.0
1.429898375E8	0.0	0.0
1.42991085E8	296.125	36876.15037176784
1.429923315E8	0.0	0.0
1.429935775E8	330.0	0.0
1.429948225E8	0.0	36876.15037176784
1.42996066E8	227.51047904191617	0.0
1.429973085E8	266.51724137931035	0.0
1.4299855E8	0.0	36876.15037176784
1.42999791E8	217.0	0.0
1.43001032E8	201.0	0.0
1.430022725E8	205.66666666666666	36876.15037176784
1.430035125E8	0.0	0.0
1.430047525E8	267.5531914893617	0.0
1.43005992E8	235.1	36876.15037176784
1.4300719E8	0.0	0.0
1.43007809E8	0.0	0.0
1.430084685E8	0.0	36876.15037176784
1.430097065E8	229.04261363636363	0.0
1.430109445E8	0.0	0.0
1.43012182E8	0.0	36876.15037176784
1.430134185E8	0.0	0.0
1.43014654E8	0.0	0.0
1.43015889E8	268.5	36876.15037176784
1.430171235E8	0.0	0.0
1.430183575E8	266.6818181818182	0.0
1.430195915E8	0.0	36876.15037176784
1.43020825E8	0.0	0.0
1.43022058E8	0.0	0.0
1.430232905E8	266.25	36876.15037176784
1.43024522E8	309.25	0.0
1.43025753E8	212.5	0.0
1.43026984E8	310.0	36876.15037176784
1.43028215E8	249.0	0.0
1.430294455E8	259.875	0.0
1.43030675E8	245.0	36876.15037176784
1.43031904E8	260.0	0.0
1.430331325E8	0.0	0.0
1.4303436E8	124.0	36876.15037176784
1.43035587E8	274.13710181136787	0.0
1.43036814E8	0.0	0.0
1.43038041E8	0.0	36876.15037176784
1.430392675E8	241.0	0.0
1.430404935E8	0.0	0.0
1.430417195E8	396.0	36876.15037176784
1.43042945E8	259.5833333333333	0.0
1.4304417E8	0.0	0.0
1.43045395E8	0.0	36876.15037176784
1.4304662E8	286.75	0.0
1.43047845E8	0.0	0.0
1.4304907E8	0.0	36876.15037176784
1.430502945E8	282.16346153846155	0.0
1.430515185E8	259.4166666666667	0.0
1.430527425E8	0.0	36876.15037176784
1.430539665E8	233.625	0.0
1.4305519E8	0.0	0.0
1.43056413E8	0.0	36876.15037176784
1.43057636E8	194.0	0.0
1.430588585E8	262.62	0.0
1.430600805E8	273.5	36876.15037176784
1.43061302E8	0.0	0.0
1.430625225E8	0.0	0.0
1.430637425E8	0.0	36876.15037176784
1.43064962E8	0.0	0.0
1.43066181E8	0.0	0.0
1.430674E8	0.0	36876.15037176784
1.430686185E8	279.125	0.0
1.430698365E8	0.0	0.0
1.430710525E8	324.14285714285717	36876.15037176784
1.43072266E8	0.0	0.0
1.430734785E8	0.0	0.0
1.430746905E8	310.25	36876.15037176784
1.43075902E8	0.0	0.0
1.43077113E8	0.0	0.0
1.430783235E8	0.0	36876.15037176784
1.43079533E8	0.0	0.0
1.43080742E8	222.5	0.0
1.43081951E8	0.0	36876.15037176784
1.430831595E8	0.0	0.0
1.430843675E8	0.0	0.0
1.430855755E8	262.0	36876.15037176784
1.430867835E8	0.0	0.0
1.43087991E8	344.0	0.0
1.430891975E8	184.0	36876.15037176784
1.43090403E8	277.96774193548384	0.0
1.43091608E8	0.0	0.0
1.43092813E8	240.625	36876.15037176784
1.43094017E8	0.0	0.0
1.4309522E8	0.0	0.0
1.43096423E8	0.0	36876.15037176784
1.430976255E8	265.0	0.0
1.430988275E8	269.0	0.0
1.43100029E8	0.0	36876.15037176784
1.431012295E8	257.82089552238807	0.0
1.431024295E8	248.66666666666666	0.0
1.431036295E8	0.0	36876.15037176784
1.43104829E8	0.0	0.0
1.43106028E8	279.0	0.0
1.431072265E8	0.0	36876.15037176784
1.431084245E8	484.0	0.0
1.43109622E8	0.0	0.0
1.43110819E8	0.0	36876.15037176784
1.43112015E8	0.0	0.0
1.4311321E8	0.0	0.0
1.43114405E8	253.67857142857142	36876.15037176784
1.431156E8	0.0	0.0
1.43116795E8	260.22824858757065	0.0
1.431179895E8	242.0	36876.15037176784
1.43119183E8	323.0	0.0
1.43120376E8	428.0	0.0
1.43121569E8	261.0	36876.15037176784
1.43122762E8	1156.0	0.0
1.431239545E8	0.0	0.0
1.431251465E8	256.73873873873873	36876.15037176784
1.431263385E8	242.0	0.0
1.4312753E8	300.0	0.0
1.43128721E8	0.0	36876.15037176784
1.431299115E8	0.0	0.0
1.431311015E8	0.0	0.0
1.431322915E8	0.0	36876.15037176784
1.43133481E8	255.375	0.0
1.4313467E8	0.0	0.0
1.43135859E8	0.0	36876.15037176784
1.43137048E8	0.0	0.0
1.43138237E8	0.0	0.0
1.43139426E8	250.0	36876.15037176784
1.431406145E8	0.0	0.0
1.431418015E8	310.5	0.0
1.431429875E8	0.0	36876.15037176784
1.431441735E8	263.3720930232558	0.0
1.431453595E8	0.0	0.0
1.431465455E8	203.66666666666666	36876.15037176784
1.43147731E8	0.0	0.0
1.43148916E8	0.0	0.0
1.43150101E8	285.0	36876.15037176784
1.43151286E8	0.0	0.0
1.431524705E8	0.0	0.0
1.431536545E8	0.0	36876.15037176784
1.431548385E8	0.0	0.0
1.431560225E8	0.0	0.0
1.431572055E8	260.0	36876.15037176784
1.431583875E8	252.17520215633422	0.0
1.43159569E8	0.0	0.0
1.4316075E8	248.5581395348837	36876.15037176784
1.43161931E8	0.0	0.0
1.43163111E8	223.33333333333334	0.0
1.4316429E8	193.0	36876.15037176784
1.43165469E8	0.0	0.0
1.431666475E8	0.0	0.0
1.431678255E8	0.0	36876.15037176784
1.431690035E8	0.0	0.0
1.431701815E8	258.4	0.0
1.431713595E8	0.0	36876.15037176784
1.431725375E8	0.0	0.0
1.43173715E8	0.0	0.0
1.431748915E8	316.9532717474981	36876.15037176784
1.43176067E8	0.0	0.0
1.43177242E8	0.0	0.0
1.431784165E8	0.0	36876.15037176784
1.431795905E8	0.0	0.0
1.43180764E8	0.0	0.0
1.43181937E8	0.0	36876.15037176784
1.4318311E8	237.0	0.0
1.43184282E8	0.0	0.0
1.43185453E8	287.76	36876.15037176784
1.43186624E8	0.0	0.0
1.43187795E8	0.0	0.0
1.431889655E8	0.0	36876.15037176784
1.43190135E8	0.0	0.0
1.43191304E8	213.33333333333334	0.0
1.431924725E8	287.0	36876.15037176784
1.4319364E8	0.0	0.0
1.43194807E8	0.0	0.0
1.43195974E8	231.0	36876.15037176784
1.431971405E8	0.0	0.0
1.431983065E8	266.61892797319933	0.0
1.431994725E8	309.33139909735655	36876.15037176784
1.432006385E8	0.0	0.0
1.43201804E8	0.0	0.0
1.43202969E8	0.0	36876.15037176784
1.432041335E8	0.0	0.0
1.43205297E8	0.0	0.0
1.4320646E8	261.67280606717225	36876.15037176784
1.43207623E8	267.0	0.0
1.43208786E8	257.0	0.0
1.43209949E8	0.0	36876.15037176784
1.43211112E8	238.10625	0.0
1.432122745E8	270.25555555555553	0.0
1.432134365E8	0.0	36876.15037176784
1.432145985E8	246.47630922693267	0.0
1.4321576E8	0.0	0.0
1.43216921E8	0.0	36876.15037176784
1.43218082E8	0.0	0.0
1.432192425E8	0.0	0.0
1.432204025E8	354.42857142857144	36876.15037176784
1.432215625E8	0.0	0.0
1.43222722E8	0.0	0.0
1.43223881E8	0.0	36876.15037176784
1.4322504E8	233.2	0.0
1.43226199E8	0.0	0.0
1.43227358E8	275.225	36876.15037176784
1.432285165E8	0.0	0.0
1.432296745E8	254.74135338345866	0.0
1.432308325E8	0.0	36876.15037176784
1.4323199E8	242.53846153846155	0.0
1.43233147E8	212.875	0.0
1.432343035E8	0.0	36876.15037176784
1.432354595E8	243.5	0.0
1.43236615E8	0.0	0.0
1.4323777E8	268.0	36876.15037176784
1.43238925E8	305.0	0.0
1.4324008E8	216.73504273504273	0.0
1.432412345E8	0.0	36876.15037176784
1.432423885E8	259.0	0.0
1.432435425E8	143.0	0.0
1.432446965E8	267.6595744680851	36876.15037176784
1.4324585E8	0.0	0.0
1.43247003E8	296.0	0.0
1.43248156E8	0.0	36876.15037176784
1.432493085E8	226.57142857142858	0.0
1.432504605E8	223.0	0.0
1.432516125E8	0.0	36876.15037176784
1.432527645E8	137.0	0.0
1.43253916E8	294.3333333333333	0.0
1.432550665E8	258.0	36876.15037176784
1.432562165E8	198.0	0.0
1.432573655E8	0.0	0.0
1.432585135E8	0.0	36876.15037176784
1.432596615E8	269.0	0.0
1.432608095E8	250.83333333333334	0.0
1.432619575E8	0.0	36876.15037176784
1.432631055E8	0.0	0.0
1.43264253E8	397.0	0.0
1.432654E8	266.0962379702537	36876.15037176784
1.43266547E8	0.0	0.0
1.432676935E8	0.0	0.0
1.432688395E8	0.0	36876.15037176784
1.432699855E8	0.0	0.0
1.43271131E8	0.0	0.0
1.432722755E8	275.3157894736842	36876.15037176784
1.432734195E8	224.4	0.0
1.432745635E8	248.30563002680964	0.0
1.432757075E8	314.7894736842105	36876.15037176784
1.432768515E8	243.14285714285714	0.0
1.43277995E8	0.0	0.0
1.43279138E8	277.75	36876.15037176784
1.432802805E8	0.0	0.0
1.432814225E8	285.5	0.0
1.432825645E8	234.47014925373134	36876.15037176784
1.43283706E8	279.42857142857144	0.0
1.43284847E8	291.23333333333335	0.0
1.432859875E8	261.7894736842105	36876.15037176784
1.432871275E8	0.0	0.0
1.432882675E8	0.0	0.0
1.432894075E8	0.0	36876.15037176784
1.43290547E8	286.90909090909093	0.0
1.43291686E8	205.0	0.0
1.43292825E8	0.0	36876.15037176784
1.43293964E8	0.0	0.0
1.43295103E8	0.0	0.0
1.432962415E8	193.0	36876.15037176784
1.43297379E8	0.0	0.0
1.432985155E8	249.5396948039405	0.0
1.432996515E8	0.0	36876.15037176784
1.433007875E8	361.5212510024058	0.0
1.433019235E8	324.0	0.0
1.43303059E8	0.0	36876.15037176784
1.43304194E8	0.0	0.0
1.43305329E8	250.9090909090909	0.0
1.433064635E8	0.0	36876.15037176784
1.433075975E8	260.56962025316454	0.0
1.433087315E8	249.18973020017407	0.0
1.433098655E8	0.0	36876.15037176784
1.43310999E8	243.0	0.0
1.43312132E8	0.0	0.0
1.43313265E8	0.0	36876.15037176784
1.433143975E8	253.37094462540716	0.0
1.433155295E8	235.0	0.0
1.433166615E8	0.0	36876.15037176784
1.433177935E8	0.0	0.0
1.43318925E8	0.0	0.0
1.43320056E8	264.15144266706534	36876.15037176784
1.43321187E8	0.0	0.0
1.433223175E8	229.0	0.0
1.433234475E8	251.0	36876.15037176784
1.433245775E8	309.5	0.0
1.43325707E8	0.0	0.0
1.43326836E8	0.0	36876.15037176784
1.43327965E8	311.1363636363636	0.0
1.43329094E8	191.0	0.0
1.43330222E8	246.88888888888889	36876.15037176784
1.43331349E8	0.0	0.0
1.433324755E8	238.7008547008547	0.0
1.433336015E8	240.0	36876.15037176784
1.433347275E8	0.0	0.0
1.433358535E8	0.0	0.0
1.433369795E8	216.54901960784315	36876.15037176784
1.43338105E8	270.6470588235294	0.0
1.4333923E8	0.0	0.0
1.433403545E8	253.0	36876.15037176784
1.433414785E8	0.0	0.0
1.43342602E8	0.0	0.0
1.43343725E8	196.25903614457832	36876.15037176784
1.43344848E8	116.5	0.0
1.43345971E8	223.5	0.0
1.43347094E8	295.6666666666667	36876.15037176784
1.433482165E8	304.48038049940544	0.0
1.43349338E8	0.0	0.0
1.433504585E8	0.0	36876.15037176784
1.43351578E8	241.66666666666666	0.0
1.43352697E8	293.55555555555554	0.0
1.433538155E8	257.22727272727275	36876.15037176784
1.433549335E8	0.0	0.0
1.433560515E8	0.0	0.0
1.433571695E8	273.0	36876.15037176784
1.43358287E8	0.0	0.0
1.43359404E8	0.0	0.0
1.43360521E8	0.0	36876.15037176784
1.43361638E8	277.0	0.0
1.43362755E8	351.4347826086956	0.0
1.43363872E8	247.6875	36876.15037176784
1.433649885E8	0.0	0.0
1.433661045E8	240.35714285714286	0.0
1.433668735E8	238.8175182481752	36876.15037176784
1.433674315E8	259.875	0.0
1.433683365E8	226.0	0.0
1.433694525E8	293.45454545454544	36876.15037176784
1.433705685E8	0.0	0.0
1.43371684E8	0.0	0.0
1.43372799E8	0.0	36876.15037176784
1.43373914E8	236.6	0.0
1.433750285E8	0.0	0.0
1.433761425E8	0.0	36876.15037176784
1.433772565E8	0.0	0.0
1.433783705E8	0.0	0.0
1.433794845E8	0.0	36876.15037176784
1.433805985E8	0.0	0.0
1.433817115E8	350.0	0.0
1.433828235E8	0.0	36876.15037176784
1.433839355E8	0.0	0.0
1.433850475E8	279.4609634551495	0.0
1.43386159E8	244.66666666666666	36876.15037176784
1.433872695E8	0.0	0.0
1.433883795E8	0.0	0.0
1.433894895E8	278.5	36876.15037176784
1.433905995E8	0.0	0.0
1.43391709E8	0.0	0.0
1.43392818E8	0.0	36876.15037176784
1.43393927E8	267.875	0.0
1.43395036E8	219.0	0.0
1.433961445E8	270.95238095238096	36876.15037176784
1.433972525E8	0.0	0.0
1.4339836E8	0.0	0.0
1.43399467E8	225.0	36876.15037176784
1.43400574E8	356.0	0.0
1.434016805E8	252.68609865470853	0.0
1.434027865E8	334.0	36876.15037176784
1.43403892E8	0.0	0.0
1.43404997E8	0.0	0.0
1.43406102E8	0.0	36876.15037176784
1.43407207E8	0.0	0.0
1.43408312E8	0.0	0.0
1.43409417E8	220.0	36876.15037176784
1.43410521E8	0.0	0.0
1.43411624E8	0.0	0.0
1.43412727E8	0.0	36876.15037176784
1.434138295E8	0.0	0.0
1.434149315E8	0.0	0.0
1.434160335E8	322.3333333333333	36876.15037176784
1.43417135E8	272.2857142857143	0.0
1.43418236E8	0.0	0.0
1.43419337E8	0.0	36876.15037176784
1.434204375E8	276.2772861356932	0.0
1.434215375E8	0.0	0.0
1.43422637E8	247.0	36876.15037176784
1.43423736E8	273.0	0.0
1.434248345E8	244.125	0.0
1.434259325E8	243.5	36876.15037176784
1.434270305E8	0.0	0.0
1.43428128E8	0.0	0.0
1.43429225E8	0.0	36876.15037176784
1.43430322E8	0.0	0.0
1.434314185E8	0.0	0.0
1.434325145E8	0.0	36876.15037176784
1.434336095E8	250.66666666666666	0.0
1.43434703E8	0.0	0.0
1.434357955E8	0.0	36876.15037176784
1.43436887E8	0.0	0.0
1.43437978E8	269.14285714285717	0.0
1.434390685E8	278.0	36876.15037176784
1.434401585E8	0.0	0.0
1.434412485E8	360.2	0.0
1.434423385E8	249.8	36876.15037176784
1.434434285E8	0.0	0.0
1.43444518E8	0.0	0.0
1.43445607E8	156.66666666666666	36876.15037176784
1.434466955E8	0.0	0.0
1.434477835E8	251.3846153846154	0.0
1.434488715E8	322.5	36876.15037176784
1.434499595E8	266.5	0.0
1.43451047E8	0.0	0.0
1.43452134E8	278.4366197183099	36876.15037176784
1.43453221E8	269.3235294117647	0.0
1.434543075E8	297.390243902439	0.0
1.434553935E8	258.8888888888889	36876.15037176784
1.434564795E8	269.57894736842104	0.0
1.434575655E8	0.0	0.0
1.434586505E8	0.0	36876.15037176784
1.434597345E8	0.0	0.0
1.434608185E8	0.0	0.0
1.434619025E8	236.0	36876.15037176784
1.434629865E8	200.0	0.0
1.4346407E8	0.0	0.0
1.43465153E8	0.0	36876.15037176784
1.43466236E8	273.6774193548387	0.0
1.434673185E8	0.0	0.0
1.434684005E8	224.5	36876.15037176784
1.43469482E8	0.0	0.0
1.43470563E8	272.09090909090907	0.0
1.434716435E8	241.0	36876.15037176784
1.434727235E8	0.0	0.0
1.434738035E8	279.6666666666667	0.0
1.43474883E8	0.0	36876.15037176784
1.43475962E8	0.0	0.0
1.434770405E8	0.0	0.0
1.434781185E8	210.2729411764706	36876.15037176784
1.434791965E8	0.0	0.0
1.434802745E8	0.0	0.0
1.43481352E8	275.0	36876.15037176784
1.43482429E8	0.0	0.0
1.434835055E8	0.0	0.0
1.434845815E8	0.0	36876.15037176784
1.434856575E8	285.0	0.0
1.434867335E8	0.0	0.0
1.43487809E8	0.0	36876.15037176784
1.43488884E8	270.11764705882354	0.0
1.43489959E8	269.1271186440678	0.0
1.43491034E8	293.0	36876.15037176784
1.434921085E8	0.0	0.0
1.434931825E8	244.54545454545453	0.0
1.434942565E8	169.72222222222223	36876.15037176784
1.434953305E8	260.0	0.0
1.43496404E8	0.0	0.0
1.434974765E8	259.2220726783311	36876.15037176784
1.434985485E8	145.0	0.0
1.4349962E8	0.0	0.0
1.43500691E8	308.02777777777777	36876.15037176784
1.435017615E8	113.0	0.0
1.435028315E8	179.0	0.0
1.435039015E8	0.0	36876.15037176784
1.43504971E8	0.0	0.0
1.4350604E8	0.0	0.0
1.435071085E8	244.0	36876.15037176784
1.43508176E8	0.0	0.0
1.43509243E8	0.0	0.0
1.4351031E8	0.0	36876.15037176784
1.435113765E8	0.0	0.0
1.435124415E8	314.5	0.0
1.435135055E8	0.0	36876.15037176784
1.435145695E8	251.625	0.0
1.43515633E8	310.0	0.0
1.43516696E8	0.0	36876.15037176784
1.43517759E8	298.5	0.0
1.43518822E8	405.84375	0.0
1.43519885E8	0.0	36876.15037176784
1.43520948E8	0.0	0.0
1.43522011E8	265.0	0.0
1.43523074E8	0.0	36876.15037176784
1.435241365E8	290.7358490566038	0.0
1.435251985E8	0.0	0.0
1.435262605E8	307.0	36876.15037176784
1.435273225E8	0.0	0.0
1.435283845E8	0.0	0.0
1.43529446E8	170.63636363636363	36876.15037176784
1.435305065E8	271.21026894865525	0.0
1.435315665E8	271.8248031496063	0.0
1.435326265E8	0.0	36876.15037176784
1.43533686E8	306.03225806451616	0.0
1.43534745E8	0.0	0.0
1.43535804E8	0.0	36876.15037176784
1.435368625E8	0.0	0.0
1.435379205E8	277.56946104920854	0.0
1.435389785E8	320.0	36876.15037176784
1.435400365E8	235.05555555555554	0.0
1.43541094E8	0.0	0.0
1.435421505E8	0.0	36876.15037176784
1.435432065E8	192.0	0.0
1.435442625E8	203.0	0.0
1.435453185E8	321.0	36876.15037176784
1.43546374E8	0.0	0.0
1.43547429E8	0.0	0.0
1.43548484E8	0.0	36876.15037176784
1.435495385E8	306.17391304347825	0.0
1.435505925E8	0.0	0.0
1.43551646E8	0.0	36876.15037176784
1.43552699E8	268.0	0.0
1.43553752E8	262.12	0.0
1.43554805E8	282.7699115044248	36876.15037176784
1.43555858E8	253.2608695652174	0.0
1.435569105E8	0.0	0.0
1.435579625E8	255.92241379310346	36876.15037176784
1.435590145E8	274.0	0.0
1.43560066E8	214.0	0.0
1.43561117E8	0.0	36876.15037176784
1.43562168E8	250.0	0.0
1.43563219E8	0.0	0.0
1.4356427E8	208.8	36876.15037176784
1.435653205E8	0.0	0.0
1.435663705E8	298.6	0.0
1.4356742E8	0.0	36876.15037176784
1.43568469E8	0.0	0.0
1.43569518E8	0.0	0.0
1.43570567E8	0.0	36876.15037176784
1.43571616E8	363.25	0.0
1.435726645E8	0.0	0.0
1.435737125E8	234.0344827586207	36876.15037176784
1.435747605E8	223.0	0.0
1.435758085E8	0.0	0.0
1.435768565E8	598.4444444444445	36876.15037176784
1.43577904E8	265.184238838085	0.0
1.43578951E8	0.0	0.0
1.43579998E8	0.0	36876.15037176784
1.43581045E8	265.5	0.0
1.435820915E8	0.0	0.0
1.43583137E8	0.0	36876.15037176784
1.43584182E8	295.5	0.0
1.43585227E8	295.25	0.0
1.43586272E8	0.0	36876.15037176784
1.435873165E8	0.0	0.0
1.435883605E8	218.95104895104896	0.0
1.435894045E8	311.08	36876.15037176784
1.43590448E8	303.3333333333333	0.0
1.43591491E8	0.0	0.0
1.435925335E8	0.0	36876.15037176784
1.435935755E8	0.0	0.0
1.435946175E8	250.06578947368422	0.0
1.435956595E8	317.0	36876.15037176784
1.435967015E8	0.0	0.0
1.43597743E8	291.7647058823529	0.0
1.43598784E8	371.0	36876.15037176784
1.43599825E8	346.0	0.0
1.436008655E8	0.0	0.0
1.436019055E8	0.0	36876.15037176784
1.436029455E8	0.0	0.0
1.436039855E8	199.0	0.0
1.43605025E8	254.28571428571428	36876.15037176784
1.43606064E8	280.0	0.0
1.43607103E8	311.0	0.0
1.436081415E8	0.0	36876.15037176784
1.436091795E8	256.5	0.0
1.436102175E8	0.0	0.0
1.43611255E8	0.0	36876.15037176784
1.43612292E8	0.0	0.0
1.43613329E8	0.0	0.0
1.43614366E8	370.38658146964855	36876.15037176784
1.436154025E8	0.0	0.0
1.436164385E8	254.05	0.0
1.43617474E8	0.0	36876.15037176784
1.43618509E8	249.5	0.0
1.43619544E8	265.0	0.0
1.43620579E8	0.0	36876.15037176784
1.43621614E8	0.0	0.0
1.43622648E8	0.0	0.0
1.43623681E8	106.66666666666667	36876.15037176784
1.43624714E8	0.0	0.0
1.43625747E8	236.625	0.0
1.436267795E8	0.0	36876.15037176784
1.436278115E8	365.5	0.0
1.436288435E8	322.0	0.0
1.43629875E8	0.0	36876.15037176784
1.43630906E8	0.0	0.0
1.43631937E8	232.0	0.0
1.436329675E8	246.92307692307693	36876.15037176784
1.436339975E8	0.0	0.0
1.436350275E8	0.0	0.0
1.43636057E8	316.625	36876.15037176784
1.43637086E8	291.0	0.0
1.43638115E8	270.6779124699171	0.0
1.43639144E8	236.34302325581396	36876.15037176784
1.43640173E8	0.0	0.0
1.43641202E8	0.0	0.0
1.43642231E8	0.0	36876.15037176784
1.436432595E8	304.0	0.0
1.436442875E8	0.0	0.0
1.43645315E8	0.0	36876.15037176784
1.43646342E8	0.0	0.0
1.43647369E8	0.0	0.0
1.436483955E8	0.0	36876.15037176784
1.436494215E8	0.0	0.0
1.43650447E8	154.5	0.0
1.43651472E8	0.0	36876.15037176784
1.43652497E8	0.0	0.0
1.43653522E8	389.0	0.0
1.43654546E8	0.0	36876.15037176784
1.43655569E8	0.0	0.0
1.436565915E8	0.0	0.0
1.436576135E8	247.875	36876.15037176784
1.436586355E8	239.2941176470588	0.0
1.436596575E8	0.0	0.0
1.43660679E8	307.3333333333333	36876.15037176784
1.436617E8	240.0	0.0
1.43662721E8	389.0	0.0
1.436637415E8	265.5210792580101	36876.15037176784
1.436647615E8	0.0	0.0
1.436657815E8	0.0	0.0
1.43666801E8	0.0	36876.15037176784
1.4366782E8	0.0	0.0
1.43668839E8	247.66666666666666	0.0
1.43669858E8	0.0	36876.15037176784
1.43670877E8	283.22222222222223	0.0
1.436718955E8	265.36607142857144	0.0
1.436729135E8	0.0	36876.15037176784
1.436739315E8	314.0	0.0
1.436749495E8	0.0	0.0
1.436759665E8	0.0	36876.15037176784
1.436769825E8	226.0	0.0
1.436779985E8	150.0	0.0
1.43679014E8	0.0	36876.15037176784
1.43680029E8	0.0	0.0
1.436810435E8	0.0	0.0
1.436820575E8	279.56451612903226	36876.15037176784
1.436830715E8	0.0	0.0
1.436840855E8	0.0	0.0
1.436850995E8	0.0	36876.15037176784
1.43686113E8	259.3333333333333	0.0
1.43687126E8	0.0	0.0
1.43688139E8	198.5	36876.15037176784
1.436891515E8	0.0	0.0
1.436901635E8	0.0	0.0
1.436911755E8	228.84615384615384	36876.15037176784
1.436921875E8	304.11538461538464	0.0
1.436931995E8	267.11538461538464	0.0
1.43694211E8	0.0	36876.15037176784
1.43695222E8	275.4230769230769	0.0
1.43696233E8	0.0	0.0
1.43697244E8	0.0	36876.15037176784
1.436982545E8	295.76	0.0
1.436992645E8	303.0	0.0
1.437002745E8	211.0	36876.15037176784
1.437012845E8	249.5	0.0
1.437022935E8	0.0	0.0
1.437033015E8	0.0	36876.15037176784
1.437043095E8	0.0	0.0
1.43705317E8	0.0	0.0
1.43706324E8	0.0	36876.15037176784
1.437073305E8	107.88888888888889	0.0
1.437083365E8	296.75	0.0
1.437093425E8	0.0	36876.15037176784
1.43710348E8	0.0	0.0
1.43711353E8	0.0	0.0
1.43712358E8	768.42	36876.15037176784
1.43713363E8	255.53220910623946	0.0
1.43714368E8	215.33333333333334	0.0
1.437153725E8	0.0	36876.15037176784
1.437163765E8	0.0	0.0
1.437173805E8	0.0	0.0
1.437183845E8	0.0	36876.15037176784
1.43719388E8	0.0	0.0
1.4372039E8	212.6	0.0
1.43721391E8	346.0	36876.15037176784
1.43722392E8	226.4	0.0
1.43723393E8	0.0	0.0
1.43724394E8	241.85185185185185	36876.15037176784
1.437251765E8	130.03333333333333	0.0
1.437257305E8	0.0	0.0
