#Position (bp)	mapping quality
179658.5	139.54637824793494
538974.5	145.60386073369457
898290.5	90.88385978650436
1257606.5	113.94181416701092
1616922.5	119.82626363350835
1976238.5	150.3882601028611
2335554.5	118.90343506568384
2694870.5	142.70643127513182
3054186.5	121.10213545090693
3413502.5	141.84936393086588
3772818.5	87.67563604276053
4132134.5	141.94950883938864
4491450.5	172.05051212421074
4850766.5	138.2996145161851
5210082.5	119.6451077950619
5569398.5	100.00879739351907
5928714.5	80.58645587927782
6288030.5	44.3601415109876
6647346.5	124.63612620330373
7006662.5	149.40754325392172
7365978.5	64.75998474572332
7725294.5	140.86351519486544
8084610.5	113.95417662117201
8443926.5	76.61449928105718
8803242.5	74.39873747723257
9162558.5	124.97281147442803
9521874.5	106.42001769038488
9881190.5	184.78982722591863
1.02405065E7	162.5910650040309
1.05998225E7	131.07218781457735
1.09591385E7	145.23907934265188
1.13184545E7	153.10212000147556
1.16777705E7	149.82701830959715
1.20370865E7	115.8577909399872
1.23964025E7	23.515392592399543
1.27557185E7	113.42662322829513
1.31150345E7	142.9650955424142
1.34743505E7	131.7449509786271
1.38336665E7	169.36994344237783
1.41929825E7	81.83070632290853
1.45522985E7	63.65273006395098
1.49116145E7	65.24154036656633
1.52709305E7	160.50908660696757
1.56302465E7	95.06248191324224
1.59895625E7	42.68512911499206
1.63488785E7	78.65568559194105
1.67081945E7	98.49872572399032
1.70675105E7	103.20634108218634
1.74268265E7	113.97132728064402
1.77861425E7	11.749037025254959
1.81454585E7	107.95091076079471
1.85047745E7	123.12985743706814
1.88640905E7	132.380954329445
1.92234065E7	113.2261861523004
1.95827225E7	106.75241803349498
1.99420385E7	148.45282225854226
2.03013545E7	71.41851929004076
2.06606705E7	109.34932938743275
2.10199865E7	70.46162204164433
2.13793025E7	57.45681712540855
2.17386185E7	142.82190834567027
2.20979345E7	164.41329660304777
2.24572505E7	127.23429492071001
2.28165665E7	40.68511005252348
2.31758825E7	74.46652188831919
2.34346265E7	41.5144439160235
2.36142845E7	29.642759479947898
2.38945145E7	15.468988597080255
2.42538305E7	12.944434553470069
2.46131465E7	13.552324959036918
2.49724625E7	55.497543515193165
2.53317785E7	3.038358159167931
2.56910945E7	10.348668797056288
2.60504105E7	5.948433665315419
2.64097265E7	6.421329992172592
2.67690425E7	8.57698070667785
2.71283585E7	70.11137180193661
2.74876745E7	20.690972523043257
2.78469905E7	11.00275721797077
2.82063065E7	68.68856309111496
2.85656225E7	67.72924670560504
2.89249385E7	56.16879332167953
2.92842545E7	122.3556051912121
2.96435705E7	111.49472786328631
3.00028865E7	94.3501923357569
3.03622025E7	72.78945678517147
3.07215185E7	106.27394264501046
3.10808345E7	127.89169262224412
3.14401505E7	145.04508458800586
3.17994665E7	134.3855098923015
3.21587825E7	112.03887697608012
3.25180985E7	175.43981990119002
3.28774145E7	132.0977857318977
3.32367305E7	169.42371329438618
3.35960465E7	89.880716829619
3.39553625E7	44.955502495939754
3.43146785E7	139.2981214206818
3.46739945E7	94.85521389337619
3.50333105E7	60.75290179954603
3.53926265E7	162.08114265705947
3.57519425E7	61.70450894314562
3.61112585E7	129.78308035731936
3.64705745E7	153.78788369328592
3.68298905E7	135.6419276654608
3.71892065E7	134.64195583256918
3.75485225E7	68.51629593743836
3.79078385E7	117.32527221788588
3.82671545E7	170.06869435002116
3.86264705E7	116.44626279298699
3.89857865E7	169.41621821128174
3.93451025E7	98.08742374888087
3.97044185E7	106.14014673122287
4.00637345E7	129.7352824615041
4.04230505E7	167.1502204010102
4.07823665E7	79.10089565931231
4.11416825E7	170.2331263388638
4.15009985E7	147.4381718104304
4.18603145E7	117.20562050549105
4.22196305E7	91.51086195795216
4.25789465E7	87.85521307136221
4.29382625E7	89.13280130579872
4.32975785E7	68.40559770934551
4.36568945E7	184.66896292350435
4.40162105E7	87.57619462652835
4.43755265E7	156.0314417825232
4.47348425E7	140.61337445682003
4.50941585E7	52.4215829847252
4.54534745E7	91.11383701186053
4.58127905E7	111.28971867449657
4.61721065E7	107.74551956959971
4.65314225E7	127.79074216917017
4.68907385E7	118.65737868530869
4.72500545E7	145.35931142935345
4.76093705E7	115.27730206914778
4.79686865E7	118.33123930827968
4.83280025E7	152.6440477030853
4.86541545E7	51.902677168272696
4.88338125E7	51.07960662368469
4.90466345E7	160.61287249912473
4.94059505E7	88.26654063954547
4.97652665E7	120.21426196251176
5.01245825E7	130.70768270535686
5.04838985E7	145.0272926321199
5.08432145E7	114.33739047991409
5.12025305E7	83.73401767298535
5.15618465E7	146.81012801391174
5.19211625E7	139.69399508928083
5.22804785E7	63.021982754996046
5.26397945E7	94.83240639350214
5.29991105E7	98.41138725813019
5.33584265E7	84.83654644375335
5.37177425E7	172.66913925826694
5.40770585E7	62.043679354661066
5.44363745E7	105.99424532148407
5.47956905E7	155.95912917422055
5.51550065E7	138.566636356926
5.55143225E7	131.7585596726632
5.58736385E7	127.34604775930686
5.62329545E7	145.96994262399153
5.65922705E7	80.93661002764588
5.69515865E7	130.7040396001743
5.73109025E7	124.8119355926133
5.76702185E7	154.46534619082772
5.80295345E7	99.64088644965697
5.83888505E7	112.54618705706858
5.87481665E7	123.74304619612415
5.91074825E7	64.35541457392189
5.94667985E7	183.37358161887417
5.98261145E7	142.28890795736407
6.01854305E7	84.47601195047994
6.05447465E7	133.07738861040002
6.09040625E7	125.26080264958256
6.12633785E7	121.52503125203184
6.16226945E7	97.54055415115671
6.19820105E7	101.2475062456038
6.23413265E7	133.86907959387437
6.27006425E7	148.4368078740388
6.30599585E7	71.86229685310678
6.34192745E7	99.53398131464938
6.37785905E7	110.35789037329397
6.41379065E7	153.43217384705017
6.44972225E7	144.35118210835282
6.48565385E7	125.82686776425614
6.52158545E7	123.06669993029233
6.55751705E7	94.97850891252125
6.59344865E7	75.86449707412632
6.62938025E7	114.23280241642635
6.66531185E7	136.30592085347496
6.70124345E7	99.83673797837473
6.73717505E7	151.4627836805614
6.77310665E7	140.88939587715814
6.80903825E7	128.4434013479109
6.84496985E7	153.60916031178098
6.88090145E7	109.65321132460299
6.91683305E7	125.02606164700016
6.95276465E7	118.24207577182817
6.98869625E7	126.01091303631509
7.02462785E7	148.15310200201918
7.06055945E7	96.06477743100172
7.09649105E7	174.63984188659754
7.13242265E7	81.58712652009547
7.16835425E7	111.59822701053956
7.20428585E7	92.44558741303385
7.24021745E7	7.484766208860203
7.27614905E7	19.452627121407694
7.31208065E7	21.450152256407062
7.34801225E7	15.732204772127016
7.38394385E7	86.32096654712247
7.41987545E7	12.841796327418782
7.45580705E7	4.0951399746156945
7.49173865E7	7.059211964466469
7.52767025E7	16.994514529229452
7.56360185E7	3.7180982196000913
7.59953345E7	37.644443929285714
7.63546505E7	1.6426251650231956
7.67139665E7	29.976440995499463
7.690225E7	54.83184887228846
7.7081908E7	10.226244905558888
7.74325985E7	8.499370299797816
7.77919145E7	71.1989483718915
7.81512305E7	20.351051834597843
7.85105465E7	13.264891039379009
7.88698625E7	75.39559545036383
7.92291785E7	68.42253135303471
7.95884945E7	63.64729466942494
7.99478105E7	16.714919842821445
8.03071265E7	5.763831982867992
8.06664425E7	23.93715933317366
8.10257585E7	113.72101393423146
8.13850745E7	168.37802664932582
8.17443905E7	116.47358642435215
8.21037065E7	66.0316459146803
8.24630225E7	126.97116210206919
8.28223385E7	114.31284450150737
8.31816545E7	104.33337622256302
8.35409705E7	173.48515614543933
8.39002865E7	152.7113425618439
8.42596025E7	118.13519963659196
8.46189185E7	135.6222527017386
8.49782345E7	128.86010117225135
8.53375505E7	186.3740026464252
8.56968665E7	121.83932744778947
8.60561825E7	104.21064437795981
8.64154985E7	137.88012046833836
8.67748145E7	136.44259250056533
8.71341305E7	114.18500629330482
8.74934465E7	162.08531520510837
8.78527625E7	151.83570012109809
8.82120785E7	142.90962332219078
8.85713945E7	40.837028724928906
8.89307105E7	72.50080174858843
8.92900265E7	117.86753544667963
8.96493425E7	129.98969311060338
9.00086585E7	83.31641041579898
9.03679745E7	123.84514263363252
9.07272905E7	120.15649873188885
9.10866065E7	94.13809250848375
9.14459225E7	130.83661199799047
9.18052385E7	97.63739529029874
9.21645545E7	122.04020566004215
9.25238705E7	173.55565671434312
9.28831865E7	171.12478141930205
9.32425025E7	104.2001070311055
9.36018185E7	96.42991409693282
9.39611345E7	115.47849386610403
9.43204505E7	136.72778496799296
9.46797665E7	140.66476094313438
9.50390825E7	64.50229456724432
9.53983985E7	74.01039879912416
9.57577145E7	126.90565720713926
9.61170305E7	111.8132389406091
9.64763465E7	76.67871556382157
9.68356625E7	96.27029679847497
9.71949785E7	91.71329978100557
9.75542945E7	116.35682388604732
9.79136105E7	94.65032127889074
9.82729265E7	78.67167027492863
9.86322425E7	82.31327252329761
9.89915585E7	78.16893222775326
9.93508745E7	133.1919559367921
9.97101905E7	97.75011091277261
1.000695065E8	111.80652865449167
1.004288225E8	161.33505783604951
1.007881385E8	151.7464616422541
1.011474545E8	130.06688907857807
1.015067705E8	119.32135609668993
1.018660865E8	185.4247138357388
1.022254025E8	107.53545308116276
1.025847185E8	157.06771949874457
1.029440345E8	140.29814563684
1.033033505E8	55.520835661465476
1.036626665E8	81.2715679036486
1.040219825E8	136.3551352585517
1.043812985E8	113.97524548772466
1.047406145E8	159.26007985714753
1.050999305E8	146.78156678335748
1.054592465E8	115.53812952682208
1.058185625E8	99.83551318578306
1.061778785E8	167.85622230934072
1.065371945E8	131.002006864179
1.068965105E8	102.75894579969824
1.072558265E8	98.71505334939158
1.076151425E8	77.11058746505245
1.079744585E8	102.92431606455735
1.083337745E8	117.01950239931261
1.086930905E8	89.33307957363236
1.089314775E8	119.04079146080402
1.091111355E8	144.76949993849993
1.094117225E8	81.80465220168833
1.097710385E8	107.78453130567931
1.101303545E8	99.90714568616316
1.10324175E8	3.8892636234916176
1.10503833E8	58.50191354968101
1.108489865E8	153.72659736637766
1.112083025E8	116.22357859627252
1.115676185E8	100.47854941851043
1.119269345E8	155.98972239683906
1.122862505E8	127.1648417507234
1.126455665E8	141.89069552344074
1.130048825E8	68.95463221511265
1.133641985E8	67.58976879459331
1.137235145E8	68.33996703050884
1.140828305E8	66.52601347964236
1.144421465E8	65.28279797010025
1.148014625E8	90.58764927748413
1.151607785E8	54.67990958810041
1.155200945E8	113.31689681968578
1.158794105E8	130.73056836206118
1.162387265E8	120.22642514332492
1.165980425E8	106.56123582711679
1.169573585E8	99.69196960092836
1.173166745E8	124.65202389851744
1.176759905E8	111.12390281221352
1.180353065E8	145.82098262340534
1.183946225E8	134.8392168480063
1.187539385E8	99.56037525987601
1.191132545E8	56.36340037126547
1.194725705E8	95.72910183930307
1.198318865E8	156.0607728905389
1.201912025E8	128.32011477620696
1.205505185E8	56.25703173733864
1.209098345E8	90.61337939887966
1.212691505E8	88.89298962156609
1.216284665E8	127.83142335153593
1.219877825E8	119.7397412643069
1.223470985E8	168.87845083028054
1.227064145E8	55.92428968184434
1.230657305E8	66.71544098887075
1.234250465E8	134.75178571063586
1.237843625E8	95.37342026754581
1.241436785E8	85.39675995962142
1.245029945E8	93.04481347097084
1.248623105E8	57.341242438854316
1.252216265E8	38.67273472037226
1.255809425E8	159.64212185502893
1.259402585E8	170.67291133749498
1.262995745E8	141.6618318349289
1.266588905E8	107.33131227603764
1.270182065E8	136.18012240967153
1.273775225E8	70.8558274455299
1.277368385E8	95.22892001163058
1.280961545E8	110.66791134596706
1.284554705E8	81.33153439448172
1.288147865E8	148.72234799744297
1.291741025E8	73.60800031551443
1.295334185E8	119.33369002089387
1.298927345E8	139.5819706231615
1.302520505E8	111.09003006636648
1.306113665E8	122.91191213948923
1.309706825E8	101.07329920637513
1.313299985E8	85.32805890639128
1.316893145E8	74.48935856874895
1.320486305E8	91.090820130671
1.324079465E8	36.99544065478563
1.327672625E8	146.63844409200087
1.331265785E8	49.17556807534697
1.334858945E8	121.73461114971448
1.337730805E8	2.0325588490618682
1.339527385E8	20.06540474731011
1.342045265E8	12.596709194330218
1.345638425E8	52.79392871075066
1.349231585E8	2.954381245769683
1.352824745E8	9.21178539474902
1.356417905E8	17.19585755146033
1.360011065E8	4.119394001765459
1.363604225E8	16.7928760645968
1.367197385E8	16.48818047748268
1.370790545E8	51.219237419292355
1.374033365E8	14.729091126260485
1.375577225E8	254.25132463194717
1.375927565E8	60.773905419626594
1.376371405E8	148.5329029692781
1.37699935E8	18.232926958354618
1.37786751E8	78.23796330850412
1.37868371E8	7.296805954790045
1.37942101E8	31.633138329082744
1.37980213E8	40.6406519506192
1.38019627E8	44.31393545100945
1.38089538E8	34.703893885343916
1.38156123E8	25.49013633015618
1.382206275E8	85.39974872753044
1.38280805E8	2.3970291690114425
1.38323179E8	179.18951014349332
1.383484915E8	1.0
1.38384028E8	128.99189229919125
1.384312265E8	41.236559139784944
1.384772795E8	88.11503576982892
1.38522045E8	110.34086123630239
1.385663025E8	0.6771562562207452
1.38610046E8	46.11990420926591
1.38651258E8	15.420552394654807
1.386833775E8	40.29318714227063
1.387019305E8	8.224872231686541
1.38726341E8	0.0
1.387630385E8	87.93975175825915
1.3879854E8	123.52778824722684
1.3883298E8	7.052706196313902
1.388668195E8	10.160731605930442
1.389001375E8	138.59533955405985
1.389325255E8	9.783655677045786
1.38963047E8	1.1302612481857766
1.38991991E8	136.56549360146252
1.390198715E8	54.98056828597617
1.39044446E8	0.5769421410103555
1.390581695E8	0.0
1.39074104E8	105.56786449988556
1.391000815E8	249.4744847349278
1.39125904E8	50.34623187871187
1.391516555E8	54.62747682025698
1.391772845E8	12.291239362335826
1.39202833E8	87.77586922247116
1.39227853E8	223.125
1.392522945E8	143.28296068243188
1.392761035E8	0.0
1.392991635E8	0.1336281788027168
1.393219065E8	206.44185493460165
1.39344169E8	132.02421508426247
1.393656665E8	0.0
1.39386585E8	140.59815480458306
1.394057875E8	43.4270462633452
1.394157655E8	0.0
1.39426072E8	255.0
1.394433E8	2.2396251673360106
1.394591395E8	0.0
1.39474609E8	0.0
1.394898515E8	0.2883248730964467
1.39504877E8	2.8621033725803233
1.39519712E8	64.5
1.39534307E8	0.0
1.39548658E8	31.29815481548155
1.395628065E8	218.0282616423747
1.395768695E8	46.35512630014859
1.395908865E8	255.0
1.396048595E8	15.965608465608465
1.39618797E8	255.0
1.396327175E8	3.0
1.39646447E8	3.0
1.39659998E8	16.059272126424606
1.39673523E8	0.0
1.39687001E8	1.251101321585903
1.39700456E8	255.0
1.397138915E8	0.0
1.397272965E8	0.0
1.39740652E8	255.0
1.397539385E8	0.0
1.397671835E8	0.0
1.397738625E8	0.0
1.39780441E8	17.622142828143396
1.397935115E8	1.0
1.39806605E8	0.0
1.398195725E8	243.4889471364617
1.398324245E8	0.0
1.39845262E8	135.81722805080065
1.398580325E8	2.9936079545454546
1.3987073E8	0.0
1.398833975E8	1.0
1.398960405E8	151.34667203908432
1.399086725E8	3.0
1.399212565E8	114.61091340450771
1.39933781E8	167.24161361004403
1.39946267E8	255.0
1.399587085E8	70.13636363636364
1.399711325E8	0.0
1.39983544E8	255.0
1.399959275E8	146.9530544097427
1.400082885E8	192.94664842681257
1.40020559E8	0.0
1.400327265E8	0.0
1.400448715E8	0.0
1.4005699E8	0.0
1.400690545E8	3.0
1.40081085E8	255.0
1.400930995E8	181.0358860525342
1.40105101E8	0.0
1.40117094E8	255.0
1.401281635E8	0.0
1.40134155E8	0.0
1.401410485E8	1.169425031476379
1.40153003E8	0.375
1.40164882E8	0.0
1.40176667E8	208.2260659694288
1.4018842E8	210.72224496113722
1.40200076E8	0.5511981003094193
1.402116215E8	0.0
1.402231315E8	246.7741935483871
1.402345955E8	0.0
1.402459205E8	169.09252669039145
1.402571045E8	0.0
1.402682415E8	0.0
1.4027885E8	31.560226782281163
1.40288828E8	255.0
1.402984445E8	0.0
1.40307799E8	0.0
1.403166425E8	0.0
1.40324819E8	0.0
1.403326835E8	1.25
1.403402015E8	0.0
1.4034742E8	0.0
1.40354483E8	51.97950530035336
1.403614525E8	21.787815263675075
1.403683705E8	236.71782989629276
1.403752505E8	2.6415986248388483
1.403821105E8	84.29752066115702
1.40388953E8	255.0
1.403957145E8	0.0
1.404023365E8	3.0
1.404088075E8	0.0
1.404151525E8	2.40671834625323
1.40421418E8	1.0
1.40427633E8	81.27125579255267
1.404337675E8	155.6751133635636
1.404398365E8	0.0
1.40445888E8	255.0
1.404519085E8	0.0
1.404579005E8	255.0
1.404638765E8	243.32659889332132
1.404698365E8	255.0
1.4047577E8	255.0
1.40481673E8	180.4080206691474
1.404875345E8	0.0
1.404915035E8	0.0
1.404943895E8	0.0
1.404990715E8	0.0
1.405047025E8	103.72575341425443
1.40510262E8	0.0
1.405157995E8	192.05927710843375
1.40521292E8	214.28191933240612
1.40526756E8	169.38137157511326
1.40532181E8	0.0
1.40537566E8	238.34610095769372
1.405429375E8	154.2
1.405482795E8	0.0
1.40553603E8	0.0
1.405589225E8	2.4
1.40564221E8	0.0
1.405694775E8	255.0
1.40574688E8	0.0
1.405798735E8	234.54030874785593
1.405850135E8	255.0
1.40590093E8	1.0
1.405951535E8	0.0
1.40600212E8	0.0
1.406052535E8	0.0
1.406102665E8	9.446908426819723
1.406152645E8	0.0
1.406202595E8	3.0
1.406252495E8	255.0
1.40630226E8	0.0
1.40635179E8	1.0
1.40640115E8	0.0
1.4064504E8	0.0
1.4064995E8	233.52750913025835
1.406548455E8	0.0
1.40659729E8	66.12720635430038
1.40664601E8	1.0
1.406694435E8	0.0
1.40674261E8	0.0
1.40679061E8	226.92288724501233
1.40683806E8	0.0
1.40688509E8	0.0
1.406931635E8	255.0
1.40697758E8	0.0
1.40702335E8	127.5
1.40706898E8	255.0
1.40711432E8	0.0
1.40715925E8	239.03489640130863
1.40720393E8	0.0
1.407248515E8	3.0
1.407292955E8	0.6740506329113924
1.407337135E8	0.0
1.40738111E8	0.0
1.40742499E8	0.0
1.407468785E8	0.0
1.40751256E8	0.0
1.407556295E8	0.0
1.40759995E8	119.16
1.407643435E8	0.0
1.407686665E8	162.3171650576878
1.407729765E8	0.2722334646927255
1.40777284E8	0.0
1.40781584E8	229.93274290084307
1.40785876E8	12.432381333689221
1.40790157E8	0.0
1.407944295E8	0.0
1.407986935E8	0.0
1.40802937E8	0.0
1.40807165E8	255.0
1.408113885E8	0.0
1.408156105E8	166.08387780328448
1.408198225E8	0.41391915137614677
1.40824022E8	199.4370709382151
1.408282145E8	2.666566174253844
1.408324E8	0.0
1.408365825E8	0.0
1.40840755E8	0.0
1.408449115E8	255.0
1.40849054E8	0.0
1.40851497E8	255.0
1.408535395E8	0.0
1.40857247E8	0.0
1.408613235E8	255.0
1.40865389E8	146.68117497804235
1.408694335E8	0.0
1.40873455E8	0.0
1.408774675E8	0.0
1.408814765E8	170.0
1.40885475E8	170.33333333333334
1.408894625E8	0.0
1.408934395E8	0.0
1.408974065E8	0.0
1.409013685E8	193.9811320754717
1.409053235E8	226.56575249653872
1.40909269E8	0.0
1.409132055E8	0.0
1.409171345E8	0.0
1.409210595E8	255.0
1.40924982E8	0.0
1.40928899E8	0.0
1.40932812E8	0.0
1.409367215E8	253.21678321678323
1.4094061E8	0.0
1.409444775E8	1.691262382524765
1.409483385E8	221.60279136372492
1.409521765E8	255.0
1.40955989E8	0.0
1.409597955E8	0.0
1.409636015E8	255.0
1.40967392E8	0.0
1.40971157E8	3.0
1.40974907E8	129.0
1.40978648E8	0.0
1.409823815E8	0.8958990536277602
1.40986105E8	45.01864898466639
1.409898215E8	44.50588235294118
1.40993536E8	0.0
1.409972465E8	0.0
1.41000941E8	0.0
1.410046115E8	0.47620824780742677
1.410082665E8	254.10526315789474
1.41011916E8	0.0
1.410155645E8	0.0
1.410192115E8	255.0
1.410228535E8	0.49867608120035306
1.410264835E8	255.0
1.410301055E8	0.0
1.41033718E8	103.9615795090715
1.41037321E8	0.0
1.410409235E8	0.0
1.41044521E8	0.0
1.410481085E8	1.0
1.410516865E8	0.0
1.41055252E8	129.22222222222223
1.410588075E8	194.19878016944728
1.41062361E8	1.0
1.41065914E8	0.0
1.41069467E8	244.1028702057404
1.41073012E8	223.58923454768728
1.41076544E8	0.0
1.41080071E8	255.0
1.41083596E8	0.0
1.41087117E8	0.0
1.41090628E8	0.0
1.410941305E8	236.71657488063317
1.41097631E8	107.87492594299256
1.411011295E8	0.0
1.411046235E8	109.28571428571429
1.411081075E8	0.0
1.41111585E8	0.0
1.4111506E8	0.0
1.411185295E8	205.06628710858072
1.41121994E8	0.0
1.411254545E8	56.989323564558156
1.411289005E8	0.0
1.411323185E8	0.0
1.411357175E8	0.0
1.4113911E8	255.0
1.411424975E8	0.0
1.41145878E8	155.3095785440613
1.411492525E8	225.6869397831833
1.41152626E8	255.0
1.41155995E8	0.0
1.411593515E8	0.0
1.41162699E8	210.52325581395348
1.41166043E8	1.0
1.4116937E8	0.0
1.411726805E8	255.0
1.411759855E8	0.0
1.41179286E8	0.0
1.411825805E8	0.0
1.411858675E8	3.0
1.41189148E8	0.0
1.41192424E8	3.0
1.411956955E8	255.0
1.411989605E8	71.00583771161705
1.41202221E8	43.666666666666664
1.4120548E8	225.33396932965454
1.412087365E8	0.0
1.41210776E8	0.0
1.41212402E8	0.0
1.412152325E8	0.0
1.41218463E8	0.6666666666666666
1.41221688E8	87.00591715976331
1.412249085E8	228.759656019656
1.41228124E8	196.06443267216952
1.41231335E8	0.0
1.412345425E8	129.0
1.41237746E8	0.0
1.41240947E8	255.0
1.41244146E8	0.0
1.412473425E8	91.79864559819413
1.41250538E8	223.3802197305059
1.412537305E8	240.9001323018502
1.412569125E8	0.0
1.41260086E8	0.0
1.41263258E8	255.0
1.412664245E8	128.0
1.41269585E8	0.0
1.41272743E8	0.0
1.412758995E8	0.0
1.412790545E8	255.0
1.412822035E8	0.0
1.4128534E8	211.93665667383755
1.41288466E8	0.0
1.41291589E8	0.0
1.412947105E8	0.0
1.412978215E8	15.623553880150787
1.413009225E8	0.0
1.413040225E8	254.74371859296483
1.41307117E8	0.0
1.41310204E8	254.1041200894283
1.413132865E8	0.0
1.413163665E8	255.0
1.41319445E8	52.2
1.413225215E8	242.57886983778968
1.41325596E8	0.0
1.41328669E8	1.125
1.41331738E8	0.0
1.413348E8	0.0
1.413378585E8	188.0910426014154
1.413409105E8	232.2429197080292
1.413439555E8	0.0
1.41346999E8	255.0
1.41350033E8	0.0
1.413530575E8	0.0
1.41356076E8	0.0
1.413590875E8	0.0
1.41362097E8	0.0
1.413651025E8	0.0
1.41368103E8	0.0
1.41371102E8	52.27362482369534
1.413740995E8	25.55017667844523
1.41377093E8	255.0
1.413800805E8	237.51724137931035
1.413830635E8	255.0
1.413860455E8	1.0
1.41389022E8	0.0
1.413919895E8	0.0
1.4139495E8	0.0
1.413979065E8	0.0
1.41400857E8	0.0
1.41403801E8	0.0
1.41406741E8	255.0
1.41409678E8	0.0
1.414126105E8	0.0
1.41415538E8	236.61809125536053
1.414184645E8	0.0
1.414213895E8	255.0
1.414243125E8	206.52484337914382
1.414272345E8	5.7922098696312885
1.41430155E8	255.0
1.414330725E8	7.783748925193465
1.414359875E8	150.27204658901832
1.414389E8	0.0
1.414418105E8	0.0
1.41444718E8	203.06926302209322
1.414476225E8	0.15014097744360902
1.41450526E8	0.0
1.41453427E8	174.81665322139577
1.41456323E8	0.0
1.41459214E8	77.07470049330514
1.414621005E8	88.21215615219897
1.414649835E8	180.46004766440464
1.414678655E8	3.0
1.414707475E8	255.0
1.41473629E8	0.0
1.41476508E8	0.0
1.414793845E8	204.31439305001174
1.41482258E8	0.0
1.414851235E8	0.0
1.414879835E8	3.0
1.414908425E8	0.0
1.41493699E8	255.0
1.41496551E8	226.16928784754901
1.414993995E8	122.9475982532751
1.415022465E8	0.0
1.415050915E8	255.0
1.41507934E8	0.0
1.415107725E8	0.0
1.415136075E8	0.0
1.41516441E8	0.0
1.415192725E8	0.0
1.41522102E8	0.0
1.415249305E8	211.12017167381975
1.41527757E8	64.5
1.41530581E8	0.0
1.415334035E8	0.0
1.415362255E8	0.0
1.415390465E8	255.0
1.41541866E8	0.0
1.41544683E8	199.03636828935396
1.415474975E8	0.0
1.4155031E8	3.0
1.415531175E8	0.0
1.41555919E8	183.05960264900662
1.415587165E8	1.0
1.41561512E8	0.0
1.41564307E8	32.58024691358025
1.415671015E8	0.0
1.415695015E8	242.6852337602222
1.41570898E8	255.0
1.41572688E8	0.0
1.4157548E8	0.0
1.415782705E8	144.84334245693125
1.415810595E8	254.5518453427065
1.41583847E8	90.95548489666136
1.415866325E8	0.0
1.41589416E8	215.26217346089234
1.41592198E8	0.0
1.41594971E8	182.18438761776582
1.415977345E8	86.22105263157894
1.41600491E8	0.0
1.416032415E8	0.0
1.41605989E8	1.0
1.416087335E8	255.0
1.416114735E8	0.0
1.41614208E8	0.0
1.416169385E8	143.5760536317499
1.41619657E8	222.88561238765863
1.416223655E8	254.10526315789474
1.41625071E8	255.0
1.416277715E8	0.0
1.41630469E8	1.0
1.416331645E8	215.25006914403235
1.41635856E8	0.0
1.416385445E8	1.5993241612358196
1.416412325E8	0.0
1.416439195E8	245.71974035891563
1.41646598E8	162.04719302169536
1.416492685E8	0.0
1.41651938E8	29.10817978782803
1.416546065E8	0.0
1.41657273E8	41.78938581344555
1.416599375E8	0.0
1.41662593E8	250.8189413305069
1.416652385E8	1.0
1.416678815E8	210.53398210726974
1.41670523E8	0.0
1.41673163E8	0.0
1.41675801E8	0.0
1.416784375E8	150.84848896742332
1.41681073E8	0.0
1.41683705E8	126.71916010498688
1.416863335E8	255.0
1.416889605E8	0.0
1.416915825E8	1.0
1.416942E8	0.0
1.416968145E8	0.0
1.41699426E8	0.0
1.41702034E8	0.0
1.41704638E8	3.0
1.41707241E8	223.5
1.41709838E8	0.0
1.417124275E8	3.0
1.417150135E8	0.0
1.41717597E8	255.0
1.41720177E8	0.0
1.41722754E8	0.0
1.417253305E8	0.0
1.41727906E8	162.52261531571875
1.41730481E8	0.0
1.41733056E8	3.0
1.417356305E8	215.8597210828548
1.417382025E8	0.0
1.4174077E8	3.0
1.41743333E8	0.0
1.41745892E8	0.0
1.417484485E8	112.02076677316293
1.41751004E8	252.2840790842872
1.41753556E8	0.0
1.41756104E8	124.78190141538285
1.41758648E8	1.8497905445840814
1.41761189E8	255.0
1.417637275E8	0.0
1.4176626E8	0.0
1.41768789E8	0.0
1.417713145E8	0.0
1.41773836E8	81.04984168577356
1.41776357E8	0.0
1.417788775E8	0.0
1.417813975E8	159.314623338257
1.41783916E8	0.0
1.417864325E8	0.0
1.41788946E8	0.9727826417967264
1.41791457E8	0.66011859445201
1.417939675E8	0.0
1.417964765E8	0.9964912280701754
1.41798983E8	0.0
1.418014855E8	0.0
1.41803981E8	100.49880273022266
1.4180647E8	0.0
1.41808953E8	0.0
1.41811431E8	196.14275029181667
1.418139075E8	215.81478151411616
1.41816383E8	0.0
1.41818857E8	0.0
1.418213285E8	0.0
1.418237955E8	1.0
1.41826259E8	128.0123131046614
1.418287215E8	0.0
1.41831178E8	255.0
1.41833627E8	191.88888888888889
1.418360715E8	0.0
1.41838512E8	0.0
1.418409505E8	204.7385540311392
1.418433885E8	0.0
1.418458265E8	121.07355654005374
1.41848263E8	0.0
1.418506975E8	0.0
1.418531305E8	1.0
1.41855562E8	0.0
1.41857992E8	1.6004228329809724
1.418604205E8	128.29882352941178
1.41862847E8	0.0
1.41865272E8	0.0
1.41867695E8	0.0
1.41870116E8	254.95505023796932
1.418725365E8	0.0
1.41874956E8	0.0
1.41877374E8	0.0
1.41879789E8	0.0
1.418822015E8	0.0
1.418846075E8	0.0
1.418870045E8	0.0
1.418893965E8	27.126195197179996
1.418917865E8	0.0
1.41894176E8	253.21678321678323
1.41896563E8	0.0
1.41898948E8	0.0
1.41901333E8	190.91140266134812
1.419037175E8	188.09061944698004
1.41906101E8	52.466910943295055
1.41908484E8	190.16978787609835
1.419108665E8	0.0
1.41913248E8	0.0
1.41915629E8	93.66463628211676
1.41918009E8	3.4610795124782356
1.41920388E8	0.0
1.419227665E8	255.0
1.41925143E8	0.0
1.419275165E8	0.0
1.419292615E8	16.625204582651392
1.41930446E8	255.0
1.419322555E8	0.0
1.419346225E8	0.0
1.41936987E8	0.0
1.41939347E8	0.0
1.41941703E8	255.0
1.419440575E8	0.0
1.41946411E8	0.0
1.419487635E8	0.0
1.419511115E8	0.0
1.419534545E8	255.0
1.419557965E8	233.33472025495752
1.41958135E8	0.0
1.419604675E8	254.30831826401447
1.419627965E8	0.0
1.419651245E8	229.84988119998116
1.419674515E8	231.93602536767142
1.41969777E8	0.0
1.419721005E8	0.0
1.419744205E8	255.0
1.41976738E8	0.0
1.419790505E8	0.0
1.41981358E8	0.0
1.419836635E8	231.2980765938017
1.41985967E8	83.06481052840421
1.41988266E8	2.5555555555555554
1.4199056E8	0.0
1.41992852E8	60.16883116883117
1.41995142E8	0.0
1.4199743E8	0.0
1.419997165E8	0.0
1.420020015E8	254.9358490566038
1.42004285E8	0.0
1.420065675E8	0.0
1.42008845E8	0.0
1.420111165E8	251.43439757632254
1.42013386E8	0.0
1.420156535E8	0.0
1.42017916E8	255.0
1.42020175E8	0.0
1.42022431E8	0.0
1.420246815E8	0.0
1.42026929E8	0.0
1.42029171E8	0.0
1.420314065E8	0.0
1.420336395E8	255.0
1.420358715E8	223.9347919403723
1.420381015E8	0.0
1.42040329E8	255.0
1.42042554E8	0.0
1.42044776E8	0.0
1.420469965E8	0.0
1.42049215E8	0.0
1.420514315E8	0.0
1.420536445E8	0.0
1.42055854E8	0.0
1.42058062E8	3.0
1.420602685E8	160.14714640960304
1.42062474E8	0.0
1.42064677E8	255.0
1.420668775E8	0.0
1.420690765E8	0.0
1.420712745E8	0.0
1.420734715E8	0.0
1.420756655E8	0.0
1.420778565E8	235.96777349369856
1.42080046E8	0.0
1.42082235E8	0.0
1.42084423E8	0.0
1.42086609E8	0.0
1.4208879E8	255.0
1.420909665E8	109.85714285714286
1.42093141E8	0.0
1.420953105E8	0.0
1.42097474E8	0.0
1.42099635E8	0.0
1.42101794E8	202.5952034883721
1.42103946E8	0.0
1.42106089E8	0.0
1.421082245E8	255.0
1.42110355E8	0.0
1.421124825E8	0.0
1.421146075E8	0.0
1.421167315E8	206.08939130434783
1.42118853E8	187.9398211829436
1.42120971E8	237.03020134228188
1.421230865E8	86.87619047619047
1.421252E8	0.0
1.42127313E8	0.0
1.42129426E8	0.0
1.421315385E8	0.0
1.42133649E8	111.51253918495298
1.421357575E8	0.0
1.42137864E8	0.0
1.42139969E8	77.66287339971551
1.42142073E8	0.0
1.421441755E8	49.984
1.421462745E8	0.0
1.421483705E8	255.0
1.421504655E8	0.0
1.421525595E8	0.0
1.421546525E8	3.0
1.421567435E8	61.27402265253928
1.42158833E8	0.0
1.421609215E8	0.0
1.42163009E8	0.5847058823529412
1.42165096E8	0.0
1.421671825E8	0.0
1.421692675E8	0.0
1.4217135E8	205.80081405866392
1.4217343E8	0.0
1.42175509E8	0.0
1.421775875E8	0.0
1.421796645E8	255.0
1.421817365E8	0.0
1.421838025E8	8.995441437444542
1.42185866E8	170.53231492361928
1.42187929E8	208.07556713175615
1.421899915E8	255.0
1.421920525E8	0.0
1.421941125E8	0.0
1.421961725E8	255.0
1.42198232E8	131.76579925650557
1.422002865E8	255.0
1.422023345E8	255.0
1.422043795E8	0.0
1.42206423E8	255.0
1.42208462E8	0.0
1.42210496E8	0.0
1.42212529E8	0.0
1.422145605E8	0.0
1.42216589E8	26.176119942196532
1.42218613E8	255.0
1.422206335E8	0.0
1.42222652E8	255.0
1.422246675E8	0.0
1.422266795E8	236.66666666666666
1.42228689E8	0.0
1.422306975E8	255.0
1.422327045E8	0.0
1.422347105E8	0.0
1.42236716E8	142.0
1.42238721E8	255.0
1.422407225E8	0.0
1.422427205E8	0.641804788213628
1.422447185E8	3.0
1.42246715E8	0.0
1.42248709E8	0.0
1.422507005E8	0.0
1.422526905E8	182.08430759097647
1.422546795E8	255.0
1.422566665E8	0.0
1.422586525E8	0.0
1.422606355E8	0.0
1.422626145E8	3.0
1.422645915E8	167.6682808716707
1.422665675E8	1.6666666666666667
1.42268543E8	255.0
1.422705175E8	192.0
1.422724895E8	0.0
1.422744575E8	1.0
1.422764235E8	1.0
1.422783895E8	0.0
1.422803545E8	0.0
1.42282318E8	1.0969872083067258
1.422842805E8	255.0
1.422862425E8	255.0
1.4228818E8	3.0
1.42289161E8	0.0
1.42290166E8	0.0
1.42292127E8	0.0
1.42294088E8	0.0
1.422960465E8	0.0
1.422980025E8	28.72104389937671
1.42299954E8	0.0
1.42301901E8	255.0
1.42303848E8	255.0
1.423057945E8	255.0
1.4230774E8	0.0
1.423096845E8	0.0
1.42311628E8	0.0
1.42313569E8	0.0
1.423155065E8	0.0
1.423174425E8	0.0
1.42319378E8	0.0
1.42321312E8	0.0
1.42323245E8	0.0
1.42325177E8	0.0
1.42327107E8	3.0
1.423290355E8	0.0
1.423309635E8	0.0
1.42332891E8	0.0
1.423348175E8	248.14661746617466
1.423367435E8	255.0
1.423386685E8	0.0
1.423405905E8	0.0
1.42342509E8	0.0
1.423444255E8	0.0
1.423463415E8	0.0
1.42348253E8	0.9791666666666666
1.423501595E8	0.0
1.42352065E8	0.24482758620689654
1.423539695E8	0.0
1.42355873E8	0.0
1.42357776E8	0.0
1.42359679E8	0.0
1.423615815E8	3.0
1.42363483E8	255.0
1.423653835E8	0.0
1.423672835E8	255.0
1.42369183E8	0.0
1.4237108E8	0.0
1.42372975E8	0.0
1.42374869E8	255.0
1.42376761E8	0.0
1.423786515E8	0.0
1.423805415E8	253.23663363908372
1.423824305E8	49.70867208672087
1.423843155E8	0.0
1.423861925E8	255.0
1.423880645E8	0.0
1.42389936E8	0.0
1.423918065E8	139.53757225433526
1.423936765E8	0.0
1.42395546E8	0.0
1.42397415E8	0.0
1.42399284E8	0.0
1.424011525E8	63.581497797356825
1.42403019E8	0.0
1.42404883E8	210.83564281185195
1.42406746E8	0.0
1.424086055E8	0.0
1.424104605E8	255.0
1.42412313E8	0.0
1.42414163E8	0.0
1.42416009E8	0.0
1.42417852E8	0.0
1.42419695E8	0.0
1.42421538E8	129.0
1.424233805E8	0.0
1.42425222E8	0.0
1.42427063E8	1.0
1.424288995E8	0.0
1.424307315E8	0.0
1.424325625E8	0.0
1.42434392E8	0.0
1.42436221E8	0.0
1.424380485E8	1.0
1.42439871E8	255.0
1.424416895E8	0.0
1.424435075E8	0.0
1.42445323E8	0.0
1.42447136E8	1.3269299019920102
1.424489455E8	0.0
1.4245075E8	0.0
1.424525525E8	0.0
1.42454354E8	254.40281030444964
1.424561545E8	0.0
1.424579545E8	2.323809523809524
1.424597535E8	0.0
1.42461551E8	1.0
1.42463346E8	0.0
1.424651385E8	0.0
1.42466928E8	134.6096654275093
1.424687145E8	0.0
1.424705E8	1.3914473684210527
1.42472285E8	254.79352226720647
1.424740655E8	0.0
1.42475841E8	0.0
1.42477616E8	3.0
1.42479391E8	255.0
1.424811635E8	1.0
1.42482933E8	255.0
1.424847005E8	207.61155151896963
1.42486464E8	0.0
1.424882225E8	223.11813567143517
1.424899775E8	248.25200747436998
1.4249173E8	1.0
1.42493479E8	0.0
1.42495226E8	0.0
1.42496973E8	0.0
1.42498718E8	0.0
1.4250046E8	0.0
1.425021995E8	31.929925077126487
1.42503937E8	0.0
1.425056725E8	0.0
1.42507406E8	129.0
1.425091385E8	255.0
1.425108685E8	255.0
1.425125945E8	3.0
1.425143185E8	2.2650306748466256
1.4251604E8	255.0
1.42517759E8	255.0
1.425194765E8	0.0
1.425211925E8	0.0
1.42522908E8	0.0
1.425246225E8	0.0
1.42526336E8	0.0
1.425280485E8	247.84354838709677
1.425297595E8	233.66854766854766
1.425314695E8	0.0
1.42533179E8	0.0
1.425348875E8	0.0
1.425365935E8	0.0
1.42538297E8	0.0
1.4254E8	255.0
1.425416995E8	0.0
1.425433925E8	219.5961409620796
1.425450825E8	255.0
1.42546771E8	0.0
1.42548457E8	3.0
1.42550141E8	0.0
1.42551824E8	98.4590965109855
1.42553507E8	152.37776719828614
1.425551885E8	0.0
1.42556868E8	33.125
1.425585465E8	0.0
1.42560223E8	208.10344827586206
1.42561894E8	0.0
1.42563556E8	0.0
1.425652095E8	183.7140575079872
1.42566857E8	0.0
1.42568501E8	0.0
1.42570144E8	0.0
1.42571786E8	0.0
1.42573425E8	0.0
1.42575062E8	0.0
1.42576699E8	163.85539430966983
1.425783355E8	0.0
1.425799685E8	0.0
1.42581598E8	0.0
1.42583225E8	255.0
1.4258485E8	0.0
1.42586474E8	0.0
1.425880965E8	0.0
1.42589717E8	94.72315282121147
1.425913335E8	1.0
1.42592946E8	165.33500627352572
1.425945565E8	63.819460900473935
1.425961665E8	147.0
1.425977755E8	0.0
1.42599378E8	0.0
1.42600974E8	0.0
1.426025685E8	186.18844221105527
1.426041585E8	0.0
1.426057445E8	0.0
1.426073305E8	0.0
1.42608914E8	0.0
1.42610493E8	0.0
1.4261207E8	0.0
1.42613646E8	0.0
1.4261522E8	0.0
1.42616792E8	0.0
1.42618361E8	0.0
1.426199275E8	148.75846294602013
1.426214905E8	0.0
1.426230505E8	0.0
1.426246095E8	0.0
1.426261665E8	0.0
1.426277225E8	0.0
1.42629278E8	0.0
1.42630832E8	0.0
1.426323845E8	1.375
1.426339355E8	0.0
1.426354855E8	108.70786516853933
1.42637035E8	0.0
1.426385825E8	0.0
1.426401275E8	255.0
1.42641671E8	129.06888002587044
1.42643213E8	0.0
1.426447535E8	0.0
1.426462925E8	0.0
1.42647757E8	0.0
1.42648524E8	0.0
1.42649362E8	214.4849201655825
1.42650895E8	0.0
1.426524275E8	255.0
1.42653958E8	255.0
1.42655486E8	254.86334405144694
1.42657012E8	0.0
1.42658537E8	0.0
1.42660062E8	195.5763233559422
1.42661585E8	0.0
1.426631055E8	0.0
1.42664625E8	0.0
1.426661435E8	0.0
1.426676605E8	255.0
1.426691735E8	0.0
1.42670683E8	255.0
1.426721915E8	0.0
1.426736975E8	2.9765395894428153
1.426752015E8	0.0
1.426767045E8	0.0
1.426782025E8	0.0
1.426796955E8	0.0
1.426811875E8	211.52604103435718
1.426826785E8	0.0
1.42684168E8	87.0
1.426856565E8	0.0
1.42687144E8	253.9738430583501
1.42688631E8	118.21085080147965
1.42690117E8	120.82773722627738
1.426916015E8	0.0
1.426930845E8	0.0
1.426945645E8	0.0
1.426960415E8	0.0
1.42697517E8	117.24652455977757
1.42698991E8	0.0
1.42700463E8	0.0
1.427019325E8	0.0
1.427034E8	0.0
1.427048665E8	0.0
1.427063315E8	0.0
1.427077945E8	255.0
1.42709256E8	0.0
1.42710717E8	0.0
1.42712177E8	0.0
1.427136355E8	242.6839841566836
1.427150925E8	0.0
1.42716547E8	0.0
1.427179995E8	0.0
1.427194515E8	0.0
1.42720903E8	1.0
1.427223515E8	0.0
1.427237975E8	0.0
1.42725243E8	0.0
1.42726687E8	229.46440802348337
1.42728129E8	0.0
1.427295695E8	231.22037387087425
1.427310075E8	0.0
1.427324415E8	255.0
1.427338735E8	202.87292817679557
1.427353055E8	0.0
1.427367365E8	3.0
1.42738166E8	254.09252669039145
1.42739595E8	160.96683850500645
1.42741022E8	0.0
1.427424465E8	0.0
1.427438705E8	0.0
1.427452945E8	0.0
1.42746718E8	0.0
1.427481405E8	228.67112810707457
1.42749562E8	0.0
1.42750982E8	0.0
1.427523995E8	255.0
1.427538155E8	254.55105633802816
1.427552315E8	1.0
1.42756647E8	0.0
1.427580605E8	0.0
1.427594725E8	0.0
1.42760884E8	0.0
1.427622945E8	0.0
1.427637035E8	0.0
1.427651115E8	190.07874015748033
1.42766519E8	1.0
1.427679255E8	0.0
1.427693305E8	255.0
1.427707335E8	0.0
1.42772132E8	255.0
1.427735265E8	0.0
1.4277492E8	167.50447559533862
1.42776312E8	3.0
1.42777703E8	0.0
1.42779094E8	0.0
1.427804825E8	0.0
1.427818685E8	0.0
1.42783254E8	0.0
1.427846385E8	205.0738993710692
1.42786022E8	255.0
1.427874045E8	3.0
1.42788786E8	0.0
1.42790167E8	0.0
1.427915475E8	255.0
1.427929275E8	85.66666666666667
1.42794307E8	26.012727272727272
1.427956855E8	127.77504393673111
1.42797063E8	206.37472283813747
1.4279844E8	41.928276999175594
1.42799817E8	0.0
1.42801194E8	255.0
1.428025705E8	255.0
1.42803946E8	0.0
1.428053205E8	0.0
1.428066945E8	0.0
1.42808068E8	0.0
1.4280944E8	0.0
1.4281081E8	255.0
1.428121785E8	0.0
1.428135455E8	75.74719800747198
1.42814909E8	0.0
1.428162695E8	199.70085270841926
1.428176275E8	186.952769372451
1.428189835E8	255.0
1.42820339E8	0.0
1.42821694E8	0.0
1.428230475E8	0.0
1.42824399E8	0.0
1.42825748E8	0.0
1.42827095E8	175.91139240506328
1.428284415E8	0.0
1.428297865E8	0.0
1.4283113E8	0.0
1.42832472E8	234.42925944117005
1.428338125E8	254.63215258855587
1.428351525E8	0.0
1.428364925E8	0.0
1.42837832E8	255.0
1.42839171E8	0.0
1.42840509E8	0.0
1.42841846E8	0.0
1.428431825E8	0.0
1.428445175E8	219.24432948666933
1.42845851E8	0.0
1.42847184E8	16.799983836261326
1.42848517E8	0.0
1.428498495E8	201.72701949860723
1.428511805E8	204.53554119547658
1.428525105E8	0.0
1.428538395E8	0.0
1.42855167E8	0.0
1.428564935E8	0.0
1.428578195E8	0.0
1.42859144E8	0.0
1.42860467E8	87.0
1.428617895E8	127.72486772486772
1.428631085E8	0.0
1.42864424E8	0.0
1.42865739E8	0.0
1.42867054E8	255.0
1.42868369E8	0.9549611460591003
1.428696825E8	0.0
1.42870994E8	0.0
1.42872305E8	3.0
1.428736155E8	0.0
1.428749255E8	170.64433472375927
1.42876235E8	0.8
1.428775435E8	0.0
1.428788505E8	0.0
1.428801555E8	252.0602830683208
1.428814595E8	0.0
1.428827635E8	3.0
1.428840675E8	255.0
1.42885371E8	0.0
1.42886674E8	0.0
1.428879765E8	0.0
1.42889278E8	0.0
1.42890579E8	255.0
1.42891879E8	248.8850786216126
1.42893177E8	0.0
1.42894474E8	52.0
1.42895771E8	0.0
1.428970675E8	0.0
1.42898363E8	0.0
1.428996575E8	0.0
1.429009515E8	0.0
1.429022455E8	255.0
1.42903539E8	0.0
1.42904831E8	0.0
1.429061215E8	0.0
1.42907411E8	255.0
1.42908699E8	234.10208223290985
1.429099855E8	0.0
1.42911271E8	0.0
1.429125555E8	0.0
1.429138395E8	223.1389855072464
1.42915123E8	0.0
1.42916406E8	187.74504406676937
1.429176885E8	219.56331877729258
1.4291897E8	0.0
1.429202505E8	0.0
1.429215305E8	0.0
1.4292281E8	0.0
1.429240885E8	0.0
1.429253665E8	101.56198347107438
1.429266445E8	0.0
1.42927922E8	236.0449378811277
1.42929199E8	0.774198005542816
1.42930476E8	129.0
1.429317525E8	0.0
1.42933028E8	1.5057118056361434
1.42934303E8	0.0
1.429355775E8	0.0
1.429368515E8	1.0
1.429381245E8	0.0
1.42939396E8	255.0
1.42940667E8	0.0
1.42941938E8	0.0
1.42943209E8	255.0
1.4294448E8	255.0
1.429457505E8	227.7508520270614
1.429470205E8	1.0
1.429482905E8	231.0197978964735
1.4294956E8	3.0
1.429508285E8	0.0
1.429520965E8	255.0
1.429533635E8	220.17764884652576
1.42954629E8	0.0
1.429558935E8	1.1428571428571428
1.42957157E8	0.0
1.4295842E8	0.0
1.42959683E8	133.51817316841104
1.429609455E8	0.0
1.429622075E8	87.0
1.429634695E8	0.0
1.42964731E8	0.0
1.42965992E8	180.0023719700906
1.429672525E8	212.36955533051562
1.429685125E8	0.0
1.429697725E8	186.05351437699682
1.429710325E8	3.0
1.42972292E8	61.946828813634546
1.429735505E8	0.0
1.429748085E8	0.0
1.429760665E8	4.288025889967638
1.42977324E8	0.0
1.42978579E8	0.0
1.42979832E8	241.01605953779867
1.429810845E8	0.0
1.42982336E8	255.0
1.42983587E8	0.0
1.42984838E8	0.0
1.42986089E8	0.0
1.429873395E8	18.97864768683274
1.42988589E8	0.0
1.429898375E8	0.0
1.42991085E8	240.31130876747142
1.429923315E8	0.0
1.429935775E8	255.0
1.429948225E8	0.0
1.42996066E8	230.11807380865383
1.429973085E8	228.7917831530327
1.4299855E8	0.0
1.42999791E8	255.0
1.43001032E8	0.0
1.430022725E8	1.0
1.430035125E8	0.0
1.430047525E8	241.08670841822735
1.43005992E8	3.0
1.4300719E8	0.0
1.43007809E8	0.0
1.430084685E8	0.0
1.430097065E8	5.325864764118802
1.430109445E8	0.0
1.43012182E8	0.0
1.430134185E8	0.0
1.43014654E8	0.0
1.43015889E8	255.0
1.430171235E8	0.0
1.430183575E8	163.79168034131933
1.430195915E8	0.0
1.43020825E8	0.0
1.43022058E8	0.0
1.430232905E8	125.94782608695652
1.43024522E8	255.0
1.43025753E8	0.5
1.43026984E8	255.0
1.43028215E8	193.125
1.430294455E8	232.83501006036218
1.43030675E8	255.0
1.43031904E8	3.0
1.430331325E8	0.0
1.4303436E8	255.0
1.43035587E8	221.21811568038646
1.43036814E8	0.0
1.43038041E8	0.0
1.430392675E8	255.0
1.430404935E8	0.0
1.430417195E8	0.3333333333333333
1.43042945E8	249.7376179245283
1.4304417E8	0.0
1.43045395E8	0.0
1.4304662E8	3.0
1.43047845E8	0.0
1.4304907E8	0.0
1.430502945E8	193.22700146022476
1.430515185E8	212.85159010600708
1.430527425E8	0.0
1.430539665E8	63.996492766330555
1.4305519E8	0.0
1.43056413E8	0.0
1.43057636E8	255.0
1.430588585E8	191.23537519823333
1.430600805E8	255.0
1.43061302E8	0.0
1.430625225E8	0.0
1.430637425E8	0.0
1.43064962E8	0.0
1.43066181E8	0.0
1.430674E8	0.0
1.430686185E8	207.39414612676057
1.430698365E8	0.0
1.430710525E8	182.9274924471299
1.43072266E8	0.0
1.430734785E8	0.0
1.430746905E8	255.0
1.43075902E8	0.0
1.43077113E8	0.0
1.430783235E8	0.0
1.43079533E8	0.0
1.43080742E8	255.0
1.43081951E8	0.0
1.430831595E8	0.0
1.430843675E8	0.0
1.430855755E8	3.0
1.430867835E8	0.0
1.43087991E8	2.9480968858131487
1.430891975E8	0.0
1.43090403E8	32.90696353515847
1.43091608E8	0.0
1.43092813E8	255.0
1.43094017E8	0.0
1.4309522E8	0.0
1.43096423E8	0.0
1.430976255E8	255.0
1.430988275E8	1.0
1.43100029E8	0.0
1.431012295E8	1.8284322758983809
1.431024295E8	0.0
1.431036295E8	0.0
1.43104829E8	0.0
1.43106028E8	111.02385685884691
1.431072265E8	0.0
1.431084245E8	0.0
1.43109622E8	0.0
1.43110819E8	0.0
1.43112015E8	0.0
1.4311321E8	0.0
1.43114405E8	172.1979336595976
1.431156E8	0.0
1.43116795E8	28.42003532495764
1.431179895E8	255.0
1.43119183E8	255.0
1.43120376E8	255.0
1.43121569E8	255.0
1.43122762E8	0.33658536585365856
1.431239545E8	0.0
1.431251465E8	239.21783672682895
1.431263385E8	127.5
1.4312753E8	255.0
1.43128721E8	0.0
1.431299115E8	0.0
1.431311015E8	0.0
1.431322915E8	0.0
1.43133481E8	255.0
1.4313467E8	0.0
1.43135859E8	0.0
1.43137048E8	0.0
1.43138237E8	0.0
1.43139426E8	252.90554414784395
1.431406145E8	0.0
1.431418015E8	0.0
1.431429875E8	0.0
1.431441735E8	246.54018509498295
1.431453595E8	0.0
1.431465455E8	170.53231492361928
1.43147731E8	0.0
1.43148916E8	0.0
1.43150101E8	255.0
1.43151286E8	0.0
1.431524705E8	0.0
1.431536545E8	0.0
1.431548385E8	0.0
1.431560225E8	0.0
1.431572055E8	1.0
1.431583875E8	238.42324611716825
1.43159569E8	0.0
1.4316075E8	254.71709887671614
1.43161931E8	0.0
1.43163111E8	255.0
1.4316429E8	0.0
1.43165469E8	0.0
1.431666475E8	0.0
1.431678255E8	0.0
1.431690035E8	0.0
1.431701815E8	255.0
1.431713595E8	0.0
1.431725375E8	0.0
1.43173715E8	0.0
1.431748915E8	11.267541362915908
1.43176067E8	0.0
1.43177242E8	0.0
1.431784165E8	0.0
1.431795905E8	0.0
1.43180764E8	0.0
1.43181937E8	0.0
1.4318311E8	3.0
1.43184282E8	0.0
1.43185453E8	81.67280558443487
1.43186624E8	0.0
1.43187795E8	0.0
1.431889655E8	0.0
1.43190135E8	0.0
1.43191304E8	1.0
1.431924725E8	3.0
1.4319364E8	0.0
1.43194807E8	0.0
1.43195974E8	255.0
1.431971405E8	0.0
1.431983065E8	250.90058328215457
1.431994725E8	189.37803594591026
1.432006385E8	0.0
1.43201804E8	0.0
1.43202969E8	0.0
1.432041335E8	0.0
1.43205297E8	0.0
1.4320646E8	232.7777159121439
1.43207623E8	3.0
1.43208786E8	0.49823321554770317
1.43209949E8	0.0
1.43211112E8	227.99577842305115
1.432122745E8	178.38946233553617
1.432134365E8	0.0
1.432145985E8	129.1682132443287
1.4321576E8	0.0
1.43216921E8	0.0
1.43218082E8	0.0
1.432192425E8	0.0
1.432204025E8	56.292265837543724
1.432215625E8	0.0
1.43222722E8	0.0
1.43223881E8	0.0
1.4322504E8	177.0731707317073
1.43226199E8	0.0
1.43227358E8	0.0
1.432285165E8	0.0
1.432296745E8	25.291570021066967
1.432308325E8	0.0
1.4323199E8	169.11877962085308
1.43233147E8	254.5518453427065
1.432343035E8	0.0
1.432354595E8	122.249547920434
1.43236615E8	0.0
1.4323777E8	53.53667595171773
1.43238925E8	255.0
1.4324008E8	0.02139585342333655
1.432412345E8	0.0
1.432423885E8	255.0
1.432435425E8	0.0
1.432446965E8	255.0
1.4324585E8	0.0
1.43247003E8	3.0
1.43248156E8	0.0
1.432493085E8	255.0
1.432504605E8	3.0
1.432516125E8	0.0
1.432527645E8	0.0
1.43253916E8	255.0
1.432550665E8	1.0
1.432562165E8	255.0
1.432573655E8	0.0
1.432585135E8	0.0
1.432596615E8	92.88662420382165
1.432608095E8	74.01515151515152
1.432619575E8	0.0
1.432631055E8	0.0
1.43264253E8	0.0
1.432654E8	239.84821811868184
1.43266547E8	0.0
1.432676935E8	0.0
1.432688395E8	0.0
1.432699855E8	0.0
1.43271131E8	0.0
1.432722755E8	47.2772937905468
1.432734195E8	255.0
1.432745635E8	235.03010662345716
1.432757075E8	6.7105263157894735
1.432768515E8	0.0
1.43277995E8	0.0
1.43279138E8	254.77572559366754
1.432802805E8	0.0
1.432814225E8	255.0
1.432825645E8	0.8155138655885483
1.43283706E8	228.17959244237807
1.43284847E8	232.1790728772008
1.432859875E8	202.13313609467457
1.432871275E8	0.0
1.432882675E8	0.0
1.432894075E8	0.0
1.43290547E8	242.82386910490857
1.43291686E8	0.0
1.43292825E8	0.0
1.43293964E8	0.0
1.43295103E8	0.0
1.432962415E8	255.0
1.43297379E8	0.0
1.432985155E8	3.4111488205884672
1.432996515E8	0.0
1.433007875E8	144.34587505360705
1.433019235E8	3.0
1.43303059E8	0.0
1.43304194E8	0.0
1.43305329E8	255.0
1.433064635E8	0.0
1.433075975E8	166.6640074337647
1.433087315E8	1.977377541804703
1.433098655E8	0.0
1.43310999E8	3.0
1.43312132E8	0.0
1.43313265E8	0.0
1.433143975E8	228.6105051606996
1.433155295E8	53.05347593582888
1.433166615E8	0.0
1.433177935E8	0.0
1.43318925E8	0.0
1.43320056E8	225.24125603649964
1.43321187E8	0.0
1.433223175E8	3.0
1.433234475E8	255.0
1.433245775E8	1.0
1.43325707E8	0.0
1.43326836E8	0.0
1.43327965E8	99.28112854469555
1.43329094E8	0.0
1.43330222E8	255.0
1.43331349E8	0.0
1.433324755E8	227.01633078526754
1.433336015E8	255.0
1.433347275E8	0.0
1.433358535E8	0.0
1.433369795E8	30.047369147907748
1.43338105E8	0.0
1.4333923E8	0.0
1.433403545E8	85.33333333333333
1.433414785E8	0.0
1.43342602E8	0.0
1.43343725E8	28.618100128369704
1.43344848E8	114.16222760290557
1.43345971E8	63.75
1.43347094E8	254.40281030444964
1.433482165E8	217.26771697735018
1.43349338E8	0.0
1.433504585E8	0.0
1.43351578E8	1.6660148611654282
1.43352697E8	209.7539046010975
1.433538155E8	208.2092947676308
1.433549335E8	0.0
1.433560515E8	0.0
1.433571695E8	255.0
1.43358287E8	0.0
1.43359404E8	0.0
1.43360521E8	0.0
1.43361638E8	255.0
1.43362755E8	138.4748623853211
1.43363872E8	223.39567233384852
1.433649885E8	0.0
1.433661045E8	255.0
1.433668735E8	219.58553749090026
1.433674315E8	254.71875
1.433683365E8	255.0
1.433694525E8	255.0
1.433705685E8	0.0
1.43371684E8	0.0
1.43372799E8	0.0
1.43373914E8	255.0
1.433750285E8	0.0
1.433761425E8	0.0
1.433772565E8	0.0
1.433783705E8	0.0
1.433794845E8	0.0
1.433805985E8	0.0
1.433817115E8	255.0
1.433828235E8	0.0
1.433839355E8	0.0
1.433850475E8	218.87852705416688
1.43386159E8	91.90062111801242
1.433872695E8	0.0
1.433883795E8	0.0
1.433894895E8	1.5
1.433905995E8	0.0
1.43391709E8	0.0
1.43392818E8	0.0
1.43393927E8	255.0
1.43395036E8	255.0
1.433961445E8	2.904745933255073
1.433972525E8	0.0
1.4339836E8	0.0
1.43399467E8	191.9442970822281
1.43400574E8	1.0
1.434016805E8	229.73504885993486
1.434027865E8	3.0
1.43403892E8	0.0
1.43404997E8	0.0
1.43406102E8	0.0
1.43407207E8	0.0
1.43408312E8	0.0
1.43409417E8	255.0
1.43410521E8	0.0
1.43411624E8	0.0
1.43412727E8	0.0
1.434138295E8	0.0
1.434149315E8	0.0
1.434160335E8	150.38756476683938
1.43417135E8	63.36372864151582
1.43418236E8	0.0
1.43419337E8	0.0
1.434204375E8	107.02781972733224
1.434215375E8	0.0
1.43422637E8	255.0
1.43423736E8	92.0840652446675
1.434248345E8	79.6875
1.434259325E8	255.0
1.434270305E8	0.0
1.43428128E8	0.0
1.43429225E8	0.0
1.43430322E8	0.0
1.434314185E8	0.0
1.434325145E8	0.0
1.434336095E8	1.6115906288532675
1.43434703E8	0.0
1.434357955E8	0.0
1.43436887E8	0.0
1.43437978E8	255.0
1.434390685E8	255.0
1.434401585E8	0.0
1.434412485E8	203.4017595307918
1.434423385E8	213.00936795920788
1.434434285E8	0.0
1.43444518E8	0.0
1.43445607E8	0.0
1.434466955E8	0.0
1.434477835E8	183.031526222746
1.434488715E8	255.0
1.434499595E8	255.0
1.43451047E8	0.0
1.43452134E8	197.80919263519237
1.43453221E8	247.47328881469116
1.434543075E8	164.84584678104298
1.434553935E8	254.06896551724137
1.434564795E8	1.6313253012048192
1.434575655E8	0.0
1.434586505E8	0.0
1.434597345E8	0.0
1.434608185E8	0.0
1.434619025E8	2.9139344262295084
1.434629865E8	1.0
1.4346407E8	0.0
1.43465153E8	0.0
1.43466236E8	242.61440311558243
1.434673185E8	0.0
1.434684005E8	255.0
1.43469482E8	0.0
1.43470563E8	238.99911621741052
1.434716435E8	3.0
1.434727235E8	0.0
1.434738035E8	119.0
1.43474883E8	0.0
1.43475962E8	0.0
1.434770405E8	0.0
1.434781185E8	1.5274687007710803
1.434791965E8	0.0
1.434802745E8	0.0
1.43481352E8	0.0
1.43482429E8	0.0
1.434835055E8	0.0
1.434845815E8	0.0
1.434856575E8	255.0
1.434867335E8	0.0
1.43487809E8	0.0
1.43488884E8	226.93972767320784
1.43489959E8	37.10564010743062
1.43491034E8	255.0
1.434921085E8	0.0
1.434931825E8	23.2883631713555
1.434942565E8	28.333333333333332
1.434953305E8	129.0
1.43496404E8	0.0
1.434974765E8	235.80846139289335
1.434985485E8	255.0
1.4349962E8	0.0
1.43500691E8	134.09369771332962
1.435017615E8	255.0
1.435028315E8	255.0
1.435039015E8	0.0
1.43504971E8	0.0
1.4350604E8	0.0
1.435071085E8	3.0
1.43508176E8	0.0
1.43509243E8	0.0
1.4351031E8	0.0
1.435113765E8	0.0
1.435124415E8	255.0
1.435135055E8	0.0
1.435145695E8	255.0
1.43515633E8	3.0
1.43516696E8	0.0
1.43517759E8	125.0697247706422
1.43518822E8	165.12658671102162
1.43519885E8	0.0
1.43520948E8	0.0
1.43522011E8	255.0
1.43523074E8	0.0
1.435241365E8	221.704420774009
1.435251985E8	0.0
1.435262605E8	255.0
1.435273225E8	0.0
1.435283845E8	0.0
1.43529446E8	1.0
1.435305065E8	0.06219464908879411
1.435315665E8	227.3196772169426
1.435326265E8	0.0
1.43533686E8	232.09020436927415
1.43534745E8	0.0
1.43535804E8	0.0
1.435368625E8	0.0
1.435379205E8	229.7723929320834
1.435389785E8	255.0
1.435400365E8	176.60472094418884
1.43541094E8	0.0
1.435421505E8	0.0
1.435432065E8	72.82025316455696
1.435442625E8	255.0
1.435453185E8	0.0
1.43546374E8	0.0
1.43547429E8	0.0
1.43548484E8	0.0
1.435495385E8	156.3913043478261
1.435505925E8	0.0
1.43551646E8	0.0
1.43552699E8	254.90027375831053
1.43553752E8	42.71076185777715
1.43554805E8	29.33811156123403
1.43555858E8	255.0
1.435569105E8	0.0
1.435579625E8	249.6834454693158
1.435590145E8	129.0
1.43560066E8	0.0
1.43561117E8	0.0
1.43562168E8	255.0
1.43563219E8	0.0
1.4356427E8	0.0
1.435653205E8	0.0
1.435663705E8	51.835799859055676
1.4356742E8	0.0
1.43568469E8	0.0
1.43569518E8	0.0
1.43570567E8	0.0
1.43571616E8	255.0
1.435726645E8	0.0
1.435737125E8	209.38468845805087
1.435747605E8	255.0
1.435758085E8	0.0
1.435768565E8	123.66354044548652
1.43577904E8	1.0558619794700714
1.43578951E8	0.0
1.43579998E8	0.0
1.43581045E8	2.0
1.435820915E8	0.0
1.43583137E8	0.0
1.43584182E8	2.0
1.43585227E8	191.5
1.43586272E8	0.0
1.435873165E8	0.0
1.435883605E8	0.0
1.435894045E8	0.0
1.43590448E8	255.0
1.43591491E8	0.0
1.435925335E8	0.0
1.435935755E8	0.0
1.435946175E8	230.19464705527758
1.435956595E8	124.77991827203736
1.435967015E8	0.0
1.43597743E8	134.91946308724832
1.43598784E8	255.0
1.43599825E8	255.0
1.436008655E8	0.0
1.436019055E8	0.0
1.436029455E8	0.0
1.436039855E8	255.0
1.43605025E8	110.5158371040724
1.43606064E8	191.5873015873016
1.43607103E8	255.0
1.436081415E8	0.0
1.436091795E8	77.22684043677351
1.436102175E8	0.0
1.43611255E8	0.0
1.43612292E8	0.0
1.43613329E8	0.0
1.43614366E8	182.13796242725385
1.436154025E8	0.0
1.436164385E8	0.0
1.43617474E8	0.0
1.43618509E8	255.0
1.43619544E8	3.0
1.43620579E8	0.0
1.43621614E8	0.0
1.43622648E8	0.0
1.43623681E8	255.0
1.43624714E8	0.0
1.43625747E8	223.5
1.436267795E8	0.0
1.436278115E8	204.27004538577913
1.436288435E8	134.0948275862069
1.43629875E8	0.0
1.43630906E8	0.0
1.43631937E8	255.0
1.436329675E8	196.35284552845528
1.436339975E8	0.0
1.436350275E8	0.0
1.43636057E8	255.0
1.43637086E8	254.32450331125827
1.43638115E8	132.47731292002973
1.43639144E8	227.6646396896907
1.43640173E8	0.0
1.43641202E8	0.0
1.43642231E8	0.0
1.436432595E8	254.10211267605635
1.436442875E8	0.0
1.43645315E8	0.0
1.43646342E8	0.0
1.43647369E8	0.0
1.436483955E8	0.0
1.436494215E8	0.0
1.43650447E8	160.26536312849163
1.43651472E8	0.0
1.43652497E8	0.0
1.43653522E8	0.7047146401985112
1.43654546E8	0.0
1.43655569E8	0.0
1.436565915E8	0.0
1.436576135E8	254.54136690647482
1.436586355E8	249.01254422643936
1.436596575E8	0.0
1.43660679E8	153.97590361445782
1.436617E8	254.80812641083523
1.43662721E8	0.0
1.436637415E8	218.78583874686134
1.436647615E8	0.0
1.436657815E8	0.0
1.43666801E8	0.0
1.4366782E8	0.0
1.43668839E8	255.0
1.43669858E8	0.0
1.43670877E8	83.66170212765958
1.436718955E8	252.70974942622692
1.436729135E8	0.0
1.436739315E8	255.0
1.436749495E8	0.0
1.436759665E8	0.0
1.436769825E8	3.0
1.436779985E8	1.0
1.43679014E8	0.0
1.43680029E8	0.0
1.436810435E8	0.0
1.436820575E8	206.27988807403207
1.436830715E8	0.0
1.436840855E8	0.0
1.436850995E8	0.0
1.43686113E8	1.0
1.43687126E8	0.0
1.43688139E8	0.0
1.436891515E8	0.0
1.436901635E8	0.0
1.436911755E8	58.84615384615385
1.436921875E8	219.98778317796723
1.436931995E8	163.41499162479062
1.43694211E8	0.0
1.43695222E8	0.33653846153846156
1.43696233E8	0.0
1.43697244E8	0.0
1.436982545E8	205.7796480489671
1.436992645E8	170.59953161592506
1.437002745E8	128.0
1.437012845E8	122.95571955719558
1.437022935E8	0.0
1.437033015E8	0.0
1.437043095E8	0.0
1.43705317E8	0.0
1.43706324E8	0.0
1.437073305E8	101.94670846394985
1.437083365E8	0.5
1.437093425E8	0.0
1.43710348E8	0.0
1.43711353E8	0.0
1.43712358E8	0.06280822792896384
1.43713363E8	0.9250985358019354
1.43714368E8	2.111111111111111
1.437153725E8	0.0
1.437163765E8	0.0
1.437173805E8	0.0
1.437183845E8	0.0
1.43719388E8	0.0
1.4372039E8	201.3434650455927
1.43721391E8	3.0
1.43722392E8	52.3805811481219
1.43723393E8	0.0
1.43724394E8	182.1891418563923
1.437251765E8	132.0663627832149
1.437257305E8	0.0
