#Position (bp)	insert size	chromosomes
179658.5	599.8498494340798	0.0
538974.5	514.6202385512428	36998.56662264544
898290.5	793.1110011049724	0.0
1257606.5	571.0676643237393	0.0
1616922.5	555.2610404498062	36998.56662264544
1976238.5	498.3618408313432	0.0
2335554.5	587.5368151648105	0.0
2694870.5	506.3614327759713	36998.56662264544
3054186.5	629.5802256749251	0.0
3413502.5	378.504265129683	0.0
3772818.5	744.8254992082191	36998.56662264544
4132134.5	582.4443354986314	0.0
4491450.5	429.43950261534127	0.0
4850766.5	558.5276058261265	36998.56662264544
5210082.5	585.1159526621572	0.0
5569398.5	639.5086667829763	0.0
5928714.5	1032.239309649487	36998.56662264544
6288030.5	480.9244186046512	0.0
6647346.5	558.9345716372743	0.0
7006662.5	476.86879373148065	36998.56662264544
7365978.5	1025.21986834231	0.0
7725294.5	544.1611469347756	0.0
8084610.5	690.122387224004	36998.56662264544
8443926.5	876.8645668961473	0.0
8803242.5	605.9503530230708	0.0
9162558.5	533.2274940489071	36998.56662264544
9521874.5	617.2338279025375	0.0
9881190.5	402.1973724606962	0.0
1.02405065E7	466.7688466233753	36998.56662264544
1.05998225E7	533.0906222673883	0.0
1.09591385E7	499.346864200797	0.0
1.13184545E7	405.24281496808055	36998.56662264544
1.16777705E7	502.145170431544	0.0
1.20370865E7	1185.2881425400778	0.0
1.23964025E7	3110.2374654990967	36998.56662264544
1.27557185E7	647.3670748533978	0.0
1.31150345E7	471.5819003740474	0.0
1.34743505E7	460.2963820413177	36998.56662264544
1.38336665E7	424.576364243406	0.0
1.41929825E7	866.5766001786246	0.0
1.45522985E7	697.0306065353626	36998.56662264544
1.49116145E7	1019.528861758824	0.0
1.52709305E7	424.37265742664863	0.0
1.56302465E7	641.9318433179724	36998.56662264544
1.59895625E7	357.2052607316971	0.0
1.63488785E7	947.9643294081663	0.0
1.67081945E7	816.4744175251557	36998.56662264544
1.70675105E7	734.7445017182131	0.0
1.74268265E7	749.786081047341	0.0
1.77861425E7	2950.1031914893615	36998.56662264544
1.81454585E7	716.8027080052663	0.0
1.85047745E7	529.66465106679	0.0
1.88640905E7	553.7911422374737	36998.56662264544
1.92234065E7	532.6093410360775	0.0
1.95827225E7	655.9649067779302	0.0
1.99420385E7	570.9655046516659	36998.56662264544
2.03013545E7	960.5569348770425	0.0
2.06606705E7	736.966194131955	0.0
2.10199865E7	836.9327129968668	36998.56662264544
2.13793025E7	1187.1581628461097	0.0
2.17386185E7	515.3811461676171	0.0
2.20979345E7	503.48708180149976	36998.56662264544
2.24572505E7	564.3437596879198	0.0
2.28165665E7	1413.678858162355	0.0
2.31758825E7	841.5803158246267	36998.56662264544
2.34346265E7	330.86610930103893	0.0
2.36142845E7	5971.7188940092165	0.0
2.38945145E7	1754.4391870435059	36998.56662264544
2.42538305E7	1986.490921409214	0.0
2.46131465E7	4493.196526195899	0.0
2.49724625E7	1799.6390635074147	36998.56662264544
2.53317785E7	1140.2162162162163	0.0
2.56910945E7	1994.2319164802386	0.0
2.60504105E7	9736.755268703899	36998.56662264544
2.64097265E7	4708.159664631368	0.0
2.67690425E7	1149.5683656957929	0.0
2.71283585E7	1076.0736482287134	36998.56662264544
2.74876745E7	3214.057537553648	0.0
2.78469905E7	6851.720413383106	0.0
2.82063065E7	712.6213162560058	36998.56662264544
2.85656225E7	910.8266579778435	0.0
2.89249385E7	1172.2130716342872	0.0
2.92842545E7	611.6405877347523	36998.56662264544
2.96435705E7	598.3538596972277	0.0
3.00028865E7	817.5949132167788	0.0
3.03622025E7	920.2941825956088	36998.56662264544
3.07215185E7	564.2241387687673	0.0
3.10808345E7	562.6968579125121	0.0
3.14401505E7	453.7341999276498	36998.56662264544
3.17994665E7	381.78731771430955	0.0
3.21587825E7	600.0711816264758	0.0
3.25180985E7	416.8424415671767	36998.56662264544
3.28774145E7	587.3746315389553	0.0
3.32367305E7	456.3156157251124	0.0
3.35960465E7	789.4163261315866	36998.56662264544
3.39553625E7	1204.7906682792423	0.0
3.43146785E7	527.8603087521011	0.0
3.46739945E7	753.7387980508934	36998.56662264544
3.50333105E7	1285.8111804631808	0.0
3.53926265E7	457.9320452097312	0.0
3.57519425E7	1103.9419989932323	36998.56662264544
3.61112585E7	529.7600089059196	0.0
3.64705745E7	453.93034438608487	0.0
3.68298905E7	516.1981912887866	36998.56662264544
3.71892065E7	551.9077837464673	0.0
3.75485225E7	932.5521831455127	0.0
3.79078385E7	514.2444847983122	36998.56662264544
3.82671545E7	362.0667889064227	0.0
3.86264705E7	667.5390064673022	0.0
3.89857865E7	493.5689539493748	36998.56662264544
3.93451025E7	749.4058381640939	0.0
3.97044185E7	625.5951222029888	0.0
4.00637345E7	446.5157641761442	36998.56662264544
4.04230505E7	411.5589630989054	0.0
4.07823665E7	835.7373431195637	0.0
4.11416825E7	451.1047624405583	36998.56662264544
4.15009985E7	514.624434353918	0.0
4.18603145E7	587.3290126744963	0.0
4.22196305E7	764.9837102419723	36998.56662264544
4.25789465E7	875.7558553339403	0.0
4.29382625E7	785.0708563630977	0.0
4.32975785E7	397.65997379013385	36998.56662264544
4.36568945E7	443.58761273480684	0.0
4.40162105E7	779.7946397296197	0.0
4.43755265E7	507.21530237953414	36998.56662264544
4.47348425E7	782.3893780312062	0.0
4.50941585E7	882.2444690119028	0.0
4.54534745E7	545.6450099054919	36998.56662264544
4.58127905E7	668.0473401511243	0.0
4.61721065E7	678.1014700221345	0.0
4.65314225E7	549.9001496383004	36998.56662264544
4.68907385E7	561.2142857142857	0.0
4.72500545E7	514.1597775039137	0.0
4.76093705E7	617.2899281485481	36998.56662264544
4.79686865E7	557.561478353748	0.0
4.83280025E7	464.4838175024108	0.0
4.86541545E7	1101.9190923488613	36998.56662264544
4.88338125E7	2559.271739130435	0.0
4.90466345E7	472.7924701137837	0.0
4.94059505E7	922.8388486912108	36998.56662264544
4.97652665E7	618.8902307290845	0.0
5.01245825E7	501.25412095515384	0.0
5.04838985E7	545.8380750186484	36998.56662264544
5.08432145E7	531.0976153372233	0.0
5.12025305E7	1002.2449604049974	0.0
5.15618465E7	495.1677636977967	36998.56662264544
5.19211625E7	546.4705253237295	0.0
5.22804785E7	1153.675696056368	0.0
5.26397945E7	562.3601510658386	36998.56662264544
5.29991105E7	765.8920637989366	0.0
5.33584265E7	795.7687661010926	0.0
5.37177425E7	425.5968583968584	36998.56662264544
5.40770585E7	745.4972795961181	0.0
5.44363745E7	725.3700048356744	0.0
5.47956905E7	465.8991657109447	36998.56662264544
5.51550065E7	550.6506664710952	0.0
5.55143225E7	575.9573230026036	0.0
5.58736385E7	582.6149799439139	36998.56662264544
5.62329545E7	486.7839127029462	0.0
5.65922705E7	747.3377193775191	0.0
5.69515865E7	548.786374348641	36998.56662264544
5.73109025E7	506.3768275152804	0.0
5.76702185E7	465.56874117173834	0.0
5.80295345E7	783.969398363032	36998.56662264544
5.83888505E7	646.3632396569094	0.0
5.87481665E7	555.3035335171674	0.0
5.91074825E7	543.0239017636117	36998.56662264544
5.94667985E7	335.4894614145978	0.0
5.98261145E7	478.2716951542547	0.0
6.01854305E7	1510.4960332328744	36998.56662264544
6.05447465E7	560.4878163944167	0.0
6.09040625E7	620.8762802231867	0.0
6.12633785E7	600.9790780302344	36998.56662264544
6.16226945E7	601.1905933029673	0.0
6.19820105E7	711.5680246078495	0.0
6.23413265E7	729.1041779835148	36998.56662264544
6.27006425E7	485.64617593610484	0.0
6.30599585E7	1221.0982438060887	0.0
6.34192745E7	594.2509458084379	36998.56662264544
6.37785905E7	687.7327277348265	0.0
6.41379065E7	426.37603331088116	0.0
6.44972225E7	514.8982653377935	36998.56662264544
6.48565385E7	666.365348446896	0.0
6.52158545E7	640.5014078122684	0.0
6.55751705E7	907.099348487866	36998.56662264544
6.59344865E7	802.0727605519227	0.0
6.62938025E7	638.3288185417276	0.0
6.66531185E7	497.00555116128567	36998.56662264544
6.70124345E7	498.7471129609004	0.0
6.73717505E7	476.5969489507367	0.0
6.77310665E7	528.393314314066	36998.56662264544
6.80903825E7	752.2619875497728	0.0
6.84496985E7	424.3405207842887	0.0
6.88090145E7	662.9829746970286	36998.56662264544
6.91683305E7	591.5743871698161	0.0
6.95276465E7	490.1734083925485	0.0
6.98869625E7	528.5720446013648	36998.56662264544
7.02462785E7	483.38174705458533	0.0
7.06055945E7	695.6379239007623	0.0
7.09649105E7	370.95154240980065	36998.56662264544
7.13242265E7	484.5586888406845	0.0
7.16835425E7	615.036988491643	0.0
7.20428585E7	732.33601331169	36998.56662264544
7.24021745E7	9515.24395029431	0.0
7.27614905E7	1604.1183493046817	0.0
7.31208065E7	1421.425659472422	36998.56662264544
7.34801225E7	2833.753661598549	0.0
7.38394385E7	685.9638073816583	0.0
7.41987545E7	2956.0377853581736	36998.56662264544
7.45580705E7	18597.486075949368	0.0
7.49173865E7	5549.538946791004	0.0
7.52767025E7	4873.653825284861	36998.56662264544
7.56360185E7	11053.985454545455	0.0
7.59953345E7	2013.7837148473673	0.0
7.63546505E7	14085.615012106538	36998.56662264544
7.67139665E7	1424.5689539136795	0.0
7.690225E7	283.4339622641509	0.0
7.7081908E7	3149.5493716337523	36998.56662264544
7.74325985E7	9489.82891705069	0.0
7.77919145E7	944.9690790947793	0.0
7.81512305E7	8842.573008849558	36998.56662264544
7.85105465E7	1238.735139202408	0.0
7.88698625E7	2765.980923694779	0.0
7.92291785E7	1981.2203241349102	36998.56662264544
7.95884945E7	1946.555266579974	0.0
7.99478105E7	848.1772853185596	0.0
8.03071265E7	12039.272236677267	36998.56662264544
8.06664425E7	2606.0684186434746	0.0
8.10257585E7	568.8771505678624	0.0
8.13850745E7	433.26382207056014	36998.56662264544
8.17443905E7	648.1116345467523	0.0
8.21037065E7	884.4495381402874	0.0
8.24630225E7	566.084751883513	36998.56662264544
8.28223385E7	697.1071895522499	0.0
8.31816545E7	672.0027683683821	0.0
8.35409705E7	390.12401193740925	36998.56662264544
8.39002865E7	464.8560068821065	0.0
8.42596025E7	370.696012460514	0.0
8.46189185E7	451.9880348813628	36998.56662264544
8.49782345E7	590.836210905121	0.0
8.53375505E7	437.39954060887845	0.0
8.56968665E7	561.4631219015147	36998.56662264544
8.60561825E7	641.5943405659434	0.0
8.64154985E7	538.341308996487	0.0
8.67748145E7	480.33966063057954	36998.56662264544
8.71341305E7	635.5214171899897	0.0
8.74934465E7	420.5400363967243	0.0
8.78527625E7	534.4342229793677	36998.56662264544
8.82120785E7	1233.0798817646041	0.0
8.85713945E7	1645.0989689680962	0.0
8.89307105E7	1771.8257460585585	36998.56662264544
8.92900265E7	452.19516246460836	0.0
8.96493425E7	560.688247316697	0.0
9.00086585E7	874.5068564740867	36998.56662264544
9.03679745E7	649.0223361755411	0.0
9.07272905E7	630.9555315499491	0.0
9.10866065E7	432.244692009983	36998.56662264544
9.14459225E7	614.539609843046	0.0
9.18052385E7	709.0055372901886	0.0
9.21645545E7	598.6981052986716	36998.56662264544
9.25238705E7	404.8229462703534	0.0
9.28831865E7	421.8729089743177	0.0
9.32425025E7	802.2840113938944	36998.56662264544
9.36018185E7	741.2291985550726	0.0
9.39611345E7	582.4455983084819	0.0
9.43204505E7	505.6214794047876	36998.56662264544
9.46797665E7	583.5074155451799	0.0
9.50390825E7	1108.888946154769	0.0
9.53983985E7	945.2893138247493	36998.56662264544
9.57577145E7	518.5681383888162	0.0
9.61170305E7	650.6514957755408	0.0
9.64763465E7	645.103794010859	36998.56662264544
9.68356625E7	469.9822101719515	0.0
9.71949785E7	680.2113115891742	0.0
9.75542945E7	835.756126622405	36998.56662264544
9.79136105E7	819.0890828301492	0.0
9.82729265E7	809.8268669286917	0.0
9.86322425E7	801.2415953307393	36998.56662264544
9.89915585E7	684.9822971413921	0.0
9.93508745E7	515.2124690224421	0.0
9.97101905E7	660.1322863783718	36998.56662264544
1.000695065E8	612.8409063458705	0.0
1.004288225E8	432.42208528053794	0.0
1.007881385E8	492.60625099191975	36998.56662264544
1.011474545E8	553.857581706702	0.0
1.015067705E8	597.8592660290933	0.0
1.018660865E8	436.7738816958619	36998.56662264544
1.022254025E8	708.0885918834416	0.0
1.025847185E8	778.5440660501637	0.0
1.029440345E8	453.4746435334744	36998.56662264544
1.033033505E8	993.0929850808295	0.0
1.036626665E8	858.6286342667096	0.0
1.040219825E8	516.4933161470959	36998.56662264544
1.043812985E8	580.0511117726534	0.0
1.047406145E8	449.24391897052084	0.0
1.050999305E8	365.8214248052907	36998.56662264544
1.054592465E8	719.5678158623961	0.0
1.058185625E8	727.4373919235072	0.0
1.061778785E8	429.9807133461809	36998.56662264544
1.065371945E8	540.8740683555403	0.0
1.068965105E8	647.5292385454911	0.0
1.072558265E8	840.6888944335807	36998.56662264544
1.076151425E8	727.7727761296702	0.0
1.079744585E8	693.9202015696223	0.0
1.083337745E8	659.740140778977	36998.56662264544
1.086930905E8	860.956803213077	0.0
1.089314775E8	507.4999000672275	0.0
1.091111355E8	478.421864433231	36998.56662264544
1.094117225E8	872.8073038454737	0.0
1.097710385E8	702.9329551759101	0.0
1.101303545E8	736.5256249067701	36998.56662264544
1.10324175E8	417.1625801584308	0.0
1.10503833E8	975.5883322882556	0.0
1.108489865E8	485.5939250573245	36998.56662264544
1.112083025E8	569.0338658315826	0.0
1.115676185E8	690.2842664003404	0.0
1.119269345E8	471.59812809330134	36998.56662264544
1.122862505E8	568.5700475828278	0.0
1.126455665E8	514.2772267670551	0.0
1.130048825E8	1170.437729430767	36998.56662264544
1.133641985E8	1121.4791605661298	0.0
1.137235145E8	791.1916796422726	0.0
1.140828305E8	923.6603826581191	36998.56662264544
1.144421465E8	1037.6953971419075	0.0
1.148014625E8	738.765546373667	0.0
1.151607785E8	1150.8876719328875	36998.56662264544
1.155200945E8	561.3960388257948	0.0
1.158794105E8	546.4933593640008	0.0
1.162387265E8	512.4017822549399	36998.56662264544
1.165980425E8	638.3885123541523	0.0
1.169573585E8	694.5912349481938	0.0
1.173166745E8	589.3203497159036	36998.56662264544
1.176759905E8	517.4975293312723	0.0
1.180353065E8	436.10325203252034	0.0
1.183946225E8	580.4270490965903	36998.56662264544
1.187539385E8	699.125746143125	0.0
1.191132545E8	1378.3196369470018	0.0
1.194725705E8	713.7409526668292	36998.56662264544
1.198318865E8	460.07877981976253	0.0
1.201912025E8	550.2347025143141	0.0
1.205505185E8	1196.4108973970026	36998.56662264544
1.209098345E8	656.4016364834995	0.0
1.212691505E8	800.9564047808237	0.0
1.216284665E8	544.167439037126	36998.56662264544
1.219877825E8	595.1175371391199	0.0
1.223470985E8	397.37050219921923	0.0
1.227064145E8	677.3933343667649	36998.56662264544
1.230657305E8	984.3384365740087	0.0
1.234250465E8	544.6209250027521	0.0
1.237843625E8	764.8001636450418	36998.56662264544
1.241436785E8	823.5177594858206	0.0
1.245029945E8	705.7210112418852	0.0
1.248623105E8	1321.9382152543494	36998.56662264544
1.252216265E8	1642.709877423033	0.0
1.255809425E8	465.31819706747183	0.0
1.259402585E8	436.8543384966137	36998.56662264544
1.262995745E8	519.9451122989745	0.0
1.266588905E8	619.9893870618209	0.0
1.270182065E8	544.2396429388876	36998.56662264544
1.273775225E8	1023.2550595412682	0.0
1.277368385E8	705.5826084878609	0.0
1.280961545E8	609.6056133651551	36998.56662264544
1.284554705E8	875.7103096641407	0.0
1.288147865E8	450.9035828686677	0.0
1.291741025E8	917.8535632304754	36998.56662264544
1.295334185E8	738.2807146769411	0.0
1.298927345E8	427.45487496395475	0.0
1.302520505E8	712.4710771956122	36998.56662264544
1.306113665E8	555.7909522243623	0.0
1.309706825E8	545.3514400165757	0.0
1.313299985E8	745.2674986174229	36998.56662264544
1.316893145E8	1028.411069131601	0.0
1.320486305E8	574.5749610029465	0.0
1.324079465E8	2031.5218135158254	36998.56662264544
1.327672625E8	552.8680204342273	0.0
1.331265785E8	754.9995304429489	0.0
1.334858945E8	596.9328378019644	36998.56662264544
1.337730805E8	1520.4721753794267	0.0
1.339527385E8	1750.5332725615315	0.0
1.342045265E8	9386.578520137371	36998.56662264544
1.345638425E8	36998.56662264544	0.0
1.349231585E8	15388.153944699478	0.0
1.352824745E8	1904.45537990821	36998.56662264544
1.356417905E8	2212.2094395280237	0.0
1.360011065E8	6944.131218697829	0.0
1.363604225E8	5225.170435317644	36998.56662264544
1.367197385E8	2120.7797795557544	0.0
1.370790545E8	853.0110842926105	0.0
1.374033365E8	609.8992718446602	36998.56662264544
1.375577225E8	280.5589170348243	0.0
1.375927565E8	979.5857868020305	0.0
1.376371405E8	3785.7585697399527	36998.56662264544
1.37699935E8	382.4219653179191	0.0
1.37786751E8	348.352422907489	0.0
1.37868371E8	351.4638949671772	36998.56662264544
1.37942101E8	381.6145648312611	0.0
1.37980213E8	417.8658536585366	0.0
1.38019627E8	280.04424778761063	36998.56662264544
1.38089538E8	439.2588652482269	0.0
1.38156123E8	414.0782905982906	0.0
1.382206275E8	450.2325581395349	36998.56662264544
1.38280805E8	326.15671641791045	0.0
1.38323179E8	396.0	0.0
1.383484915E8	215.66666666666666	36998.56662264544
1.38384028E8	633.6390243902439	0.0
1.384312265E8	683.0	0.0
1.384772795E8	819.2730923694779	36998.56662264544
1.38522045E8	512.0778588807785	0.0
1.385663025E8	273.25873827791986	0.0
1.38610046E8	2156.6739130434785	36998.56662264544
1.38651258E8	567.5945945945946	0.0
1.386833775E8	748.0	0.0
1.387019305E8	274.2692307692308	36998.56662264544
1.38726341E8	0.0	0.0
1.387630385E8	441.53508771929825	0.0
1.3879854E8	534.15469709761	36998.56662264544
1.3883298E8	317.0769230769231	0.0
1.388668195E8	262.8333333333333	0.0
1.389001375E8	732.742474916388	36998.56662264544
1.389325255E8	298.2086092715232	0.0
1.38963047E8	269.15384615384613	0.0
1.38991991E8	256.6578947368421	36998.56662264544
1.390198715E8	171.0	0.0
1.39044446E8	291.8157894736842	0.0
1.390581695E8	299.0	36998.56662264544
1.39074104E8	232.27272727272728	0.0
1.391000815E8	283.41379310344826	0.0
1.39125904E8	2314.5384615384614	36998.56662264544
1.391516555E8	353.96610169491527	0.0
1.391772845E8	287.404821280133	0.0
1.39202833E8	315.1162790697674	36998.56662264544
1.39227853E8	277.72677595628414	0.0
1.392522945E8	368.5747863247863	0.0
1.392761035E8	0.0	36998.56662264544
1.392991635E8	0.0	0.0
1.393219065E8	299.0	0.0
1.39344169E8	275.35942028985505	36998.56662264544
1.393656665E8	0.0	0.0
1.39386585E8	457.6056034482759	0.0
1.394057875E8	0.0	36998.56662264544
1.394157655E8	227.0	0.0
1.39426072E8	1663.125	0.0
1.394433E8	0.0	36998.56662264544
1.394591395E8	340.0	0.0
1.39474609E8	0.0	0.0
1.394898515E8	204.85714285714286	36998.56662264544
1.39504877E8	281.2987012987013	0.0
1.39519712E8	301.2857142857143	0.0
1.39534307E8	0.0	36998.56662264544
1.39548658E8	346.14285714285717	0.0
1.395628065E8	431.9391480730223	0.0
1.395768695E8	314.4	36998.56662264544
1.395908865E8	0.0	0.0
1.396048595E8	0.0	0.0
1.39618797E8	220.5	36998.56662264544
1.396327175E8	398.4	0.0
1.39646447E8	0.0	0.0
1.39659998E8	282.3303964757709	36998.56662264544
1.39673523E8	0.0	0.0
1.39687001E8	295.0	0.0
1.39700456E8	285.6666666666667	36998.56662264544
1.397138915E8	0.0	0.0
1.397272965E8	0.0	0.0
1.39740652E8	290.5	36998.56662264544
1.397539385E8	0.0	0.0
1.397671835E8	0.0	0.0
1.397738625E8	0.0	36998.56662264544
1.39780441E8	249.6595744680851	0.0
1.397935115E8	186.0	0.0
1.39806605E8	0.0	36998.56662264544
1.398195725E8	282.69060773480663	0.0
1.398324245E8	0.0	0.0
1.39845262E8	281.3333333333333	36998.56662264544
1.398580325E8	243.14285714285714	0.0
1.3987073E8	283.0	0.0
1.398833975E8	0.0	36998.56662264544
1.398960405E8	434.9340659340659	0.0
1.399086725E8	261.0	0.0
1.399212565E8	258.0	36998.56662264544
1.39933781E8	379.9332003988036	0.0
1.39946267E8	284.0	0.0
1.399587085E8	272.2631578947368	36998.56662264544
1.399711325E8	0.0	0.0
1.39983544E8	90.0	0.0
1.399959275E8	273.92727272727274	36998.56662264544
1.400082885E8	223.15384615384616	0.0
1.40020559E8	188.0	0.0
1.400327265E8	0.0	36998.56662264544
1.400448715E8	0.0	0.0
1.4005699E8	0.0	0.0
1.400690545E8	0.0	36998.56662264544
1.40081085E8	194.0	0.0
1.400930995E8	257.61538461538464	0.0
1.40105101E8	435.5	36998.56662264544
1.40117094E8	307.25	0.0
1.401281635E8	0.0	0.0
1.40134155E8	0.0	36998.56662264544
1.401410485E8	268.18918918918916	0.0
1.40153003E8	319.9	0.0
1.40164882E8	0.0	36998.56662264544
1.40176667E8	1514.142857142857	0.0
1.4018842E8	437.5975221238938	0.0
1.40200076E8	282.57894736842104	36998.56662264544
1.402116215E8	0.0	0.0
1.402231315E8	223.0	0.0
1.402345955E8	0.0	36998.56662264544
1.402459205E8	304.0	0.0
1.402571045E8	0.0	0.0
1.402682415E8	0.0	36998.56662264544
1.4027885E8	297.7094594594595	0.0
1.40288828E8	265.0	0.0
1.402984445E8	0.0	36998.56662264544
1.40307799E8	0.0	0.0
1.403166425E8	273.22222222222223	0.0
1.40324819E8	0.0	36998.56662264544
1.403326835E8	254.0	0.0
1.403402015E8	0.0	0.0
1.4034742E8	0.0	36998.56662264544
1.40354483E8	273.0	0.0
1.403614525E8	280.76416539050535	0.0
1.403683705E8	270.7090909090909	36998.56662264544
1.403752505E8	280.92	0.0
1.403821105E8	349.0	0.0
1.40388953E8	229.36363636363637	36998.56662264544
1.403957145E8	0.0	0.0
1.404023365E8	246.85714285714286	0.0
1.404088075E8	268.0	36998.56662264544
1.404151525E8	200.57142857142858	0.0
1.40421418E8	282.6	0.0
1.40427633E8	289.17171717171715	36998.56662264544
1.404337675E8	316.625	0.0
1.404398365E8	0.0	0.0
1.40445888E8	265.5	36998.56662264544
1.404519085E8	366.0	0.0
1.404579005E8	222.625	0.0
1.404638765E8	263.0967741935484	36998.56662264544
1.404698365E8	304.0	0.0
1.4047577E8	263.6666666666667	0.0
1.40481673E8	262.30337078651684	36998.56662264544
1.404875345E8	0.0	0.0
1.404915035E8	0.0	0.0
1.404943895E8	0.0	36998.56662264544
1.404990715E8	0.0	0.0
1.405047025E8	324.24586889413473	0.0
1.40510262E8	0.0	36998.56662264544
1.405157995E8	351.36538461538464	0.0
1.40521292E8	294.6923076923077	0.0
1.40526756E8	315.16921119592877	36998.56662264544
1.40532181E8	0.0	0.0
1.40537566E8	286.4399375975039	0.0
1.405429375E8	253.5	36998.56662264544
1.405482795E8	278.94444444444446	0.0
1.40553603E8	0.0	0.0
1.405589225E8	264.0	36998.56662264544
1.40564221E8	0.0	0.0
1.405694775E8	266.0	0.0
1.40574688E8	0.0	36998.56662264544
1.405798735E8	225.88888888888889	0.0
1.405850135E8	196.0	0.0
1.40590093E8	337.0	36998.56662264544
1.405951535E8	0.0	0.0
1.40600212E8	0.0	0.0
1.406052535E8	0.0	36998.56662264544
1.406102665E8	260.85714285714283	0.0
1.406152645E8	399.0	0.0
1.406202595E8	276.4	36998.56662264544
1.406252495E8	0.0	0.0
1.40630226E8	0.0	0.0
1.40635179E8	0.0	36998.56662264544
1.40640115E8	0.0	0.0
1.4064504E8	0.0	0.0
1.4064995E8	292.97485714285716	36998.56662264544
1.406548455E8	0.0	0.0
1.40659729E8	271.14285714285717	0.0
1.40664601E8	304.3333333333333	36998.56662264544
1.406694435E8	559.0	0.0
1.40674261E8	0.0	0.0
1.40679061E8	342.0	36998.56662264544
1.40683806E8	0.0	0.0
1.40688509E8	0.0	0.0
1.406931635E8	0.0	36998.56662264544
1.40697758E8	0.0	0.0
1.40702335E8	0.0	0.0
1.40706898E8	0.0	36998.56662264544
1.40711432E8	154.0	0.0
1.40715925E8	311.42105263157896	0.0
1.40720393E8	0.0	36998.56662264544
1.407248515E8	267.0	0.0
1.407292955E8	0.0	0.0
1.407337135E8	0.0	36998.56662264544
1.40738111E8	0.0	0.0
1.40742499E8	0.0	0.0
1.407468785E8	0.0	36998.56662264544
1.40751256E8	0.0	0.0
1.407556295E8	188.0	0.0
1.40759995E8	264.3333333333333	36998.56662264544
1.407643435E8	0.0	0.0
1.407686665E8	297.70588235294116	0.0
1.407729765E8	273.4418604651163	36998.56662264544
1.40777284E8	0.0	0.0
1.40781584E8	291.5249856404365	0.0
1.40785876E8	314.88401253918494	36998.56662264544
1.40790157E8	0.0	0.0
1.407944295E8	0.0	0.0
1.407986935E8	336.0	36998.56662264544
1.40802937E8	2511.0	0.0
1.40807165E8	0.0	0.0
1.408113885E8	0.0	36998.56662264544
1.408156105E8	285.8	0.0
1.408198225E8	431.7763157894737	0.0
1.40824022E8	273.125	36998.56662264544
1.408282145E8	310.6363636363636	0.0
1.408324E8	0.0	0.0
1.408365825E8	0.0	36998.56662264544
1.40840755E8	0.0	0.0
1.408449115E8	277.0	0.0
1.40849054E8	0.0	36998.56662264544
1.40851497E8	0.0	0.0
1.408535395E8	0.0	0.0
1.40857247E8	0.0	36998.56662264544
1.408613235E8	0.0	0.0
1.40865389E8	350.44827586206895	0.0
1.408694335E8	0.0	36998.56662264544
1.40873455E8	0.0	0.0
1.408774675E8	0.0	0.0
1.408814765E8	240.75	36998.56662264544
1.40885475E8	210.75	0.0
1.408894625E8	354.0	0.0
1.408934395E8	252.5	36998.56662264544
1.408974065E8	188.5	0.0
1.409013685E8	384.3333333333333	0.0
1.409053235E8	302.1846758349705	36998.56662264544
1.40909269E8	0.0	0.0
1.409132055E8	235.0	0.0
1.409171345E8	0.0	36998.56662264544
1.409210595E8	285.2307692307692	0.0
1.40924982E8	0.0	0.0
1.40928899E8	0.0	36998.56662264544
1.40932812E8	0.0	0.0
1.409367215E8	274.17391304347825	0.0
1.4094061E8	0.0	36998.56662264544
1.409444775E8	270.8	0.0
1.409483385E8	294.2850971922246	0.0
1.409521765E8	535.0	36998.56662264544
1.40955989E8	289.17543859649123	0.0
1.409597955E8	0.0	0.0
1.409636015E8	0.0	36998.56662264544
1.40967392E8	0.0	0.0
1.40971157E8	0.0	0.0
1.40974907E8	0.0	36998.56662264544
1.40978648E8	0.0	0.0
1.409823815E8	272.5	0.0
1.40986105E8	233.25	36998.56662264544
1.409898215E8	235.2	0.0
1.40993536E8	314.0	0.0
1.409972465E8	0.0	36998.56662264544
1.41000941E8	0.0	0.0
1.410046115E8	263.875	0.0
1.410082665E8	276.25	36998.56662264544
1.41011916E8	0.0	0.0
1.410155645E8	0.0	0.0
1.410192115E8	367.0	36998.56662264544
1.410228535E8	263.55555555555554	0.0
1.410264835E8	296.0	0.0
1.410301055E8	0.0	36998.56662264544
1.41033718E8	311.75	0.0
1.41037321E8	0.0	0.0
1.410409235E8	246.0	36998.56662264544
1.41044521E8	2063.0	0.0
1.410481085E8	0.0	0.0
1.410516865E8	0.0	36998.56662264544
1.41055252E8	0.0	0.0
1.410588075E8	290.61607142857144	0.0
1.41062361E8	278.0	36998.56662264544
1.41065914E8	0.0	0.0
1.41069467E8	261.66	0.0
1.41073012E8	303.77358490566036	36998.56662264544
1.41076544E8	0.0	0.0
1.41080071E8	0.0	0.0
1.41083596E8	0.0	36998.56662264544
1.41087117E8	0.0	0.0
1.41090628E8	0.0	0.0
1.410941305E8	294.5404454865182	36998.56662264544
1.41097631E8	283.78125	0.0
1.411011295E8	0.0	0.0
1.411046235E8	300.0	36998.56662264544
1.411081075E8	0.0	0.0
1.41111585E8	0.0	0.0
1.4111506E8	0.0	36998.56662264544
1.411185295E8	271.04651162790697	0.0
1.41121994E8	0.0	0.0
1.411254545E8	337.625	36998.56662264544
1.411289005E8	305.5	0.0
1.411323185E8	0.0	0.0
1.411357175E8	0.0	36998.56662264544
1.4113911E8	371.0	0.0
1.411424975E8	290.0	0.0
1.41145878E8	326.0	36998.56662264544
1.411492525E8	309.9418269230769	0.0
1.41152626E8	440.2307692307692	0.0
1.41155995E8	0.0	36998.56662264544
1.411593515E8	0.0	0.0
1.41162699E8	316.5	0.0
1.41166043E8	403.7142857142857	36998.56662264544
1.4116937E8	0.0	0.0
1.411726805E8	0.0	0.0
1.411759855E8	0.0	36998.56662264544
1.41179286E8	0.0	0.0
1.411825805E8	0.0	0.0
1.411858675E8	265.4166666666667	36998.56662264544
1.41189148E8	0.0	0.0
1.41192424E8	238.33333333333334	0.0
1.411956955E8	259.75	36998.56662264544
1.411989605E8	317.8333333333333	0.0
1.41202221E8	230.0	0.0
1.4120548E8	325.32443142660236	36998.56662264544
1.412087365E8	0.0	0.0
1.41210776E8	0.0	0.0
1.41212402E8	0.0	36998.56662264544
1.412152325E8	0.0	0.0
1.41218463E8	278.6666666666667	0.0
1.41221688E8	332.0	36998.56662264544
1.412249085E8	278.0	0.0
1.41228124E8	352.768115942029	0.0
1.41231335E8	0.0	36998.56662264544
1.412345425E8	287.0	0.0
1.41237746E8	0.0	0.0
1.41240947E8	204.0	36998.56662264544
1.41244146E8	0.0	0.0
1.412473425E8	616.5	0.0
1.41250538E8	276.0787483702738	36998.56662264544
1.412537305E8	288.4642857142857	0.0
1.412569125E8	0.0	0.0
1.41260086E8	0.0	36998.56662264544
1.41263258E8	0.0	0.0
1.412664245E8	0.0	0.0
1.41269585E8	0.0	36998.56662264544
1.41272743E8	0.0	0.0
1.412758995E8	0.0	0.0
1.412790545E8	299.6363636363636	36998.56662264544
1.412822035E8	0.0	0.0
1.4128534E8	315.99170124481327	0.0
1.41288466E8	0.0	36998.56662264544
1.41291589E8	0.0	0.0
1.412947105E8	0.0	0.0
1.412978215E8	306.5652173913044	36998.56662264544
1.413009225E8	0.0	0.0
1.413040225E8	266.6666666666667	0.0
1.41307117E8	0.0	36998.56662264544
1.41310204E8	289.0	0.0
1.413132865E8	0.0	0.0
1.413163665E8	188.0	36998.56662264544
1.41319445E8	262.283378746594	0.0
1.413225215E8	0.0	0.0
1.41325596E8	0.0	36998.56662264544
1.41328669E8	237.23076923076923	0.0
1.41331738E8	0.0	0.0
1.413348E8	0.0	36998.56662264544
1.413378585E8	271.1527093596059	0.0
1.413409105E8	299.44444444444446	0.0
1.413439555E8	0.0	36998.56662264544
1.41346999E8	377.0	0.0
1.41350033E8	0.0	0.0
1.413530575E8	175.0	36998.56662264544
1.41356076E8	0.0	0.0
1.413590875E8	0.0	0.0
1.41362097E8	0.0	36998.56662264544
1.413651025E8	0.0	0.0
1.41368103E8	0.0	0.0
1.41371102E8	242.625	36998.56662264544
1.413740995E8	287.375	0.0
1.41377093E8	310.0	0.0
1.413800805E8	300.0	36998.56662264544
1.413830635E8	315.0	0.0
1.413860455E8	315.7857142857143	0.0
1.41389022E8	315.3333333333333	36998.56662264544
1.413919895E8	0.0	0.0
1.4139495E8	0.0	0.0
1.413979065E8	0.0	36998.56662264544
1.41400857E8	0.0	0.0
1.41403801E8	0.0	0.0
1.41406741E8	291.0	36998.56662264544
1.41409678E8	0.0	0.0
1.414126105E8	0.0	0.0
1.41415538E8	280.84415584415586	36998.56662264544
1.414184645E8	0.0	0.0
1.414213895E8	208.0	0.0
1.414243125E8	311.58514492753625	36998.56662264544
1.414272345E8	288.962962962963	0.0
1.41430155E8	0.0	0.0
1.414330725E8	198.0	36998.56662264544
1.414359875E8	264.625	0.0
1.414389E8	236.52941176470588	0.0
1.414418105E8	0.0	36998.56662264544
1.41444718E8	274.9512195121951	0.0
1.414476225E8	278.69117647058823	0.0
1.41450526E8	0.0	36998.56662264544
1.41453427E8	331.35739928201036	0.0
1.41456323E8	0.0	0.0
1.41459214E8	0.0	36998.56662264544
1.414621005E8	266.23809523809524	0.0
1.414649835E8	316.42747641509436	0.0
1.414678655E8	507.0	36998.56662264544
1.414707475E8	319.5	0.0
1.41473629E8	347.5	0.0
1.41476508E8	0.0	36998.56662264544
1.414793845E8	314.7	0.0
1.41482258E8	0.0	0.0
1.414851235E8	0.0	36998.56662264544
1.414879835E8	0.0	0.0
1.414908425E8	284.0	0.0
1.41493699E8	319.38461538461536	36998.56662264544
1.41496551E8	308.71389432485324	0.0
1.414993995E8	49.0	0.0
1.415022465E8	0.0	36998.56662264544
1.415050915E8	0.0	0.0
1.41507934E8	0.0	0.0
1.415107725E8	0.0	36998.56662264544
1.415136075E8	0.0	0.0
1.41516441E8	0.0	0.0
1.415192725E8	0.0	36998.56662264544
1.41522102E8	0.0	0.0
1.415249305E8	1532.6666666666667	0.0
1.41527757E8	257.5	36998.56662264544
1.41530581E8	0.0	0.0
1.415334035E8	0.0	0.0
1.415362255E8	0.0	36998.56662264544
1.415390465E8	267.0	0.0
1.41541866E8	0.0	0.0
1.41544683E8	299.2260273972603	36998.56662264544
1.415474975E8	0.0	0.0
1.4155031E8	0.0	0.0
1.415531175E8	0.0	36998.56662264544
1.41555919E8	312.9259259259259	0.0
1.415587165E8	0.0	0.0
1.41561512E8	0.0	36998.56662264544
1.41564307E8	373.0	0.0
1.415671015E8	0.0	0.0
1.415695015E8	277.46666666666664	36998.56662264544
1.41570898E8	267.8181818181818	0.0
1.41572688E8	0.0	0.0
1.4157548E8	0.0	36998.56662264544
1.415782705E8	278.5	0.0
1.415810595E8	264.0	0.0
1.41583847E8	242.28571428571428	36998.56662264544
1.415866325E8	0.0	0.0
1.41589416E8	311.3710166919575	0.0
1.41592198E8	0.0	36998.56662264544
1.41594971E8	0.0	0.0
1.415977345E8	256.0	0.0
1.41600491E8	0.0	36998.56662264544
1.416032415E8	0.0	0.0
1.41605989E8	478.85714285714283	0.0
1.416087335E8	183.0	36998.56662264544
1.416114735E8	0.0	0.0
1.41614208E8	0.0	0.0
1.416169385E8	286.23248407643314	36998.56662264544
1.41619657E8	314.09690721649486	0.0
1.416223655E8	95.0	0.0
1.41625071E8	0.0	36998.56662264544
1.416277715E8	188.0	0.0
1.41630469E8	958.0	0.0
1.416331645E8	315.91382517048976	36998.56662264544
1.41635856E8	0.0	0.0
1.416385445E8	204.2	0.0
1.416412325E8	0.0	36998.56662264544
1.416439195E8	276.65625	0.0
1.41646598E8	337.6521739130435	0.0
1.416492685E8	0.0	36998.56662264544
1.41651938E8	278.7	0.0
1.416546065E8	0.0	0.0
1.41657273E8	291.7836812144213	36998.56662264544
1.416599375E8	0.0	0.0
1.41662593E8	287.5869565217391	0.0
1.416652385E8	0.0	36998.56662264544
1.416678815E8	307.2687338501292	0.0
1.41670523E8	0.0	0.0
1.41673163E8	0.0	36998.56662264544
1.41675801E8	0.0	0.0
1.416784375E8	299.26666666666665	0.0
1.41681073E8	0.0	36998.56662264544
1.41683705E8	0.0	0.0
1.416863335E8	317.4	0.0
1.416889605E8	0.0	36998.56662264544
1.416915825E8	0.0	0.0
1.416942E8	0.0	0.0
1.416968145E8	1478.0	36998.56662264544
1.41699426E8	327.0	0.0
1.41702034E8	263.0	0.0
1.41704638E8	0.0	36998.56662264544
1.41707241E8	250.0	0.0
1.41709838E8	0.0	0.0
1.417124275E8	448.0	36998.56662264544
1.417150135E8	0.0	0.0
1.41717597E8	0.0	0.0
1.41720177E8	0.0	36998.56662264544
1.41722754E8	0.0	0.0
1.417253305E8	115.0	0.0
1.41727906E8	295.875	36998.56662264544
1.41730481E8	0.0	0.0
1.41733056E8	0.0	0.0
1.417356305E8	279.2307692307692	36998.56662264544
1.417382025E8	0.0	0.0
1.4174077E8	0.0	0.0
1.41743333E8	0.0	36998.56662264544
1.41745892E8	0.0	0.0
1.417484485E8	0.0	0.0
1.41751004E8	263.69444444444446	36998.56662264544
1.41753556E8	384.0	0.0
1.41756104E8	414.54148037754595	0.0
1.41758648E8	0.0	36998.56662264544
1.41761189E8	272.0	0.0
1.417637275E8	0.0	0.0
1.4176626E8	0.0	36998.56662264544
1.41768789E8	0.0	0.0
1.417713145E8	0.0	0.0
1.41773836E8	297.4423076923077	36998.56662264544
1.41776357E8	0.0	0.0
1.417788775E8	0.0	0.0
1.417813975E8	248.5	36998.56662264544
1.41783916E8	294.2967032967033	0.0
1.417864325E8	0.0	0.0
1.41788946E8	264.96153846153845	36998.56662264544
1.41791457E8	0.0	0.0
1.417939675E8	0.0	0.0
1.417964765E8	192.5	36998.56662264544
1.41798983E8	0.0	0.0
1.418014855E8	0.0	0.0
1.41803981E8	290.09615384615387	36998.56662264544
1.4180647E8	215.0	0.0
1.41808953E8	391.6666666666667	0.0
1.41811431E8	311.19099378881987	36998.56662264544
1.418139075E8	259.1290322580645	0.0
1.41816383E8	0.0	0.0
1.41818857E8	0.0	36998.56662264544
1.418213285E8	0.0	0.0
1.418237955E8	225.0	0.0
1.41826259E8	282.4166666666667	36998.56662264544
1.418287215E8	268.0	0.0
1.41831178E8	246.61111111111111	0.0
1.41833627E8	266.0	36998.56662264544
1.418360715E8	0.0	0.0
1.41838512E8	0.0	0.0
1.418409505E8	270.16129032258067	36998.56662264544
1.418433885E8	0.0	0.0
1.418458265E8	271.32278481012656	0.0
1.41848263E8	0.0	36998.56662264544
1.418506975E8	0.0	0.0
1.418531305E8	0.0	0.0
1.41855562E8	0.0	36998.56662264544
1.41857992E8	280.1666666666667	0.0
1.418604205E8	191.0	0.0
1.41862847E8	0.0	36998.56662264544
1.41865272E8	0.0	0.0
1.41867695E8	255.0	0.0
1.41870116E8	263.27272727272725	36998.56662264544
1.418725365E8	0.0	0.0
1.41874956E8	0.0	0.0
1.41877374E8	0.0	36998.56662264544
1.41879789E8	0.0	0.0
1.418822015E8	0.0	0.0
1.418846075E8	0.0	36998.56662264544
1.418870045E8	0.0	0.0
1.418893965E8	282.77966101694915	0.0
1.418917865E8	0.0	36998.56662264544
1.41894176E8	0.0	0.0
1.41896563E8	0.0	0.0
1.41898948E8	0.0	36998.56662264544
1.41901333E8	278.09375	0.0
1.419037175E8	324.051500405515	0.0
1.41906101E8	297.5375	36998.56662264544
1.41908484E8	290.8511722731906	0.0
1.419108665E8	0.0	0.0
1.41913248E8	0.0	36998.56662264544
1.41915629E8	297.00057372346527	0.0
1.41918009E8	293.46285714285716	0.0
1.41920388E8	249.5	36998.56662264544
1.419227665E8	0.0	0.0
1.41925143E8	0.0	0.0
1.419275165E8	0.0	36998.56662264544
1.419292615E8	258.6363636363636	0.0
1.41930446E8	252.0	0.0
1.419322555E8	0.0	36998.56662264544
1.419346225E8	0.0	0.0
1.41936987E8	0.0	0.0
1.41939347E8	0.0	36998.56662264544
1.41941703E8	292.0	0.0
1.419440575E8	0.0	0.0
1.41946411E8	0.0	36998.56662264544
1.419487635E8	0.0	0.0
1.419511115E8	0.0	0.0
1.419534545E8	0.0	36998.56662264544
1.419557965E8	311.92857142857144	0.0
1.41958135E8	0.0	0.0
1.419604675E8	235.8695652173913	36998.56662264544
1.419627965E8	0.0	0.0
1.419651245E8	317.2587601078167	0.0
1.419674515E8	295.57044079515987	36998.56662264544
1.41969777E8	0.0	0.0
1.419721005E8	0.0	0.0
1.419744205E8	0.0	36998.56662264544
1.41976738E8	0.0	0.0
1.419790505E8	327.95454545454544	0.0
1.41981358E8	0.0	36998.56662264544
1.419836635E8	295.05825242718447	0.0
1.41985967E8	291.0740740740741	0.0
1.41988266E8	286.64	36998.56662264544
1.4199056E8	0.0	0.0
1.41992852E8	320.0	0.0
1.41995142E8	0.0	36998.56662264544
1.4199743E8	0.0	0.0
1.419997165E8	0.0	0.0
1.420020015E8	283.46153846153845	36998.56662264544
1.42004285E8	0.0	0.0
1.420065675E8	0.0	0.0
1.42008845E8	0.0	36998.56662264544
1.420111165E8	308.65384615384613	0.0
1.42013386E8	0.0	0.0
1.420156535E8	0.0	36998.56662264544
1.42017916E8	0.0	0.0
1.42020175E8	682.0	0.0
1.42022431E8	0.0	36998.56662264544
1.420246815E8	0.0	0.0
1.42026929E8	0.0	0.0
1.42029171E8	0.0	36998.56662264544
1.420314065E8	0.0	0.0
1.420336395E8	279.6666666666667	0.0
1.420358715E8	281.86551724137934	36998.56662264544
1.420381015E8	0.0	0.0
1.42040329E8	218.0	0.0
1.42042554E8	0.0	36998.56662264544
1.42044776E8	0.0	0.0
1.420469965E8	0.0	0.0
1.42049215E8	0.0	36998.56662264544
1.420514315E8	0.0	0.0
1.420536445E8	0.0	0.0
1.42055854E8	0.0	36998.56662264544
1.42058062E8	321.0	0.0
1.420602685E8	291.8956834532374	0.0
1.42062474E8	0.0	36998.56662264544
1.42064677E8	0.0	0.0
1.420668775E8	0.0	0.0
1.420690765E8	177.0	36998.56662264544
1.420712745E8	0.0	0.0
1.420734715E8	0.0	0.0
1.420756655E8	0.0	36998.56662264544
1.420778565E8	282.8828125	0.0
1.42080046E8	0.0	0.0
1.42082235E8	0.0	36998.56662264544
1.42084423E8	0.0	0.0
1.42086609E8	0.0	0.0
1.4208879E8	0.0	36998.56662264544
1.420909665E8	0.0	0.0
1.42093141E8	0.0	0.0
1.420953105E8	0.0	36998.56662264544
1.42097474E8	0.0	0.0
1.42099635E8	0.0	0.0
1.42101794E8	277.5	36998.56662264544
1.42103946E8	0.0	0.0
1.42106089E8	0.0	0.0
1.421082245E8	0.0	36998.56662264544
1.42110355E8	0.0	0.0
1.421124825E8	0.0	0.0
1.421146075E8	355.0	36998.56662264544
1.421167315E8	299.8125	0.0
1.42118853E8	300.6666666666667	0.0
1.42120971E8	264.3333333333333	36998.56662264544
1.421230865E8	0.0	0.0
1.421252E8	0.0	0.0
1.42127313E8	0.0	36998.56662264544
1.42129426E8	0.0	0.0
1.421315385E8	0.0	0.0
1.42133649E8	255.0	36998.56662264544
1.421357575E8	0.0	0.0
1.42137864E8	0.0	0.0
1.42139969E8	284.57142857142856	36998.56662264544
1.42142073E8	0.0	0.0
1.421441755E8	0.0	0.0
1.421462745E8	0.0	36998.56662264544
1.421483705E8	239.0	0.0
1.421504655E8	221.0	0.0
1.421525595E8	0.0	36998.56662264544
1.421546525E8	239.25	0.0
1.421567435E8	262.3	0.0
1.42158833E8	0.0	36998.56662264544
1.421609215E8	0.0	0.0
1.42163009E8	247.92857142857142	0.0
1.42165096E8	356.0	36998.56662264544
1.421671825E8	0.0	0.0
1.421692675E8	0.0	0.0
1.4217135E8	261.6	36998.56662264544
1.4217343E8	0.0	0.0
1.42175509E8	0.0	0.0
1.421775875E8	0.0	36998.56662264544
1.421796645E8	324.5	0.0
1.421817365E8	0.0	0.0
1.421838025E8	273.6385542168675	36998.56662264544
1.42185866E8	0.0	0.0
1.42187929E8	337.5838150289017	0.0
1.421899915E8	321.3333333333333	36998.56662264544
1.421920525E8	0.0	0.0
1.421941125E8	0.0	0.0
1.421961725E8	310.4	36998.56662264544
1.42198232E8	263.77777777777777	0.0
1.422002865E8	525.0	0.0
1.422023345E8	0.0	36998.56662264544
1.422043795E8	0.0	0.0
1.42206423E8	201.0	0.0
1.42208462E8	0.0	36998.56662264544
1.42210496E8	0.0	0.0
1.42212529E8	0.0	0.0
1.422145605E8	0.0	36998.56662264544
1.42216589E8	262.3809523809524	0.0
1.42218613E8	0.0	0.0
1.422206335E8	0.0	36998.56662264544
1.42222652E8	0.0	0.0
1.422246675E8	253.0	0.0
1.422266795E8	0.0	36998.56662264544
1.42228689E8	0.0	0.0
1.422306975E8	304.0	0.0
1.422327045E8	0.0	36998.56662264544
1.422347105E8	0.0	0.0
1.42236716E8	359.0	0.0
1.42238721E8	378.6666666666667	36998.56662264544
1.422407225E8	0.0	0.0
1.422427205E8	248.0	0.0
1.422447185E8	0.0	36998.56662264544
1.42246715E8	0.0	0.0
1.42248709E8	0.0	0.0
1.422507005E8	0.0	36998.56662264544
1.422526905E8	270.55882352941177	0.0
1.422546795E8	0.0	0.0
1.422566665E8	0.0	36998.56662264544
1.422586525E8	0.0	0.0
1.422606355E8	0.0	0.0
1.422626145E8	0.0	36998.56662264544
1.422645915E8	0.0	0.0
1.422665675E8	104.0	0.0
1.42268543E8	0.0	36998.56662264544
1.422705175E8	0.0	0.0
1.422724895E8	0.0	0.0
1.422744575E8	247.0	36998.56662264544
1.422764235E8	208.0	0.0
1.422783895E8	0.0	0.0
1.422803545E8	0.0	36998.56662264544
1.42282318E8	0.0	0.0
1.422842805E8	0.0	0.0
1.422862425E8	243.45454545454547	36998.56662264544
1.4228818E8	182.0	0.0
1.42289161E8	0.0	0.0
1.42290166E8	195.0	36998.56662264544
1.42292127E8	0.0	0.0
1.42294088E8	0.0	0.0
1.422960465E8	0.0	36998.56662264544
1.422980025E8	316.14814814814815	0.0
1.42299954E8	0.0	0.0
1.42301901E8	244.83870967741936	36998.56662264544
1.42303848E8	299.5	0.0
1.423057945E8	0.0	0.0
1.4230774E8	0.0	36998.56662264544
1.423096845E8	0.0	0.0
1.42311628E8	0.0	0.0
1.42313569E8	0.0	36998.56662264544
1.423155065E8	0.0	0.0
1.423174425E8	0.0	0.0
1.42319378E8	0.0	36998.56662264544
1.42321312E8	0.0	0.0
1.42323245E8	0.0	0.0
1.42325177E8	0.0	36998.56662264544
1.42327107E8	358.1111111111111	0.0
1.423290355E8	0.0	0.0
1.423309635E8	389.2857142857143	36998.56662264544
1.42332891E8	0.0	0.0
1.423348175E8	388.2857142857143	0.0
1.423367435E8	0.0	36998.56662264544
1.423386685E8	0.0	0.0
1.423405905E8	0.0	0.0
1.42342509E8	0.0	36998.56662264544
1.423444255E8	0.0	0.0
1.423463415E8	0.0	0.0
1.42348253E8	287.0	36998.56662264544
1.423501595E8	0.0	0.0
1.42352065E8	247.75	0.0
1.423539695E8	0.0	36998.56662264544
1.42355873E8	0.0	0.0
1.42357776E8	0.0	0.0
1.42359679E8	0.0	36998.56662264544
1.423615815E8	0.0	0.0
1.42363483E8	0.0	0.0
1.423653835E8	0.0	36998.56662264544
1.423672835E8	0.0	0.0
1.42369183E8	0.0	0.0
1.4237108E8	0.0	36998.56662264544
1.42372975E8	0.0	0.0
1.42374869E8	264.3333333333333	0.0
1.42376761E8	0.0	36998.56662264544
1.423786515E8	0.0	0.0
1.423805415E8	281.8701923076923	0.0
1.423824305E8	248.0	36998.56662264544
1.423843155E8	212.0	0.0
1.423861925E8	369.0	0.0
1.423880645E8	0.0	36998.56662264544
1.42389936E8	0.0	0.0
1.423918065E8	268.0	0.0
1.423936765E8	0.0	36998.56662264544
1.42395546E8	0.0	0.0
1.42397415E8	0.0	0.0
1.42399284E8	0.0	36998.56662264544
1.424011525E8	0.0	0.0
1.42403019E8	0.0	0.0
1.42404883E8	311.3924984627998	36998.56662264544
1.42406746E8	0.0	0.0
1.424086055E8	0.0	0.0
1.424104605E8	289.0	36998.56662264544
1.42412313E8	307.0	0.0
1.42414163E8	0.0	0.0
1.42416009E8	0.0	36998.56662264544
1.42417852E8	0.0	0.0
1.42419695E8	0.0	0.0
1.42421538E8	268.0	36998.56662264544
1.424233805E8	0.0	0.0
1.42425222E8	0.0	0.0
1.42427063E8	0.0	36998.56662264544
1.424288995E8	0.0	0.0
1.424307315E8	0.0	0.0
1.424325625E8	0.0	36998.56662264544
1.42434392E8	0.0	0.0
1.42436221E8	0.0	0.0
1.424380485E8	221.8	36998.56662264544
1.42439871E8	268.0	0.0
1.424416895E8	0.0	0.0
1.424435075E8	246.0	36998.56662264544
1.42445323E8	0.0	0.0
1.42447136E8	0.0	0.0
1.424489455E8	0.0	36998.56662264544
1.4245075E8	0.0	0.0
1.424525525E8	0.0	0.0
1.42454354E8	0.0	36998.56662264544
1.424561545E8	0.0	0.0
1.424579545E8	220.0	0.0
1.424597535E8	0.0	36998.56662264544
1.42461551E8	0.0	0.0
1.42463346E8	945.0	0.0
1.424651385E8	0.0	36998.56662264544
1.42466928E8	0.0	0.0
1.424687145E8	0.0	0.0
1.424705E8	0.0	36998.56662264544
1.42472285E8	249.66666666666666	0.0
1.424740655E8	0.0	0.0
1.42475841E8	0.0	36998.56662264544
1.42477616E8	276.94117647058823	0.0
1.42479391E8	0.0	0.0
1.424811635E8	0.0	36998.56662264544
1.42482933E8	347.0	0.0
1.424847005E8	304.3101449275362	0.0
1.42486464E8	0.0	36998.56662264544
1.424882225E8	298.42857142857144	0.0
1.424899775E8	279.88235294117646	0.0
1.4249173E8	304.25	36998.56662264544
1.42493479E8	0.0	0.0
1.42495226E8	0.0	0.0
1.42496973E8	0.0	36998.56662264544
1.42498718E8	0.0	0.0
1.4250046E8	0.0	0.0
1.425021995E8	0.0	36998.56662264544
1.42503937E8	0.0	0.0
1.425056725E8	0.0	0.0
1.42507406E8	294.3333333333333	36998.56662264544
1.425091385E8	0.0	0.0
1.425108685E8	0.0	0.0
1.425125945E8	0.0	36998.56662264544
1.425143185E8	265.0	0.0
1.4251604E8	294.0	0.0
1.42517759E8	269.796875	36998.56662264544
1.425194765E8	0.0	0.0
1.425211925E8	0.0	0.0
1.42522908E8	0.0	36998.56662264544
1.425246225E8	0.0	0.0
1.42526336E8	0.0	0.0
1.425280485E8	302.1111111111111	36998.56662264544
1.425297595E8	272.875	0.0
1.425314695E8	286.14285714285717	0.0
1.42533179E8	0.0	36998.56662264544
1.425348875E8	0.0	0.0
1.425365935E8	0.0	0.0
1.42538297E8	0.0	36998.56662264544
1.4254E8	0.0	0.0
1.425416995E8	0.0	0.0
1.425433925E8	263.962962962963	36998.56662264544
1.425450825E8	268.8888888888889	0.0
1.42546771E8	0.0	0.0
1.42548457E8	247.75	36998.56662264544
1.42550141E8	0.0	0.0
1.42551824E8	244.90131578947367	0.0
1.42553507E8	283.5	36998.56662264544
1.425551885E8	0.0	0.0
1.42556868E8	223.0	0.0
1.425585465E8	0.0	36998.56662264544
1.42560223E8	0.0	0.0
1.42561894E8	309.8333333333333	0.0
1.42563556E8	0.0	36998.56662264544
1.425652095E8	267.5	0.0
1.42566857E8	0.0	0.0
1.42568501E8	0.0	36998.56662264544
1.42570144E8	0.0	0.0
1.42571786E8	0.0	0.0
1.42573425E8	0.0	36998.56662264544
1.42575062E8	0.0	0.0
1.42576699E8	325.6835891381346	0.0
1.425783355E8	0.0	36998.56662264544
1.425799685E8	0.0	0.0
1.42581598E8	0.0	0.0
1.42583225E8	325.5	36998.56662264544
1.4258485E8	0.0	0.0
1.42586474E8	0.0	0.0
1.425880965E8	0.0	36998.56662264544
1.42589717E8	280.4522058823529	0.0
1.425913335E8	351.0	0.0
1.42592946E8	240.77777777777777	36998.56662264544
1.425945565E8	354.5833333333333	0.0
1.425961665E8	306.0	0.0
1.425977755E8	0.0	36998.56662264544
1.42599378E8	0.0	0.0
1.42600974E8	0.0	0.0
1.426025685E8	335.0	36998.56662264544
1.426041585E8	0.0	0.0
1.426057445E8	0.0	0.0
1.426073305E8	0.0	36998.56662264544
1.42608914E8	0.0	0.0
1.42610493E8	0.0	0.0
1.4261207E8	0.0	36998.56662264544
1.42613646E8	0.0	0.0
1.4261522E8	0.0	0.0
1.42616792E8	0.0	36998.56662264544
1.42618361E8	0.0	0.0
1.426199275E8	286.9047619047619	0.0
1.426214905E8	0.0	36998.56662264544
1.426230505E8	0.0	0.0
1.426246095E8	0.0	0.0
1.426261665E8	0.0	36998.56662264544
1.426277225E8	183.0	0.0
1.42629278E8	0.0	0.0
1.42630832E8	0.0	36998.56662264544
1.426323845E8	324.8	0.0
1.426339355E8	0.0	0.0
1.426354855E8	313.125	36998.56662264544
1.42637035E8	0.0	0.0
1.426385825E8	0.0	0.0
1.426401275E8	0.0	36998.56662264544
1.42641671E8	211.08333333333334	0.0
1.42643213E8	0.0	0.0
1.426447535E8	0.0	36998.56662264544
1.426462925E8	0.0	0.0
1.42647757E8	0.0	0.0
1.42648524E8	0.0	36998.56662264544
1.42649362E8	268.3333333333333	0.0
1.42650895E8	0.0	0.0
1.426524275E8	310.0	36998.56662264544
1.42653958E8	0.0	0.0
1.42655486E8	215.35714285714286	0.0
1.42657012E8	0.0	36998.56662264544
1.42658537E8	0.0	0.0
1.42660062E8	271.8292682926829	0.0
1.42661585E8	0.0	36998.56662264544
1.426631055E8	0.0	0.0
1.42664625E8	0.0	0.0
1.426661435E8	0.0	36998.56662264544
1.426676605E8	0.0	0.0
1.426691735E8	0.0	0.0
1.42670683E8	0.0	36998.56662264544
1.426721915E8	0.0	0.0
1.426736975E8	285.7241379310345	0.0
1.426752015E8	0.0	36998.56662264544
1.426767045E8	0.0	0.0
1.426782025E8	0.0	0.0
1.426796955E8	0.0	36998.56662264544
1.426811875E8	288.6666666666667	0.0
1.426826785E8	151.0	0.0
1.42684168E8	0.0	36998.56662264544
1.426856565E8	0.0	0.0
1.42687144E8	311.0	0.0
1.42688631E8	150.83333333333334	36998.56662264544
1.42690117E8	230.66666666666666	0.0
1.426916015E8	0.0	0.0
1.426930845E8	0.0	36998.56662264544
1.426945645E8	0.0	0.0
1.426960415E8	0.0	0.0
1.42697517E8	271.0	36998.56662264544
1.42698991E8	0.0	0.0
1.42700463E8	0.0	0.0
1.427019325E8	0.0	36998.56662264544
1.427034E8	0.0	0.0
1.427048665E8	339.0	0.0
1.427063315E8	0.0	36998.56662264544
1.427077945E8	309.5	0.0
1.42709256E8	0.0	0.0
1.42710717E8	0.0	36998.56662264544
1.42712177E8	0.0	0.0
1.427136355E8	293.3482142857143	0.0
1.427150925E8	0.0	36998.56662264544
1.42716547E8	0.0	0.0
1.427179995E8	0.0	0.0
1.427194515E8	0.0	36998.56662264544
1.42720903E8	164.0	0.0
1.427223515E8	0.0	0.0
1.427237975E8	78.0	36998.56662264544
1.42725243E8	0.0	0.0
1.42726687E8	309.27777777777777	0.0
1.42728129E8	0.0	36998.56662264544
1.427295695E8	294.0029488859764	0.0
1.427310075E8	0.0	0.0
1.427324415E8	0.0	36998.56662264544
1.427338735E8	109.0	0.0
1.427353055E8	260.0	0.0
1.427367365E8	0.0	36998.56662264544
1.42738166E8	266.6666666666667	0.0
1.42739595E8	296.59139784946234	0.0
1.42741022E8	0.0	36998.56662264544
1.427424465E8	0.0	0.0
1.427438705E8	0.0	0.0
1.427452945E8	0.0	36998.56662264544
1.42746718E8	0.0	0.0
1.427481405E8	291.0	0.0
1.42749562E8	0.0	36998.56662264544
1.42750982E8	0.0	0.0
1.427523995E8	252.66666666666666	0.0
1.427538155E8	313.0	36998.56662264544
1.427552315E8	298.5	0.0
1.42756647E8	0.0	0.0
1.427580605E8	0.0	36998.56662264544
1.427594725E8	0.0	0.0
1.42760884E8	0.0	0.0
1.427622945E8	0.0	36998.56662264544
1.427637035E8	0.0	0.0
1.427651115E8	0.0	0.0
1.42766519E8	0.0	36998.56662264544
1.427679255E8	0.0	0.0
1.427693305E8	0.0	0.0
1.427707335E8	0.0	36998.56662264544
1.42772132E8	132.0	0.0
1.427735265E8	0.0	0.0
1.4277492E8	296.3720930232558	36998.56662264544
1.42776312E8	320.0	0.0
1.42777703E8	0.0	0.0
1.42779094E8	0.0	36998.56662264544
1.427804825E8	255.5	0.0
1.427818685E8	0.0	0.0
1.42783254E8	0.0	36998.56662264544
1.427846385E8	295.45454545454544	0.0
1.42786022E8	330.5151515151515	0.0
1.427874045E8	284.5	36998.56662264544
1.42788786E8	0.0	0.0
1.42790167E8	216.0	0.0
1.427915475E8	266.0	36998.56662264544
1.427929275E8	284.07142857142856	0.0
1.42794307E8	290.93333333333334	0.0
1.427956855E8	299.4	36998.56662264544
1.42797063E8	505.3333333333333	0.0
1.4279844E8	287.27272727272725	0.0
1.42799817E8	0.0	36998.56662264544
1.42801194E8	204.5	0.0
1.428025705E8	0.0	0.0
1.42803946E8	0.0	36998.56662264544
1.428053205E8	0.0	0.0
1.428066945E8	0.0	0.0
1.42808068E8	0.0	36998.56662264544
1.4280944E8	272.375	0.0
1.4281081E8	0.0	0.0
1.428121785E8	0.0	36998.56662264544
1.428135455E8	249.5	0.0
1.42814909E8	0.0	0.0
1.428162695E8	306.47308823529414	36998.56662264544
1.428176275E8	283.6923076923077	0.0
1.428189835E8	270.0	0.0
1.42820339E8	0.0	36998.56662264544
1.42821694E8	0.0	0.0
1.428230475E8	0.0	0.0
1.42824399E8	0.0	36998.56662264544
1.42825748E8	0.0	0.0
1.42827095E8	280.4736842105263	0.0
1.428284415E8	0.0	36998.56662264544
1.428297865E8	0.0	0.0
1.4283113E8	151.0	0.0
1.42832472E8	245.41071428571428	36998.56662264544
1.428338125E8	296.125	0.0
1.428351525E8	0.0	0.0
1.428364925E8	0.0	36998.56662264544
1.42837832E8	288.0	0.0
1.42839171E8	0.0	0.0
1.42840509E8	0.0	36998.56662264544
1.42841846E8	0.0	0.0
1.428431825E8	0.0	0.0
1.428445175E8	104.57142857142857	36998.56662264544
1.42845851E8	223.0	0.0
1.42847184E8	296.6926406926407	0.0
1.42848517E8	0.0	36998.56662264544
1.428498495E8	0.0	0.0
1.428511805E8	360.0	0.0
1.428525105E8	0.0	36998.56662264544
1.428538395E8	0.0	0.0
1.42855167E8	0.0	0.0
1.428564935E8	0.0	36998.56662264544
1.428578195E8	0.0	0.0
1.42859144E8	0.0	0.0
1.42860467E8	0.0	36998.56662264544
1.428617895E8	245.33333333333334	0.0
1.428631085E8	0.0	0.0
1.42864424E8	0.0	36998.56662264544
1.42865739E8	0.0	0.0
1.42867054E8	267.0	0.0
1.42868369E8	0.0	36998.56662264544
1.428696825E8	0.0	0.0
1.42870994E8	0.0	0.0
1.42872305E8	0.0	36998.56662264544
1.428736155E8	0.0	0.0
1.428749255E8	402.7391304347826	0.0
1.42876235E8	232.2	36998.56662264544
1.428775435E8	0.0	0.0
1.428788505E8	0.0	0.0
1.428801555E8	281.4310344827586	36998.56662264544
1.428814595E8	0.0	0.0
1.428827635E8	0.0	0.0
1.428840675E8	189.0	36998.56662264544
1.42885371E8	0.0	0.0
1.42886674E8	0.0	0.0
1.428879765E8	0.0	36998.56662264544
1.42889278E8	0.0	0.0
1.42890579E8	264.0	0.0
1.42891879E8	246.7391304347826	36998.56662264544
1.42893177E8	287.0	0.0
1.42894474E8	0.0	0.0
1.42895771E8	0.0	36998.56662264544
1.428970675E8	0.0	0.0
1.42898363E8	0.0	0.0
1.428996575E8	0.0	36998.56662264544
1.429009515E8	0.0	0.0
1.429022455E8	0.0	0.0
1.42903539E8	369.0	36998.56662264544
1.42904831E8	0.0	0.0
1.429061215E8	0.0	0.0
1.42907411E8	287.0	36998.56662264544
1.42908699E8	284.92559523809524	0.0
1.429099855E8	0.0	0.0
1.42911271E8	0.0	36998.56662264544
1.429125555E8	0.0	0.0
1.429138395E8	313.171875	0.0
1.42915123E8	0.0	36998.56662264544
1.42916406E8	345.30075187969925	0.0
1.429176885E8	284.2	0.0
1.4291897E8	0.0	36998.56662264544
1.429202505E8	0.0	0.0
1.429215305E8	0.0	0.0
1.4292281E8	0.0	36998.56662264544
1.429240885E8	227.0	0.0
1.429253665E8	254.66666666666666	0.0
1.429266445E8	0.0	36998.56662264544
1.42927922E8	301.5094860932032	0.0
1.42929199E8	279.89550072568943	0.0
1.42930476E8	307.0	36998.56662264544
1.429317525E8	0.0	0.0
1.42933028E8	0.0	0.0
1.42934303E8	0.0	36998.56662264544
1.429355775E8	0.0	0.0
1.429368515E8	0.0	0.0
1.429381245E8	0.0	36998.56662264544
1.42939396E8	0.0	0.0
1.42940667E8	0.0	0.0
1.42941938E8	0.0	36998.56662264544
1.42943209E8	0.0	0.0
1.4294448E8	531.0	0.0
1.429457505E8	273.61746987951807	36998.56662264544
1.429470205E8	223.5	0.0
1.429482905E8	360.1333333333333	0.0
1.4294956E8	285.0	36998.56662264544
1.429508285E8	234.0	0.0
1.429520965E8	301.14285714285717	0.0
1.429533635E8	262.51724137931035	36998.56662264544
1.42954629E8	0.0	0.0
1.429558935E8	168.0	0.0
1.42957157E8	0.0	36998.56662264544
1.4295842E8	0.0	0.0
1.42959683E8	296.44444444444446	0.0
1.429609455E8	0.0	36998.56662264544
1.429622075E8	0.0	0.0
1.429634695E8	0.0	0.0
1.42964731E8	0.0	36998.56662264544
1.42965992E8	289.0175438596491	0.0
1.429672525E8	288.1816239316239	0.0
1.429685125E8	170.0	36998.56662264544
1.429697725E8	284.2857142857143	0.0
1.429710325E8	247.5	0.0
1.42972292E8	231.07588075880759	36998.56662264544
1.429735505E8	255.0	0.0
1.429748085E8	199.5	0.0
1.429760665E8	239.98461538461538	36998.56662264544
1.42977324E8	0.0	0.0
1.42978579E8	0.0	0.0
1.42979832E8	277.86486486486484	36998.56662264544
1.429810845E8	0.0	0.0
1.42982336E8	330.5	0.0
1.42983587E8	0.0	36998.56662264544
1.42984838E8	0.0	0.0
1.42986089E8	238.0	0.0
1.429873395E8	279.9166666666667	36998.56662264544
1.42988589E8	0.0	0.0
1.429898375E8	0.0	0.0
1.42991085E8	236.92307692307693	36998.56662264544
1.429923315E8	0.0	0.0
1.429935775E8	207.0	0.0
1.429948225E8	0.0	36998.56662264544
1.42996066E8	224.53234750462107	0.0
1.429973085E8	286.89473684210526	0.0
1.4299855E8	0.0	36998.56662264544
1.42999791E8	0.0	0.0
1.43001032E8	259.5	0.0
1.430022725E8	166.0	36998.56662264544
1.430035125E8	0.0	0.0
1.430047525E8	278.66201117318434	0.0
1.43005992E8	155.6	36998.56662264544
1.4300719E8	0.0	0.0
1.43007809E8	0.0	0.0
1.430084685E8	0.0	36998.56662264544
1.430097065E8	0.0	0.0
1.430109445E8	204.0	0.0
1.43012182E8	0.0	36998.56662264544
1.430134185E8	0.0	0.0
1.43014654E8	0.0	0.0
1.43015889E8	245.5	36998.56662264544
1.430171235E8	274.0	0.0
1.430183575E8	286.7027027027027	0.0
1.430195915E8	0.0	36998.56662264544
1.43020825E8	199.0	0.0
1.43022058E8	0.0	0.0
1.430232905E8	272.6666666666667	36998.56662264544
1.43024522E8	257.0	0.0
1.43025753E8	193.0	0.0
1.43026984E8	230.0	36998.56662264544
1.43028215E8	197.0	0.0
1.430294455E8	283.44444444444446	0.0
1.43030675E8	0.0	36998.56662264544
1.43031904E8	0.0	0.0
1.430331325E8	0.0	0.0
1.4303436E8	0.0	36998.56662264544
1.43035587E8	281.0862131684249	0.0
1.43036814E8	0.0	0.0
1.43038041E8	0.0	36998.56662264544
1.430392675E8	291.75	0.0
1.430404935E8	0.0	0.0
1.430417195E8	0.0	36998.56662264544
1.43042945E8	276.0	0.0
1.4304417E8	0.0	0.0
1.43045395E8	0.0	36998.56662264544
1.4304662E8	311.3333333333333	0.0
1.43047845E8	0.0	0.0
1.4304907E8	112.33333333333333	36998.56662264544
1.430502945E8	301.8767123287671	0.0
1.430515185E8	311.2	0.0
1.430527425E8	269.0	36998.56662264544
1.430539665E8	271.0	0.0
1.4305519E8	0.0	0.0
1.43056413E8	0.0	36998.56662264544
1.43057636E8	0.0	0.0
1.430588585E8	257.59555555555556	0.0
1.430600805E8	350.0	36998.56662264544
1.43061302E8	0.0	0.0
1.430625225E8	0.0	0.0
1.430637425E8	242.0	36998.56662264544
1.43064962E8	145.0	0.0
1.43066181E8	0.0	0.0
1.430674E8	0.0	36998.56662264544
1.430686185E8	234.5	0.0
1.430698365E8	0.0	0.0
1.430710525E8	333.09090909090907	36998.56662264544
1.43072266E8	0.0	0.0
1.430734785E8	0.0	0.0
1.430746905E8	0.0	36998.56662264544
1.43075902E8	0.0	0.0
1.43077113E8	257.0	0.0
1.430783235E8	0.0	36998.56662264544
1.43079533E8	0.0	0.0
1.43080742E8	0.0	0.0
1.43081951E8	0.0	36998.56662264544
1.430831595E8	0.0	0.0
1.430843675E8	0.0	0.0
1.430855755E8	249.5	36998.56662264544
1.430867835E8	0.0	0.0
1.43087991E8	271.0	0.0
1.430891975E8	240.5	36998.56662264544
1.43090403E8	251.20833333333334	0.0
1.43091608E8	0.0	0.0
1.43092813E8	278.77777777777777	36998.56662264544
1.43094017E8	0.0	0.0
1.4309522E8	0.0	0.0
1.43096423E8	0.0	36998.56662264544
1.430976255E8	300.0	0.0
1.430988275E8	329.0	0.0
1.43100029E8	0.0	36998.56662264544
1.431012295E8	0.0	0.0
1.431024295E8	204.33333333333334	0.0
1.431036295E8	425.0	36998.56662264544
1.43104829E8	0.0	0.0
1.43106028E8	397.0	0.0
1.431072265E8	127.5	36998.56662264544
1.431084245E8	361.8	0.0
1.43109622E8	178.0	0.0
1.43110819E8	284.0	36998.56662264544
1.43112015E8	0.0	0.0
1.4311321E8	0.0	0.0
1.43114405E8	319.77777777777777	36998.56662264544
1.431156E8	0.0	0.0
1.43116795E8	268.34375	0.0
1.431179895E8	236.0	36998.56662264544
1.43119183E8	263.25	0.0
1.43120376E8	197.0	0.0
1.43121569E8	296.0	36998.56662264544
1.43122762E8	347.0	0.0
1.431239545E8	0.0	0.0
1.431251465E8	300.1449275362319	36998.56662264544
1.431263385E8	0.0	0.0
1.4312753E8	279.0	0.0
1.43128721E8	0.0	36998.56662264544
1.431299115E8	0.0	0.0
1.431311015E8	0.0	0.0
1.431322915E8	0.0	36998.56662264544
1.43133481E8	0.0	0.0
1.4313467E8	0.0	0.0
1.43135859E8	0.0	36998.56662264544
1.43137048E8	0.0	0.0
1.43138237E8	0.0	0.0
1.43139426E8	272.0	36998.56662264544
1.431406145E8	0.0	0.0
1.431418015E8	295.0	0.0
1.431429875E8	0.0	36998.56662264544
1.431441735E8	240.66666666666666	0.0
1.431453595E8	0.0	0.0
1.431465455E8	0.0	36998.56662264544
1.43147731E8	0.0	0.0
1.43148916E8	0.0	0.0
1.43150101E8	180.0	36998.56662264544
1.43151286E8	0.0	0.0
1.431524705E8	0.0	0.0
1.431536545E8	0.0	36998.56662264544
1.431548385E8	0.0	0.0
1.431560225E8	0.0	0.0
1.431572055E8	279.0	36998.56662264544
1.431583875E8	274.2132867132867	0.0
1.43159569E8	0.0	0.0
1.4316075E8	266.381679389313	36998.56662264544
1.43161931E8	0.0	0.0
1.43163111E8	492.0	0.0
1.4316429E8	0.0	36998.56662264544
1.43165469E8	0.0	0.0
1.431666475E8	0.0	0.0
1.431678255E8	0.0	36998.56662264544
1.431690035E8	0.0	0.0
1.431701815E8	389.0	0.0
1.431713595E8	241.2	36998.56662264544
1.431725375E8	0.0	0.0
1.43173715E8	0.0	0.0
1.431748915E8	327.97333599973337	36998.56662264544
1.43176067E8	0.0	0.0
1.43177242E8	379.0	0.0
1.431784165E8	0.0	36998.56662264544
1.431795905E8	0.0	0.0
1.43180764E8	0.0	0.0
1.43181937E8	0.0	36998.56662264544
1.4318311E8	294.5	0.0
1.43184282E8	212.0	0.0
1.43185453E8	291.04761904761904	36998.56662264544
1.43186624E8	0.0	0.0
1.43187795E8	0.0	0.0
1.431889655E8	0.0	36998.56662264544
1.43190135E8	0.0	0.0
1.43191304E8	279.0	0.0
1.431924725E8	314.0	36998.56662264544
1.4319364E8	183.0	0.0
1.43194807E8	0.0	0.0
1.43195974E8	0.0	36998.56662264544
1.431971405E8	0.0	0.0
1.431983065E8	275.0517403574788	0.0
1.431994725E8	316.35494880546077	36998.56662264544
1.432006385E8	0.0	0.0
1.43201804E8	0.0	0.0
1.43202969E8	0.0	36998.56662264544
1.432041335E8	0.0	0.0
1.43205297E8	0.0	0.0
1.4320646E8	258.658924205379	36998.56662264544
1.43207623E8	0.0	0.0
1.43208786E8	225.0	0.0
1.43209949E8	0.0	36998.56662264544
1.43211112E8	257.63440860215053	0.0
1.432122745E8	277.0	0.0
1.432134365E8	294.3333333333333	36998.56662264544
1.432145985E8	255.29065743944636	0.0
1.4321576E8	0.0	0.0
1.43216921E8	0.0	36998.56662264544
1.43218082E8	0.0	0.0
1.432192425E8	0.0	0.0
1.432204025E8	287.25	36998.56662264544
1.432215625E8	0.0	0.0
1.43222722E8	0.0	0.0
1.43223881E8	0.0	36998.56662264544
1.4322504E8	409.26666666666665	0.0
1.43226199E8	0.0	0.0
1.43227358E8	285.22727272727275	36998.56662264544
1.432285165E8	0.0	0.0
1.432296745E8	258.29601518026567	0.0
1.432308325E8	277.0	36998.56662264544
1.4323199E8	0.0	0.0
1.43233147E8	299.42857142857144	0.0
1.432343035E8	0.0	36998.56662264544
1.432354595E8	0.0	0.0
1.43236615E8	0.0	0.0
1.4323777E8	293.3333333333333	36998.56662264544
1.43238925E8	0.0	0.0
1.4324008E8	230.59537572254337	0.0
1.432412345E8	0.0	36998.56662264544
1.432423885E8	273.0	0.0
1.432435425E8	221.0	0.0
1.432446965E8	249.1	36998.56662264544
1.4324585E8	0.0	0.0
1.43247003E8	241.0	0.0
1.43248156E8	273.0	36998.56662264544
1.432493085E8	280.0	0.0
1.432504605E8	0.0	0.0
1.432516125E8	0.0	36998.56662264544
1.432527645E8	0.0	0.0
1.43253916E8	282.0	0.0
1.432550665E8	225.5	36998.56662264544
1.432562165E8	213.0	0.0
1.432573655E8	0.0	0.0
1.432585135E8	0.0	36998.56662264544
1.432596615E8	0.0	0.0
1.432608095E8	266.5217391304348	0.0
1.432619575E8	0.0	36998.56662264544
1.432631055E8	0.0	0.0
1.43264253E8	255.25	0.0
1.432654E8	269.7412935323383	36998.56662264544
1.43266547E8	0.0	0.0
1.432676935E8	399.0	0.0
1.432688395E8	0.0	36998.56662264544
1.432699855E8	0.0	0.0
1.43271131E8	0.0	0.0
1.432722755E8	239.22222222222223	36998.56662264544
1.432734195E8	258.75	0.0
1.432745635E8	263.97633136094674	0.0
1.432757075E8	328.25	36998.56662264544
1.432768515E8	272.5	0.0
1.43277995E8	0.0	0.0
1.43279138E8	373.0	36998.56662264544
1.432802805E8	0.0	0.0
1.432814225E8	225.0	0.0
1.432825645E8	227.80559254327562	36998.56662264544
1.43283706E8	274.7708333333333	0.0
1.43284847E8	302.3677419354839	0.0
1.432859875E8	276.0689655172414	36998.56662264544
1.432871275E8	308.0	0.0
1.432882675E8	0.0	0.0
1.432894075E8	0.0	36998.56662264544
1.43290547E8	258.44444444444446	0.0
1.43291686E8	280.0	0.0
1.43292825E8	0.0	36998.56662264544
1.43293964E8	200.0	0.0
1.43295103E8	0.0	0.0
1.432962415E8	326.0	36998.56662264544
1.43297379E8	288.0	0.0
1.432985155E8	289.8095238095238	0.0
1.432996515E8	0.0	36998.56662264544
1.433007875E8	376.54945054945057	0.0
1.433019235E8	0.0	0.0
1.43303059E8	0.0	36998.56662264544
1.43304194E8	0.0	0.0
1.43305329E8	307.0769230769231	0.0
1.433064635E8	0.0	36998.56662264544
1.433075975E8	264.0	0.0
1.433087315E8	0.0	0.0
1.433098655E8	0.0	36998.56662264544
1.43310999E8	0.0	0.0
1.43312132E8	0.0	0.0
1.43313265E8	338.0	36998.56662264544
1.433143975E8	274.5908659709988	0.0
1.433155295E8	244.33333333333334	0.0
1.433166615E8	0.0	36998.56662264544
1.433177935E8	0.0	0.0
1.43318925E8	0.0	0.0
1.43320056E8	268.3463877402092	36998.56662264544
1.43321187E8	0.0	0.0
1.433223175E8	0.0	0.0
1.433234475E8	0.0	36998.56662264544
1.433245775E8	261.85714285714283	0.0
1.43325707E8	0.0	0.0
1.43326836E8	0.0	36998.56662264544
1.43327965E8	285.61538461538464	0.0
1.43329094E8	0.0	0.0
1.43330222E8	294.5	36998.56662264544
1.43331349E8	0.0	0.0
1.433324755E8	253.72687224669605	0.0
1.433336015E8	0.0	36998.56662264544
1.433347275E8	0.0	0.0
1.433358535E8	0.0	0.0
1.433369795E8	242.1290322580645	36998.56662264544
1.43338105E8	0.0	0.0
1.4333923E8	0.0	0.0
1.433403545E8	0.0	36998.56662264544
1.433414785E8	0.0	0.0
1.43342602E8	0.0	0.0
1.43343725E8	0.0	36998.56662264544
1.43344848E8	105.0	0.0
1.43345971E8	276.0	0.0
1.43347094E8	0.0	36998.56662264544
1.433482165E8	319.0914285714286	0.0
1.43349338E8	0.0	0.0
1.433504585E8	0.0	36998.56662264544
1.43351578E8	168.5	0.0
1.43352697E8	266.85714285714283	0.0
1.433538155E8	208.5	36998.56662264544
1.433549335E8	0.0	0.0
1.433560515E8	0.0	0.0
1.433571695E8	329.6666666666667	36998.56662264544
1.43358287E8	0.0	0.0
1.43359404E8	0.0	0.0
1.43360521E8	194.5	36998.56662264544
1.43361638E8	246.5	0.0
1.43362755E8	285.1162790697674	0.0
1.43363872E8	260.3333333333333	36998.56662264544
1.433649885E8	0.0	0.0
1.433661045E8	270.8695652173913	0.0
1.433668735E8	261.0984848484849	36998.56662264544
1.433674315E8	256.0	0.0
1.433683365E8	0.0	0.0
1.433694525E8	308.72727272727275	36998.56662264544
1.433705685E8	0.0	0.0
1.43371684E8	0.0	0.0
1.43372799E8	0.0	36998.56662264544
1.43373914E8	222.0	0.0
1.433750285E8	301.0	0.0
1.433761425E8	0.0	36998.56662264544
1.433772565E8	0.0	0.0
1.433783705E8	0.0	0.0
1.433794845E8	254.0	36998.56662264544
1.433805985E8	0.0	0.0
1.433817115E8	0.0	0.0
1.433828235E8	0.0	36998.56662264544
1.433839355E8	0.0	0.0
1.433850475E8	288.40058910162	0.0
1.43386159E8	327.94736842105266	36998.56662264544
1.433872695E8	0.0	0.0
1.433883795E8	68.0	0.0
1.433894895E8	332.0	36998.56662264544
1.433905995E8	0.0	0.0
1.43391709E8	260.6666666666667	0.0
1.43392818E8	0.0	36998.56662264544
1.43393927E8	273.8333333333333	0.0
1.43395036E8	0.0	0.0
1.433961445E8	275.15	36998.56662264544
1.433972525E8	0.0	0.0
1.4339836E8	0.0	0.0
1.43399467E8	259.6666666666667	36998.56662264544
1.43400574E8	0.0	0.0
1.434016805E8	272.56626506024094	0.0
1.434027865E8	290.5	36998.56662264544
1.43403892E8	364.0	0.0
1.43404997E8	0.0	0.0
1.43406102E8	0.0	36998.56662264544
1.43407207E8	0.0	0.0
1.43408312E8	0.0	0.0
1.43409417E8	0.0	36998.56662264544
1.43410521E8	0.0	0.0
1.43411624E8	0.0	0.0
1.43412727E8	257.0	36998.56662264544
1.434138295E8	0.0	0.0
1.434149315E8	0.0	0.0
1.434160335E8	188.0	36998.56662264544
1.43417135E8	234.85714285714286	0.0
1.43418236E8	0.0	0.0
1.43419337E8	182.66666666666666	36998.56662264544
1.434204375E8	259.1	0.0
1.434215375E8	0.0	0.0
1.43422637E8	0.0	36998.56662264544
1.43423736E8	244.33333333333334	0.0
1.434248345E8	265.30434782608694	0.0
1.434259325E8	0.0	36998.56662264544
1.434270305E8	0.0	0.0
1.43428128E8	0.0	0.0
1.43429225E8	0.0	36998.56662264544
1.43430322E8	284.0	0.0
1.434314185E8	0.0	0.0
1.434325145E8	0.0	36998.56662264544
1.434336095E8	194.0	0.0
1.43434703E8	0.0	0.0
1.434357955E8	0.0	36998.56662264544
1.43436887E8	0.0	0.0
1.43437978E8	373.2857142857143	0.0
1.434390685E8	0.0	36998.56662264544
1.434401585E8	0.0	0.0
1.434412485E8	347.8181818181818	0.0
1.434423385E8	258.14814814814815	36998.56662264544
1.434434285E8	0.0	0.0
1.43444518E8	0.0	0.0
1.43445607E8	202.0	36998.56662264544
1.434466955E8	0.0	0.0
1.434477835E8	241.33333333333334	0.0
1.434488715E8	0.0	36998.56662264544
1.434499595E8	279.625	0.0
1.43451047E8	0.0	0.0
1.43452134E8	271.75384615384615	36998.56662264544
1.43453221E8	310.94444444444446	0.0
1.434543075E8	270.0833333333333	0.0
1.434553935E8	261.46666666666664	36998.56662264544
1.434564795E8	255.9	0.0
1.434575655E8	0.0	0.0
1.434586505E8	0.0	36998.56662264544
1.434597345E8	0.0	0.0
1.434608185E8	0.0	0.0
1.434619025E8	229.0	36998.56662264544
1.434629865E8	207.0	0.0
1.4346407E8	0.0	0.0
1.43465153E8	239.0	36998.56662264544
1.43466236E8	283.8261120739457	0.0
1.434673185E8	0.0	0.0
1.434684005E8	0.0	36998.56662264544
1.43469482E8	0.0	0.0
1.43470563E8	252.95	0.0
1.434716435E8	0.0	36998.56662264544
1.434727235E8	135.0	0.0
1.434738035E8	336.7857142857143	0.0
1.43474883E8	0.0	36998.56662264544
1.43475962E8	0.0	0.0
1.434770405E8	0.0	0.0
1.434781185E8	0.0	36998.56662264544
1.434791965E8	0.0	0.0
1.434802745E8	258.0	0.0
1.43481352E8	0.0	36998.56662264544
1.43482429E8	0.0	0.0
1.434835055E8	0.0	0.0
1.434845815E8	0.0	36998.56662264544
1.434856575E8	0.0	0.0
1.434867335E8	0.0	0.0
1.43487809E8	0.0	36998.56662264544
1.43488884E8	264.875	0.0
1.43489959E8	269.07936507936506	0.0
1.43491034E8	184.0	36998.56662264544
1.434921085E8	0.0	0.0
1.434931825E8	263.41379310344826	0.0
1.434942565E8	0.0	36998.56662264544
1.434953305E8	238.16666666666666	0.0
1.43496404E8	0.0	0.0
1.434974765E8	271.5326797385621	36998.56662264544
1.434985485E8	0.0	0.0
1.4349962E8	0.0	0.0
1.43500691E8	284.35714285714283	36998.56662264544
1.435017615E8	0.0	0.0
1.435028315E8	0.0	0.0
1.435039015E8	0.0	36998.56662264544
1.43504971E8	0.0	0.0
1.4350604E8	0.0	0.0
1.435071085E8	290.0	36998.56662264544
1.43508176E8	0.0	0.0
1.43509243E8	0.0	0.0
1.4351031E8	321.0	36998.56662264544
1.435113765E8	270.0	0.0
1.435124415E8	262.2857142857143	0.0
1.435135055E8	0.0	36998.56662264544
1.435145695E8	267.125	0.0
1.43515633E8	0.0	0.0
1.43516696E8	0.0	36998.56662264544
1.43517759E8	320.8333333333333	0.0
1.43518822E8	455.3	0.0
1.43519885E8	0.0	36998.56662264544
1.43520948E8	0.0	0.0
1.43522011E8	0.0	0.0
1.43523074E8	0.0	36998.56662264544
1.435241365E8	284.47058823529414	0.0
1.435251985E8	0.0	0.0
1.435262605E8	253.0	36998.56662264544
1.435273225E8	0.0	0.0
1.435283845E8	0.0	0.0
1.43529446E8	165.0	36998.56662264544
1.435305065E8	0.0	0.0
1.435315665E8	276.08581644815257	0.0
1.435326265E8	0.0	36998.56662264544
1.43533686E8	318.14285714285717	0.0
1.43534745E8	0.0	0.0
1.43535804E8	0.0	36998.56662264544
1.435368625E8	0.0	0.0
1.435379205E8	289.67525773195877	0.0
1.435389785E8	0.0	36998.56662264544
1.435400365E8	288.11764705882354	0.0
1.43541094E8	0.0	0.0
1.435421505E8	267.0	36998.56662264544
1.435432065E8	0.0	0.0
1.435442625E8	0.0	0.0
1.435453185E8	362.8	36998.56662264544
1.43546374E8	0.0	0.0
1.43547429E8	0.0	0.0
1.43548484E8	0.0	36998.56662264544
1.435495385E8	293.3636363636364	0.0
1.435505925E8	0.0	0.0
1.43551646E8	0.0	36998.56662264544
1.43552699E8	283.1	0.0
1.43553752E8	269.61538461538464	0.0
1.43554805E8	281.01176470588234	36998.56662264544
1.43555858E8	270.68	0.0
1.435569105E8	0.0	0.0
1.435579625E8	265.39812646370024	36998.56662264544
1.435590145E8	273.5	0.0
1.43560066E8	0.0	0.0
1.43561117E8	0.0	36998.56662264544
1.43562168E8	344.2	0.0
1.43563219E8	0.0	0.0
1.4356427E8	189.5	36998.56662264544
1.435653205E8	0.0	0.0
1.435663705E8	300.38461538461536	0.0
1.4356742E8	0.0	36998.56662264544
1.43568469E8	0.0	0.0
1.43569518E8	0.0	0.0
1.43570567E8	0.0	36998.56662264544
1.43571616E8	286.38461538461536	0.0
1.435726645E8	0.0	0.0
1.435737125E8	263.05405405405406	36998.56662264544
1.435747605E8	0.0	0.0
1.435758085E8	0.0	0.0
1.435768565E8	543.3333333333334	36998.56662264544
1.43577904E8	208.83333333333334	0.0
1.43578951E8	0.0	0.0
1.43579998E8	0.0	36998.56662264544
1.43581045E8	238.0	0.0
1.435820915E8	0.0	0.0
1.43583137E8	177.0	36998.56662264544
1.43584182E8	268.0	0.0
1.43585227E8	0.0	0.0
1.43586272E8	0.0	36998.56662264544
1.435873165E8	0.0	0.0
1.435883605E8	311.54545454545456	0.0
1.435894045E8	296.8181818181818	36998.56662264544
1.43590448E8	273.0	0.0
1.43591491E8	269.0	0.0
1.435925335E8	0.0	36998.56662264544
1.435935755E8	0.0	0.0
1.435946175E8	257.29893238434164	0.0
1.435956595E8	372.0833333333333	36998.56662264544
1.435967015E8	0.0	0.0
1.43597743E8	267.8333333333333	0.0
1.43598784E8	0.0	36998.56662264544
1.43599825E8	0.0	0.0
1.436008655E8	0.0	0.0
1.436019055E8	0.0	36998.56662264544
1.436029455E8	0.0	0.0
1.436039855E8	359.0	0.0
1.43605025E8	244.75	36998.56662264544
1.43606064E8	256.46153846153845	0.0
1.43607103E8	173.0	0.0
1.436081415E8	0.0	36998.56662264544
1.436091795E8	225.6	0.0
1.436102175E8	223.0	0.0
1.43611255E8	0.0	36998.56662264544
1.43612292E8	0.0	0.0
1.43613329E8	0.0	0.0
1.43614366E8	360.7414448669202	36998.56662264544
1.436154025E8	0.0	0.0
1.436164385E8	287.07142857142856	0.0
1.43617474E8	0.0	36998.56662264544
1.43618509E8	249.5	0.0
1.43619544E8	334.0	0.0
1.43620579E8	0.0	36998.56662264544
1.43621614E8	0.0	0.0
1.43622648E8	0.0	0.0
1.43623681E8	0.0	36998.56662264544
1.43624714E8	169.33333333333334	0.0
1.43625747E8	247.85714285714286	0.0
1.436267795E8	0.0	36998.56662264544
1.436278115E8	241.57142857142858	0.0
1.436288435E8	396.5	0.0
1.43629875E8	0.0	36998.56662264544
1.43630906E8	0.0	0.0
1.43631937E8	193.0	0.0
1.436329675E8	280.55555555555554	36998.56662264544
1.436339975E8	0.0	0.0
1.436350275E8	0.0	0.0
1.43636057E8	266.09090909090907	36998.56662264544
1.43637086E8	220.0	0.0
1.43638115E8	280.4606735127073	0.0
1.43639144E8	246.82083333333333	36998.56662264544
1.43640173E8	0.0	0.0
1.43641202E8	0.0	0.0
1.43642231E8	0.0	36998.56662264544
1.436432595E8	0.0	0.0
1.436442875E8	0.0	0.0
1.43645315E8	0.0	36998.56662264544
1.43646342E8	0.0	0.0
1.43647369E8	0.0	0.0
1.436483955E8	201.0	36998.56662264544
1.436494215E8	0.0	0.0
1.43650447E8	0.0	0.0
1.43651472E8	0.0	36998.56662264544
1.43652497E8	0.0	0.0
1.43653522E8	470.0	0.0
1.43654546E8	0.0	36998.56662264544
1.43655569E8	0.0	0.0
1.436565915E8	0.0	0.0
1.436576135E8	280.5	36998.56662264544
1.436586355E8	302.0	0.0
1.436596575E8	0.0	0.0
1.43660679E8	258.07142857142856	36998.56662264544
1.436617E8	296.6	0.0
1.43662721E8	394.0	0.0
1.436637415E8	282.00983020554065	36998.56662264544
1.436647615E8	0.0	0.0
1.436657815E8	0.0	0.0
1.43666801E8	0.0	36998.56662264544
1.4366782E8	0.0	0.0
1.43668839E8	314.0	0.0
1.43669858E8	0.0	36998.56662264544
1.43670877E8	291.1111111111111	0.0
1.436718955E8	267.95	0.0
1.436729135E8	0.0	36998.56662264544
1.436739315E8	212.0	0.0
1.436749495E8	0.0	0.0
1.436759665E8	0.0	36998.56662264544
1.436769825E8	0.0	0.0
1.436779985E8	244.66666666666666	0.0
1.43679014E8	0.0	36998.56662264544
1.43680029E8	0.0	0.0
1.436810435E8	0.0	0.0
1.436820575E8	290.1764705882353	36998.56662264544
1.436830715E8	0.0	0.0
1.436840855E8	0.0	0.0
1.436850995E8	0.0	36998.56662264544
1.43686113E8	243.33333333333334	0.0
1.43687126E8	0.0	0.0
1.43688139E8	376.0	36998.56662264544
1.436891515E8	0.0	0.0
1.436901635E8	0.0	0.0
1.436911755E8	216.0	36998.56662264544
1.436921875E8	326.30434782608694	0.0
1.436931995E8	254.9375	0.0
1.43694211E8	0.0	36998.56662264544
1.43695222E8	281.4029850746269	0.0
1.43696233E8	0.0	0.0
1.43697244E8	0.0	36998.56662264544
1.436982545E8	286.8888888888889	0.0
1.436992645E8	0.0	0.0
1.437002745E8	411.0	36998.56662264544
1.437012845E8	319.0	0.0
1.437022935E8	0.0	0.0
1.437033015E8	0.0	36998.56662264544
1.437043095E8	0.0	0.0
1.43705317E8	0.0	0.0
1.43706324E8	0.0	36998.56662264544
1.437073305E8	112.0	0.0
1.437083365E8	229.5	0.0
1.437093425E8	0.0	36998.56662264544
1.43710348E8	0.0	0.0
1.43711353E8	0.0	0.0
1.43712358E8	471.2	36998.56662264544
1.43713363E8	0.0	0.0
1.43714368E8	218.75	0.0
1.437153725E8	212.0	36998.56662264544
1.437163765E8	0.0	0.0
1.437173805E8	0.0	0.0
1.437183845E8	0.0	36998.56662264544
1.43719388E8	0.0	0.0
1.4372039E8	261.0	0.0
1.43721391E8	0.0	36998.56662264544
1.43722392E8	242.0	0.0
1.43723393E8	0.0	0.0
1.43724394E8	214.66666666666666	36998.56662264544
1.437251765E8	119.0	0.0
1.437257305E8	0.0	0.0
