#Position (bp)	Coverage	Std
179658.5	293.9201315833417	396.11129823729397
538974.5	317.87482884146544	2350.120280692071
898290.5	249.46283215887965	500.09086436832007
1257606.5	159.51164156341494	274.4413648107122
1616922.5	117.26986830533569	279.7310072020129
1976238.5	109.65048035712297	257.34186249135126
2335554.5	189.8212158657004	326.6860805239759
2694870.5	236.21945585501342	1366.7349551713241
3054186.5	279.99267497133445	346.85464465942164
3413502.5	88.5198794375981	213.40414738630463
3772818.5	78.85656358191676	91.2747956632605
4132134.5	124.71051386523283	1473.3173774454283
4491450.5	226.487609791938	2773.5804018707877
4850766.5	228.15363913658172	440.68447140178336
5210082.5	320.1976282714936	1616.685104624773
5569398.5	166.5668659341638	413.4597675338372
5928714.5	818.6130954368856	1620.7571666478882
6288030.5	285.11118903694796	316.78033633795405
6647346.5	238.50025325896982	415.66151977343407
7006662.5	328.3776592191831	1228.4875486463818
7365978.5	204.903728194681	229.6018037154292
7725294.5	310.57511772367496	1917.1169417150095
8084610.5	519.0658389829565	1718.926405984437
8443926.5	864.0524385220808	1936.0081342058704
8803242.5	49.644246290173555	76.06073115572364
9162558.5	63.25214852664507	286.99511190607245
9521874.5	218.87820470004118	525.0879574263815
9881190.5	534.0423025971568	3255.158389436158
1.02405065E7	741.6851768359884	3632.7701447768595
1.05998225E7	206.50760890135703	338.4282411189862
1.09591385E7	493.90648342962743	2499.971626408915
1.13184545E7	28.967599550256597	89.88493953399598
1.16777705E7	95.72255340702891	240.06207632109053
1.20370865E7	242.40229491589577	561.2849133107064
1.23964025E7	700.785350499282	417.1756004817793
1.27557185E7	131.52749947121754	333.85222104981455
1.31150345E7	182.30886183749124	301.8483753666301
1.34743505E7	270.843268877534	1640.9359576370782
1.38336665E7	105.20877166616572	217.50332955742758
1.41929825E7	84.5306721660043	173.5869536624349
1.45522985E7	31.156642064366743	92.4800704263631
1.49116145E7	211.10965556780104	431.9125606843635
1.52709305E7	75.91319618386045	179.90670474914808
1.56302465E7	92.23854490198043	193.31247025671516
1.59895625E7	7.3090149060993665	43.83741272614616
1.63488785E7	402.5833222010709	369.4534188908567
1.67081945E7	297.53255073528595	487.14564007039314
1.70675105E7	36.00449186788231	107.08545785147682
1.74268265E7	166.24662970755546	316.6423440301134
1.77861425E7	35.2791860089726	16.366140757444253
1.81454585E7	51.28905197653319	100.94157595142738
1.85047745E7	268.68355709180776	1798.8045018907228
1.88640905E7	304.0483919446949	1444.9036111842659
1.92234065E7	181.80041245032228	331.6774756082619
1.95827225E7	311.29622115352504	447.0880082607316
1.99420385E7	110.29935766845897	325.69245485752424
2.03013545E7	114.8503044673769	330.6489479801276
2.06606705E7	244.69903093655725	291.43147033938095
2.10199865E7	369.5160610715916	351.61835483605506
2.13793025E7	286.5066765743802	407.54749212857513
2.17386185E7	578.2493125827962	2724.706713351032
2.20979345E7	188.62541328524196	2360.752663594606
2.24572505E7	272.46503078070555	2647.781089183307
2.28165665E7	98.97884035222478	111.405029835832
2.31758825E7	61.59073907090138	182.1121504303255
2.34346265E7	44.659263333586225	304.99505210894813
2.36142845E7	1.6720458974664916	2.2591187018376355
2.38945145E7	16.553337452270426	40.1815811062307
2.42538305E7	30.742961627091475	80.91927631609157
2.46131465E7	220.14886061294237	115.48705845363592
2.49724625E7	120.35727326364537	206.69567234665797
2.53317785E7	75.42059078916608	459.8189147131738
2.56910945E7	47.23017622371395	22.162450925810848
2.60504105E7	109.11927940865422	16.19010480832986
2.64097265E7	158.53025748922954	104.2247454693811
2.67690425E7	18.608083135735676	24.54682089330749
2.71283585E7	52.02878803059146	90.45326444335073
2.74876745E7	200.58415433768604	113.72623496629737
2.78469905E7	614.8558288525977	259.3289895360966
2.82063065E7	354.8499732825702	2184.0958572007894
2.85656225E7	105.48562546616348	183.19979743129832
2.89249385E7	197.1085618230193	318.7047839157165
2.92842545E7	167.4724114706832	315.35217537632064
2.96435705E7	304.97701466118957	1110.4079363183587
3.00028865E7	240.75448630175111	632.193813359639
3.03622025E7	437.64449954914335	529.065687823013
3.07215185E7	55.42413919780917	105.62489363331994
3.10808345E7	331.7234467710873	411.5785267095167
3.14401505E7	306.668904251411	622.7378826329002
3.17994665E7	124.91548942991685	246.46502970013435
3.21587825E7	121.54477117634617	264.5833566887312
3.25180985E7	284.06384630798516	571.9575408121764
3.28774145E7	153.3856967126429	348.9413946586794
3.32367305E7	342.81197887096596	1973.9405004358205
3.35960465E7	484.2058049182335	862.3107797874676
3.39553625E7	469.45158857384587	306.1311940967257
3.43146785E7	164.76483930579212	363.3426448319309
3.46739945E7	106.76420754990036	176.60982864461212
3.50333105E7	256.1378619376816	387.1583628036032
3.53926265E7	808.1599539124336	5961.350608123762
3.57519425E7	1155.5556947088357	2404.239828164398
3.61112585E7	310.8549911498514	656.5215173800974
3.64705745E7	204.81785670551827	1197.9170545731915
3.68298905E7	208.44512072938582	268.86368485321947
3.71892065E7	131.95886072426498	341.8733246847825
3.75485225E7	667.5119755312872	1000.1649244503141
3.79078385E7	588.0937058188335	3780.0621363025484
3.82671545E7	129.09440436829976	388.17857611312235
3.86264705E7	111.77024680225762	150.87698780765206
3.89857865E7	104.02822028520856	221.49617533122245
3.93451025E7	198.7738870520656	308.2553567464382
3.97044185E7	512.2669627848468	590.0072304591887
4.00637345E7	343.5527585746251	3350.1926400304515
4.04230505E7	196.42061305369091	801.7332090153384
4.07823665E7	624.5612218771221	2062.7964441480035
4.11416825E7	474.16862316178515	2050.3995111564777
4.15009985E7	663.7766534192745	2673.819819777288
4.18603145E7	225.09240056106603	412.7398493648725
4.22196305E7	358.73835008738826	568.713407315455
4.25789465E7	156.62067372452103	180.21245718851873
4.29382625E7	901.7269617829431	2452.6404875857547
4.32975785E7	54.83192788520411	118.9254569138758
4.36568945E7	161.51925324783755	2045.511633635569
4.40162105E7	256.7659497489675	278.0044247637914
4.43755265E7	85.74947678366675	274.7820198173038
4.47348425E7	331.6516381124136	951.7805847266253
4.50941585E7	723.2784011844727	961.4548864873502
4.54534745E7	71.49250520433267	121.1374515214271
4.58127905E7	206.39676496454373	294.84871533369454
4.61721065E7	604.8515874606196	2691.0083300489164
4.65314225E7	353.9666922708702	2218.9591724665306
4.68907385E7	358.10011521891596	1243.952687453741
4.72500545E7	343.48877033029424	953.2836783552275
4.76093705E7	869.624489307462	2956.312702157391
4.79686865E7	276.9764775295283	642.6989600029212
4.83280025E7	495.5150814324995	3706.8738151440725
4.86541545E7	120.4132455936762	118.03751415680244
4.88338125E7	2.0615275600048246	2.25313876675527
4.90466345E7	275.67169566621027	410.20912367691284
4.94059505E7	174.3845528726803	177.3118253062879
4.97652665E7	171.1068335392802	347.62052341741
5.01245825E7	226.5667239978181	363.92064371036645
5.04838985E7	457.63103786082445	2038.6971652333418
5.08432145E7	108.6678606018101	239.37474736545167
5.12025305E7	188.0046004074408	228.37301613440366
5.15618465E7	334.3344938716895	2555.5159856152723
5.19211625E7	654.6674153113137	2420.4579529727444
5.22804785E7	334.8245471952265	272.3820145846972
5.26397945E7	198.32860490487482	445.4022627860477
5.29991105E7	376.717148693629	450.72053097412953
5.33584265E7	116.7271426822073	240.3711881869576
5.37177425E7	26.34994545191419	85.16107886100471
5.40770585E7	291.8669388504826	539.0462432595974
5.44363745E7	302.977053624108	553.4432484621957
5.47956905E7	66.0523912099656	170.91558403375683
5.51550065E7	84.79984748800499	228.88802644765795
5.55143225E7	105.46413741664719	294.265811174638
5.58736385E7	240.6962367386924	1523.2620887702576
5.62329545E7	242.63169744737223	467.31353349042683
5.65922705E7	115.3126161929889	158.15802594452396
5.69515865E7	347.4357250999121	496.9047974079641
5.73109025E7	376.11762070155515	1904.9839807063818
5.76702185E7	145.51305536074096	437.3379790353101
5.80295345E7	496.8719678500262	1329.2489916931702
5.83888505E7	757.4672488839907	3025.7259638754435
5.87481665E7	156.99498491578444	290.88573036867535
5.91074825E7	54.30114717964132	88.17217032014649
5.94667985E7	517.3401156642065	11063.921865543687
5.98261145E7	235.92810506629263	551.5990757627154
6.01854305E7	153.8763762259404	154.50679631287977
6.05447465E7	342.1443019514856	2075.214251333283
6.09040625E7	236.96889645882732	502.15793284037846
6.12633785E7	156.36504079974173	281.26405420807004
6.16226945E7	135.74467042937135	212.9075858653324
6.19820105E7	496.23248060203275	2728.0627574829623
6.23413265E7	79.26647853143194	147.25131223793485
6.27006425E7	202.45044751694886	498.5829993367417
6.30599585E7	65.5591707577731	90.1235788680697
6.34192745E7	150.2472586803816	409.0279999000895
6.37785905E7	262.97547005978026	647.2573500587096
6.41379065E7	40.91530296452148	151.08082895648823
6.44972225E7	192.25337585857574	349.53569262223164
6.48565385E7	226.09817542219105	287.4609671494646
6.52158545E7	229.05197653319084	459.7094161477011
6.55751705E7	373.85427033586035	486.12502771669193
6.59344865E7	183.38552972870676	222.41723432842755
6.62938025E7	248.00209008226742	475.5018836722272
6.66531185E7	81.87049839138808	229.56621426413722
6.70124345E7	30.952980106647075	93.12985328125002
6.73717505E7	114.51177236749825	365.82111540918686
6.77310665E7	287.9047968918723	2095.2568616868175
6.80903825E7	70.18620935332687	181.87832745013677
6.84496985E7	164.5571947811954	320.5872791466235
6.88090145E7	314.08906366540873	464.7952889740406
6.91683305E7	325.7753787752285	509.08261282474643
6.95276465E7	115.22717886206014	191.13023702565388
6.98869625E7	104.91540593794878	219.1852442263292
7.02462785E7	242.99188736376894	438.23429475318244
7.06055945E7	252.65375880840264	540.5206554049449
7.09649105E7	264.03456289171646	2462.7330432683057
7.13242265E7	16.15597134555656	19.503647116171287
7.16835425E7	213.48990582106	545.5067972063687
7.20428585E7	501.85673891504973	3633.883759522831
7.24021745E7	1023.6410123679435	254.1845680008103
7.27614905E7	162.82621703458793	332.90598198834624
7.31208065E7	16.7888348974162	29.75361780038936
7.34801225E7	35.91745705729775	79.01365727758862
7.38394385E7	65.79625455031226	346.153778752082
7.41987545E7	42.359380044306405	22.32516557760909
7.45580705E7	241.96001569649	37.93264640538352
7.49173865E7	128.0476989613599	26.15151284719654
7.52767025E7	12.884252301595254	9.940123426009276
7.56360185E7	17.588868850816553	2.8474700909406017
7.59953345E7	746.3454201872446	2338.9203255644757
7.63546505E7	295.4590277082011	55.11109692084132
7.67139665E7	166.43027864052812	188.52360365045374
7.690225E7	1.2261897860993565	1.442259095272335
7.7081908E7	1.7801499714966453	32.73585117621506
7.74325985E7	24.63640917743713	5.758845945763423
7.77919145E7	23.98105567244431	133.67242557287864
7.81512305E7	2.187122198844471	1.8469413571163276
7.85105465E7	2.240749089937548	25.204152354015054
7.88698625E7	7.391833372296252	13.321684037027161
7.92291785E7	22.589264046132094	36.99419549899471
7.95884945E7	25.335954981130815	110.23919997427188
7.99478105E7	38.95252925001948	73.45525598485393
8.03071265E7	440.5191113114918	114.0651219552517
8.06664425E7	370.4576862705808	365.5403400762911
8.10257585E7	68.98399458972047	129.76046955351774
8.13850745E7	306.89549032049786	820.9039055499002
8.17443905E7	210.67183203642477	406.0139049378796
8.21037065E7	300.0610103641363	344.6609764926912
8.24630225E7	664.3261057119638	2358.8017389457505
8.28223385E7	260.68912043994703	603.2864500267069
8.31816545E7	137.48900689087043	216.1362272529636
8.35409705E7	53.086211023166236	245.3710279005594
8.39002865E7	358.85367754288706	2238.016563634059
8.42596025E7	56.11494617551125	108.69768896793896
8.46189185E7	43.10492992240813	177.67858263079972
8.49782345E7	214.84287924834965	255.157968209558
8.53375505E7	137.72395050596134	516.5708252816839
8.56968665E7	326.6794492869786	541.0246867179202
8.60561825E7	356.4874929031827	488.01688408502383
8.64154985E7	423.2714824833851	1400.584370302249
8.67748145E7	446.1023472375291	2900.465279803355
8.71341305E7	262.2072882921996	456.8503406139326
8.74934465E7	37.02373120039186	123.52535462916107
8.78527625E7	145.89399859733493	374.74586713314585
8.82120785E7	619.9364375647062	3449.884296328368
8.85713945E7	1188.0108483897181	958.8462827180722
8.89307105E7	327.13900299457856	260.13026110262456
8.92900265E7	445.2048308452727	705.2591231689166
8.96493425E7	124.13604459584322	325.26982603103176
9.00086585E7	361.154638257133	452.80927844639035
9.03679745E7	146.53890169099066	535.0784195978027
9.07272905E7	487.00442229124224	710.6333760121045
9.10866065E7	227.55952977323582	490.4668480093266
9.14459225E7	130.49980518540784	822.25959777134
9.18052385E7	331.1205457035033	1490.98139380055
9.21645545E7	847.1179630186243	2491.4054695795226
9.25238705E7	57.86292288681829	310.4681744709368
9.28831865E7	312.2555049037616	1846.8773455768899
9.32425025E7	256.9228228077792	360.8382580107968
9.36018185E7	182.44806521279318	338.7651191676413
9.39611345E7	163.34084204432867	306.75293854369346
9.43204505E7	81.12272484387002	194.95215671551523
9.46797665E7	91.23028198020684	153.14679398017648
9.50390825E7	877.5887630943237	1587.30364632141
9.53983985E7	178.3546905787663	201.50997582090525
9.57577145E7	103.12423883155773	174.39708691856356
9.61170305E7	177.23197686715872	436.55685728881036
9.64763465E7	116.67709481347894	245.67163801362662
9.68356625E7	185.69373476271582	211.65958623870003
9.71949785E7	42.9625482861882	70.75350887192214
9.75542945E7	327.4312777610794	1424.7556570774825
9.79136105E7	457.94214841532244	1369.4789654550573
9.82729265E7	207.64967605116388	283.35264110167464
9.86322425E7	117.59086152578789	117.27933751681323
9.89915585E7	170.76789511182358	274.1718929805816
9.93508745E7	338.5460346881297	604.5162637564755
9.97101905E7	140.3790312705251	177.49819935526156
1.000695065E8	156.27697347181868	189.2079163965821
1.004288225E8	219.08286299524653	2306.068856145544
1.007881385E8	427.49392735085553	722.3732032598349
1.011474545E8	340.41269244898643	309.67869921175253
1.015067705E8	180.42123367732023	233.20075379639644
1.018660865E8	256.0944488973494	559.2025013611137
1.022254025E8	398.8164345589954	2012.4987739150624
1.025847185E8	240.79050195371207	2348.3255316424425
1.029440345E8	112.0628444043683	434.06754513900324
1.033033505E8	128.75697157933408	169.13533268396253
1.036626665E8	227.68391332420487	622.2665476392569
1.040219825E8	192.1069476449699	270.87514279646416
1.043812985E8	117.02528971712921	299.22662089741686
1.047406145E8	332.30498224404147	2014.008590059449
1.050999305E8	43.69892518006434	131.56963715382204
1.054592465E8	108.61275033675093	287.13702563361517
1.058185625E8	155.3682301929221	138.25102828858925
1.061778785E8	306.5966169054537	1708.1698987534526
1.065371945E8	193.84964488082912	452.84196182797797
1.068965105E8	763.5021401774483	3454.574006775377
1.072558265E8	429.9276625588618	2389.837759955296
1.076151425E8	161.0956929276737	290.48492645377513
1.079744585E8	347.1873030981086	1121.748733733278
1.083337745E8	315.6251294125505	1720.148290336614
1.086930905E8	493.5194174487081	1025.327437908076
1.089314775E8	405.0610260688927	733.9811686838866
1.091111355E8	441.0008930860257	3074.874075266935
1.094117225E8	299.11599539124336	308.5138514260334
1.097710385E8	234.54793273887051	300.4177010747861
1.101303545E8	342.9044406594752	859.413660762332
1.10324175E8	78.57030891438659	124.4543379082609
1.10503833E8	111.98824439335209	105.19389118468848
1.108489865E8	232.02179975286379	1667.7377171850962
1.112083025E8	161.57071213082634	420.609063545838
1.115676185E8	127.52419875541307	148.84355651294254
1.119269345E8	256.9295940063899	2561.239831930927
1.122862505E8	231.1156001959278	283.0931619332918
1.126455665E8	140.8704093332888	202.87157238440213
1.130048825E8	273.4698315688697	248.4171614212035
1.133641985E8	45.61310935221365	71.09814604000474
1.137235145E8	119.40634149328167	266.4449926758882
1.140828305E8	189.95042246935844	284.22620437442424
1.144421465E8	401.5779119215398	670.7919475088971
1.148014625E8	101.56067639626401	135.82878856922602
1.151607785E8	495.824452570996	860.8074712277173
1.155200945E8	134.76416858698192	315.2397382739468
1.158794105E8	204.59004608756638	1630.8243473218993
1.162387265E8	355.75258825101025	1890.0245862942047
1.165980425E8	262.1277621926104	506.55321178737677
1.169573585E8	580.3258441037972	2614.4588692230896
1.173166745E8	111.325824622338	142.91455459880237
1.176759905E8	57.556142782397664	128.22086387160974
1.180353065E8	33.653881263289136	87.43738427169055
1.183946225E8	486.29989758318584	2214.046384835187
1.187539385E8	247.38817920716028	275.8011261138344
1.191132545E8	277.3428402854312	306.6593810165367
1.194725705E8	419.6958498925737	942.281142253432
1.198318865E8	189.23949949348207	2034.948518442676
1.201912025E8	51.94589442162331	194.83471360994676
1.205505185E8	175.22779948568947	199.82884566277588
1.209098345E8	140.26567422547285	223.60103432866856
1.212691505E8	303.5222867893442	619.6933788947354
1.216284665E8	241.78025748922954	582.4336002443789
1.219877825E8	243.52441583453006	343.3173829571688
1.223470985E8	99.73421723496867	220.20927277434433
1.227064145E8	36.85416457936746	61.29979086020835
1.230657305E8	223.0483418495141	174.24769002227052
1.234250465E8	103.11297298199914	289.128045120675
1.237843625E8	330.4449787930401	1558.4202661139393
1.241436785E8	367.03486624586714	727.8656342040889
1.245029945E8	105.60728996203899	219.2782519363381
1.248623105E8	55.24647942201294	83.654356101055
1.252216265E8	147.32334769395183	90.06263622019098
1.255809425E8	144.91688931191487	1479.243364785851
1.259402585E8	265.62015607431897	483.0119576995654
1.262995745E8	279.0826180854735	446.7985389011258
1.266588905E8	363.57471139609703	797.8099169076781
1.270182065E8	252.08484453795546	1281.3806603635908
1.273775225E8	399.62450322278994	1298.9782488265241
1.277368385E8	82.61788787585301	217.47274040982833
1.280961545E8	204.3937035923811	228.68388264051563
1.284554705E8	63.6152300482027	133.5042735008197
1.288147865E8	133.06734740451301	305.60321939726794
1.291741025E8	171.2022231128032	297.1920071498569
1.295334185E8	98.10747364436874	192.29060409727427
1.298927345E8	434.7843291142059	1933.797229012051
1.302520505E8	119.81444188402409	333.3732114542318
1.306113665E8	110.83871856527402	213.88097119250284
1.309706825E8	25.658428792483498	45.71606079982225
1.313299985E8	97.94949292544725	208.1542332383309
1.316893145E8	205.08357824310636	262.60823838529257
1.320486305E8	43.45038072337441	143.0005114019865
1.324079465E8	8.619318371572655	6.771123349318206
1.327672625E8	65.76129089714902	141.78248770655173
1.331265785E8	17.076253214440772	34.24609534968681
1.334858945E8	23.615271794186732	75.92234331712639
1.337730805E8	2.028271705974258	7.5353132269446865
1.339527385E8	3.8657701372521838	32.50918787893508
1.342045265E8	17.95600808202251	45.175632536866985
1.345638425E8	57.31842166783555	315.66397042002063
1.349231585E8	567.1291815560677	112.430133377549
1.352824745E8	68.43766767970254	54.44185995738644
1.356417905E8	46.23926293290585	102.56660178928969
1.360011065E8	49.511519108528425	33.01852196496189
1.363604225E8	47.304915450467	70.52199034832088
1.367197385E8	65.45962885037126	76.38491674783445
1.370790545E8	109.00738068997762	664.8145286145196
1.374033365E8	25.472314415311427	86.78274248003083
1.375577225E8	48248.418664208155	173586.97244373933
1.375927565E8	8.25977366255144	30.804446055769056
1.376371405E8	12.217062578484722	26.33298638663131
1.37699935E8	1.9730326789904424	8.277609759309716
1.37786751E8	2.7921685001217154	21.92360254064836
1.37868371E8	6.21469866056929	27.39241868389357
1.37942101E8	2.7897768382822363	14.627777730736188
1.37980213E8	7.200627505664982	16.116676290808712
1.38019627E8	0.637616122368007	2.874150910579809
1.38089538E8	1.5890515652395438	6.514614355953884
1.38156123E8	20.182377820256175	103.36182157806712
1.382206275E8	1.1542432475627298	4.142724993188241
1.38280805E8	1.147996885004759	8.000108158825833
1.38323179E8	0.02225271668582873	0.18127284676073366
1.383484915E8	0.012678556335051981	0.11259909562270908
1.38384028E8	2.2636097108266013	7.331312202983883
1.384312265E8	0.28316945473119653	0.8017401157560012
1.384772795E8	2.4476063829787233	2.8274435550046952
1.38522045E8	5.170138028866722	10.158395184625723
1.385663025E8	18.045370034463993	101.95990927784108
1.38610046E8	2.1969435032155453	1.2031986045364127
1.38651258E8	2.2954330063266823	2.224687137052065
1.386833775E8	1.9084451146916421	8.858163516093358
1.387019305E8	1.113789049378569	2.2489313701605718
1.38726341E8	0.0	0.0
1.387630385E8	1.7635546296803903	4.522858874477852
1.3879854E8	457.3399380087483	825.8278428841415
1.3883298E8	0.6431793707616636	1.9014777019549172
1.388668195E8	0.0	0.0
1.389001375E8	12.736763116820747	5.320894868303993
1.389325255E8	20.62984742530197	146.51411443239334
1.38963047E8	0.42761045194875436	0.5362812757626328
1.38991991E8	0.29394099982335276	1.2405872414959724
1.390198715E8	0.1399694055944056	1.1765884714867094
1.39044446E8	2.6904531415664037	13.18355462577811
1.390581695E8	0.0910670837678137	0.5709939257648374
1.39074104E8	0.15745739996170782	0.7915889448632508
1.391000815E8	1.3973684210526316	3.169453176264402
1.39125904E8	2.8058515791513274	3.109959250756825
1.391516555E8	0.7849638104132617	1.9105309248119016
1.391772845E8	19.699374021909232	151.30422138861707
1.39202833E8	0.8901202177233034	2.4082896478781177
1.39227853E8	0.0	0.0
1.392522945E8	7.309762100082034	13.031464730054887
1.392761035E8	0.0	0.0
1.392991635E8	0.0	0.0
1.393219065E8	0.23836489116970447	0.9735485864172491
1.39344169E8	10.900141416906163	57.19536993220249
1.393656665E8	0.0	0.0
1.39386585E8	11.979434571112074	24.18459767549822
1.394057875E8	0.03128896950459131	0.2501558294527286
1.394157655E8	0.0	0.0
1.39426072E8	0.2575550576534237	0.9764705456324764
1.394433E8	0.018567803428854366	0.14029209398460638
1.394591395E8	0.09663703131039815	0.5241248588568298
1.39474609E8	0.0	0.0
1.394898515E8	0.19046986992301565	1.5605213779581835
1.39504877E8	1.520189548154575	5.3463502743544815
1.39519712E8	0.24293592973377817	1.1333142419927922
1.39534307E8	0.0	0.0
1.39548658E8	0.3498837946334249	1.2632842254608383
1.395628065E8	0.32671300893743793	0.841242553551304
1.395768695E8	0.0640861134873111	0.3167008070681298
1.395908865E8	0.0	0.0
1.396048595E8	0.0	0.0
1.39618797E8	0.04133476856835307	0.25357154588814723
1.396327175E8	0.2919603049043578	1.0371705306369565
1.39646447E8	0.022135320593226593	0.14877943605628632
1.39659998E8	6.651265776072035	39.40643443729577
1.39673523E8	0.0	0.0
1.39687001E8	0.2648829431438127	0.7380913849957738
1.39700456E8	0.022296544035674472	0.1689366045759868
1.397138915E8	0.0	0.0
1.397272965E8	0.0	0.0
1.39740652E8	0.15754299016294962	1.0627245620484673
1.397539385E8	0.0	0.0
1.397671835E8	0.0	0.0
1.397738625E8	0.0	0.0
1.39780441E8	0.9015575845929563	2.343301336247462
1.397935115E8	0.045773573390296	0.21394759496263566
1.39806605E8	0.022937533450569616	0.18507669568636662
1.398195725E8	4.502800248911014	8.850940134076188
1.398324245E8	0.0	0.0
1.39845262E8	0.14976222031651984	0.9196706085451029
1.398580325E8	0.06638351423627498	0.338755646095416
1.3987073E8	0.021212838104250453	0.14564627734429209
1.398833975E8	0.02370791844476055	0.19917642982432934
1.398960405E8	2.6375079164027864	3.3455115829633004
1.399086725E8	0.0	0.0
1.399212565E8	0.1667996171027441	0.8333067428218847
1.39933781E8	108.28306561176376	203.9574337449581
1.39946267E8	0.13082911951199935	0.6747245590582546
1.399587085E8	0.2656149388280747	1.0207915820382127
1.399711325E8	0.0	0.0
1.39983544E8	0.09678199854827002	0.5046760936609381
1.399959275E8	5.501778783958603	15.045099837069007
1.400082885E8	0.26485348874858344	0.9674565389554647
1.40020559E8	0.0	0.0
1.400327265E8	0.0	0.0
1.400448715E8	0.0	0.0
1.4005699E8	0.0	0.0
1.400690545E8	0.0	0.0
1.40081085E8	0.07483162883512098	0.4531790463219548
1.400930995E8	0.1671388101983003	0.6979150992437222
1.40105101E8	0.009832513957170236	0.09915903366395941
1.40117094E8	0.2001668752607426	0.9481774450232034
1.401281635E8	0.0	0.0
1.40134155E8	0.0	0.0
1.401410485E8	4.21935106205051	20.72083860998682
1.40153003E8	0.15061501129612584	0.6166191924652055
1.40164882E8	0.0	0.0
1.40176667E8	0.21389101419705858	1.1594028252346629
1.4018842E8	135.12058247466575	367.52613213845024
1.40200076E8	0.7770766704123088	2.6259277571371173
1.402116215E8	0.0	0.0
1.402231315E8	0.052530874934771266	0.349066294258614
1.402345955E8	0.0731408573928259	0.3576436933228074
1.402459205E8	0.2605169340463458	1.0392047556012103
1.402571045E8	0.0	0.0
1.402682415E8	0.0	0.0
1.4027885E8	16.4565454365276	39.60839673182747
1.40288828E8	0.2015205271160669	0.7390354119331709
1.402984445E8	0.0	0.0
1.40307799E8	0.0	0.0
1.403166425E8	0.20740474478792237	0.8572298633280087
1.40324819E8	0.0	0.0
1.403326835E8	0.06267806267806268	0.2941191705858129
1.403402015E8	0.0	0.0
1.4034742E8	0.0	0.0
1.40354483E8	0.04283878337855205	0.2076640923889886
1.403614525E8	4.992070357554787	7.287037993727629
1.403683705E8	6.383768115942029	6.554752673342882
1.403752505E8	1.529591836734694	3.524197901009682
1.403821105E8	0.0	0.0
1.40388953E8	0.8613919413919414	2.0166704507578097
1.403957145E8	0.0	0.0
1.404023365E8	0.64008554842652	1.3822562885717173
1.404088075E8	0.0	0.0
1.404151525E8	0.5149348585954878	1.7927669525188854
1.40421418E8	0.481000481000481	1.3885858255207928
1.40427633E8	7.733085741966737	9.133613568516527
1.404337675E8	0.6858130348913759	2.145658690916735
1.404398365E8	0.0	0.0
1.40445888E8	2.866081774540639	9.109443266725858
1.404519085E8	0.0	0.0
1.404579005E8	0.6016042780748663	1.713913650100261
1.404638765E8	1.8155160857908847	6.303351378901396
1.404698365E8	0.8743279569892473	3.0705470862050217
1.4047577E8	0.3540152155536771	0.9065367947692464
1.40481673E8	30.061110168052963	128.81366495209568
1.404875345E8	0.0	0.0
1.404915035E8	0.0	0.0
1.404943895E8	0.0	0.0
1.404990715E8	0.0	0.0
1.405047025E8	421.3957584471603	584.2708365955347
1.40510262E8	0.0	0.0
1.405157995E8	1.7626811594202898	2.9975231321102815
1.40521292E8	1.7161939615736506	3.464973077290716
1.40526756E8	47.256086399414244	97.52500254385455
1.40532181E8	0.0	0.0
1.40537566E8	20.350548021549322	21.84134183753322
1.405429375E8	0.055970149253731345	0.25037285628474004
1.405482795E8	0.0	0.0
1.40553603E8	0.04151794101070825	0.21628252965039607
1.405589225E8	0.16930022573363432	0.6525979799241286
1.40564221E8	0.0	0.0
1.405694775E8	0.28631498470948014	0.7030405785200962
1.40574688E8	0.0	0.0
1.405798735E8	0.4052489386337321	0.8406408024258657
1.405850135E8	0.11730090231463319	0.5503306898434808
1.40590093E8	0.0	0.0
1.405951535E8	0.0	0.0
1.40600212E8	0.0	0.0
1.406052535E8	0.0	0.0
1.406102665E8	1.3798	4.620757513655094
1.406152645E8	0.05804643714971978	0.24051252986407443
1.406202595E8	0.1802162595114137	0.5695518124986916
1.406252495E8	0.0	0.0
1.40630226E8	0.0	0.0
1.40635179E8	0.0	0.0
1.40640115E8	0.0	0.0
1.4064504E8	0.0	0.0
1.4064995E8	55.41790740363043	62.145352766618494
1.406548455E8	0.0	0.0
1.40659729E8	2.1539249846279978	4.9689134054052575
1.40664601E8	0.2460431654676259	0.9627171209040634
1.406694435E8	0.0	0.0
1.40674261E8	0.0	0.0
1.40679061E8	1.1289446185997911	2.586921531358149
1.40683806E8	0.0	0.0
1.40688509E8	0.0	0.0
1.406931635E8	0.0	0.0
1.40697758E8	0.0	0.0
1.40702335E8	0.0	0.0
1.40706898E8	0.0	0.0
1.40711432E8	0.0	0.0
1.40715925E8	1.9235070454037129	2.575194368284498
1.40720393E8	0.40313549832026874	1.0976917653176308
1.407248515E8	0.0	0.0
1.407292955E8	0.0	0.0
1.407337135E8	0.0	0.0
1.40738111E8	0.0	0.0
1.40742499E8	0.0	0.0
1.407468785E8	0.0	0.0
1.40751256E8	0.12679917751884853	0.5753682850732467
1.407556295E8	0.0	0.0
1.40759995E8	0.5480394404952993	1.5577251624482333
1.407643435E8	0.0	0.0
1.407686665E8	4.729002320185615	6.6869336176229925
1.407729765E8	3.0649651972157774	11.06194328891385
1.40777284E8	0.0	0.0
1.40781584E8	157.2405122235157	299.5123945769835
1.40785876E8	28.059687572860806	62.69821355307152
1.40790157E8	0.0	0.0
1.407944295E8	0.48735955056179775	1.1665997840646873
1.407986935E8	0.0	0.0
1.40802937E8	0.07090522335145355	0.31506715584464684
1.40807165E8	0.07100591715976332	0.3270814096226046
1.408113885E8	0.0	0.0
1.408156105E8	0.5371861676930365	1.0369762551144774
1.408198225E8	7.209900047596383	18.797842342284095
1.40824022E8	0.5785084584226828	1.410839956512624
1.408282145E8	1.340735434574976	3.5315808127875656
1.408324E8	0.07171886206072196	0.26780377529213806
1.408365825E8	0.0	0.0
1.40840755E8	0.0	0.0
1.408449115E8	0.2	0.7674084066848644
1.40849054E8	0.0	0.0
1.40851497E8	0.0	0.0
1.408535395E8	0.0	0.0
1.40857247E8	0.0	0.0
1.408613235E8	0.14734774066797643	0.40198427282570914
1.40865389E8	7.68120226656812	18.35576803763039
1.408694335E8	0.0	0.0
1.40873455E8	0.07525541988537254	0.30034451519816163
1.408774675E8	0.0	0.0
1.408814765E8	0.07488766849725412	0.31913512679782774
1.40885475E8	0.7516913054372337	1.470498324369818
1.408894625E8	0.15060240963855423	0.41070025419420025
1.408934395E8	0.3778337531486146	1.0344202187297369
1.408974065E8	0.44475277497477295	0.9748347165138745
1.409013685E8	2.855050505050505	5.248183909071246
1.409053235E8	59.51012658227848	104.23448128430243
1.40909269E8	0.0	0.0
1.409132055E8	0.1525940996948118	0.5776438620228342
1.409171345E8	0.0695364238410596	0.26369759923264297
1.409210595E8	0.5746687054026504	0.9579593074126436
1.40924982E8	0.0	0.0
1.40928899E8	0.0	0.0
1.40932812E8	0.0	0.0
1.409367215E8	0.5181771633384537	0.8924499839690339
1.4094061E8	0.07749935417204856	0.2783870581978418
1.409444775E8	1.901656314699793	4.186639500907501
1.409483385E8	71.97019180922759	61.64447220848034
1.409521765E8	0.0	0.0
1.40955989E8	6.067769897557132	17.468332261372172
1.409597955E8	0.0	0.0
1.409636015E8	0.15212821860220704	0.40197881529422597
1.40967392E8	0.0	0.0
1.40971157E8	0.5587217043941411	1.0300414325952376
1.40974907E8	0.0	0.0
1.40978648E8	0.0	0.0
1.409823815E8	0.16085790884718498	0.6328792878815759
1.40986105E8	0.3228410008071025	1.2766397243314924
1.409898215E8	0.5651237890204521	1.5702083809247651
1.40993536E8	0.0	0.0
1.409972465E8	0.0	0.0
1.41000941E8	0.0	0.0
1.410046115E8	1.2256830601092896	2.7701571240280356
1.410082665E8	0.16383561643835617	0.4684571002712207
1.41011916E8	0.0797478761304467	0.28239666451721185
1.410155645E8	0.0	0.0
1.410192115E8	0.16456390565002743	0.4856695702138502
1.410228535E8	0.6061022539857064	2.20094187444589
1.410264835E8	0.08282716731087797	0.38540461860773606
1.410301055E8	0.0	0.0
1.41033718E8	0.33305578684429643	0.8846926579802143
1.41037321E8	0.08326394671107411	0.34304476581293497
1.410409235E8	0.0	0.0
1.41044521E8	0.0	0.0
1.410481085E8	0.0	0.0
1.410516865E8	0.0	0.0
1.41055252E8	0.1686814731515322	0.5808295329122516
1.410588075E8	13.069780528981429	12.447266369268778
1.41062361E8	0.08443568815085843	0.3574623636155734
1.41065914E8	0.0	0.0
1.41069467E8	2.880101322825781	4.8689264994995405
1.41073012E8	4.836301950805767	9.094686161149538
1.41076544E8	0.08505812305075135	0.29164725791742213
1.41080071E8	0.0	0.0
1.41083596E8	0.0	0.0
1.41087117E8	0.0	0.0
1.41090628E8	0.0	0.0
1.410941305E8	104.63677898343803	56.94533332949112
1.41097631E8	4.150900257216348	6.178075720287151
1.411011295E8	0.0	0.0
1.411046235E8	0.25787965616045844	0.5970318177484442
1.411081075E8	0.0	0.0
1.41111585E8	0.1719873454127121	0.5869837300458253
1.4111506E8	0.0	0.0
1.411185295E8	5.0037507212925565	6.760920084750532
1.41121994E8	0.0	0.0
1.411254545E8	12.54626951995373	12.044632152059556
1.411289005E8	0.262085032032615	1.0825023319960732
1.411323185E8	0.0	0.0
1.411357175E8	0.0	0.0
1.4113911E8	0.08852168781351431	0.36681462004197946
1.411424975E8	0.0	0.0
1.41145878E8	0.5188148148148148	1.1951754868823425
1.411492525E8	336.94457617071726	454.8596427534643
1.41152626E8	0.9543433145567743	3.3656061964631148
1.41155995E8	0.0	0.0
1.411593515E8	0.0	0.0
1.41162699E8	0.2151180161338512	0.5987737693735022
1.41166043E8	0.08979347500748279	0.3503109321401391
1.4116937E8	0.0	0.0
1.411726805E8	0.0	0.0
1.411759855E8	0.0	0.0
1.41179286E8	0.0	0.0
1.411825805E8	0.0	0.0
1.411858675E8	1.7366017052375153	5.223069085309397
1.41189148E8	0.0	0.0
1.41192424E8	0.366412213740458	1.0948874946560483
1.411956955E8	0.0	0.0
1.411989605E8	0.8828939301042306	2.7795566209733544
1.41202221E8	0.09205277692543726	0.41894386418449153
1.4120548E8	663.8361460570727	1005.7602930651391
1.412087365E8	0.0	0.0
1.41210776E8	0.0	0.0
1.41212402E8	0.0	0.0
1.412152325E8	0.0	0.0
1.41218463E8	0.09296560272699102	0.36925540032104265
1.41221688E8	0.4663357120695005	1.47541650487606
1.412249085E8	9.05003107520199	23.00855084652613
1.41228124E8	6.202303143479614	6.789691202795485
1.41231335E8	0.0	0.0
1.412345425E8	0.0	0.0
1.41237746E8	0.0	0.0
1.41240947E8	0.4023742580443611	0.6048331838252345
1.41244146E8	0.0	0.0
1.412473425E8	0.8144555694618273	2.0039853908670366
1.41250538E8	311.30485133020346	146.63982255405742
1.412537305E8	140.75924764890283	276.70402348795017
1.412569125E8	0.0	0.0
1.41260086E8	0.0	0.0
1.41263258E8	0.3654998423210344	0.9126117994177236
1.412664245E8	0.0	0.0
1.41269585E8	0.0	0.0
1.41272743E8	0.0	0.0
1.412758995E8	0.0	0.0
1.412790545E8	3.9254914394419784	4.232577403602786
1.412822035E8	0.0	0.0
1.4128534E8	67.37551933525089	119.20862011725019
1.41288466E8	0.0	0.0
1.41291589E8	0.0	0.0
1.412947105E8	0.0	0.0
1.412978215E8	2.4197292069632494	2.5308540924236094
1.413009225E8	0.0	0.0
1.413040225E8	0.5812903225806452	1.5460668098905561
1.41307117E8	0.0	0.0
1.41310204E8	3.0427876823338735	3.468076220937214
1.413132865E8	0.07207792207792207	0.33758115907295383
1.413163665E8	0.22077922077922077	1.4158197111728084
1.41319445E8	4.287617809554761	9.873772719447572
1.413225215E8	0.4739921976592978	1.4512001221535098
1.41325596E8	0.0	0.0
1.41328669E8	1.850634559062805	4.3310005652872015
1.41331738E8	0.0	0.0
1.413348E8	0.0	0.0
1.413378585E8	17.911052975801177	29.55109972733389
1.413409105E8	0.7777413000656599	1.9728957888920466
1.413439555E8	0.0	0.0
1.41346999E8	0.0	0.0
1.41350033E8	0.0	0.0
1.413530575E8	0.0	0.0
1.41356076E8	0.0	0.0
1.413590875E8	0.0	0.0
1.41362097E8	0.0	0.0
1.413651025E8	0.0	0.0
1.41368103E8	0.0	0.0
1.41371102E8	1.5545181727242414	4.914439666847045
1.413740995E8	0.5006675567423231	1.2754747277156802
1.41377093E8	0.0758943497158141	0.37517409310043587
1.413800805E8	3.0998659517426272	3.5155724042833643
1.413830635E8	0.7974513749161637	1.2795140761082262
1.413860455E8	0.30181086519114686	0.7214264132618409
1.41389022E8	0.2016156176371592	0.6394944991209259
1.413919895E8	0.0	0.0
1.4139495E8	0.0	0.0
1.413979065E8	0.0	0.0
1.41400857E8	0.0	0.0
1.41403801E8	0.0	0.0
1.41406741E8	0.6128702757916241	1.5903179990492788
1.41409678E8	0.0	0.0
1.414126105E8	0.0	0.0
1.41415538E8	17.980184489238127	34.49896637935105
1.414184645E8	0.0	0.0
1.414213895E8	0.10259917920656635	0.44919749083550525
1.414243125E8	69.49281314168378	46.810389078358995
1.414272345E8	7.705681040383299	17.150080369301808
1.41430155E8	0.0	0.0
1.414330725E8	0.0	0.0
1.414359875E8	1.9464653397391902	3.328502562233471
1.414389E8	2.1638612160769495	7.444954301749319
1.414418105E8	0.10309278350515463	0.32108064953396775
1.41444718E8	12.2447504302926	30.108998774932978
1.414476225E8	6.894628099173554	14.183590604083383
1.41450526E8	0.0	0.0
1.41453427E8	394.51259054846497	473.0030056926424
1.41456323E8	0.0	0.0
1.41459214E8	0.4153686396677051	1.1270917248906873
1.414621005E8	1.9757281553398058	3.7637864930948632
1.414649835E8	590.056557945871	858.991092351007
1.414678655E8	0.46495489243580845	1.0378004819755187
1.414707475E8	0.1040943789035392	0.3669178791617783
1.41473629E8	1.561263450190906	3.337178159780287
1.41476508E8	0.0	0.0
1.414793845E8	1.665855354659249	2.136916395859442
1.41482258E8	0.0794148380355277	0.28180638395098095
1.414851235E8	0.0	0.0
1.414879835E8	0.2097902097902098	0.5696275313531857
1.414908425E8	0.0	0.0
1.41493699E8	1.951663747810858	2.873576705485993
1.41496551E8	320.78975078975077	537.2660508601017
1.414993995E8	0.04073033707865169	0.28541316395237165
1.415022465E8	0.0	0.0
1.415050915E8	0.0	0.0
1.41507934E8	0.0	0.0
1.415107725E8	0.10648801128349789	0.35924226790869995
1.415136075E8	0.0	0.0
1.41516441E8	0.10589481115425343	0.3254148293398035
1.415192725E8	0.0	0.0
1.41522102E8	0.0	0.0
1.415249305E8	1.35007072135785	2.151444368624745
1.41527757E8	1.1614159292035398	2.413971134286436
1.41530581E8	0.0	0.0
1.415334035E8	0.0	0.0
1.415362255E8	0.0	0.0
1.415390465E8	0.0	0.0
1.41541866E8	0.42639233770840723	1.0607646816453589
1.41544683E8	12.02309058614565	16.378266151563135
1.415474975E8	0.0	0.0
1.4155031E8	0.0	0.0
1.415531175E8	0.21398002853067047	0.6541865613579516
1.41555919E8	1.6066452304394427	2.413786767609254
1.415587165E8	0.0	0.0
1.41561512E8	0.0	0.0
1.41564307E8	0.1073345259391771	0.40744414764798614
1.415671015E8	0.0	0.0
1.415695015E8	8.224327018943171	11.347234061104386
1.41570898E8	9.770012706480305	8.462489172739268
1.41572688E8	0.0	0.0
1.4157548E8	0.0	0.0
1.415782705E8	1.7028673835125447	2.911293052948014
1.415810595E8	0.0	0.0
1.41583847E8	0.9687836383207751	3.0253088637107433
1.415866325E8	0.0	0.0
1.41589416E8	99.28710025152714	100.26821916412116
1.41592198E8	0.0	0.0
1.41594971E8	0.0	0.0
1.415977345E8	0.8175235336712527	1.679626178195423
1.41600491E8	0.0	0.0
1.416032415E8	0.0	0.0
1.41605989E8	0.7650273224043715	1.983171458701536
1.416087335E8	0.0	0.0
1.416114735E8	0.0	0.0
1.41614208E8	0.10976948408342481	0.33131478096128586
1.416169385E8	94.62206744868035	80.35390697762564
1.41619657E8	205.45847176079735	65.28371225665404
1.416223655E8	0.0	0.0
1.41625071E8	0.22160562338142803	0.5026750490699282
1.416277715E8	0.0	0.0
1.41630469E8	0.11123470522803114	0.333518672982535
1.416331645E8	314.62546399406085	514.5599708710984
1.41635856E8	0.0	0.0
1.416385445E8	1.2786458333333333	2.1302456263472127
1.416412325E8	0.0	0.0
1.416439195E8	4.876396128071482	7.741351189730391
1.41646598E8	3.086858854361662	3.793677374193589
1.416492685E8	0.0	0.0
1.41651938E8	2.202322967403522	2.2816813294196248
1.416546065E8	0.0	0.0
1.41657273E8	221.15234521575985	228.3167938391044
1.416599375E8	0.0	0.0
1.41662593E8	4.610502455610125	5.018966671042169
1.416652385E8	0.0	0.0
1.416678815E8	145.22482967448903	211.79706911568786
1.41670523E8	0.0	0.0
1.41673163E8	0.0	0.0
1.41675801E8	0.0	0.0
1.416784375E8	4.889984825493172	11.974302277074926
1.41681073E8	0.0	0.0
1.41683705E8	0.22784328642069226	0.5662634026284351
1.416863335E8	0.4509132420091324	1.000380445134555
1.416889605E8	0.0	0.0
1.416915825E8	0.11420932009167303	0.4141315800836887
1.416942E8	0.1146350783339702	0.42648289253290417
1.416968145E8	0.0	0.0
1.41699426E8	0.11489850631941785	0.3576595266948981
1.41702034E8	0.0	0.0
1.41704638E8	0.0	0.0
1.41707241E8	0.7733384556281214	1.64011374847977
1.41709838E8	0.0	0.0
1.417124275E8	1.1591962905718702	1.5983956407662034
1.417150135E8	0.0	0.0
1.41717597E8	0.0	0.0
1.41720177E8	0.0	0.0
1.41722754E8	0.0	0.0
1.417253305E8	0.7333074534161491	1.8899250699925474
1.41727906E8	0.3258252427184466	0.7302081097160902
1.41730481E8	0.0	0.0
1.41733056E8	0.0	0.0
1.417356305E8	1.5163170163170163	2.213980442937426
1.417382025E8	0.0	0.0
1.4174077E8	0.11695906432748537	0.43168828548903204
1.41743333E8	0.0	0.0
1.41745892E8	0.0	0.0
1.417484485E8	0.0	0.0
1.41751004E8	5.66692759295499	11.891864376798297
1.41753556E8	0.0	0.0
1.41756104E8	399.2952493129172	524.650260982157
1.41758648E8	0.1180637544273908	0.3436040663720248
1.41761189E8	0.1180637544273908	0.4264014327112209
1.417637275E8	0.0	0.0
1.4176626E8	0.0	0.0
1.41768789E8	0.0	0.0
1.417713145E8	0.0	0.0
1.41773836E8	8.785005950019833	20.772573303902565
1.41776357E8	0.0	0.0
1.417788775E8	0.0	0.0
1.417813975E8	1.6202380952380953	3.792170296222937
1.41783916E8	18.340087405641636	36.006841710710134
1.417864325E8	0.0	0.0
1.41788946E8	4.77937076861808	8.670870224034896
1.41791457E8	0.0	0.0
1.417939675E8	0.0	0.0
1.417964765E8	0.0	0.0
1.41798983E8	0.0	0.0
1.418014855E8	0.0	0.0
1.41803981E8	15.46366920915295	11.02764672867884
1.4180647E8	0.24125452352231605	0.5564260704295216
1.41808953E8	0.0	0.0
1.41811431E8	108.83084376261607	145.7342774107533
1.418139075E8	4.318255250403877	5.6185993919859785
1.41816383E8	0.0	0.0
1.41818857E8	0.0	0.0
1.418213285E8	0.0	0.0
1.418237955E8	0.3652597402597403	1.1107503021679688
1.41826259E8	2.3142509135200973	4.040798834044424
1.418287215E8	0.3655564581640942	1.1203022685998887
1.41831178E8	0.4789881680946552	0.9525674469149534
1.41833627E8	0.7355946056395587	1.4439536153624704
1.418360715E8	0.0	0.0
1.41838512E8	0.0	0.0
1.418409505E8	5.1205906480721906	5.591508856108603
1.418433885E8	0.0	0.0
1.418458265E8	19.901148482362593	29.798564913058627
1.41848263E8	0.0	0.0
1.418506975E8	0.0	0.0
1.418531305E8	0.0	0.0
1.41855562E8	0.0	0.0
1.41857992E8	0.6175380815150268	1.2890264277080457
1.418604205E8	2.5823723228995057	1.9511117094622386
1.41862847E8	0.0	0.0
1.41865272E8	0.0	0.0
1.41867695E8	0.12391573729863693	0.43304251035966884
1.41870116E8	0.9904997934737712	1.9664681814442857
1.418725365E8	0.0	0.0
1.41874956E8	0.0	0.0
1.41877374E8	0.0	0.0
1.41879789E8	0.0	0.0
1.418822015E8	0.0	0.0
1.418846075E8	0.0	0.0
1.418870045E8	0.0	0.0
1.418893965E8	4.2615062761506275	6.680390337604646
1.418917865E8	0.0	0.0
1.41894176E8	0.0	0.0
1.41896563E8	0.0	0.0
1.41898948E8	0.0	0.0
1.41901333E8	9.357232704402517	7.637598709419184
1.419037175E8	491.71644295302013	614.9679907231708
1.41906101E8	6.63617289131347	10.599052206654882
1.41908484E8	112.8652958455728	124.73975763109722
1.419108665E8	0.12594458438287154	0.43849218787170796
1.41913248E8	0.0	0.0
1.41915629E8	461.3166736665267	365.9392080522668
1.41918009E8	26.473308112652376	65.36714946108258
1.41920388E8	0.2362337116435477	0.5977398934685554
1.419227665E8	0.0	0.0
1.41925143E8	0.12631578947368421	0.40418859589631123
1.419275165E8	0.0	0.0
1.419292615E8	9.288014311270125	13.850595590482426
1.41930446E8	0.3597122302158273	0.7544167841800697
1.419322555E8	0.0	0.0
1.419346225E8	0.0	0.0
1.41936987E8	0.0	0.0
1.41939347E8	0.0	0.0
1.41941703E8	0.3821656050955414	0.9899709404043184
1.419440575E8	0.0	0.0
1.41946411E8	0.0	0.0
1.419487635E8	0.0	0.0
1.419511115E8	0.0	0.0
1.419534545E8	0.0	0.0
1.419557965E8	5.621263877028181	6.437673330972212
1.41958135E8	0.0	0.0
1.419604675E8	0.9360515021459227	3.091452982832567
1.419627965E8	0.0	0.0
1.419651245E8	99.8036941580756	44.168871111425666
1.419674515E8	291.65262252794497	260.29022181034264
1.41969777E8	0.0	0.0
1.419721005E8	0.0	0.0
1.419744205E8	0.0	0.0
1.41976738E8	0.0	0.0
1.419790505E8	8.575389948006933	14.620739762263762
1.41981358E8	0.0	0.0
1.419836635E8	50.02300347222222	45.31470301158088
1.41985967E8	10.206686930091186	22.499819075839383
1.41988266E8	1.9594771241830065	4.178792812307368
1.4199056E8	0.0	0.0
1.41992852E8	0.13094718463553034	0.37373385844015483
1.41995142E8	0.0	0.0
1.4199743E8	0.0	0.0
1.419997165E8	0.0	0.0
1.420020015E8	0.39316987740805603	0.6708856576751777
1.42004285E8	0.0	0.0
1.420065675E8	0.0	0.0
1.42008845E8	0.0	0.0
1.420111165E8	4.105726872246696	5.003611030847384
1.42013386E8	0.0	0.0
1.420156535E8	0.0	0.0
1.42017916E8	0.0	0.0
1.42020175E8	0.13280212483399734	0.36442025853950183
1.42022431E8	0.0	0.0
1.420246815E8	0.0	0.0
1.42026929E8	0.0	0.0
1.42029171E8	0.0	0.0
1.420314065E8	0.0	0.0
1.420336395E8	0.0	0.0
1.420358715E8	46.0663082437276	46.90088114662399
1.420381015E8	0.0	0.0
1.42040329E8	0.16344858554108666	0.3826032823512081
1.42042554E8	0.0	0.0
1.42044776E8	0.0	0.0
1.420469965E8	0.0	0.0
1.42049215E8	0.0	0.0
1.420514315E8	0.0	0.0
1.420536445E8	0.0	0.0
1.42055854E8	0.0	0.0
1.42058062E8	0.0	0.0
1.420602685E8	30.45149592021759	21.058750870219292
1.42062474E8	0.0	0.0
1.42064677E8	0.0	0.0
1.420668775E8	0.0	0.0
1.420690765E8	0.0	0.0
1.420712745E8	0.0	0.0
1.420734715E8	0.0	0.0
1.420756655E8	0.0	0.0
1.420778565E8	80.68904109589042	101.66370158113506
1.42080046E8	0.0	0.0
1.42082235E8	0.0	0.0
1.42084423E8	0.0	0.0
1.42086609E8	0.0	0.0
1.4208879E8	0.0	0.0
1.420909665E8	0.27389705882352944	0.8612362864954487
1.42093141E8	0.0	0.0
1.420953105E8	0.0	0.0
1.42097474E8	0.0	0.0
1.42099635E8	0.0	0.0
1.42101794E8	0.0	0.0
1.42103946E8	0.0	0.0
1.42106089E8	0.0	0.0
1.421082245E8	0.0	0.0
1.42110355E8	0.0	0.0
1.421124825E8	0.0	0.0
1.421146075E8	0.0	0.0
1.421167315E8	5.6939736346516	7.01649254316473
1.42118853E8	11.76828692779613	19.828226480475234
1.42120971E8	1.1308455361360417	1.5743275776285013
1.421230865E8	0.0	0.0
1.421252E8	0.0	0.0
1.42127313E8	0.0	0.0
1.42129426E8	0.0	0.0
1.421315385E8	0.0	0.0
1.42133649E8	0.0	0.0
1.421357575E8	0.0	0.0
1.42137864E8	0.0	0.0
1.42139969E8	1.1415676959619951	2.622848626372595
1.42142073E8	0.0	0.0
1.421441755E8	0.142721217887726	0.40218243821192573
1.421462745E8	0.0	0.0
1.421483705E8	0.24952290076335878	0.5495487392341949
1.421504655E8	0.0	0.0
1.421525595E8	0.0	0.0
1.421546525E8	1.0038240917782026	1.6042486611278195
1.421567435E8	1.4354066985645932	3.1707394274437646
1.42158833E8	0.0	0.0
1.421609215E8	0.9018199233716475	2.2976541426827
1.42163009E8	1.71058936272161	4.417751793118999
1.42165096E8	0.2874940105414471	0.7582796456999846
1.421671825E8	0.0	0.0
1.421692675E8	0.0	0.0
1.4217135E8	4.7506006727534835	12.35207523512255
1.4217343E8	0.0	0.0
1.42175509E8	0.0	0.0
1.421775875E8	0.0	0.0
1.421796645E8	0.43352601156069365	0.9556645843013444
1.421817365E8	0.0	0.0
1.421838025E8	44.15746124031008	86.72074099432413
1.42185866E8	0.0	0.0
1.42187929E8	72.57828405235095	110.50071996571931
1.421899915E8	0.0	0.0
1.421920525E8	0.0	0.0
1.421941125E8	0.0	0.0
1.421961725E8	0.5810679611650486	1.0692071284344982
1.42198232E8	0.3972802331228752	0.7388477962689483
1.422002865E8	0.0	0.0
1.422023345E8	0.0	0.0
1.422043795E8	0.0	0.0
1.42206423E8	0.2936857562408223	0.6883407732137671
1.42208462E8	0.0	0.0
1.42210496E8	0.14756517461878996	0.3841421281489313
1.42212529E8	0.0	0.0
1.422145605E8	0.1477832512315271	0.3844258722192448
1.42216589E8	16.178095707942774	26.4107529939035
1.42218613E8	0.0	0.0
1.422206335E8	0.0	0.0
1.42222652E8	0.0	0.0
1.422246675E8	0.0	0.0
1.422266795E8	0.0	0.0
1.42228689E8	0.0	0.0
1.422306975E8	0.5976095617529881	1.3141885836766867
1.422327045E8	0.0	0.0
1.422347105E8	0.0	0.0
1.42236716E8	1.343640897755611	2.672759042217538
1.42238721E8	0.7476309226932668	1.1533319398989272
1.422407225E8	0.0	0.0
1.422427205E8	1.0510510510510511	2.104858767335811
1.422447185E8	0.15015015015015015	0.4745789978762495
1.42246715E8	0.0	0.0
1.42248709E8	0.0	0.0
1.422507005E8	0.0	0.0
1.422526905E8	16.758291457286433	9.126387827276977
1.422546795E8	0.45271629778672035	0.9473037030620169
1.422566665E8	0.0	0.0
1.422586525E8	0.0	0.0
1.422606355E8	0.0	0.0
1.422626145E8	0.0	0.0
1.422645915E8	0.0	0.0
1.422665675E8	0.0	0.0
1.42268543E8	0.26734177215189875	0.8267673819143256
1.422705175E8	0.1519756838905775	0.4137945591514997
1.422724895E8	0.0	0.0
1.422744575E8	0.4577822990844354	1.1718988425855306
1.422764235E8	0.09257375381485249	0.430287703321516
1.422783895E8	0.0	0.0
1.422803545E8	0.0	0.0
1.42282318E8	0.0	0.0
1.422842805E8	0.0	0.0
1.422862425E8	3.8053007135575942	8.422096077850595
1.4228818E8	0.15682174594877157	0.4374043096009701
1.42289161E8	0.0	0.0
1.42290166E8	0.0	0.0
1.42292127E8	0.0	0.0
1.42294088E8	0.0	0.0
1.422960465E8	0.0	0.0
1.422980025E8	8.290899795501023	14.238887246567055
1.42299954E8	0.0	0.0
1.42301901E8	1.078582434514638	1.8930033639706267
1.42303848E8	0.3081664098613251	0.555127381653369
1.423057945E8	0.15416238437821173	0.47766131189343075
1.4230774E8	0.15424164524421594	0.4005138088181038
1.423096845E8	0.0	0.0
1.42311628E8	0.0	0.0
1.42313569E8	0.0	0.0
1.423155065E8	0.265495867768595	0.5152629113070288
1.423174425E8	0.0	0.0
1.42319378E8	0.0	0.0
1.42321312E8	0.3103983445421624	0.845547664886757
1.42323245E8	0.0	0.0
1.42325177E8	0.0	0.0
1.42327107E8	2.1135303265940903	3.627482793238454
1.423290355E8	0.0	0.0
1.423309635E8	0.9336099585062241	2.059790909100149
1.42332891E8	0.0	0.0
1.423348175E8	11.569055036344755	9.238981256746492
1.423367435E8	0.0	0.0
1.423386685E8	0.15592515592515593	0.4705461947712694
1.423405905E8	0.0	0.0
1.42342509E8	0.15597287428273343	0.4725098084063091
1.423444255E8	0.0	0.0
1.423463415E8	0.0	0.0
1.42348253E8	0.0	0.0
1.423501595E8	0.0	0.0
1.42352065E8	0.31496062992125984	0.6972010031871329
1.423539695E8	0.0	0.0
1.42355873E8	0.0	0.0
1.42357776E8	0.0	0.0
1.42359679E8	0.12138728323699421	0.3484067784027662
1.423615815E8	0.0	0.0
1.42363483E8	0.7648605996843767	1.6256751116530264
1.423653835E8	0.0	0.0
1.423672835E8	0.0	0.0
1.42369183E8	0.0	0.0
1.4237108E8	0.0	0.0
1.42372975E8	0.0	0.0
1.42374869E8	0.15847860538827258	0.41498604537412603
1.42376761E8	0.0	0.0
1.423786515E8	0.0	0.0
1.423805415E8	34.77407407407407	25.16824866256571
1.423824305E8	0.0	0.0
1.423843155E8	0.4782146652497343	1.2998814627556345
1.423861925E8	0.24786324786324787	0.7040784727049221
1.423880645E8	0.0	0.0
1.42389936E8	0.0	0.0
1.423918065E8	0.42727272727272725	0.6813010516611966
1.423936765E8	0.0	0.0
1.42395546E8	0.0	0.0
1.42397415E8	0.0	0.0
1.42399284E8	0.31995719636169073	0.8862543444039374
1.424011525E8	0.0	0.0
1.42403019E8	0.0	0.0
1.42404883E8	823.7316156736447	982.1568728670698
1.42406746E8	0.0	0.0
1.424086055E8	0.0	0.0
1.424104605E8	1.3009708737864079	1.7082198636244463
1.42412313E8	0.3241491085899514	0.6034297793856206
1.42414163E8	0.0	0.0
1.42416009E8	0.0	0.0
1.42417852E8	0.0	0.0
1.42419695E8	0.0	0.0
1.42421538E8	0.11991318502441671	0.346284832218243
1.424233805E8	0.0	0.0
1.42425222E8	0.0	0.0
1.42427063E8	0.0	0.0
1.424288995E8	0.0	0.0
1.424307315E8	0.0	0.0
1.424325625E8	0.0	0.0
1.42434392E8	0.0	0.0
1.42436221E8	0.0	0.0
1.424380485E8	0.559145673603505	1.3198708821978018
1.42439871E8	0.1308411214953271	0.36171967253016124
1.424416895E8	0.0	0.0
1.424435075E8	0.0	0.0
1.42445323E8	0.0	0.0
1.42447136E8	0.0	0.0
1.424489455E8	0.0	0.0
1.4245075E8	0.0	0.0
1.424525525E8	0.0	0.0
1.42454354E8	0.1665741254858412	0.5373346109971496
1.424561545E8	0.0	0.0
1.424579545E8	0.16666666666666666	0.42031734043061636
1.424597535E8	0.0	0.0
1.42461551E8	0.0	0.0
1.42463346E8	0.0	0.0
1.424651385E8	0.0	0.0
1.42466928E8	0.0	0.0
1.424687145E8	0.0	0.0
1.424705E8	0.0	0.0
1.42472285E8	0.0	0.0
1.424740655E8	0.0	0.0
1.42475841E8	0.0	0.0
1.42477616E8	1.352112676056338	1.5285084324821419
1.42479391E8	0.3380281690140845	0.9682276533607137
1.424811635E8	0.0	0.0
1.42482933E8	0.3391746749576032	0.9569595719702733
1.424847005E8	81.69818799547	96.32055884713887
1.42486464E8	0.0	0.0
1.424882225E8	1.5854214123006833	2.8436878106544485
1.424899775E8	5.761117445838084	4.9833817333784625
1.4249173E8	1.8389491719017703	2.7866246580011884
1.42493479E8	0.0	0.0
1.42495226E8	0.0	0.0
1.42496973E8	0.0	0.0
1.42498718E8	0.0	0.0
1.4250046E8	0.0	0.0
1.425021995E8	0.0	0.0
1.42503937E8	0.0	0.0
1.425056725E8	0.0	0.0
1.42507406E8	0.0	0.0
1.425091385E8	0.0	0.0
1.425108685E8	0.0	0.0
1.425125945E8	0.0	0.0
1.425143185E8	0.6948955916473318	1.333139970511153
1.4251604E8	0.8714368819080861	1.7105904936935086
1.42517759E8	14.29610238510762	18.357306236562692
1.425194765E8	0.0	0.0
1.425211925E8	0.0	0.0
1.42522908E8	0.0	0.0
1.425246225E8	0.0	0.0
1.42526336E8	0.0	0.0
1.425280485E8	0.9042056074766355	1.5610624227911154
1.425297595E8	0.876608187134503	1.612995469914566
1.425314695E8	1.4035087719298245	2.8414229200395913
1.42533179E8	0.0	0.0
1.425348875E8	0.0	0.0
1.425365935E8	0.0	0.0
1.42538297E8	0.35231943628890194	1.020632712239906
1.4254E8	0.0	0.0
1.425416995E8	0.0	0.0
1.425433925E8	8.214792899408284	9.39636716908888
1.425450825E8	2.589940828402367	2.6857061923224754
1.42546771E8	0.0	0.0
1.42548457E8	1.312759643916914	1.7582362351952907
1.42550141E8	0.0	0.0
1.42551824E8	19.467023172905527	18.97914544895707
1.42553507E8	2.314913844325609	3.872292913303062
1.425551885E8	0.0	0.0
1.42556868E8	0.357355568790947	0.9235196934451697
1.425585465E8	0.0	0.0
1.42560223E8	0.0	0.0
1.42561894E8	1.4385122975404918	3.1488755003360605
1.42563556E8	0.0	0.0
1.425652095E8	0.36363636363636365	0.9521904571390466
1.42566857E8	0.0	0.0
1.42568501E8	0.0	0.0
1.42570144E8	0.0	0.0
1.42571786E8	0.0	0.0
1.42573425E8	0.0	0.0
1.42575062E8	0.0	0.0
1.42576699E8	243.69700671960905	291.2084903472699
1.425783355E8	0.0	0.0
1.425799685E8	0.0	0.0
1.42581598E8	0.0	0.0
1.42583225E8	0.5538461538461539	1.2
1.4258485E8	0.0	0.0
1.42586474E8	0.0	0.0
1.425880965E8	0.0	0.0
1.42589717E8	75.42680667078443	112.66844228791366
1.425913335E8	0.667905824039653	1.2148400846312102
1.42592946E8	3.905027932960894	3.705733976944824
1.425945565E8	2.6385093167701865	5.20892688129315
1.425961665E8	0.18633540372670807	0.4581897949526569
1.425977755E8	0.373134328358209	0.8660254037844386
1.42599378E8	0.0	0.0
1.42600974E8	0.0	0.0
1.426025685E8	2.6718946047678798	3.1792931041992705
1.426041585E8	0.0	0.0
1.426057445E8	0.0	0.0
1.426073305E8	0.0	0.0
1.42608914E8	0.0	0.0
1.42610493E8	0.0	0.0
1.4261207E8	0.0	0.0
1.42613646E8	0.0	0.0
1.4261522E8	0.0	0.0
1.42616792E8	0.0	0.0
1.42618361E8	0.0	0.0
1.426199275E8	10.744572158365262	7.805342506739187
1.426214905E8	0.0	0.0
1.426230505E8	0.0	0.0
1.426246095E8	0.0	0.0
1.426261665E8	0.0	0.0
1.426277225E8	0.0	0.0
1.42629278E8	0.0	0.0
1.42630832E8	0.0	0.0
1.426323845E8	0.7577319587628866	1.3584405856504245
1.426339355E8	0.0	0.0
1.426354855E8	0.0	0.0
1.42637035E8	0.0	0.0
1.426385825E8	0.0	0.0
1.426401275E8	0.0	0.0
1.42641671E8	5.318211276733636	8.052283784199561
1.42643213E8	0.0	0.0
1.426447535E8	0.0	0.0
1.426462925E8	0.0	0.0
1.42647757E8	0.0	0.0
1.42648524E8	0.0	0.0
1.42649362E8	1.178082191780822	2.63438549830612
1.42650895E8	0.0	0.0
1.426524275E8	0.0	0.0
1.42653958E8	0.0	0.0
1.42655486E8	3.905697445972495	9.578681852842957
1.42657012E8	0.0	0.0
1.42658537E8	0.0	0.0
1.42660062E8	46.02950819672131	56.927080190506814
1.42661585E8	0.39447731755424065	0.9593993299420362
1.426631055E8	0.0	0.0
1.42664625E8	0.0	0.0
1.426661435E8	0.0	0.0
1.426676605E8	0.1787598944591029	0.5381243689070487
1.426691735E8	0.0	0.0
1.42670683E8	0.1988071570576541	0.44587796206770985
1.426721915E8	0.0	0.0
1.426736975E8	16.73869680851064	29.690390396808418
1.426752015E8	0.0	0.0
1.426767045E8	0.0	0.0
1.426782025E8	0.2001338688085676	0.4503456949721177
1.426796955E8	0.0	0.0
1.426811875E8	3.4249329758713136	2.8475566874904965
1.426826785E8	0.0	0.0
1.42684168E8	0.0	0.0
1.426856565E8	0.0	0.0
1.42687144E8	0.0	0.0
1.42688631E8	5.317417619367855	13.927253596350376
1.42690117E8	2.0114478114478116	2.2103216701471045
1.426916015E8	0.0	0.0
1.426930845E8	0.0	0.0
1.426945645E8	0.0	0.0
1.426960415E8	0.0	0.0
1.42697517E8	1.5498305084745763	2.033115668631251
1.42698991E8	0.0	0.0
1.42700463E8	0.19714479945615226	0.4891758354217541
1.427019325E8	0.0	0.0
1.427034E8	0.0	0.0
1.427048665E8	0.0	0.0
1.427063315E8	0.0	0.0
1.427077945E8	0.2051983584131327	0.577745038650582
1.42709256E8	0.0	0.0
1.42710717E8	0.0	0.0
1.42712177E8	0.0	0.0
1.427136355E8	10.88957475994513	13.375217137321828
1.427150925E8	0.20604395604395603	0.5370861555295746
1.42716547E8	0.0	0.0
1.427179995E8	0.0	0.0
1.427194515E8	0.0	0.0
1.42720903E8	0.0	0.0
1.427223515E8	0.0	0.0
1.427237975E8	0.0	0.0
1.42725243E8	0.0	0.0
1.42726687E8	6.444906444906445	6.488755666840145
1.42728129E8	0.0	0.0
1.427295695E8	1258.0645833333333	1224.188162109894
1.427310075E8	0.0	0.0
1.427324415E8	0.20810055865921787	0.5096827800827188
1.427338735E8	0.0	0.0
1.427353055E8	0.0	0.0
1.427367365E8	0.0	0.0
1.42738166E8	1.2505248425472357	2.037094763008819
1.42739595E8	10.374387683694891	14.24203459254328
1.42741022E8	0.0	0.0
1.427424465E8	0.0	0.0
1.427438705E8	0.0	0.0
1.427452945E8	0.0	0.0
1.42746718E8	0.0	0.0
1.427481405E8	0.2109704641350211	0.5894048107560157
1.42749562E8	0.0	0.0
1.42750982E8	0.0	0.0
1.427523995E8	0.5939265536723164	1.306762074229302
1.427538155E8	0.182909604519774	0.4276793244006238
1.427552315E8	0.632768361581921	1.319133425529913
1.42756647E8	0.0	0.0
1.427580605E8	0.0	0.0
1.427594725E8	0.0	0.0
1.42760884E8	0.0	0.0
1.427622945E8	0.0	0.0
1.427637035E8	0.0	0.0
1.427651115E8	0.0	0.0
1.42766519E8	0.0	0.0
1.427679255E8	0.0	0.0
1.427693305E8	0.0	0.0
1.427707335E8	0.0	0.0
1.42772132E8	0.1827956989247312	0.6040484682302623
1.427735265E8	0.0	0.0
1.4277492E8	6.534816941852117	6.809899470391714
1.42776312E8	0.1250898634076204	0.705325332443567
1.42777703E8	0.0	0.0
1.42779094E8	0.6470165348670022	1.5341780771455318
1.427804825E8	0.0	0.0
1.427818685E8	0.0	0.0
1.42783254E8	0.0	0.0
1.427846385E8	0.8540462427745664	1.4579857829734149
1.42786022E8	11.152566883586406	4.4819070674967705
1.427874045E8	1.6316931982633864	2.3063180070489424
1.42788786E8	0.0	0.0
1.42790167E8	0.0	0.0
1.427915475E8	1.818840579710145	2.622091211007081
1.427929275E8	2.1717391304347826	3.761841208153571
1.42794307E8	7.909354604786077	13.134822716837697
1.427956855E8	0.6400580551523948	1.4601628236940267
1.42797063E8	0.0	0.0
1.4279844E8	2.7872185911401597	4.049260940124759
1.42799817E8	0.0	0.0
1.42801194E8	1.0893246187363834	2.6366777802332235
1.428025705E8	0.0	0.0
1.42803946E8	0.0	0.0
1.428053205E8	0.0	0.0
1.428066945E8	0.0	0.0
1.42808068E8	0.0	0.0
1.4280944E8	0.0	0.0
1.4281081E8	0.2191380569758948	0.5170574721542971
1.428121785E8	0.0	0.0
1.428135455E8	1.0915080527086383	2.4028716348786188
1.42814909E8	0.0	0.0
1.428162695E8	7051.531617647059	5375.530242724078
1.428176275E8	6.62094395280236	8.751190395216717
1.428189835E8	4.544985250737463	5.500402237905975
1.42820339E8	0.0	0.0
1.42821694E8	0.0	0.0
1.428230475E8	0.0	0.0
1.42824399E8	0.0	0.0
1.42825748E8	0.0	0.0
1.42827095E8	6.013363028953229	3.877485313109242
1.428284415E8	0.0	0.0
1.428297865E8	0.0	0.0
1.4283113E8	3.712583767684289	10.221267594749916
1.42832472E8	32.79343773303505	56.34439879143077
1.428338125E8	5.367910447761194	4.898598642133933
1.428351525E8	0.0	0.0
1.428364925E8	0.0	0.0
1.42837832E8	2.0141896938013444	2.5140382553800893
1.42839171E8	0.0	0.0
1.42840509E8	0.0	0.0
1.42841846E8	0.0	0.0
1.428431825E8	0.0	0.0
1.428445175E8	0.2571214392803598	0.7748869434391341
1.42845851E8	0.0	0.0
1.42847184E8	49.108777194298575	39.03270600450997
1.42848517E8	0.0	0.0
1.428498495E8	0.0	0.0
1.428511805E8	2.5052631578947366	3.3143570124558153
1.428525105E8	0.0	0.0
1.428538395E8	0.0	0.0
1.42855167E8	0.0	0.0
1.428564935E8	0.0	0.0
1.428578195E8	0.0	0.0
1.42859144E8	0.0	0.0
1.42860467E8	0.0	0.0
1.428617895E8	0.6800302571860817	1.0894210040450216
1.428631085E8	0.0	0.0
1.42864424E8	0.0	0.0
1.42865739E8	0.0	0.0
1.42867054E8	0.22813688212927757	0.5501468867113354
1.42868369E8	0.21064638783269962	0.6035383626026434
1.428696825E8	0.0	0.0
1.42870994E8	0.0	0.0
1.42872305E8	0.2288329519450801	0.6616900442968645
1.428736155E8	0.0	0.0
1.428749255E8	7.14351145038168	9.766041804082345
1.42876235E8	2.5599694423223833	3.4768688881072083
1.428775435E8	0.0	0.0
1.428788505E8	0.0	0.0
1.428801555E8	17.325920245398773	21.20034798302205
1.428814595E8	0.0	0.0
1.428827635E8	0.39723926380368096	1.170312736767609
1.428840675E8	0.22929447852760737	0.5695493859776206
1.42885371E8	0.0	0.0
1.42886674E8	0.0	0.0
1.428879765E8	0.0	0.0
1.42889278E8	0.0	0.0
1.42890579E8	0.6756341275941583	1.2786306087633013
1.42891879E8	6.910700538876059	12.659635015966707
1.42893177E8	0.4618350038550501	0.9534258320764256
1.42894474E8	0.9252120277563608	1.859357131837848
1.42895771E8	0.0	0.0
1.428970675E8	0.0	0.0
1.42898363E8	0.0	0.0
1.428996575E8	0.0	0.0
1.429009515E8	0.0	0.0
1.429022455E8	0.6955177743431221	1.6128349190302387
1.42903539E8	0.23201856148491878	0.5603556488602485
1.42904831E8	0.0	0.0
1.429061215E8	0.2310077519379845	0.5786913866044945
1.42907411E8	0.0	0.0
1.42908699E8	33.56565656565657	20.596278358156898
1.429099855E8	0.0	0.0
1.42911271E8	0.0	0.0
1.429125555E8	0.0	0.0
1.429138395E8	16.41822429906542	12.52716674041086
1.42915123E8	0.0	0.0
1.42916406E8	44.4169914263445	45.04748512206083
1.429176885E8	3.2425897035881435	3.5271401487189515
1.4291897E8	0.0	0.0
1.429202505E8	0.0	0.0
1.429215305E8	0.0	0.0
1.4292281E8	0.0	0.0
1.429240885E8	0.8865414710485133	2.068468092669364
1.429253665E8	0.6862284820031299	1.6178290676146165
1.429266445E8	0.0	0.0
1.42927922E8	1601.229444009397	983.379874357069
1.42929199E8	221.82850430696945	372.15992975124425
1.42930476E8	0.44166014095536416	0.833894355657722
1.429317525E8	0.0	0.0
1.42933028E8	0.0	0.0
1.42934303E8	0.0	0.0
1.429355775E8	0.0	0.0
1.429368515E8	0.47095761381475665	1.045285446206076
1.429381245E8	0.0	0.0
1.42939396E8	0.0	0.0
1.42940667E8	0.0	0.0
1.42941938E8	0.0	0.0
1.42943209E8	0.0	0.0
1.4294448E8	0.7049567269866247	1.147638083514009
1.429457505E8	79.13464566929134	77.16874851927751
1.429470205E8	2.574803149606299	6.019129609822547
1.429482905E8	4.085826771653544	7.684476631649172
1.4294956E8	0.0	0.0
1.429508285E8	0.0	0.0
1.429520965E8	0.8824921135646687	1.5156908035570387
1.429533635E8	18.946287519747237	22.593495408084475
1.42954629E8	0.0	0.0
1.429558935E8	3.382911392405063	4.09596127107877
1.42957157E8	0.0	0.0
1.4295842E8	0.0	0.0
1.42959683E8	2.2074425969912905	3.8197718734865593
1.429609455E8	0.0	0.0
1.429622075E8	0.0	0.0
1.429634695E8	0.0	0.0
1.42964731E8	0.0	0.0
1.42965992E8	22.254559873116573	14.865241886233843
1.429672525E8	123.93015873015872	102.07026058180755
1.429685125E8	0.0	0.0
1.429697725E8	2.042063492063492	4.09694039923949
1.429710325E8	0.47619047619047616	0.9275329968887686
1.42972292E8	114.74424146147736	229.64219154979665
1.429735505E8	0.0	0.0
1.429748085E8	4.600158982511924	10.65602526291185
1.429760665E8	20.751987281399046	40.20133155535435
1.42977324E8	0.0	0.0
1.42978579E8	0.0	0.0
1.42979832E8	9.727853152434157	8.743575911072629
1.429810845E8	0.0	0.0
1.42982336E8	0.0	0.0
1.42983587E8	0.20303756994404476	0.45059690405510416
1.42984838E8	0.0	0.0
1.42986089E8	0.0	0.0
1.429873395E8	3.7992	5.9072159263057245
1.42988589E8	0.0	0.0
1.429898375E8	0.0	0.0
1.42991085E8	8.169206094627105	8.682310639645642
1.429923315E8	0.0	0.0
1.429935775E8	0.2303370786516854	0.5028011423654932
1.429948225E8	0.0	0.0
1.42996066E8	129.37329042638777	156.74892170907896
1.429973085E8	3.6231884057971016	6.546624555882548
1.4299855E8	0.0	0.0
1.42999791E8	0.233682514101531	0.6836410082807073
1.43001032E8	0.0	0.0
1.430022725E8	0.4838709677419355	1.2273759052968352
1.430035125E8	0.0	0.0
1.430047525E8	98.16854838709678	88.84671468139618
1.43005992E8	2.1485068603712674	4.551028939347635
1.4300719E8	0.0	0.0
1.43007809E8	0.0	0.0
1.430084685E8	0.0	0.0
1.430097065E8	0.0	0.0
1.430109445E8	0.0	0.0
1.43012182E8	0.4850444624090542	1.1928105841805838
1.430134185E8	0.0	0.0
1.43014654E8	0.0	0.0
1.43015889E8	2.1554655870445343	2.533020791857778
1.430171235E8	0.0	0.0
1.430183575E8	32.36547811993517	23.816168595049287
1.430195915E8	0.0	0.0
1.43020825E8	0.0	0.0
1.43022058E8	0.0	0.0
1.430232905E8	1.4610389610389611	2.7285170321632948
1.43024522E8	0.974817221770918	1.2917283555755397
1.43025753E8	0.2437043054427295	0.5657428636887828
1.43026984E8	0.0	0.0
1.43028215E8	0.0	0.0
1.430294455E8	2.104878048780488	1.8771193983794312
1.43030675E8	0.0	0.0
1.43031904E8	0.0	0.0
1.430331325E8	0.0	0.0
1.4303436E8	0.0	0.0
1.43035587E8	610.5232273838631	678.791343386582
1.43036814E8	0.0	0.0
1.43038041E8	0.0	0.0
1.430392675E8	1.2088091353996737	1.491137494576695
1.430404935E8	0.0	0.0
1.430417195E8	0.734094616639478	1.1272973642617337
1.43042945E8	2.2220408163265306	3.1254060960627377
1.4304417E8	0.0	0.0
1.43045395E8	0.0	0.0
1.4304662E8	0.0	0.0
1.43047845E8	0.0	0.0
1.4304907E8	0.32979591836734695	1.113919353692453
1.430502945E8	35.748366013071895	50.43901222514539
1.430515185E8	2.93218954248366	3.925053598568303
1.430527425E8	0.0	0.0
1.430539665E8	3.7058823529411766	4.580257434897589
1.4305519E8	0.0	0.0
1.43056413E8	0.0	0.0
1.43057636E8	0.0	0.0
1.430588585E8	44.31178396072013	38.52310293709218
1.430600805E8	0.0	0.0
1.43061302E8	0.0	0.0
1.430625225E8	0.0	0.0
1.430637425E8	0.4918032786885246	1.0480270300606302
1.43064962E8	0.0	0.0
1.43066181E8	0.0	0.0
1.430674E8	0.0	0.0
1.430686185E8	9.08128078817734	8.22916835546947
1.430698365E8	0.0	0.0
1.430710525E8	0.9884678747940692	1.4481710330694426
1.43072266E8	0.0	0.0
1.430734785E8	0.0	0.0
1.430746905E8	0.24752475247524752	0.5872686680292462
1.43075902E8	0.0	0.0
1.43077113E8	0.0	0.0
1.430783235E8	0.0	0.0
1.43079533E8	0.0	0.0
1.43080742E8	0.24813895781637718	0.5334160399064185
1.43081951E8	0.0	0.0
1.430831595E8	0.0	0.0
1.430843675E8	0.0	0.0
1.430855755E8	0.4966887417218543	0.9188965452798005
1.430867835E8	0.0	0.0
1.43087991E8	0.2526926263463132	0.6461920835031209
1.430891975E8	0.0	0.0
1.43090403E8	4.478008298755187	5.743045586978035
1.43091608E8	0.0	0.0
1.43092813E8	3.921991701244813	3.8616101816497155
1.43094017E8	0.0	0.0
1.4309522E8	0.0	0.0
1.43096423E8	0.0	0.0
1.430976255E8	1.497504159733777	1.9305754230866738
1.430988275E8	0.9983361064891847	1.8643694762823109
1.43100029E8	0.0	0.0
1.431012295E8	0.0	0.0
1.431024295E8	1.0	1.2389511693363868
1.431036295E8	0.25	0.594418483337567
1.43104829E8	0.0	0.0
1.43106028E8	0.718932443703086	1.4462859742340222
1.431072265E8	0.24958263772954925	0.5534834293010509
1.431084245E8	0.5008347245409015	1.0173782141946344
1.43109622E8	1.2531328320802004	2.55319348904097
1.43110819E8	0.0	0.0
1.43112015E8	0.0	0.0
1.4311321E8	0.0	0.0
1.43114405E8	8.083682008368202	11.1891310082448
1.431156E8	0.0	0.0
1.43116795E8	71.77154811715481	89.15563938121247
1.431179895E8	0.17252931323283083	0.41536648063226145
1.43119183E8	1.0058675607711651	1.410949874148475
1.43120376E8	0.49958088851634536	0.9995808006522988
1.43121569E8	0.0	0.0
1.43122762E8	0.2514668901927913	0.5322775243710228
1.431239545E8	0.0	0.0
1.431251465E8	41.55620805369127	37.77294404747163
1.431263385E8	0.0	0.0
1.4312753E8	0.0	0.0
1.43128721E8	0.2518891687657431	0.5018856132284956
1.431299115E8	0.0	0.0
1.431311015E8	0.0	0.0
1.431322915E8	0.0	0.0
1.43133481E8	0.0	0.0
1.4313467E8	0.0	0.0
1.43135859E8	0.0	0.0
1.43137048E8	0.0	0.0
1.43138237E8	0.0	0.0
1.43139426E8	0.3936080740117746	0.6353743689589825
1.431406145E8	0.0	0.0
1.431418015E8	0.0	0.0
1.431429875E8	0.0	0.0
1.431441735E8	9.491568296795952	7.7694433248730785
1.431453595E8	0.25295109612141653	0.5555180800551214
1.431465455E8	0.35075885328836426	1.0676920310591365
1.43147731E8	0.0	0.0
1.43148916E8	0.45569620253164556	1.111504852879502
1.43150101E8	2.027848101265823	2.449489742783178
1.43151286E8	0.0	0.0
1.431524705E8	1.2668918918918919	2.697596527842336
1.431536545E8	0.0	0.0
1.431548385E8	0.0	0.0
1.431560225E8	0.0	0.0
1.431572055E8	0.7614213197969543	1.7010000044763158
1.431583875E8	106.30118443316412	61.56548382532506
1.43159569E8	0.0	0.0
1.4316075E8	40.23285351397121	46.51432636462613
1.43161931E8	0.0	0.0
1.43163111E8	0.5080576759966073	1.1410305893216008
1.4316429E8	0.0	0.0
1.43165469E8	0.0	0.0
1.431666475E8	0.0	0.0
1.431678255E8	0.0	0.0
1.431690035E8	0.0	0.0
1.431701815E8	0.0	0.0
1.431713595E8	1.2733446519524618	2.791571111390334
1.431725375E8	0.0	0.0
1.43173715E8	0.0	0.0
1.431748915E8	11167.759353741496	14351.342423816883
1.43176067E8	0.0	0.0
1.43177242E8	1.785531914893617	3.4806455747492127
1.431784165E8	0.0	0.0
1.431795905E8	0.0	0.0
1.43180764E8	0.0	0.0
1.43181937E8	0.0	0.0
1.4318311E8	1.53537936913896	2.2022618768561677
1.43184282E8	0.0	0.0
1.43185453E8	6.110162254483347	9.08950652948859
1.43186624E8	0.5106746370623398	1.0106182633045375
1.43187795E8	0.0	0.0
1.431889655E8	0.0	0.0
1.43190135E8	0.0	0.0
1.43191304E8	0.0	0.0
1.431924725E8	0.2568493150684932	0.5068030337996144
1.4319364E8	0.0	0.0
1.43194807E8	0.0	0.0
1.43195974E8	0.0	0.0
1.431971405E8	0.0	0.0
1.431983065E8	204.87392795883363	152.99802126547007
1.431994725E8	445.1269296740995	477.652170574874
1.432006385E8	0.0	0.0
1.43201804E8	0.0	0.0
1.43202969E8	0.0	0.0
1.432041335E8	0.0	0.0
1.43205297E8	0.0	0.0
1.4320646E8	167.65950128976783	141.46044538891522
1.43207623E8	0.0	0.0
1.43208786E8	2.063628546861565	3.179361649562728
1.43209949E8	0.0	0.0
1.43211112E8	25.496990541702495	39.16894640981151
1.432122745E8	68.35972461273666	57.630664229665925
1.432134365E8	0.25817555938037867	0.67790301348871
1.432145985E8	88.52065404475043	126.17459149419243
1.4321576E8	0.5133505598621878	1.0132626114312002
1.43216921E8	0.0	0.0
1.43218082E8	0.21791559000861327	0.6555927813194514
1.432192425E8	0.0	0.0
1.432204025E8	0.6293103448275862	1.0339078862458586
1.432215625E8	0.25862068965517243	0.6116681543406381
1.43222722E8	0.0	0.0
1.43223881E8	0.0	0.0
1.4322504E8	0.5176876617773943	1.0376850854170452
1.43226199E8	1.539257981018119	1.8635507499815203
1.43227358E8	15.50474547023296	13.678201043233717
1.432285165E8	0.0	0.0
1.432296745E8	166.7651122625216	195.70905143911617
1.432308325E8	0.9827288428324698	1.8337650614291174
1.4323199E8	0.44511668107173724	0.9179850920431568
1.43233147E8	5.373379429559205	8.24573958246828
1.432343035E8	0.0	0.0
1.432354595E8	0.2517301038062284	0.5017271208597641
1.43236615E8	0.0	0.0
1.4323777E8	1.4017316017316017	1.9756088436303132
1.43238925E8	0.0	0.0
1.4324008E8	54.326406926406925	89.47564906102541
1.432412345E8	0.1975736568457539	0.5631675703598583
1.432423885E8	0.32322357019064124	0.5347540292044869
1.432435425E8	0.25996533795493937	0.5098679612948233
1.432446965E8	2.684575389948007	2.9440184047348747
1.4324585E8	0.0	0.0
1.43247003E8	0.0	0.0
1.43248156E8	0.0	0.0
1.432493085E8	1.0355902777777777	1.4781393145888968
1.432504605E8	0.0	0.0
1.432516125E8	0.0	0.0
1.432527645E8	0.0	0.0
1.43253916E8	0.7819287576020851	1.6558875293906021
1.432550665E8	0.5217391304347826	1.146639703087091
1.432562165E8	0.2608695652173913	0.6487446070815474
1.432573655E8	0.0	0.0
1.432585135E8	0.0	0.0
1.432596615E8	0.0	0.0
1.432608095E8	9.665505226480835	11.161469312440166
1.432619575E8	0.0	0.0
1.432631055E8	0.0	0.0
1.43264253E8	1.2955536181342633	1.9897295141975204
1.432654E8	243.66434176111596	150.23371794879603
1.43266547E8	0.0	0.0
1.432676935E8	1.1431064572425829	2.171527638832376
1.432688395E8	0.0	0.0
1.432699855E8	0.2617801047120419	0.5167356256406972
1.43271131E8	0.8235807860262009	1.3757094239751262
1.432722755E8	7.856643356643357	7.209647770801356
1.432734195E8	2.7989510489510487	4.376910172409603
1.432745635E8	229.08916083916083	108.09133181706116
1.432757075E8	8.12937062937063	10.568292728194615
1.432768515E8	0.5244755244755245	1.2543630150106362
1.43277995E8	0.0	0.0
1.43279138E8	0.5048118985126859	0.8819171036881969
1.432802805E8	0.0	0.0
1.432814225E8	0.839754816112084	1.3047132664040202
1.432825645E8	295.3213660245184	518.9713024672833
1.43283706E8	19.855390008764243	21.853126976082354
1.43284847E8	82.92900964066608	72.07108916255011
1.432859875E8	12.258771929824562	7.777328725549869
1.432871275E8	0.0	0.0
1.432882675E8	0.5263157894736842	1.0849852452711697
1.432894075E8	0.0	0.0
1.43290547E8	6.859525899912204	6.681582669624557
1.43291686E8	0.0	0.0
1.43292825E8	0.0	0.0
1.43293964E8	0.0	0.0
1.43295103E8	0.0	0.0
1.432962415E8	0.5272407732864675	1.2632426820740772
1.43297379E8	0.7915567282321899	1.7926852251922787
1.432985155E8	11.070422535211268	16.905547468546164
1.432996515E8	0.0	0.0
1.433007875E8	495.47007042253523	386.669623693566
1.433019235E8	0.0	0.0
1.43303059E8	0.0	0.0
1.43304194E8	0.0	0.0
1.43305329E8	5.54977973568282	6.7097141755204905
1.433064635E8	0.0	0.0
1.433075975E8	44.73192239858906	39.19087960344486
1.433087315E8	0.0	0.0
1.433098655E8	0.0	0.0
1.43310999E8	0.0	0.0
1.43312132E8	0.0	0.0
1.43313265E8	0.0	0.0
1.433143975E8	8265.462897526502	9350.844611565666
1.433155295E8	1.2588339222614842	2.61637274875428
1.433166615E8	0.0	0.0
1.433177935E8	0.0	0.0
1.43318925E8	0.0	0.0
1.43320056E8	983.3660477453581	1569.4927421710731
1.43321187E8	0.0	0.0
1.433223175E8	0.0	0.0
1.433234475E8	0.26548672566371684	0.5152540399295447
1.433245775E8	0.7964601769911505	1.545762119788634
1.43325707E8	0.0	0.0
1.43326836E8	1.0575730735163862	1.8993728861116275
1.43327965E8	10.445527015057573	15.418691565804705
1.43329094E8	0.0	0.0
1.43330222E8	0.7666370896184561	1.187034362077375
1.43331349E8	0.0	0.0
1.433324755E8	41.5088809946714	57.02332731351342
1.433336015E8	0.0	0.0
1.433347275E8	0.0	0.0
1.433358535E8	0.261101243339254	0.610738713525624
1.433369795E8	6.893428063943162	11.481856875095492
1.43338105E8	0.0	0.0
1.4333923E8	0.0	0.0
1.433403545E8	0.0	0.0
1.433414785E8	0.0	0.0
1.43342602E8	0.0	0.0
1.43343725E8	0.0	0.0
1.43344848E8	0.1923419412288513	0.5923225036689277
1.43345971E8	1.3285841495992876	2.239251560500101
1.43347094E8	0.5209260908281389	1.0079823882897976
1.433482165E8	274.38413547237076	169.2525141533711
1.43349338E8	0.0	0.0
1.433504585E8	0.0	0.0
1.43351578E8	0.2680965147453083	0.6576694031115462
1.43352697E8	2.613941018766756	3.1913925792942277
1.433538155E8	1.071556350626118	1.407874608174844
1.433549335E8	0.0	0.0
1.433560515E8	0.0	0.0
1.433571695E8	0.0	0.0
1.43358287E8	0.0	0.0
1.43359404E8	0.0	0.0
1.43360521E8	0.0	0.0
1.43361638E8	0.8057296329453895	1.7177779154697383
1.43362755E8	21.809310653536258	16.259423271471206
1.43363872E8	2.6723366159355417	2.9865409819229773
1.433649885E8	0.0	0.0
1.433661045E8	12.616487455197133	21.602759348507636
1.433668735E8	115.57109004739337	61.36847763626995
1.433674315E8	1.5259365994236311	2.1769687833254494
1.433683365E8	0.26881720430107525	0.5253433763572519
1.433694525E8	1.3351254480286738	1.4615747387136513
1.433705685E8	0.0	0.0
1.43371684E8	0.0	0.0
1.43372799E8	0.26905829596412556	0.6972077557719222
1.43373914E8	0.0	0.0
1.433750285E8	0.0	0.0
1.433761425E8	0.4326750448833034	1.0098260511102384
1.433772565E8	0.0	0.0
1.433783705E8	0.0	0.0
1.433794845E8	0.26929982046678635	0.5605204045152303
1.433805985E8	0.0	0.0
1.433817115E8	0.0	0.0
1.433828235E8	0.0	0.0
1.433839355E8	0.0	0.0
1.433850475E8	115.6339928057554	177.95444156688333
1.43386159E8	11.894689468946895	7.642672375818841
1.433872695E8	0.0	0.0
1.433883795E8	0.0	0.0
1.433894895E8	1.0810810810810811	1.64124760279907
1.433905995E8	0.0	0.0
1.43391709E8	0.0	0.0
1.43392818E8	0.0	0.0
1.43393927E8	0.7971145175834085	1.241018227044118
1.43395036E8	0.0	0.0
1.433961445E8	4.331227436823105	3.5128695830590164
1.433972525E8	0.0	0.0
1.4339836E8	0.0	0.0
1.43399467E8	1.071364046973803	1.8363488380762205
1.43400574E8	0.0	0.0
1.434016805E8	46.24141048824593	28.408843464317734
1.434027865E8	2.7106690777576854	4.688294839181495
1.43403892E8	0.0	0.0
1.43404997E8	0.1411764705882353	0.37573457465108967
1.43406102E8	0.0	0.0
1.43407207E8	0.0	0.0
1.43408312E8	0.0	0.0
1.43409417E8	0.0	0.0
1.43410521E8	0.0	0.0
1.43411624E8	0.271985494106981	0.6052055838562086
1.43412727E8	0.271985494106981	0.5791793988612479
1.434138295E8	0.0	0.0
1.434149315E8	0.0	0.0
1.434160335E8	0.0	0.0
1.43417135E8	2.242506811989101	2.1863668078222736
1.43418236E8	0.2724795640326976	0.6278432150099013
1.43419337E8	0.0	0.0
1.434204375E8	7.356363636363636	10.215407258379152
1.434215375E8	0.0	0.0
1.43422637E8	0.5423111919927207	1.1635970710546932
1.43423736E8	0.0	0.0
1.434248345E8	6.007285974499089	9.580357104964934
1.434259325E8	0.273224043715847	0.5227083734893168
1.434270305E8	0.0	0.0
1.43428128E8	0.0	0.0
1.43429225E8	0.0	0.0
1.43430322E8	0.0	0.0
1.434314185E8	0.0	0.0
1.434325145E8	0.0	0.0
1.434336095E8	1.6279707495429616	3.3868495010793747
1.43434703E8	0.0	0.0
1.434357955E8	0.0	0.0
1.43436887E8	0.0	0.0
1.43437978E8	1.374885426214482	1.9439911886429784
1.434390685E8	0.0	0.0
1.434401585E8	0.0	0.0
1.434412485E8	5.841284403669725	6.278476411920799
1.434423385E8	3.8256880733944953	5.618449294695488
1.434434285E8	0.0	0.0
1.43444518E8	0.0	0.0
1.43445607E8	0.8264462809917356	2.112536370658591
1.434466955E8	0.0	0.0
1.434477835E8	0.4430147058823529	1.019118708088744
1.434488715E8	0.0	0.0
1.434499595E8	4.6875	7.946743691230871
1.43451047E8	0.0	0.0
1.43452134E8	17.95768169273229	14.274642180581084
1.43453221E8	11.57773689052438	8.147501747689954
1.434543075E8	14.31123388581952	7.690969567703696
1.434553935E8	5.961325966850829	7.687436834398897
1.434564795E8	3.314917127071823	2.4919760735972596
1.434575655E8	0.0	0.0
1.434586505E8	0.0	0.0
1.434597345E8	0.2767527675276753	0.5967315651828793
1.434608185E8	0.0	0.0
1.434619025E8	0.0	0.0
1.434629865E8	0.48616236162361626	1.193076583592748
1.4346407E8	0.0	0.0
1.43465153E8	0.2770083102493075	0.6698906348083081
1.43466236E8	468.41089566020315	278.9369660423852
1.434673185E8	0.0	0.0
1.434684005E8	0.0	0.0
1.43469482E8	0.0	0.0
1.43470563E8	8.79185938945421	6.527250215416374
1.434716435E8	0.0	0.0
1.434727235E8	0.27685185185185185	0.6490734136415512
1.434738035E8	4.899074074074074	4.557147418352033
1.43474883E8	0.0	0.0
1.43475962E8	0.0	0.0
1.434770405E8	0.0	0.0
1.434781185E8	0.0	0.0
1.434791965E8	0.0	0.0
1.434802745E8	0.0	0.0
1.43481352E8	0.5571030640668524	1.055559627938519
1.43482429E8	0.0	0.0
1.434835055E8	0.0	0.0
1.434845815E8	0.0	0.0
1.434856575E8	0.0	0.0
1.434867335E8	0.0	0.0
1.43487809E8	0.0	0.0
1.43488884E8	3.1553488372093024	3.6543697958267938
1.43489959E8	19.813023255813953	29.689791527227545
1.43491034E8	0.2567441860465116	0.7034797231834281
1.434921085E8	0.0	0.0
1.434931825E8	13.184357541899441	17.14908882921344
1.434942565E8	0.5586592178770949	1.1086254008138228
1.434953305E8	1.1173184357541899	1.7065979967562919
1.43496404E8	0.4212488350419385	1.0468966253973724
1.434974765E8	143.37313432835822	44.89775906052234
1.434985485E8	0.8395522388059702	1.237625314022967
1.4349962E8	0.0	0.0
1.43500691E8	7.569561157796452	7.838710235189237
1.435017615E8	0.22803738317757008	0.6753330780845406
1.435028315E8	0.0	0.0
1.435039015E8	0.0	0.0
1.43504971E8	0.0	0.0
1.4350604E8	0.0	0.0
1.435071085E8	0.2808988764044944	0.5854029631061695
1.43508176E8	0.0	0.0
1.43509243E8	0.0	0.0
1.4351031E8	0.8022492970946579	1.3861005020152661
1.435113765E8	0.28142589118198874	0.6306731268022636
1.435124415E8	0.9633458646616542	1.7371980724307585
1.435135055E8	0.0	0.0
1.435145695E8	4.406015037593985	4.529767874017519
1.43515633E8	0.0	0.0
1.43516696E8	0.0	0.0
1.43517759E8	4.3198494825964255	4.557358909036692
1.43518822E8	11.287864534336782	9.297578559728224
1.43519885E8	0.0	0.0
1.43520948E8	0.28222013170272814	0.5312439474504421
1.43522011E8	0.0	0.0
1.43523074E8	0.0	0.0
1.435241365E8	67.52824858757062	30.089070536077493
1.435251985E8	0.0	0.0
1.435262605E8	0.2824858757062147	0.668077602989218
1.435273225E8	0.0	0.0
1.435283845E8	0.0	0.0
1.43529446E8	1.0669180018850142	2.4596651956407727
1.435305065E8	0.0	0.0
1.435315665E8	245.79245283018867	214.18559444538872
1.435326265E8	0.0	0.0
1.43533686E8	6.509915014164306	5.2619754151004745
1.43534745E8	0.0	0.0
1.43535804E8	0.0	0.0
1.435368625E8	0.0	0.0
1.435379205E8	4673.411153119093	4038.5662774683697
1.435389785E8	0.2835538752362949	0.5618629557965255
1.435400365E8	8.931001890359168	12.795283571047422
1.43541094E8	0.0	0.0
1.435421505E8	0.5037878787878788	0.9789450103725609
1.435432065E8	1.7140151515151516	3.248397040592996
1.435442625E8	1.4204545454545454	2.6245490233100193
1.435453185E8	0.0	0.0
1.43546374E8	0.0	0.0
1.43547429E8	0.0	0.0
1.43548484E8	0.0	0.0
1.435495385E8	5.684060721062618	5.797418125855354
1.435505925E8	0.0	0.0
1.43551646E8	0.0	0.0
1.43552699E8	3.6666666666666665	3.030707043774635
1.43553752E8	17.071225071225072	20.455984294266884
1.43554805E8	31.049382716049383	43.46006014848762
1.43555858E8	3.1320037986704654	2.6647072573420583
1.435569105E8	0.0	0.0
1.435579625E8	155.15114068441065	221.64624514029305
1.435590145E8	2.852661596958175	4.591900622922766
1.43560066E8	0.0	0.0
1.43561117E8	0.0	0.0
1.43562168E8	1.543292102759277	2.5824187837181785
1.43563219E8	0.0	0.0
1.4356427E8	1.7126546146527117	3.4986744805479257
1.435653205E8	0.0	0.0
1.435663705E8	3.999047619047619	6.876253132546616
1.4356742E8	0.42897998093422307	0.8296231356391877
1.43568469E8	0.0	0.0
1.43569518E8	0.0	0.0
1.43570567E8	0.0	0.0
1.43571616E8	0.22974261201143947	0.4793147316862267
1.435726645E8	0.0	0.0
1.435737125E8	13.312977099236642	11.071807605992895
1.435747605E8	0.0	0.0
1.435758085E8	0.0	0.0
1.435768565E8	10.369274809160306	6.204759931014794
1.43577904E8	2.7468958930276983	4.876703287777518
1.43578951E8	0.0	0.0
1.43579998E8	0.0	0.0
1.43581045E8	0.28653295128939826	0.6868946497024677
1.435820915E8	0.0	0.0
1.43583137E8	0.0	0.0
1.43584182E8	1.1483253588516746	1.4935267019941016
1.43585227E8	1.1483253588516746	1.895600547427305
1.43586272E8	0.0	0.0
1.435873165E8	0.0	0.0
1.435883605E8	3.446360153256705	5.66987738655291
1.435894045E8	4.552681992337165	7.741575572011472
1.43590448E8	0.800575263662512	1.401957267625972
1.43591491E8	1.1505273250239694	1.3899378163318727
1.435925335E8	0.0	0.0
1.435935755E8	0.0	0.0
1.435946175E8	54.31765834932821	51.42531808099281
1.435956595E8	2.121880998080614	2.065854379819169
1.435967015E8	0.0	0.0
1.43597743E8	3.0758885686839577	2.833347459986256
1.43598784E8	0.0	0.0
1.43599825E8	0.0	0.0
1.436008655E8	0.0	0.0
1.436019055E8	0.0	0.0
1.436029455E8	0.0	0.0
1.436039855E8	0.4173076923076923	0.9135728677097327
1.43605025E8	0.7872954764196343	1.5330808401280283
1.43606064E8	3.4398460057747835	2.8438678266740727
1.43607103E8	0.5774783445620789	1.1902717639229707
1.436081415E8	0.0	0.0
1.436091795E8	0.8526011560693642	1.684395113350944
1.436102175E8	0.0	0.0
1.43611255E8	0.0	0.0
1.43612292E8	0.0	0.0
1.43613329E8	0.0	0.0
1.43614366E8	150.5737704918033	61.93223502971839
1.436154025E8	0.0	0.0
1.436164385E8	16.44787644787645	25.728085100418237
1.43617474E8	0.0	0.0
1.43618509E8	0.5545893719806764	1.2166319232680753
1.43619544E8	0.0	0.0
1.43620579E8	0.0	0.0
1.43621614E8	0.2898550724637681	0.6309260121838706
1.43622648E8	0.2904162633107454	0.5389028329028762
1.43623681E8	0.0	0.0
1.43624714E8	0.5208131655372701	1.2584660063961197
1.43625747E8	3.1655372700871247	2.950544275188073
1.436267795E8	0.0	0.0
1.436278115E8	3.35077519379845	2.8076238953934864
1.436288435E8	0.0	0.0
1.43629875E8	0.0	0.0
1.43630906E8	0.0	0.0
1.43631937E8	0.871968962172648	1.8972132301713343
1.436329675E8	9.718446601941748	6.934226355234669
1.436339975E8	0.0	0.0
1.436350275E8	0.0	0.0
1.43636057E8	0.5830903790087464	1.069953633319612
1.43637086E8	0.5830903790087464	1.2312737248161925
1.43638115E8	6059.270165208941	5435.722573853712
1.43639144E8	108.12050534499514	153.88610380605007
1.43640173E8	0.0	0.0
1.43641202E8	0.0	0.0
1.43642231E8	0.0	0.0
1.436432595E8	0.0	0.0
1.436442875E8	0.0	0.0
1.43645315E8	0.0	0.0
1.43646342E8	0.0	0.0
1.43647369E8	0.0	0.0
1.436483955E8	0.0	0.0
1.436494215E8	0.0	0.0
1.43650447E8	0.13170731707317074	0.47472713600397504
1.43651472E8	0.0	0.0
1.43652497E8	0.2926829268292683	0.5410017808004594
1.43653522E8	1.1648780487804877	1.5529672620738566
1.43654546E8	0.0	0.0
1.43655569E8	0.0	0.0
1.436565915E8	0.0	0.0
1.436576135E8	3.224070450097847	4.568033230281386
1.436586355E8	9.406066536203522	11.38530827946241
1.436596575E8	0.0	0.0
1.43660679E8	6.7571008814887366	4.819260248604614
1.436617E8	2.7277179236043096	3.981593300498918
1.43662721E8	0.0	0.0
1.436637415E8	318.14019607843136	224.48695538328033
1.436647615E8	0.0	0.0
1.436657815E8	0.0	0.0
1.43666801E8	0.0	0.0
1.4366782E8	0.0	0.0
1.43668839E8	0.0	0.0
1.43669858E8	0.0	0.0
1.43670877E8	1.704612365063788	2.5567167979820167
1.436718955E8	35.3418467583497	55.10486520225544
1.436729135E8	0.0	0.0
1.436739315E8	0.0	0.0
1.436749495E8	0.0	0.0
1.436759665E8	0.0	0.0
1.436769825E8	0.0	0.0
1.436779985E8	0.7598425196850394	1.7309139181732822
1.43679014E8	0.0	0.0
1.43680029E8	0.0	0.0
1.436810435E8	0.28402366863905326	0.6865860430254299
1.436820575E8	60.42800788954635	73.17466472888964
1.436830715E8	0.0	0.0
1.436840855E8	0.0	0.0
1.436850995E8	0.0	0.0
1.43686113E8	0.5113524185587365	0.9160195448325877
1.43687126E8	0.0	0.0
1.43688139E8	0.0	0.0
1.436891515E8	0.0	0.0
1.436901635E8	0.0	0.0
1.436911755E8	2.016798418972332	2.8477506552481735
1.436921875E8	31.861660079051383	31.34493484937339
1.436931995E8	7.740118577075099	7.646591118349751
1.43694211E8	0.0	0.0
1.43695222E8	17.206726013847675	25.982627537048312
1.43696233E8	0.0	0.0
1.43697244E8	0.29376854599406527	0.6375956319729451
1.436982545E8	13.104950495049504	9.498566853858941
1.436992645E8	0.0	0.0
1.437002745E8	0.594059405940594	1.0369414278311362
1.437012845E8	0.0	0.0
1.437022935E8	0.0	0.0
1.437033015E8	0.0	0.0
1.437043095E8	0.0	0.0
1.43705317E8	0.0	0.0
1.43706324E8	0.0	0.0
1.437073305E8	0.48906560636182905	1.3757340350477874
1.437083365E8	4.738568588469185	5.55766803221121
1.437093425E8	0.0	0.0
1.43710348E8	0.0	0.0
1.43711353E8	0.0	0.0
1.43712358E8	2.527363184079602	3.534619122099078
1.43713363E8	0.0	0.0
1.43714368E8	1.789054726368159	2.446441216719844
1.437153725E8	0.0	0.0
1.437163765E8	0.0	0.0
1.437173805E8	0.0	0.0
1.437183845E8	0.29880478087649404	0.5466303878092528
1.43719388E8	0.0	0.0
1.4372039E8	1.2117882117882117	1.5935684922401483
1.43721391E8	0.8991008991008991	1.642346704354077
1.43722392E8	0.2627372627372627	0.5836602955995385
1.43723393E8	0.0	0.0
1.43724394E8	2.104895104895105	2.1134174851489864
1.437251765E8	8.98581560283688	16.5508029416758
1.437257305E8	0.0	0.0
