#Position (bp)	insert size	chromosomes
179658.5	530.9274001600276	0.0
538974.5	539.9463777973002	35213.36484572273
898290.5	848.4542853306062	0.0
1257606.5	608.5116941058918	0.0
1616922.5	589.0509758398026	35213.36484572273
1976238.5	466.8822367671448	0.0
2335554.5	663.9828225553289	0.0
2694870.5	533.2834333313532	35213.36484572273
3054186.5	605.3868475013538	0.0
3413502.5	452.26035837690733	0.0
3772818.5	812.8296639283047	35213.36484572273
4132134.5	535.6942939736444	0.0
4491450.5	429.4583953844966	0.0
4850766.5	544.2817105797071	35213.36484572273
5210082.5	626.3259788089977	0.0
5569398.5	706.2446572545153	0.0
5928714.5	1185.0335512368695	35213.36484572273
6288030.5	514.8571208041028	0.0
6647346.5	582.4653188655765	0.0
7006662.5	480.77094991275345	35213.36484572273
7365978.5	1268.4538457660444	0.0
7725294.5	524.6606956378137	0.0
8084610.5	721.0391859627847	35213.36484572273
8443926.5	860.0118014556587	0.0
8803242.5	892.5475905058739	0.0
9162558.5	521.9382172081538	35213.36484572273
9521874.5	695.1819474965578	0.0
9881190.5	409.13402171457426	0.0
1.02405065E7	461.10857176966107	35213.36484572273
1.05998225E7	556.6043355504061	0.0
1.09591385E7	515.0978358518739	0.0
1.13184545E7	430.56095746542974	35213.36484572273
1.16777705E7	566.6616890658703	0.0
1.20370865E7	951.9160630398545	0.0
1.23964025E7	2546.7150304914503	35213.36484572273
1.27557185E7	682.3980581067291	0.0
1.31150345E7	500.5624880291132	0.0
1.34743505E7	545.9102211082477	35213.36484572273
1.38336665E7	433.6211778586176	0.0
1.41929825E7	851.3217138276077	0.0
1.45522985E7	1078.6171600082798	35213.36484572273
1.49116145E7	1197.9316535522541	0.0
1.52709305E7	421.03870056497175	0.0
1.56302465E7	703.4208781381552	35213.36484572273
1.59895625E7	472.08197373656986	0.0
1.63488785E7	990.5886465753424	0.0
1.67081945E7	779.8275888604167	35213.36484572273
1.70675105E7	701.4178320769431	0.0
1.74268265E7	680.7105966565488	0.0
1.77861425E7	4404.046194456665	35213.36484572273
1.81454585E7	1471.9947864846579	0.0
1.85047745E7	550.7063785568018	0.0
1.88640905E7	576.448177253993	35213.36484572273
1.92234065E7	619.6462458380125	0.0
1.95827225E7	643.9731473862013	0.0
1.99420385E7	522.9848982818155	35213.36484572273
2.03013545E7	756.5965499442196	0.0
2.06606705E7	1095.0697399767873	0.0
2.10199865E7	947.3275587593461	35213.36484572273
2.13793025E7	1356.070270117939	0.0
2.17386185E7	511.15670003005016	0.0
2.20979345E7	491.70542985524366	35213.36484572273
2.24572505E7	584.8703601404209	0.0
2.28165665E7	1531.1068652243139	0.0
2.31758825E7	979.6982152514873	35213.36484572273
2.34346265E7	356.6055382876519	0.0
2.36142845E7	4477.384196185286	0.0
2.38945145E7	1534.4892455143208	35213.36484572273
2.42538305E7	1150.9604656523743	0.0
2.46131465E7	4609.169435031387	0.0
2.49724625E7	2206.0822111476336	35213.36484572273
2.53317785E7	1090.1832144706962	0.0
2.56910945E7	2585.7313829787236	0.0
2.60504105E7	11724.220101285548	35213.36484572273
2.64097265E7	3734.8018115942027	0.0
2.67690425E7	5564.715161839864	0.0
2.71283585E7	1308.2242708848246	35213.36484572273
2.74876745E7	3585.331548616504	0.0
2.78469905E7	6748.958947173765	0.0
2.82063065E7	667.6492917455389	35213.36484572273
2.85656225E7	832.9402678144429	0.0
2.89249385E7	1060.6572171899043	0.0
2.92842545E7	570.1320780234071	35213.36484572273
2.96435705E7	662.4307013149655	0.0
3.00028865E7	775.7669149848751	0.0
3.03622025E7	930.9318275924536	35213.36484572273
3.07215185E7	514.7152138157895	0.0
3.10808345E7	562.9412503320214	0.0
3.14401505E7	423.39789108382274	35213.36484572273
3.17994665E7	515.1319233295225	0.0
3.21587825E7	639.9891910175149	0.0
3.25180985E7	417.5846382010071	35213.36484572273
3.28774145E7	574.8719181149842	0.0
3.32367305E7	441.67636253913173	0.0
3.35960465E7	744.7254634019373	35213.36484572273
3.39553625E7	1666.5307281769296	0.0
3.43146785E7	516.1307630239007	0.0
3.46739945E7	762.6447263914629	35213.36484572273
3.50333105E7	968.7210863792396	0.0
3.53926265E7	441.38561660023004	0.0
3.57519425E7	1150.8144317330448	35213.36484572273
3.61112585E7	578.1727244019486	0.0
3.64705745E7	470.9760196413148	0.0
3.68298905E7	582.7543702836532	35213.36484572273
3.71892065E7	681.4345829671894	0.0
3.75485225E7	999.0487766715991	0.0
3.79078385E7	539.8292066727315	35213.36484572273
3.82671545E7	401.4146033897029	0.0
3.86264705E7	718.9588551642846	0.0
3.89857865E7	447.2744450768355	35213.36484572273
3.93451025E7	689.8408660660775	0.0
3.97044185E7	698.6477631457556	0.0
4.00637345E7	503.4572532631597	35213.36484572273
4.04230505E7	437.3791970536998	0.0
4.07823665E7	962.8950484515233	0.0
4.11416825E7	434.02409574155337	35213.36484572273
4.15009985E7	521.0702547015304	0.0
4.18603145E7	571.0286010970902	0.0
4.22196305E7	805.2707275045001	35213.36484572273
4.25789465E7	825.5506081946223	0.0
4.29382625E7	786.1637492570599	0.0
4.32975785E7	517.8131537155687	35213.36484572273
4.36568945E7	412.76958822861684	0.0
4.40162105E7	933.0124075604547	0.0
4.43755265E7	512.3372279879478	35213.36484572273
4.47348425E7	960.8156219504409	0.0
4.50941585E7	883.9816367702105	0.0
4.54534745E7	814.5657364090982	35213.36484572273
4.58127905E7	733.1243552366001	0.0
4.61721065E7	683.9286645263967	0.0
4.65314225E7	582.4053635870899	35213.36484572273
4.68907385E7	606.6638451882641	0.0
4.72500545E7	534.2721203402994	0.0
4.76093705E7	604.0202451302255	35213.36484572273
4.79686865E7	621.4050709346492	0.0
4.83280025E7	440.8861782735851	0.0
4.86541545E7	1406.6090384283991	35213.36484572273
4.88338125E7	3869.1384615384613	0.0
4.90466345E7	480.410336446336	0.0
4.94059505E7	876.0758278287418	35213.36484572273
4.97652665E7	634.604639319899	0.0
5.01245825E7	602.0362172891399	0.0
5.04838985E7	506.7887086447458	35213.36484572273
5.08432145E7	514.9903883121876	0.0
5.12025305E7	1026.470860097133	0.0
5.15618465E7	473.94706079977175	35213.36484572273
5.19211625E7	508.960982567724	0.0
5.22804785E7	1213.7196954238398	0.0
5.26397945E7	633.8850784219017	35213.36484572273
5.29991105E7	756.3545160661677	0.0
5.33584265E7	837.331135233844	0.0
5.37177425E7	439.14200779727094	35213.36484572273
5.40770585E7	818.5667927203971	0.0
5.44363745E7	629.8399392773513	0.0
5.47956905E7	542.8224166083509	35213.36484572273
5.51550065E7	599.8935655253837	0.0
5.55143225E7	620.1838955773301	0.0
5.58736385E7	569.8745067718887	35213.36484572273
5.62329545E7	485.0567086504514	0.0
5.65922705E7	909.977996426034	0.0
5.69515865E7	571.7702780789012	35213.36484572273
5.73109025E7	569.81711760707	0.0
5.76702185E7	435.86370670468773	0.0
5.80295345E7	740.6001221772834	35213.36484572273
5.83888505E7	676.8976069985691	0.0
5.87481665E7	554.3922568051188	0.0
5.91074825E7	1491.0448224565034	35213.36484572273
5.94667985E7	391.0382172155653	0.0
5.98261145E7	494.04752329416283	0.0
6.01854305E7	1086.430196814244	35213.36484572273
6.05447465E7	567.1985310860371	0.0
6.09040625E7	602.6449614599019	0.0
6.12633785E7	604.5173030897605	35213.36484572273
6.16226945E7	655.2474372569812	0.0
6.19820105E7	754.1482699007256	0.0
6.23413265E7	599.4652103902707	35213.36484572273
6.27006425E7	493.02874995562183	0.0
6.30599585E7	1266.303902246748	0.0
6.34192745E7	616.8792245050238	35213.36484572273
6.37785905E7	658.2192561595903	0.0
6.41379065E7	437.8065647018388	0.0
6.44972225E7	509.8610539885209	35213.36484572273
6.48565385E7	565.4255469352178	0.0
6.52158545E7	663.9501123698925	0.0
6.55751705E7	754.5796834974668	35213.36484572273
6.59344865E7	816.1387181230382	0.0
6.62938025E7	655.0764392578833	0.0
6.66531185E7	512.6181932757535	35213.36484572273
6.70124345E7	656.0793650793651	0.0
6.73717505E7	517.6698636185243	0.0
6.77310665E7	536.5749392762399	35213.36484572273
6.80903825E7	701.9886998985586	0.0
6.84496985E7	467.37320511347787	0.0
6.88090145E7	616.0283687107382	35213.36484572273
6.91683305E7	593.1241888913037	0.0
6.95276465E7	576.3738083442178	0.0
6.98869625E7	595.9725475902517	35213.36484572273
7.02462785E7	499.6464641761772	0.0
7.06055945E7	659.035497165236	0.0
7.09649105E7	369.7805585796164	35213.36484572273
7.13242265E7	1023.5461754924534	0.0
7.16835425E7	708.1755230790981	0.0
7.20428585E7	722.281465447074	35213.36484572273
7.24021745E7	10103.060657021078	0.0
7.27614905E7	1518.916516440269	0.0
7.31208065E7	1458.9528722157092	35213.36484572273
7.34801225E7	1800.8495726495726	0.0
7.38394385E7	689.9294068504595	0.0
7.41987545E7	2385.028661827657	35213.36484572273
7.45580705E7	21885.265545878065	0.0
7.49173865E7	6518.128276287388	0.0
7.52767025E7	3624.4517162471398	35213.36484572273
7.56360185E7	7039.181219110379	0.0
7.59953345E7	2130.47318737684	0.0
7.63546505E7	13728.438190954774	35213.36484572273
7.67139665E7	1576.2200125601842	0.0
7.690225E7	308.6756756756757	0.0
7.7081908E7	2423.6883780332055	35213.36484572273
7.74325985E7	8714.819581280788	0.0
7.77919145E7	1182.9033942558747	0.0
7.81512305E7	4799.163069544365	35213.36484572273
7.85105465E7	1730.515895147797	0.0
7.88698625E7	3361.035827664399	0.0
7.92291785E7	3000.884990253411	35213.36484572273
7.95884945E7	1706.170297029703	0.0
7.99478105E7	1481.0208972392638	0.0
8.03071265E7	11672.387596351036	35213.36484572273
8.06664425E7	2774.5908626444743	0.0
8.10257585E7	604.5903742122581	0.0
8.13850745E7	439.77703780984154	35213.36484572273
8.17443905E7	680.6214297015329	0.0
8.21037065E7	1063.1634408383768	0.0
8.24630225E7	573.2569522985408	35213.36484572273
8.28223385E7	623.4437377416643	0.0
8.31816545E7	732.5927143164297	0.0
8.35409705E7	428.7309323043209	35213.36484572273
8.39002865E7	461.58655931343145	0.0
8.42596025E7	567.6626229908941	0.0
8.46189185E7	536.4384643583164	35213.36484572273
8.49782345E7	646.5617275390456	0.0
8.53375505E7	403.4954213592555	0.0
8.56968665E7	565.7687461204221	35213.36484572273
8.60561825E7	839.5965977966937	0.0
8.64154985E7	528.3026803910183	0.0
8.67748145E7	480.6257743424896	35213.36484572273
8.71341305E7	627.9652972417338	0.0
8.74934465E7	455.5314471277668	0.0
8.78527625E7	531.9791053438912	35213.36484572273
8.82120785E7	520.2137242843828	0.0
8.85713945E7	1848.118238339724	0.0
8.89307105E7	2221.5371982378856	35213.36484572273
8.92900265E7	454.4249403504923	0.0
8.96493425E7	535.8059003603767	0.0
9.00086585E7	905.2863060906155	35213.36484572273
9.03679745E7	730.0456771321462	0.0
9.07272905E7	716.3886671093369	0.0
9.10866065E7	440.9980411689366	35213.36484572273
9.14459225E7	520.7806400790105	0.0
9.18052385E7	710.4450520015517	0.0
9.21645545E7	589.7648607155336	35213.36484572273
9.25238705E7	465.03393744776315	0.0
9.28831865E7	440.6817434349227	0.0
9.32425025E7	706.4931479626715	35213.36484572273
9.36018185E7	813.9700063045782	0.0
9.39611345E7	590.5465569601631	0.0
9.43204505E7	526.0553954105823	35213.36484572273
9.46797665E7	624.8703424098853	0.0
9.50390825E7	1176.2496724722564	0.0
9.53983985E7	971.2109532838094	35213.36484572273
9.57577145E7	574.3402122267976	0.0
9.61170305E7	721.7609341357037	0.0
9.64763465E7	902.1570762052877	35213.36484572273
9.68356625E7	804.0279665053777	0.0
9.71949785E7	813.0781055480379	0.0
9.75542945E7	642.2718312689043	35213.36484572273
9.79136105E7	793.878760907068	0.0
9.82729265E7	813.473830679379	0.0
9.86322425E7	993.2537442189259	35213.36484572273
9.89915585E7	829.5581566385436	0.0
9.93508745E7	541.2674807692308	0.0
9.97101905E7	690.5680886394028	35213.36484572273
1.000695065E8	682.5773671764942	0.0
1.004288225E8	418.0635472211687	0.0
1.007881385E8	496.782200347307	35213.36484572273
1.011474545E8	582.8006374861961	0.0
1.015067705E8	601.9141181198805	0.0
1.018660865E8	412.51094204097063	35213.36484572273
1.022254025E8	670.809230813499	0.0
1.025847185E8	529.7349444406572	0.0
1.029440345E8	504.8470483980913	35213.36484572273
1.033033505E8	1408.3590453025236	0.0
1.036626665E8	856.2659700655624	0.0
1.040219825E8	525.3133221736823	35213.36484572273
1.043812985E8	708.4369676752967	0.0
1.047406145E8	440.1537992161403	0.0
1.050999305E8	517.3456716019741	35213.36484572273
1.054592465E8	784.3314628133955	0.0
1.058185625E8	855.5965488650053	0.0
1.061778785E8	440.96747233440294	35213.36484572273
1.065371945E8	530.9595202026474	0.0
1.068965105E8	711.1708271589807	0.0
1.072558265E8	808.0065963417337	35213.36484572273
1.076151425E8	1103.348012350444	0.0
1.079744585E8	713.8145646701	0.0
1.083337745E8	706.4395448550632	35213.36484572273
1.086930905E8	1020.6831112556849	0.0
1.089314775E8	524.8132642690883	0.0
1.091111355E8	495.2043379749823	35213.36484572273
1.094117225E8	940.8053131461816	0.0
1.097710385E8	721.9596894130668	0.0
1.101303545E8	698.4933248902006	35213.36484572273
1.10324175E8	438.6505617977528	0.0
1.10503833E8	1244.4932727313842	0.0
1.108489865E8	481.1121788573566	35213.36484572273
1.112083025E8	618.1167417601254	0.0
1.115676185E8	708.0791375028223	0.0
1.119269345E8	507.19091045414405	35213.36484572273
1.122862505E8	564.5606417342617	0.0
1.126455665E8	546.6881041817768	0.0
1.130048825E8	1105.771335071274	35213.36484572273
1.133641985E8	1191.3313988739715	0.0
1.137235145E8	907.9008243122455	0.0
1.140828305E8	979.7833358697306	35213.36484572273
1.144421465E8	1061.1890194272935	0.0
1.148014625E8	901.8277060353331	0.0
1.151607785E8	1062.6365838058039	35213.36484572273
1.155200945E8	558.4182928338628	0.0
1.158794105E8	550.9709299499295	0.0
1.162387265E8	507.31449234235396	35213.36484572273
1.165980425E8	628.8604844166954	0.0
1.169573585E8	667.0687891961231	0.0
1.173166745E8	595.6783383733886	35213.36484572273
1.176759905E8	673.2184364137207	0.0
1.180353065E8	461.1025229692285	0.0
1.183946225E8	582.9241042574764	35213.36484572273
1.187539385E8	746.3329413117102	0.0
1.191132545E8	1335.2275125992771	0.0
1.194725705E8	684.5602663683677	35213.36484572273
1.198318865E8	454.09979864082555	0.0
1.201912025E8	541.9255505390215	0.0
1.205505185E8	1269.7900979984108	35213.36484572273
1.209098345E8	731.5831707749601	0.0
1.212691505E8	820.5808742700773	0.0
1.216284665E8	575.6734794768214	35213.36484572273
1.219877825E8	593.2077652133199	0.0
1.223470985E8	408.80971761948564	0.0
1.227064145E8	1325.0486691276471	35213.36484572273
1.230657305E8	1112.4713396513741	0.0
1.234250465E8	509.856097490709	0.0
1.237843625E8	748.7459694060948	35213.36484572273
1.241436785E8	843.7014831479114	0.0
1.245029945E8	938.7690324605452	0.0
1.248623105E8	1351.5468345813479	35213.36484572273
1.252216265E8	2083.680877910756	0.0
1.255809425E8	457.63416104146575	0.0
1.259402585E8	427.7764899652291	35213.36484572273
1.262995745E8	512.874147785423	0.0
1.266588905E8	639.9189830937758	0.0
1.270182065E8	543.8206697024467	35213.36484572273
1.273775225E8	1040.7011274831475	0.0
1.277368385E8	638.6724007604737	0.0
1.280961545E8	611.0468963476717	35213.36484572273
1.284554705E8	815.860462377831	0.0
1.288147865E8	560.5093256989705	0.0
1.291741025E8	971.3418363305078	35213.36484572273
1.295334185E8	657.4752695238542	0.0
1.298927345E8	419.8340120769555	0.0
1.302520505E8	672.2247506182675	35213.36484572273
1.306113665E8	631.5793471284042	0.0
1.309706825E8	601.4587478057343	0.0
1.313299985E8	885.0398094335387	35213.36484572273
1.316893145E8	926.5441984924956	0.0
1.320486305E8	644.2165532462756	0.0
1.324079465E8	2239.349364289663	35213.36484572273
1.327672625E8	598.3738139523933	0.0
1.331265785E8	866.4989394681024	0.0
1.334858945E8	529.899313087491	35213.36484572273
1.337730805E8	581.2766990291262	0.0
1.339527385E8	2666.171014492754	0.0
1.342045265E8	9224.163655407174	35213.36484572273
1.345638425E8	35213.36484572273	0.0
1.349231585E8	15288.714638548494	0.0
1.352824745E8	2192.7309656453112	35213.36484572273
1.356417905E8	1618.2180123471735	0.0
1.360011065E8	7058.802261306532	0.0
1.363604225E8	5547.944555620954	35213.36484572273
1.367197385E8	2397.3535243920487	0.0
1.370790545E8	815.6675397504995	0.0
1.374033365E8	495.58720800889876	35213.36484572273
1.375577225E8	277.74824635720745	0.0
1.375927565E8	511.42371475953564	0.0
1.376371405E8	625.9350649350649	35213.36484572273
1.37699935E8	334.0691699604743	0.0
1.37786751E8	290.17310252996003	0.0
1.37868371E8	350.0358773646445	35213.36484572273
1.37942101E8	300.9115853658537	0.0
1.37980213E8	330.1732283464567	0.0
1.38019627E8	327.34328358208955	35213.36484572273
1.38089538E8	515.3083003952569	0.0
1.38156123E8	458.2453795848735	0.0
1.382206275E8	646.0147058823529	35213.36484572273
1.38280805E8	316.0388349514563	0.0
1.38323179E8	228.5	0.0
1.383484915E8	336.0	35213.36484572273
1.38384028E8	369.6343490304709	0.0
1.384312265E8	1369.8484848484848	0.0
1.384772795E8	690.0376344086021	35213.36484572273
1.38522045E8	517.1061320754717	0.0
1.385663025E8	286.6748417721519	0.0
1.38610046E8	1694.3061224489795	35213.36484572273
1.38651258E8	900.7142857142857	0.0
1.386833775E8	603.130081300813	0.0
1.387019305E8	365.8965517241379	35213.36484572273
1.38726341E8	0.0	0.0
1.387630385E8	529.14	0.0
1.3879854E8	515.1248211048564	35213.36484572273
1.3883298E8	273.9066666666667	0.0
1.388668195E8	0.0	0.0
1.389001375E8	1377.611111111111	35213.36484572273
1.389325255E8	280.99589533093894	0.0
1.38963047E8	1256.3	0.0
1.38991991E8	259.2758620689655	35213.36484572273
1.390198715E8	225.85714285714286	0.0
1.39044446E8	297.550505050505	0.0
1.390581695E8	138.0	35213.36484572273
1.39074104E8	286.6	0.0
1.391000815E8	295.12820512820514	0.0
1.39125904E8	1202.0632911392406	35213.36484572273
1.391516555E8	279.34328358208955	0.0
1.391772845E8	289.43275552898984	0.0
1.39202833E8	332.3787878787879	35213.36484572273
1.39227853E8	0.0	0.0
1.392522945E8	360.44368600682594	0.0
1.392761035E8	0.0	35213.36484572273
1.392991635E8	0.0	0.0
1.393219065E8	268.8888888888889	0.0
1.39344169E8	271.10449574726607	35213.36484572273
1.393656665E8	0.0	0.0
1.39386585E8	651.8427561837456	0.0
1.394057875E8	341.0	35213.36484572273
1.394157655E8	0.0	0.0
1.39426072E8	2401.4375	0.0
1.394433E8	291.0	35213.36484572273
1.394591395E8	270.2	0.0
1.39474609E8	0.0	0.0
1.394898515E8	192.7	35213.36484572273
1.39504877E8	318.6849315068493	0.0
1.39519712E8	266.6666666666667	0.0
1.39534307E8	0.0	35213.36484572273
1.39548658E8	336.6666666666667	0.0
1.395628065E8	406.3636363636364	0.0
1.395768695E8	325.0	35213.36484572273
1.395908865E8	0.0	0.0
1.396048595E8	0.0	0.0
1.39618797E8	208.0	35213.36484572273
1.396327175E8	273.14285714285717	0.0
1.39646447E8	331.0	0.0
1.39659998E8	284.51485148514854	35213.36484572273
1.39673523E8	0.0	0.0
1.39687001E8	285.9166666666667	0.0
1.39700456E8	258.0	35213.36484572273
1.397138915E8	0.0	0.0
1.397272965E8	0.0	0.0
1.39740652E8	287.57142857142856	35213.36484572273
1.397539385E8	0.0	0.0
1.397671835E8	0.0	0.0
1.397738625E8	0.0	35213.36484572273
1.39780441E8	278.20512820512823	0.0
1.397935115E8	325.5	0.0
1.39806605E8	226.0	35213.36484572273
1.398195725E8	292.1865284974093	0.0
1.398324245E8	0.0	0.0
1.39845262E8	239.57142857142858	35213.36484572273
1.398580325E8	267.3333333333333	0.0
1.3987073E8	323.0	0.0
1.398833975E8	199.0	35213.36484572273
1.398960405E8	352.48387096774195	0.0
1.399086725E8	0.0	0.0
1.399212565E8	264.57142857142856	35213.36484572273
1.39933781E8	393.4948918269231	0.0
1.39946267E8	279.5	0.0
1.399587085E8	307.90909090909093	35213.36484572273
1.399711325E8	0.0	0.0
1.39983544E8	261.75	0.0
1.399959275E8	289.8141592920354	35213.36484572273
1.400082885E8	271.5	0.0
1.40020559E8	0.0	0.0
1.400327265E8	0.0	35213.36484572273
1.400448715E8	0.0	0.0
1.4005699E8	0.0	0.0
1.400690545E8	0.0	35213.36484572273
1.40081085E8	286.3333333333333	0.0
1.400930995E8	222.0	0.0
1.40105101E8	342.0	35213.36484572273
1.40117094E8	273.625	0.0
1.401281635E8	0.0	0.0
1.40134155E8	0.0	35213.36484572273
1.401410485E8	270.08284023668637	0.0
1.40153003E8	273.0	0.0
1.40164882E8	0.0	35213.36484572273
1.40176667E8	316.75	0.0
1.4018842E8	402.00291545189503	0.0
1.40200076E8	255.76666666666668	35213.36484572273
1.402116215E8	0.0	0.0
1.402231315E8	270.5	0.0
1.402345955E8	365.0	35213.36484572273
1.402459205E8	269.4	0.0
1.402571045E8	0.0	0.0
1.402682415E8	0.0	35213.36484572273
1.4027885E8	298.9831460674157	0.0
1.40288828E8	236.0	0.0
1.402984445E8	0.0	35213.36484572273
1.40307799E8	0.0	0.0
1.403166425E8	231.83333333333334	0.0
1.40324819E8	0.0	35213.36484572273
1.403326835E8	217.5	0.0
1.403402015E8	0.0	0.0
1.4034742E8	0.0	35213.36484572273
1.40354483E8	299.0	0.0
1.403614525E8	282.4954128440367	0.0
1.403683705E8	281.60135135135135	35213.36484572273
1.403752505E8	275.6	0.0
1.403821105E8	0.0	0.0
1.40388953E8	267.3	35213.36484572273
1.403957145E8	0.0	0.0
1.404023365E8	372.4	0.0
1.404088075E8	0.0	35213.36484572273
1.404151525E8	221.5	0.0
1.40421418E8	298.6	0.0
1.40427633E8	281.7672955974843	35213.36484572273
1.404337675E8	285.5	0.0
1.404398365E8	0.0	0.0
1.40445888E8	277.35	35213.36484572273
1.404519085E8	0.0	0.0
1.404579005E8	295.0	0.0
1.404638765E8	246.78947368421052	35213.36484572273
1.404698365E8	308.9375	0.0
1.4047577E8	260.14285714285717	0.0
1.40481673E8	262.04384485666105	35213.36484572273
1.404875345E8	0.0	0.0
1.404915035E8	0.0	0.0
1.404943895E8	0.0	35213.36484572273
1.404990715E8	0.0	0.0
1.405047025E8	343.4833617087138	0.0
1.40510262E8	0.0	35213.36484572273
1.405157995E8	327.7647058823529	0.0
1.40521292E8	278.4375	0.0
1.40526756E8	310.21941992433796	35213.36484572273
1.40532181E8	0.0	0.0
1.40537566E8	277.5764075067024	0.0
1.405429375E8	282.0	35213.36484572273
1.405482795E8	0.0	0.0
1.40553603E8	207.0	0.0
1.405589225E8	266.6666666666667	35213.36484572273
1.40564221E8	0.0	0.0
1.405694775E8	276.8	0.0
1.40574688E8	0.0	35213.36484572273
1.405798735E8	274.85714285714283	0.0
1.405850135E8	237.5	0.0
1.40590093E8	0.0	35213.36484572273
1.405951535E8	0.0	0.0
1.40600212E8	0.0	0.0
1.406052535E8	0.0	35213.36484572273
1.406102665E8	247.2173913043478	0.0
1.406152645E8	360.0	0.0
1.406202595E8	351.3333333333333	35213.36484572273
1.406252495E8	0.0	0.0
1.40630226E8	0.0	0.0
1.40635179E8	0.0	35213.36484572273
1.40640115E8	0.0	0.0
1.4064504E8	0.0	0.0
1.4064995E8	295.9594594594595	35213.36484572273
1.406548455E8	0.0	0.0
1.40659729E8	265.6857142857143	0.0
1.40664601E8	306.75	35213.36484572273
1.406694435E8	0.0	0.0
1.40674261E8	0.0	0.0
1.40679061E8	323.63157894736844	35213.36484572273
1.40683806E8	0.0	0.0
1.40688509E8	0.0	0.0
1.406931635E8	0.0	35213.36484572273
1.40697758E8	0.0	0.0
1.40702335E8	0.0	0.0
1.40706898E8	0.0	35213.36484572273
1.40711432E8	0.0	0.0
1.40715925E8	360.6333333333333	0.0
1.40720393E8	297.3333333333333	35213.36484572273
1.407248515E8	0.0	0.0
1.407292955E8	0.0	0.0
1.407337135E8	0.0	35213.36484572273
1.40738111E8	0.0	0.0
1.40742499E8	0.0	0.0
1.407468785E8	0.0	35213.36484572273
1.40751256E8	232.0	0.0
1.407556295E8	0.0	0.0
1.40759995E8	270.5	35213.36484572273
1.407643435E8	0.0	0.0
1.407686665E8	288.3382352941176	0.0
1.407729765E8	265.3181818181818	35213.36484572273
1.40777284E8	0.0	0.0
1.40781584E8	290.99570262140094	0.0
1.40785876E8	320.86224489795916	35213.36484572273
1.40790157E8	0.0	0.0
1.407944295E8	299.7142857142857	0.0
1.407986935E8	0.0	35213.36484572273
1.40802937E8	240.0	0.0
1.40807165E8	224.0	0.0
1.408113885E8	0.0	35213.36484572273
1.408156105E8	266.0	0.0
1.408198225E8	509.82954545454544	0.0
1.40824022E8	281.22222222222223	35213.36484572273
1.408282145E8	336.6842105263158	0.0
1.408324E8	372.0	0.0
1.408365825E8	0.0	35213.36484572273
1.40840755E8	0.0	0.0
1.408449115E8	212.0	0.0
1.40849054E8	0.0	35213.36484572273
1.40851497E8	0.0	0.0
1.408535395E8	0.0	0.0
1.40857247E8	0.0	35213.36484572273
1.408613235E8	292.0	0.0
1.40865389E8	322.66315789473686	0.0
1.408694335E8	0.0	35213.36484572273
1.40873455E8	270.0	0.0
1.408774675E8	0.0	0.0
1.408814765E8	246.0	35213.36484572273
1.40885475E8	282.4	0.0
1.408894625E8	284.5	0.0
1.408934395E8	305.6	35213.36484572273
1.408974065E8	307.2857142857143	0.0
1.409013685E8	415.25	0.0
1.409053235E8	304.6201342281879	35213.36484572273
1.40909269E8	0.0	0.0
1.409132055E8	286.0	0.0
1.409171345E8	290.0	35213.36484572273
1.409210595E8	232.5	0.0
1.40924982E8	0.0	0.0
1.40928899E8	0.0	35213.36484572273
1.40932812E8	0.0	0.0
1.409367215E8	276.57142857142856	0.0
1.4094061E8	346.0	35213.36484572273
1.409444775E8	269.2916666666667	0.0
1.409483385E8	303.9872241579559	0.0
1.409521765E8	0.0	35213.36484572273
1.40955989E8	305.5064935064935	0.0
1.409597955E8	0.0	0.0
1.409636015E8	312.5	35213.36484572273
1.40967392E8	0.0	0.0
1.40971157E8	294.57142857142856	0.0
1.40974907E8	0.0	35213.36484572273
1.40978648E8	0.0	0.0
1.409823815E8	247.5	0.0
1.40986105E8	216.25	35213.36484572273
1.409898215E8	321.2857142857143	0.0
1.40993536E8	0.0	0.0
1.409972465E8	0.0	35213.36484572273
1.41000941E8	0.0	0.0
1.410046115E8	259.4	0.0
1.410082665E8	248.0	35213.36484572273
1.41011916E8	316.0	0.0
1.410155645E8	0.0	0.0
1.410192115E8	235.0	35213.36484572273
1.410228535E8	252.375	0.0
1.410264835E8	181.0	0.0
1.410301055E8	0.0	35213.36484572273
1.41033718E8	255.5	0.0
1.41037321E8	238.0	0.0
1.410409235E8	0.0	35213.36484572273
1.41044521E8	0.0	0.0
1.410481085E8	0.0	0.0
1.410516865E8	0.0	35213.36484572273
1.41055252E8	308.0	0.0
1.410588075E8	335.57142857142856	0.0
1.41062361E8	223.0	35213.36484572273
1.41065914E8	0.0	0.0
1.41069467E8	280.37142857142857	0.0
1.41073012E8	283.3103448275862	35213.36484572273
1.41076544E8	374.0	0.0
1.41080071E8	0.0	0.0
1.41083596E8	0.0	35213.36484572273
1.41087117E8	0.0	0.0
1.41090628E8	0.0	0.0
1.410941305E8	292.56674660271784	35213.36484572273
1.41097631E8	294.21276595744683	0.0
1.411011295E8	0.0	0.0
1.411046235E8	242.66666666666666	35213.36484572273
1.411081075E8	0.0	0.0
1.41111585E8	298.0	0.0
1.4111506E8	0.0	35213.36484572273
1.411185295E8	283.9655172413793	0.0
1.41121994E8	0.0	0.0
1.411254545E8	345.98319327731093	35213.36484572273
1.411289005E8	213.33333333333334	0.0
1.411323185E8	0.0	0.0
1.411357175E8	0.0	35213.36484572273
1.4113911E8	222.0	0.0
1.411424975E8	0.0	0.0
1.41145878E8	258.3333333333333	35213.36484572273
1.411492525E8	304.5660998354361	0.0
1.41152626E8	280.0	0.0
1.41155995E8	0.0	35213.36484572273
1.411593515E8	0.0	0.0
1.41162699E8	454.0	0.0
1.41166043E8	245.0	35213.36484572273
1.4116937E8	0.0	0.0
1.411726805E8	0.0	0.0
1.411759855E8	0.0	35213.36484572273
1.41179286E8	0.0	0.0
1.411825805E8	0.0	0.0
1.411858675E8	297.6842105263158	35213.36484572273
1.41189148E8	0.0	0.0
1.41192424E8	246.25	0.0
1.411956955E8	0.0	35213.36484572273
1.411989605E8	253.22222222222223	0.0
1.41202221E8	164.0	0.0
1.4120548E8	319.65613718411555	35213.36484572273
1.412087365E8	0.0	0.0
1.41210776E8	0.0	0.0
1.41212402E8	0.0	35213.36484572273
1.412152325E8	0.0	0.0
1.41218463E8	230.0	0.0
1.41221688E8	266.4	35213.36484572273
1.412249085E8	272.9130434782609	0.0
1.41228124E8	315.3157894736842	0.0
1.41231335E8	0.0	35213.36484572273
1.412345425E8	0.0	0.0
1.41237746E8	0.0	0.0
1.41240947E8	379.0	35213.36484572273
1.41244146E8	0.0	0.0
1.412473425E8	493.9	0.0
1.41250538E8	278.8079785650491	35213.36484572273
1.412537305E8	284.79745137491614	0.0
1.412569125E8	0.0	0.0
1.41260086E8	0.0	35213.36484572273
1.41263258E8	277.0	0.0
1.412664245E8	0.0	0.0
1.41269585E8	0.0	35213.36484572273
1.41272743E8	0.0	0.0
1.412758995E8	0.0	0.0
1.412790545E8	290.8048780487805	35213.36484572273
1.412822035E8	0.0	0.0
1.4128534E8	318.1656050955414	0.0
1.41288466E8	0.0	35213.36484572273
1.41291589E8	0.0	0.0
1.412947105E8	0.0	0.0
1.412978215E8	319.40909090909093	35213.36484572273
1.413009225E8	0.0	0.0
1.413040225E8	238.0	0.0
1.41307117E8	0.0	35213.36484572273
1.41310204E8	263.90625	0.0
1.413132865E8	136.0	0.0
1.413163665E8	68.8	35213.36484572273
1.41319445E8	277.70454545454544	0.0
1.413225215E8	248.4	0.0
1.41325596E8	0.0	35213.36484572273
1.41328669E8	280.63157894736844	0.0
1.41331738E8	0.0	0.0
1.413348E8	0.0	35213.36484572273
1.413378585E8	270.02645502645504	0.0
1.413409105E8	340.375	0.0
1.413439555E8	0.0	35213.36484572273
1.41346999E8	0.0	0.0
1.41350033E8	0.0	0.0
1.413530575E8	0.0	35213.36484572273
1.41356076E8	0.0	0.0
1.413590875E8	0.0	0.0
1.41362097E8	0.0	35213.36484572273
1.413651025E8	0.0	0.0
1.41368103E8	0.0	0.0
1.41371102E8	254.8125	35213.36484572273
1.413740995E8	221.8	0.0
1.41377093E8	130.0	0.0
1.413800805E8	280.75	35213.36484572273
1.413830635E8	291.375	0.0
1.413860455E8	290.6666666666667	0.0
1.41389022E8	295.0	35213.36484572273
1.413919895E8	0.0	0.0
1.4139495E8	0.0	0.0
1.413979065E8	0.0	35213.36484572273
1.41400857E8	0.0	0.0
1.41403801E8	0.0	0.0
1.41406741E8	310.0	35213.36484572273
1.41409678E8	0.0	0.0
1.414126105E8	0.0	0.0
1.41415538E8	288.9247311827957	35213.36484572273
1.414184645E8	0.0	0.0
1.414213895E8	155.0	0.0
1.414243125E8	314.0047393364929	35213.36484572273
1.414272345E8	294.0933333333333	0.0
1.41430155E8	0.0	0.0
1.414330725E8	0.0	35213.36484572273
1.414359875E8	262.7368421052632	0.0
1.414389E8	238.1904761904762	0.0
1.414418105E8	357.0	35213.36484572273
1.41444718E8	279.3666666666667	0.0
1.414476225E8	275.65671641791045	0.0
1.41450526E8	0.0	35213.36484572273
1.41453427E8	330.42734806629835	0.0
1.41456323E8	0.0	0.0
1.41459214E8	255.25	35213.36484572273
1.414621005E8	297.04761904761904	0.0
1.414649835E8	318.6971383147854	0.0
1.414678655E8	228.0	35213.36484572273
1.414707475E8	256.0	0.0
1.41473629E8	334.6666666666667	0.0
1.41476508E8	0.0	35213.36484572273
1.414793845E8	259.875	0.0
1.41482258E8	394.0	0.0
1.414851235E8	0.0	35213.36484572273
1.414879835E8	218.0	0.0
1.414908425E8	0.0	0.0
1.41493699E8	318.5	35213.36484572273
1.41496551E8	307.4358156028369	0.0
1.414993995E8	58.0	0.0
1.415022465E8	0.0	35213.36484572273
1.415050915E8	0.0	0.0
1.41507934E8	0.0	0.0
1.415107725E8	268.0	35213.36484572273
1.415136075E8	0.0	0.0
1.41516441E8	301.0	0.0
1.415192725E8	0.0	35213.36484572273
1.41522102E8	0.0	0.0
1.415249305E8	850.2307692307693	0.0
1.41527757E8	273.54545454545456	35213.36484572273
1.41530581E8	0.0	0.0
1.415334035E8	0.0	0.0
1.415362255E8	0.0	35213.36484572273
1.415390465E8	0.0	0.0
1.41541866E8	227.0	0.0
1.41544683E8	304.0857142857143	35213.36484572273
1.415474975E8	0.0	0.0
1.4155031E8	0.0	0.0
1.415531175E8	312.0	35213.36484572273
1.41555919E8	308.35714285714283	0.0
1.415587165E8	0.0	0.0
1.41561512E8	0.0	35213.36484572273
1.41564307E8	218.0	0.0
1.415671015E8	0.0	0.0
1.415695015E8	286.40579710144925	35213.36484572273
1.41570898E8	244.0	0.0
1.41572688E8	0.0	0.0
1.4157548E8	0.0	35213.36484572273
1.415782705E8	299.0	0.0
1.415810595E8	0.0	0.0
1.41583847E8	265.6666666666667	35213.36484572273
1.415866325E8	0.0	0.0
1.41589416E8	314.1573033707865	0.0
1.41592198E8	0.0	35213.36484572273
1.41594971E8	0.0	0.0
1.415977345E8	256.25	0.0
1.41600491E8	0.0	35213.36484572273
1.416032415E8	0.0	0.0
1.41605989E8	288.0	0.0
1.416087335E8	0.0	35213.36484572273
1.416114735E8	0.0	0.0
1.41614208E8	542.0	0.0
1.416169385E8	287.3142201834862	35213.36484572273
1.41619657E8	310.83867210250435	0.0
1.416223655E8	0.0	0.0
1.41625071E8	278.5	35213.36484572273
1.416277715E8	0.0	0.0
1.41630469E8	697.0	0.0
1.416331645E8	309.796989579313	35213.36484572273
1.41635856E8	0.0	0.0
1.416385445E8	220.0	0.0
1.416412325E8	0.0	35213.36484572273
1.416439195E8	256.4888888888889	0.0
1.41646598E8	421.7083333333333	0.0
1.416492685E8	0.0	35213.36484572273
1.41651938E8	387.92857142857144	0.0
1.416546065E8	0.0	0.0
1.41657273E8	293.66470273165504	35213.36484572273
1.416599375E8	0.0	0.0
1.41662593E8	291.92857142857144	0.0
1.416652385E8	0.0	35213.36484572273
1.416678815E8	305.8192771084337	0.0
1.41670523E8	0.0	0.0
1.41673163E8	0.0	35213.36484572273
1.41675801E8	0.0	0.0
1.416784375E8	276.2093023255814	0.0
1.41681073E8	0.0	35213.36484572273
1.41683705E8	238.5	0.0
1.416863335E8	243.5	0.0
1.416889605E8	0.0	35213.36484572273
1.416915825E8	224.0	0.0
1.416942E8	212.0	0.0
1.416968145E8	0.0	35213.36484572273
1.41699426E8	283.0	0.0
1.41702034E8	0.0	0.0
1.41704638E8	0.0	35213.36484572273
1.41707241E8	245.57142857142858	0.0
1.41709838E8	0.0	0.0
1.417124275E8	277.9	35213.36484572273
1.417150135E8	0.0	0.0
1.41717597E8	0.0	0.0
1.41720177E8	0.0	35213.36484572273
1.41722754E8	0.0	0.0
1.417253305E8	210.57142857142858	0.0
1.41727906E8	306.3333333333333	35213.36484572273
1.41730481E8	0.0	0.0
1.41733056E8	0.0	0.0
1.417356305E8	323.2307692307692	35213.36484572273
1.417382025E8	0.0	0.0
1.4174077E8	211.0	0.0
1.41743333E8	0.0	35213.36484572273
1.41745892E8	0.0	0.0
1.417484485E8	0.0	0.0
1.41751004E8	265.81632653061223	35213.36484572273
1.41753556E8	0.0	0.0
1.41756104E8	410.0652962515115	0.0
1.41758648E8	320.0	35213.36484572273
1.41761189E8	219.0	0.0
1.417637275E8	0.0	0.0
1.4176626E8	0.0	35213.36484572273
1.41768789E8	0.0	0.0
1.417713145E8	0.0	0.0
1.41773836E8	284.5131578947368	35213.36484572273
1.41776357E8	0.0	0.0
1.417788775E8	0.0	0.0
1.417813975E8	288.85714285714283	35213.36484572273
1.41783916E8	288.53246753246754	0.0
1.417864325E8	0.0	0.0
1.41788946E8	266.8	35213.36484572273
1.41791457E8	0.0	0.0
1.417939675E8	0.0	0.0
1.417964765E8	0.0	35213.36484572273
1.41798983E8	0.0	0.0
1.418014855E8	0.0	0.0
1.41803981E8	284.2276422764228	35213.36484572273
1.4180647E8	264.5	0.0
1.41808953E8	0.0	0.0
1.41811431E8	302.95682613768963	35213.36484572273
1.418139075E8	302.75	0.0
1.41816383E8	0.0	0.0
1.41818857E8	0.0	35213.36484572273
1.418213285E8	0.0	0.0
1.418237955E8	264.6666666666667	0.0
1.41826259E8	255.78947368421052	35213.36484572273
1.418287215E8	245.66666666666666	0.0
1.41831178E8	291.5	0.0
1.41833627E8	271.5	35213.36484572273
1.418360715E8	0.0	0.0
1.41838512E8	0.0	0.0
1.418409505E8	263.47727272727275	35213.36484572273
1.418433885E8	0.0	0.0
1.418458265E8	287.73333333333335	0.0
1.41848263E8	0.0	35213.36484572273
1.418506975E8	0.0	0.0
1.418531305E8	0.0	0.0
1.41855562E8	0.0	35213.36484572273
1.41857992E8	358.4	0.0
1.418604205E8	495.15384615384613	0.0
1.41862847E8	0.0	35213.36484572273
1.41865272E8	0.0	0.0
1.41867695E8	223.0	0.0
1.41870116E8	302.125	35213.36484572273
1.418725365E8	0.0	0.0
1.41874956E8	0.0	0.0
1.41877374E8	0.0	35213.36484572273
1.41879789E8	0.0	0.0
1.418822015E8	0.0	0.0
1.418846075E8	0.0	35213.36484572273
1.418870045E8	0.0	0.0
1.418893965E8	273.47058823529414	0.0
1.418917865E8	0.0	35213.36484572273
1.41894176E8	0.0	0.0
1.41896563E8	0.0	0.0
1.41898948E8	0.0	35213.36484572273
1.41901333E8	313.4179104477612	0.0
1.419037175E8	322.97149573905375	0.0
1.41906101E8	279.8301886792453	35213.36484572273
1.41908484E8	279.82392776523704	0.0
1.419108665E8	221.0	0.0
1.41913248E8	0.0	35213.36484572273
1.41915629E8	298.0122413290586	0.0
1.41918009E8	290.01895734597156	0.0
1.41920388E8	333.5	35213.36484572273
1.419227665E8	0.0	0.0
1.41925143E8	256.0	0.0
1.419275165E8	0.0	35213.36484572273
1.419292615E8	288.1142857142857	0.0
1.41930446E8	226.0	0.0
1.419322555E8	0.0	35213.36484572273
1.419346225E8	0.0	0.0
1.41936987E8	0.0	0.0
1.41939347E8	0.0	35213.36484572273
1.41941703E8	312.6666666666667	0.0
1.419440575E8	0.0	0.0
1.41946411E8	0.0	35213.36484572273
1.419487635E8	0.0	0.0
1.419511115E8	0.0	0.0
1.419534545E8	0.0	35213.36484572273
1.419557965E8	315.5813953488372	0.0
1.41958135E8	0.0	0.0
1.419604675E8	171.66666666666666	35213.36484572273
1.419627965E8	0.0	0.0
1.419651245E8	317.2	0.0
1.419674515E8	297.30677107323817	35213.36484572273
1.41969777E8	0.0	0.0
1.419721005E8	0.0	0.0
1.419744205E8	0.0	35213.36484572273
1.41976738E8	0.0	0.0
1.419790505E8	320.6969696969697	0.0
1.41981358E8	0.0	35213.36484572273
1.419836635E8	293.25068870523415	0.0
1.41985967E8	275.62025316455697	0.0
1.41988266E8	296.46666666666664	35213.36484572273
1.4199056E8	0.0	0.0
1.41992852E8	290.0	0.0
1.41995142E8	0.0	35213.36484572273
1.4199743E8	0.0	0.0
1.419997165E8	0.0	0.0
1.420020015E8	277.6666666666667	35213.36484572273
1.42004285E8	0.0	0.0
1.420065675E8	0.0	0.0
1.42008845E8	0.0	35213.36484572273
1.420111165E8	295.3225806451613	0.0
1.42013386E8	0.0	0.0
1.420156535E8	0.0	35213.36484572273
1.42017916E8	0.0	0.0
1.42020175E8	334.0	0.0
1.42022431E8	0.0	35213.36484572273
1.420246815E8	0.0	0.0
1.42026929E8	0.0	0.0
1.42029171E8	0.0	35213.36484572273
1.420314065E8	0.0	0.0
1.420336395E8	0.0	0.0
1.420358715E8	291.0	35213.36484572273
1.420381015E8	0.0	0.0
1.42040329E8	351.0	0.0
1.42042554E8	0.0	35213.36484572273
1.42044776E8	0.0	0.0
1.420469965E8	0.0	0.0
1.42049215E8	0.0	35213.36484572273
1.420514315E8	0.0	0.0
1.420536445E8	0.0	0.0
1.42055854E8	0.0	35213.36484572273
1.42058062E8	0.0	0.0
1.420602685E8	280.78761061946904	0.0
1.42062474E8	0.0	35213.36484572273
1.42064677E8	0.0	0.0
1.420668775E8	0.0	0.0
1.420690765E8	0.0	35213.36484572273
1.420712745E8	0.0	0.0
1.420734715E8	0.0	0.0
1.420756655E8	0.0	35213.36484572273
1.420778565E8	279.66493055555554	0.0
1.42080046E8	0.0	0.0
1.42082235E8	0.0	35213.36484572273
1.42084423E8	0.0	0.0
1.42086609E8	0.0	0.0
1.4208879E8	0.0	35213.36484572273
1.420909665E8	244.5	0.0
1.42093141E8	0.0	0.0
1.420953105E8	0.0	35213.36484572273
1.42097474E8	0.0	0.0
1.42099635E8	0.0	0.0
1.42101794E8	0.0	35213.36484572273
1.42103946E8	0.0	0.0
1.42106089E8	0.0	0.0
1.421082245E8	0.0	35213.36484572273
1.42110355E8	0.0	0.0
1.421124825E8	0.0	0.0
1.421146075E8	0.0	35213.36484572273
1.421167315E8	315.825	0.0
1.42118853E8	278.14285714285717	0.0
1.42120971E8	353.625	35213.36484572273
1.421230865E8	0.0	0.0
1.421252E8	0.0	0.0
1.42127313E8	0.0	35213.36484572273
1.42129426E8	0.0	0.0
1.421315385E8	0.0	0.0
1.42133649E8	0.0	35213.36484572273
1.421357575E8	0.0	0.0
1.42137864E8	0.0	0.0
1.42139969E8	276.5	35213.36484572273
1.42142073E8	0.0	0.0
1.421441755E8	280.0	0.0
1.421462745E8	0.0	35213.36484572273
1.421483705E8	234.0	0.0
1.421504655E8	0.0	0.0
1.421525595E8	0.0	35213.36484572273
1.421546525E8	260.7142857142857	0.0
1.421567435E8	296.1	0.0
1.42158833E8	0.0	35213.36484572273
1.421609215E8	337.14285714285717	0.0
1.42163009E8	275.1666666666667	0.0
1.42165096E8	321.0	35213.36484572273
1.421671825E8	0.0	0.0
1.421692675E8	0.0	0.0
1.4217135E8	254.96969696969697	35213.36484572273
1.4217343E8	0.0	0.0
1.42175509E8	0.0	0.0
1.421775875E8	0.0	35213.36484572273
1.421796645E8	236.66666666666666	0.0
1.421817365E8	0.0	0.0
1.421838025E8	284.8044871794872	35213.36484572273
1.42185866E8	0.0	0.0
1.42187929E8	330.09977324263036	0.0
1.421899915E8	0.0	35213.36484572273
1.421920525E8	0.0	0.0
1.421941125E8	0.0	0.0
1.421961725E8	233.25	35213.36484572273
1.42198232E8	274.3333333333333	0.0
1.422002865E8	0.0	0.0
1.422023345E8	0.0	35213.36484572273
1.422043795E8	0.0	0.0
1.42206423E8	245.5	0.0
1.42208462E8	0.0	35213.36484572273
1.42210496E8	318.0	0.0
1.42212529E8	0.0	0.0
1.422145605E8	314.0	35213.36484572273
1.42216589E8	273.6363636363636	0.0
1.42218613E8	0.0	0.0
1.422206335E8	0.0	35213.36484572273
1.42222652E8	0.0	0.0
1.422246675E8	0.0	0.0
1.422266795E8	0.0	35213.36484572273
1.42228689E8	0.0	0.0
1.422306975E8	288.25	0.0
1.422327045E8	0.0	35213.36484572273
1.422347105E8	0.0	0.0
1.42236716E8	247.66666666666666	0.0
1.42238721E8	258.8	35213.36484572273
1.422407225E8	0.0	0.0
1.422427205E8	355.2857142857143	0.0
1.422447185E8	225.0	35213.36484572273
1.42246715E8	0.0	0.0
1.42248709E8	0.0	0.0
1.422507005E8	0.0	35213.36484572273
1.422526905E8	273.7913043478261	0.0
1.422546795E8	269.3333333333333	0.0
1.422566665E8	0.0	35213.36484572273
1.422586525E8	0.0	0.0
1.422606355E8	0.0	0.0
1.422626145E8	0.0	35213.36484572273
1.422645915E8	0.0	0.0
1.422665675E8	0.0	0.0
1.42268543E8	190.5	35213.36484572273
1.422705175E8	281.0	0.0
1.422724895E8	0.0	0.0
1.422744575E8	381.0	35213.36484572273
1.422764235E8	91.0	0.0
1.422783895E8	0.0	0.0
1.422803545E8	0.0	35213.36484572273
1.42282318E8	0.0	0.0
1.422842805E8	0.0	0.0
1.422862425E8	263.08	35213.36484572273
1.4228818E8	267.0	0.0
1.42289161E8	0.0	0.0
1.42290166E8	0.0	35213.36484572273
1.42292127E8	0.0	0.0
1.42294088E8	0.0	0.0
1.422960465E8	0.0	35213.36484572273
1.422980025E8	324.80357142857144	0.0
1.42299954E8	0.0	0.0
1.42301901E8	260.85714285714283	35213.36484572273
1.42303848E8	336.0	0.0
1.423057945E8	228.0	0.0
1.4230774E8	294.0	35213.36484572273
1.423096845E8	0.0	0.0
1.42311628E8	0.0	0.0
1.42313569E8	0.0	35213.36484572273
1.423155065E8	300.5	0.0
1.423174425E8	0.0	0.0
1.42319378E8	0.0	35213.36484572273
1.42321312E8	236.0	0.0
1.42323245E8	0.0	0.0
1.42325177E8	0.0	35213.36484572273
1.42327107E8	316.2142857142857	0.0
1.423290355E8	0.0	0.0
1.423309635E8	325.0	35213.36484572273
1.42332891E8	0.0	0.0
1.423348175E8	273.24	0.0
1.423367435E8	0.0	35213.36484572273
1.423386685E8	237.0	0.0
1.423405905E8	0.0	0.0
1.42342509E8	234.0	35213.36484572273
1.423444255E8	0.0	0.0
1.423463415E8	0.0	0.0
1.42348253E8	0.0	35213.36484572273
1.423501595E8	0.0	0.0
1.42352065E8	337.5	0.0
1.423539695E8	0.0	35213.36484572273
1.42355873E8	0.0	0.0
1.42357776E8	0.0	0.0
1.42359679E8	254.0	35213.36484572273
1.423615815E8	0.0	0.0
1.42363483E8	299.2	0.0
1.423653835E8	0.0	35213.36484572273
1.423672835E8	0.0	0.0
1.42369183E8	0.0	0.0
1.4237108E8	0.0	35213.36484572273
1.42372975E8	0.0	0.0
1.42374869E8	287.0	0.0
1.42376761E8	0.0	35213.36484572273
1.423786515E8	0.0	0.0
1.423805415E8	284.16517857142856	0.0
1.423824305E8	0.0	35213.36484572273
1.423843155E8	231.33333333333334	0.0
1.423861925E8	352.0	0.0
1.423880645E8	0.0	35213.36484572273
1.42389936E8	0.0	0.0
1.423918065E8	345.0	0.0
1.423936765E8	0.0	35213.36484572273
1.42395546E8	0.0	0.0
1.42397415E8	0.0	0.0
1.42399284E8	265.0	35213.36484572273
1.424011525E8	0.0	0.0
1.42403019E8	0.0	0.0
1.42404883E8	317.0015517623587	35213.36484572273
1.42406746E8	0.0	0.0
1.424086055E8	0.0	0.0
1.424104605E8	378.0	35213.36484572273
1.42412313E8	285.0	0.0
1.42414163E8	0.0	0.0
1.42416009E8	0.0	35213.36484572273
1.42417852E8	0.0	0.0
1.42419695E8	0.0	0.0
1.42421538E8	237.0	35213.36484572273
1.424233805E8	0.0	0.0
1.42425222E8	0.0	0.0
1.42427063E8	0.0	35213.36484572273
1.424288995E8	0.0	0.0
1.424307315E8	0.0	0.0
1.424325625E8	0.0	35213.36484572273
1.42434392E8	0.0	0.0
1.42436221E8	0.0	0.0
1.424380485E8	206.25	35213.36484572273
1.42439871E8	558.0	0.0
1.424416895E8	0.0	0.0
1.424435075E8	0.0	35213.36484572273
1.42445323E8	0.0	0.0
1.42447136E8	0.0	0.0
1.424489455E8	0.0	35213.36484572273
1.4245075E8	0.0	0.0
1.424525525E8	0.0	0.0
1.42454354E8	190.0	35213.36484572273
1.424561545E8	0.0	0.0
1.424579545E8	291.0	0.0
1.424597535E8	0.0	35213.36484572273
1.42461551E8	0.0	0.0
1.42463346E8	0.0	0.0
1.424651385E8	0.0	35213.36484572273
1.42466928E8	0.0	0.0
1.424687145E8	0.0	0.0
1.424705E8	0.0	35213.36484572273
1.42472285E8	0.0	0.0
1.424740655E8	0.0	0.0
1.42475841E8	0.0	35213.36484572273
1.42477616E8	296.875	0.0
1.42479391E8	242.0	0.0
1.424811635E8	0.0	35213.36484572273
1.42482933E8	230.0	0.0
1.424847005E8	322.93167701863354	0.0
1.42486464E8	0.0	35213.36484572273
1.424882225E8	266.0	0.0
1.424899775E8	242.27027027027026	0.0
1.4249173E8	299.90909090909093	35213.36484572273
1.42493479E8	0.0	0.0
1.42495226E8	0.0	0.0
1.42496973E8	0.0	35213.36484572273
1.42498718E8	0.0	0.0
1.4250046E8	0.0	0.0
1.425021995E8	0.0	35213.36484572273
1.42503937E8	0.0	0.0
1.425056725E8	0.0	0.0
1.42507406E8	0.0	35213.36484572273
1.425091385E8	0.0	0.0
1.425108685E8	0.0	0.0
1.425125945E8	0.0	35213.36484572273
1.425143185E8	268.5	0.0
1.4251604E8	243.4	0.0
1.42517759E8	283.3170731707317	35213.36484572273
1.425194765E8	0.0	0.0
1.425211925E8	0.0	0.0
1.42522908E8	0.0	35213.36484572273
1.425246225E8	0.0	0.0
1.42526336E8	0.0	0.0
1.425280485E8	322.8	35213.36484572273
1.425297595E8	323.8	0.0
1.425314695E8	283.75	0.0
1.42533179E8	0.0	35213.36484572273
1.425348875E8	0.0	0.0
1.425365935E8	0.0	0.0
1.42538297E8	213.5	35213.36484572273
1.4254E8	0.0	0.0
1.425416995E8	0.0	0.0
1.425433925E8	293.9591836734694	35213.36484572273
1.425450825E8	254.66666666666666	0.0
1.42546771E8	0.0	0.0
1.42548457E8	272.2857142857143	35213.36484572273
1.42550141E8	0.0	0.0
1.42551824E8	234.9059829059829	0.0
1.42553507E8	241.3846153846154	35213.36484572273
1.425551885E8	0.0	0.0
1.42556868E8	271.0	0.0
1.425585465E8	0.0	35213.36484572273
1.42560223E8	0.0	0.0
1.42561894E8	248.125	0.0
1.42563556E8	0.0	35213.36484572273
1.425652095E8	263.0	0.0
1.42566857E8	0.0	0.0
1.42568501E8	0.0	35213.36484572273
1.42570144E8	0.0	0.0
1.42571786E8	0.0	0.0
1.42573425E8	0.0	35213.36484572273
1.42575062E8	0.0	0.0
1.42576699E8	318.2412935323383	0.0
1.425783355E8	0.0	35213.36484572273
1.425799685E8	0.0	0.0
1.42581598E8	0.0	0.0
1.42583225E8	358.6666666666667	35213.36484572273
1.4258485E8	0.0	0.0
1.42586474E8	0.0	0.0
1.425880965E8	0.0	35213.36484572273
1.42589717E8	282.73205741626793	0.0
1.425913335E8	169.8	0.0
1.42592946E8	275.3809523809524	35213.36484572273
1.425945565E8	321.7857142857143	0.0
1.425961665E8	281.0	0.0
1.425977755E8	297.5	35213.36484572273
1.42599378E8	0.0	0.0
1.42600974E8	0.0	0.0
1.426025685E8	371.3	35213.36484572273
1.426041585E8	0.0	0.0
1.426057445E8	0.0	0.0
1.426073305E8	0.0	35213.36484572273
1.42608914E8	0.0	0.0
1.42610493E8	0.0	0.0
1.4261207E8	0.0	35213.36484572273
1.42613646E8	0.0	0.0
1.4261522E8	0.0	0.0
1.42616792E8	0.0	35213.36484572273
1.42618361E8	0.0	0.0
1.426199275E8	289.31481481481484	0.0
1.426214905E8	0.0	35213.36484572273
1.426230505E8	0.0	0.0
1.426246095E8	0.0	0.0
1.426261665E8	0.0	35213.36484572273
1.426277225E8	0.0	0.0
1.42629278E8	0.0	0.0
1.42630832E8	0.0	35213.36484572273
1.426323845E8	252.0	0.0
1.426339355E8	0.0	0.0
1.426354855E8	0.0	35213.36484572273
1.42637035E8	0.0	0.0
1.426385825E8	0.0	0.0
1.426401275E8	0.0	35213.36484572273
1.42641671E8	222.3448275862069	0.0
1.42643213E8	0.0	0.0
1.426447535E8	0.0	35213.36484572273
1.426462925E8	0.0	0.0
1.42647757E8	0.0	0.0
1.42648524E8	0.0	35213.36484572273
1.42649362E8	253.16666666666666	0.0
1.42650895E8	0.0	0.0
1.426524275E8	0.0	35213.36484572273
1.42653958E8	0.0	0.0
1.42655486E8	190.91304347826087	0.0
1.42657012E8	0.0	35213.36484572273
1.42658537E8	0.0	0.0
1.42660062E8	276.75416666666666	0.0
1.42661585E8	275.0	35213.36484572273
1.426631055E8	0.0	0.0
1.42664625E8	0.0	0.0
1.426661435E8	0.0	35213.36484572273
1.426676605E8	187.0	0.0
1.426691735E8	0.0	0.0
1.42670683E8	304.0	35213.36484572273
1.426721915E8	0.0	0.0
1.426736975E8	280.2857142857143	0.0
1.426752015E8	0.0	35213.36484572273
1.426767045E8	0.0	0.0
1.426782025E8	297.0	0.0
1.426796955E8	0.0	35213.36484572273
1.426811875E8	275.1764705882353	0.0
1.426826785E8	0.0	0.0
1.42684168E8	0.0	35213.36484572273
1.426856565E8	0.0	0.0
1.42687144E8	0.0	0.0
1.42688631E8	199.85714285714286	35213.36484572273
1.42690117E8	242.9	0.0
1.426916015E8	0.0	0.0
1.426930845E8	0.0	35213.36484572273
1.426945645E8	0.0	0.0
1.426960415E8	0.0	0.0
1.42697517E8	220.5	35213.36484572273
1.42698991E8	0.0	0.0
1.42700463E8	259.0	0.0
1.427019325E8	0.0	35213.36484572273
1.427034E8	0.0	0.0
1.427048665E8	0.0	0.0
1.427063315E8	0.0	35213.36484572273
1.427077945E8	206.0	0.0
1.42709256E8	0.0	0.0
1.42710717E8	0.0	35213.36484572273
1.42712177E8	0.0	0.0
1.427136355E8	294.01851851851853	0.0
1.427150925E8	240.0	35213.36484572273
1.42716547E8	0.0	0.0
1.427179995E8	0.0	0.0
1.427194515E8	0.0	35213.36484572273
1.42720903E8	0.0	0.0
1.427223515E8	0.0	0.0
1.427237975E8	0.0	35213.36484572273
1.42725243E8	0.0	0.0
1.42726687E8	381.40625	0.0
1.42728129E8	0.0	35213.36484572273
1.427295695E8	295.14061709661104	0.0
1.427310075E8	0.0	0.0
1.427324415E8	261.0	35213.36484572273
1.427338735E8	0.0	0.0
1.427353055E8	0.0	0.0
1.427367365E8	0.0	35213.36484572273
1.42738166E8	331.6666666666667	0.0
1.42739595E8	261.55555555555554	0.0
1.42741022E8	0.0	35213.36484572273
1.427424465E8	0.0	0.0
1.427438705E8	0.0	0.0
1.427452945E8	0.0	35213.36484572273
1.42746718E8	0.0	0.0
1.427481405E8	203.0	0.0
1.42749562E8	0.0	35213.36484572273
1.42750982E8	0.0	0.0
1.427523995E8	282.3333333333333	0.0
1.427538155E8	280.0	35213.36484572273
1.427552315E8	210.0	0.0
1.42756647E8	0.0	0.0
1.427580605E8	0.0	35213.36484572273
1.427594725E8	0.0	0.0
1.42760884E8	0.0	0.0
1.427622945E8	0.0	35213.36484572273
1.427637035E8	0.0	0.0
1.427651115E8	0.0	0.0
1.42766519E8	0.0	35213.36484572273
1.427679255E8	0.0	0.0
1.427693305E8	0.0	0.0
1.427707335E8	0.0	35213.36484572273
1.42772132E8	127.0	0.0
1.427735265E8	0.0	0.0
1.4277492E8	326.0967741935484	35213.36484572273
1.42776312E8	43.0	0.0
1.42777703E8	0.0	0.0
1.42779094E8	260.3333333333333	35213.36484572273
1.427804825E8	0.0	0.0
1.427818685E8	0.0	0.0
1.42783254E8	0.0	35213.36484572273
1.427846385E8	332.0	0.0
1.42786022E8	276.53846153846155	0.0
1.427874045E8	332.85714285714283	35213.36484572273
1.42788786E8	0.0	0.0
1.42790167E8	0.0	0.0
1.427915475E8	380.3333333333333	35213.36484572273
1.427929275E8	290.6	0.0
1.42794307E8	285.5135135135135	0.0
1.427956855E8	266.3333333333333	35213.36484572273
1.42797063E8	0.0	0.0
1.4279844E8	275.9230769230769	0.0
1.42799817E8	0.0	35213.36484572273
1.42801194E8	231.0	0.0
1.428025705E8	0.0	0.0
1.42803946E8	0.0	35213.36484572273
1.428053205E8	0.0	0.0
1.428066945E8	0.0	0.0
1.42808068E8	0.0	35213.36484572273
1.4280944E8	0.0	0.0
1.4281081E8	267.0	0.0
1.428121785E8	0.0	35213.36484572273
1.428135455E8	252.2	0.0
1.42814909E8	0.0	0.0
1.428162695E8	308.93880753138075	35213.36484572273
1.428176275E8	273.58620689655174	0.0
1.428189835E8	288.42857142857144	0.0
1.42820339E8	0.0	35213.36484572273
1.42821694E8	0.0	0.0
1.428230475E8	0.0	0.0
1.42824399E8	0.0	35213.36484572273
1.42825748E8	0.0	0.0
1.42827095E8	293.3333333333333	0.0
1.428284415E8	0.0	35213.36484572273
1.428297865E8	0.0	0.0
1.4283113E8	151.66666666666666	0.0
1.42832472E8	246.9620253164557	35213.36484572273
1.428338125E8	272.3333333333333	0.0
1.428351525E8	0.0	0.0
1.428364925E8	0.0	35213.36484572273
1.42837832E8	279.0	0.0
1.42839171E8	0.0	0.0
1.42840509E8	0.0	35213.36484572273
1.42841846E8	0.0	0.0
1.428431825E8	0.0	0.0
1.428445175E8	83.33333333333333	35213.36484572273
1.42845851E8	0.0	0.0
1.42847184E8	288.4626168224299	0.0
1.42848517E8	0.0	35213.36484572273
1.428498495E8	0.0	0.0
1.428511805E8	331.54545454545456	0.0
1.428525105E8	0.0	35213.36484572273
1.428538395E8	0.0	0.0
1.42855167E8	0.0	0.0
1.428564935E8	0.0	35213.36484572273
1.428578195E8	0.0	0.0
1.42859144E8	0.0	0.0
1.42860467E8	0.0	35213.36484572273
1.428617895E8	281.3333333333333	0.0
1.428631085E8	0.0	0.0
1.42864424E8	0.0	35213.36484572273
1.42865739E8	0.0	0.0
1.42867054E8	251.0	0.0
1.42868369E8	176.0	35213.36484572273
1.428696825E8	0.0	0.0
1.42870994E8	0.0	0.0
1.42872305E8	163.0	35213.36484572273
1.428736155E8	0.0	0.0
1.428749255E8	441.6060606060606	0.0
1.42876235E8	256.09090909090907	35213.36484572273
1.428775435E8	0.0	0.0
1.428788505E8	0.0	0.0
1.428801555E8	283.1842105263158	35213.36484572273
1.428814595E8	0.0	0.0
1.428827635E8	145.0	0.0
1.428840675E8	237.0	35213.36484572273
1.42885371E8	0.0	0.0
1.42886674E8	0.0	0.0
1.428879765E8	0.0	35213.36484572273
1.42889278E8	0.0	0.0
1.42890579E8	232.33333333333334	0.0
1.42891879E8	253.09677419354838	35213.36484572273
1.42893177E8	385.5	0.0
1.42894474E8	254.5	0.0
1.42895771E8	0.0	35213.36484572273
1.428970675E8	0.0	0.0
1.42898363E8	0.0	0.0
1.428996575E8	0.0	35213.36484572273
1.429009515E8	0.0	0.0
1.429022455E8	263.0	0.0
1.42903539E8	247.0	35213.36484572273
1.42904831E8	0.0	0.0
1.429061215E8	231.0	0.0
1.42907411E8	0.0	35213.36484572273
1.42908699E8	272.24827586206897	0.0
1.429099855E8	0.0	0.0
1.42911271E8	0.0	35213.36484572273
1.429125555E8	0.0	0.0
1.429138395E8	295.7230769230769	0.0
1.42915123E8	0.0	35213.36484572273
1.42916406E8	356.9567901234568	0.0
1.429176885E8	244.21428571428572	0.0
1.4291897E8	0.0	35213.36484572273
1.429202505E8	0.0	0.0
1.429215305E8	0.0	0.0
1.4292281E8	0.0	35213.36484572273
1.429240885E8	233.25	0.0
1.429253665E8	217.0	0.0
1.429266445E8	0.0	35213.36484572273
1.42927922E8	302.21292422129244	0.0
1.42929199E8	286.83068783068785	0.0
1.42930476E8	201.0	35213.36484572273
1.429317525E8	0.0	0.0
1.42933028E8	0.0	0.0
1.42934303E8	0.0	35213.36484572273
1.429355775E8	0.0	0.0
1.429368515E8	276.0	0.0
1.429381245E8	0.0	35213.36484572273
1.42939396E8	0.0	0.0
1.42940667E8	0.0	0.0
1.42941938E8	0.0	35213.36484572273
1.42943209E8	0.0	0.0
1.4294448E8	490.3333333333333	0.0
1.429457505E8	267.3863636363636	35213.36484572273
1.429470205E8	223.54545454545453	0.0
1.429482905E8	269.0	0.0
1.4294956E8	0.0	35213.36484572273
1.429508285E8	0.0	0.0
1.429520965E8	294.0	0.0
1.429533635E8	287.1375	35213.36484572273
1.42954629E8	0.0	0.0
1.429558935E8	228.21428571428572	0.0
1.42957157E8	0.0	35213.36484572273
1.4295842E8	0.0	0.0
1.42959683E8	338.5	0.0
1.429609455E8	0.0	35213.36484572273
1.429622075E8	0.0	0.0
1.429634695E8	0.0	0.0
1.42964731E8	0.0	35213.36484572273
1.42965992E8	297.7741935483871	0.0
1.429672525E8	281.70973782771534	0.0
1.429685125E8	0.0	35213.36484572273
1.429697725E8	245.5	0.0
1.429710325E8	289.0	0.0
1.42972292E8	234.8954918032787	35213.36484572273
1.429735505E8	0.0	0.0
1.429748085E8	197.35	0.0
1.429760665E8	241.26966292134833	35213.36484572273
1.42977324E8	0.0	0.0
1.42978579E8	0.0	0.0
1.42979832E8	284.6904761904762	35213.36484572273
1.429810845E8	0.0	0.0
1.42982336E8	0.0	0.0
1.42983587E8	348.0	35213.36484572273
1.42984838E8	0.0	0.0
1.42986089E8	0.0	0.0
1.429873395E8	255.1875	35213.36484572273
1.42988589E8	0.0	0.0
1.429898375E8	0.0	0.0
1.42991085E8	279.1818181818182	35213.36484572273
1.429923315E8	0.0	0.0
1.429935775E8	273.0	0.0
1.429948225E8	0.0	35213.36484572273
1.42996066E8	227.66164154103853	0.0
1.429973085E8	280.8666666666667	0.0
1.4299855E8	0.0	35213.36484572273
1.42999791E8	145.0	0.0
1.43001032E8	0.0	0.0
1.430022725E8	205.0	35213.36484572273
1.430035125E8	0.0	0.0
1.430047525E8	274.3698296836983	0.0
1.43005992E8	228.22222222222223	35213.36484572273
1.4300719E8	0.0	0.0
1.43007809E8	0.0	0.0
1.430084685E8	0.0	35213.36484572273
1.430097065E8	0.0	0.0
1.430109445E8	0.0	0.0
1.43012182E8	230.0	35213.36484572273
1.430134185E8	0.0	0.0
1.43014654E8	0.0	0.0
1.43015889E8	271.44444444444446	35213.36484572273
1.430171235E8	0.0	0.0
1.430183575E8	283.7720588235294	0.0
1.430195915E8	0.0	35213.36484572273
1.43020825E8	0.0	0.0
1.43022058E8	0.0	0.0
1.430232905E8	284.8333333333333	35213.36484572273
1.43024522E8	278.75	0.0
1.43025753E8	253.0	0.0
1.43026984E8	0.0	35213.36484572273
1.43028215E8	0.0	0.0
1.430294455E8	256.1111111111111	0.0
1.43030675E8	0.0	35213.36484572273
1.43031904E8	0.0	0.0
1.430331325E8	0.0	0.0
1.4303436E8	0.0	35213.36484572273
1.43035587E8	275.84856700232376	0.0
1.43036814E8	0.0	0.0
1.43038041E8	0.0	35213.36484572273
1.430392675E8	294.4	0.0
1.430404935E8	0.0	0.0
1.430417195E8	299.6666666666667	35213.36484572273
1.43042945E8	279.9	0.0
1.4304417E8	0.0	0.0
1.43045395E8	0.0	35213.36484572273
1.4304662E8	0.0	0.0
1.43047845E8	0.0	0.0
1.4304907E8	101.0	35213.36484572273
1.430502945E8	291.9047619047619	0.0
1.430515185E8	281.5833333333333	0.0
1.430527425E8	0.0	35213.36484572273
1.430539665E8	300.1333333333333	0.0
1.4305519E8	0.0	0.0
1.43056413E8	0.0	35213.36484572273
1.43057636E8	0.0	0.0
1.430588585E8	262.2105263157895	0.0
1.430600805E8	0.0	35213.36484572273
1.43061302E8	0.0	0.0
1.430625225E8	0.0	0.0
1.430637425E8	272.0	35213.36484572273
1.43064962E8	0.0	0.0
1.43066181E8	0.0	0.0
1.430674E8	0.0	35213.36484572273
1.430686185E8	276.5405405405405	0.0
1.430698365E8	0.0	0.0
1.430710525E8	310.0	35213.36484572273
1.43072266E8	0.0	0.0
1.430734785E8	0.0	0.0
1.430746905E8	241.0	35213.36484572273
1.43075902E8	0.0	0.0
1.43077113E8	0.0	0.0
1.430783235E8	0.0	35213.36484572273
1.43079533E8	0.0	0.0
1.43080742E8	278.0	0.0
1.43081951E8	0.0	35213.36484572273
1.430831595E8	0.0	0.0
1.430843675E8	0.0	0.0
1.430855755E8	280.5	35213.36484572273
1.430867835E8	0.0	0.0
1.43087991E8	203.0	0.0
1.430891975E8	0.0	35213.36484572273
1.43090403E8	240.38888888888889	0.0
1.43091608E8	0.0	0.0
1.43092813E8	283.9375	35213.36484572273
1.43094017E8	0.0	0.0
1.4309522E8	0.0	0.0
1.43096423E8	0.0	35213.36484572273
1.430976255E8	267.8333333333333	0.0
1.430988275E8	320.5	0.0
1.43100029E8	0.0	35213.36484572273
1.431012295E8	0.0	0.0
1.431024295E8	257.25	0.0
1.431036295E8	238.0	35213.36484572273
1.43104829E8	0.0	0.0
1.43106028E8	341.6666666666667	0.0
1.431072265E8	265.0	35213.36484572273
1.431084245E8	286.0	0.0
1.43109622E8	301.0	0.0
1.43110819E8	0.0	35213.36484572273
1.43112015E8	0.0	0.0
1.4311321E8	0.0	0.0
1.43114405E8	274.45714285714286	35213.36484572273
1.431156E8	0.0	0.0
1.43116795E8	270.5574912891986	0.0
1.431179895E8	628.0	35213.36484572273
1.43119183E8	360.5	0.0
1.43120376E8	508.0	0.0
1.43121569E8	0.0	35213.36484572273
1.43122762E8	281.0	0.0
1.431239545E8	0.0	0.0
1.431251465E8	289.7857142857143	35213.36484572273
1.431263385E8	0.0	0.0
1.4312753E8	0.0	0.0
1.43128721E8	363.0	35213.36484572273
1.431299115E8	0.0	0.0
1.431311015E8	0.0	0.0
1.431322915E8	0.0	35213.36484572273
1.43133481E8	0.0	0.0
1.4313467E8	0.0	0.0
1.43135859E8	0.0	35213.36484572273
1.43137048E8	0.0	0.0
1.43138237E8	0.0	0.0
1.43139426E8	244.0	35213.36484572273
1.431406145E8	0.0	0.0
1.431418015E8	0.0	0.0
1.431429875E8	0.0	35213.36484572273
1.431441735E8	271.5135135135135	0.0
1.431453595E8	267.0	0.0
1.431465455E8	143.0	35213.36484572273
1.43147731E8	0.0	0.0
1.43148916E8	670.0	0.0
1.43150101E8	252.5	35213.36484572273
1.43151286E8	0.0	0.0
1.431524705E8	254.0	0.0
1.431536545E8	0.0	35213.36484572273
1.431548385E8	0.0	0.0
1.431560225E8	0.0	0.0
1.431572055E8	260.0	35213.36484572273
1.431583875E8	287.7755102040816	0.0
1.43159569E8	0.0	0.0
1.4316075E8	248.04918032786884	35213.36484572273
1.43161931E8	0.0	0.0
1.43163111E8	242.0	0.0
1.4316429E8	0.0	35213.36484572273
1.43165469E8	0.0	0.0
1.431666475E8	0.0	0.0
1.431678255E8	0.0	35213.36484572273
1.431690035E8	0.0	0.0
1.431701815E8	0.0	0.0
1.431713595E8	231.8	35213.36484572273
1.431725375E8	0.0	0.0
1.43173715E8	0.0	0.0
1.431748915E8	328.23086256924296	35213.36484572273
1.43176067E8	0.0	0.0
1.43177242E8	267.7142857142857	0.0
1.431784165E8	0.0	35213.36484572273
1.431795905E8	0.0	0.0
1.43180764E8	0.0	0.0
1.43181937E8	0.0	35213.36484572273
1.4318311E8	338.6666666666667	0.0
1.43184282E8	0.0	0.0
1.43185453E8	295.5	35213.36484572273
1.43186624E8	299.0	0.0
1.43187795E8	0.0	0.0
1.431889655E8	0.0	35213.36484572273
1.43190135E8	0.0	0.0
1.43191304E8	0.0	0.0
1.431924725E8	303.0	35213.36484572273
1.4319364E8	0.0	0.0
1.43194807E8	0.0	0.0
1.43195974E8	0.0	35213.36484572273
1.431971405E8	0.0	0.0
1.431983065E8	280.34861278648975	0.0
1.431994725E8	314.393399339934	35213.36484572273
1.432006385E8	0.0	0.0
1.43201804E8	0.0	0.0
1.43202969E8	0.0	35213.36484572273
1.432041335E8	0.0	0.0
1.43205297E8	0.0	0.0
1.4320646E8	263.40058910162	35213.36484572273
1.43207623E8	0.0	0.0
1.43208786E8	294.0	0.0
1.43209949E8	0.0	35213.36484572273
1.43211112E8	256.96	0.0
1.432122745E8	272.30483271375465	0.0
1.432134365E8	183.0	35213.36484572273
1.432145985E8	258.45706371191136	0.0
1.4321576E8	300.0	0.0
1.43216921E8	0.0	35213.36484572273
1.43218082E8	130.0	0.0
1.432192425E8	0.0	0.0
1.432204025E8	316.5	35213.36484572273
1.432215625E8	233.0	0.0
1.43222722E8	0.0	0.0
1.43223881E8	0.0	35213.36484572273
1.4322504E8	279.5	0.0
1.43226199E8	347.5	0.0
1.43227358E8	276.5	35213.36484572273
1.432285165E8	0.0	0.0
1.432296745E8	260.768875192604	0.0
1.432308325E8	278.5	35213.36484572273
1.4323199E8	280.5	0.0
1.43233147E8	270.2857142857143	0.0
1.432343035E8	0.0	35213.36484572273
1.432354595E8	340.0	0.0
1.43236615E8	0.0	0.0
1.4323777E8	262.0	35213.36484572273
1.43238925E8	0.0	0.0
1.4324008E8	225.54285714285714	0.0
1.432412345E8	159.0	35213.36484572273
1.432423885E8	358.0	0.0
1.432435425E8	418.0	0.0
1.432446965E8	294.27272727272725	35213.36484572273
1.4324585E8	0.0	0.0
1.43247003E8	0.0	0.0
1.43248156E8	0.0	35213.36484572273
1.432493085E8	237.25	0.0
1.432504605E8	0.0	0.0
1.432516125E8	0.0	35213.36484572273
1.432527645E8	0.0	0.0
1.43253916E8	220.33333333333334	0.0
1.432550665E8	242.0	35213.36484572273
1.432562165E8	208.0	0.0
1.432573655E8	0.0	0.0
1.432585135E8	0.0	35213.36484572273
1.432596615E8	0.0	0.0
1.432608095E8	272.7027027027027	0.0
1.432619575E8	0.0	35213.36484572273
1.432631055E8	0.0	0.0
1.43264253E8	242.4	0.0
1.432654E8	271.898322851153	35213.36484572273
1.43266547E8	0.0	0.0
1.432676935E8	291.0	0.0
1.432688395E8	0.0	35213.36484572273
1.432699855E8	297.0	0.0
1.43271131E8	300.3333333333333	0.0
1.432722755E8	256.03333333333336	35213.36484572273
1.432734195E8	286.0	0.0
1.432745635E8	258.82650862068965	0.0
1.432757075E8	312.35483870967744	35213.36484572273
1.432768515E8	223.0	0.0
1.43277995E8	0.0	0.0
1.43279138E8	226.5	35213.36484572273
1.432802805E8	0.0	0.0
1.432814225E8	298.3333333333333	0.0
1.432825645E8	231.70770593445528	35213.36484572273
1.43283706E8	274.97402597402595	0.0
1.43284847E8	304.1048951048951	0.0
1.432859875E8	371.6	35213.36484572273
1.432871275E8	0.0	0.0
1.432882675E8	269.5	0.0
1.432894075E8	0.0	35213.36484572273
1.43290547E8	274.3076923076923	0.0
1.43291686E8	0.0	0.0
1.43292825E8	0.0	35213.36484572273
1.43293964E8	0.0	0.0
1.43295103E8	0.0	0.0
1.432962415E8	223.0	35213.36484572273
1.43297379E8	247.0	0.0
1.432985155E8	276.6666666666667	0.0
1.432996515E8	0.0	35213.36484572273
1.433007875E8	356.97574984045946	0.0
1.433019235E8	0.0	0.0
1.43303059E8	0.0	35213.36484572273
1.43304194E8	0.0	0.0
1.43305329E8	313.4761904761905	0.0
1.433064635E8	0.0	35213.36484572273
1.433075975E8	274.0701754385965	0.0
1.433087315E8	0.0	0.0
1.433098655E8	0.0	35213.36484572273
1.43310999E8	0.0	0.0
1.43312132E8	0.0	0.0
1.43313265E8	0.0	35213.36484572273
1.433143975E8	276.4020349841409	0.0
1.433155295E8	223.6	0.0
1.433166615E8	0.0	35213.36484572273
1.433177935E8	0.0	0.0
1.43318925E8	0.0	0.0
1.43320056E8	265.903752872096	35213.36484572273
1.43321187E8	0.0	0.0
1.433223175E8	0.0	0.0
1.433234475E8	319.0	35213.36484572273
1.433245775E8	342.0	0.0
1.43325707E8	0.0	0.0
1.43326836E8	279.5	35213.36484572273
1.43327965E8	297.0285714285714	0.0
1.43329094E8	0.0	0.0
1.43330222E8	233.0	35213.36484572273
1.43331349E8	0.0	0.0
1.433324755E8	244.71337579617835	0.0
1.433336015E8	0.0	35213.36484572273
1.433347275E8	0.0	0.0
1.433358535E8	231.0	0.0
1.433369795E8	219.15384615384616	35213.36484572273
1.43338105E8	0.0	0.0
1.4333923E8	0.0	0.0
1.433403545E8	0.0	35213.36484572273
1.433414785E8	0.0	0.0
1.43342602E8	0.0	0.0
1.43343725E8	0.0	35213.36484572273
1.43344848E8	119.0	0.0
1.43345971E8	284.0	0.0
1.43347094E8	263.5	35213.36484572273
1.433482165E8	316.2819472616633	0.0
1.43349338E8	0.0	0.0
1.433504585E8	0.0	35213.36484572273
1.43351578E8	208.0	0.0
1.43352697E8	249.6	0.0
1.433538155E8	270.0	35213.36484572273
1.433549335E8	0.0	0.0
1.433560515E8	0.0	0.0
1.433571695E8	0.0	35213.36484572273
1.43358287E8	0.0	0.0
1.43359404E8	0.0	0.0
1.43360521E8	0.0	35213.36484572273
1.43361638E8	237.33333333333334	0.0
1.43362755E8	327.47945205479454	0.0
1.43363872E8	247.5	35213.36484572273
1.433649885E8	0.0	0.0
1.433661045E8	256.81632653061223	0.0
1.433668735E8	271.81437125748505	35213.36484572273
1.433674315E8	282.3333333333333	0.0
1.433683365E8	296.0	0.0
1.433694525E8	270.6	35213.36484572273
1.433705685E8	0.0	0.0
1.43371684E8	0.0	0.0
1.43372799E8	179.0	35213.36484572273
1.43373914E8	0.0	0.0
1.433750285E8	0.0	0.0
1.433761425E8	197.0	35213.36484572273
1.433772565E8	0.0	0.0
1.433783705E8	0.0	0.0
1.433794845E8	275.0	35213.36484572273
1.433805985E8	0.0	0.0
1.433817115E8	0.0	0.0
1.433828235E8	0.0	35213.36484572273
1.433839355E8	0.0	0.0
1.433850475E8	296.0955710955711	0.0
1.43386159E8	363.44736842105266	35213.36484572273
1.433872695E8	0.0	0.0
1.433883795E8	0.0	0.0
1.433894895E8	255.75	35213.36484572273
1.433905995E8	0.0	0.0
1.43391709E8	0.0	0.0
1.43392818E8	0.0	35213.36484572273
1.43393927E8	282.3333333333333	0.0
1.43395036E8	0.0	0.0
1.433961445E8	294.1875	35213.36484572273
1.433972525E8	0.0	0.0
1.4339836E8	0.0	0.0
1.43399467E8	293.25	35213.36484572273
1.43400574E8	0.0	0.0
1.434016805E8	252.24293785310735	0.0
1.434027865E8	343.3	35213.36484572273
1.43403892E8	0.0	0.0
1.43404997E8	431.0	0.0
1.43406102E8	0.0	35213.36484572273
1.43407207E8	0.0	0.0
1.43408312E8	0.0	0.0
1.43409417E8	0.0	35213.36484572273
1.43410521E8	0.0	0.0
1.43411624E8	248.0	0.0
1.43412727E8	265.0	35213.36484572273
1.434138295E8	0.0	0.0
1.434149315E8	0.0	0.0
1.434160335E8	0.0	35213.36484572273
1.43417135E8	222.33333333333334	0.0
1.43418236E8	233.0	0.0
1.43419337E8	0.0	35213.36484572273
1.434204375E8	288.962962962963	0.0
1.434215375E8	0.0	0.0
1.43422637E8	261.0	35213.36484572273
1.43423736E8	0.0	0.0
1.434248345E8	250.5909090909091	0.0
1.434259325E8	331.0	35213.36484572273
1.434270305E8	0.0	0.0
1.43428128E8	0.0	0.0
1.43429225E8	0.0	35213.36484572273
1.43430322E8	0.0	0.0
1.434314185E8	0.0	0.0
1.434325145E8	0.0	35213.36484572273
1.434336095E8	246.5	0.0
1.43434703E8	0.0	0.0
1.434357955E8	0.0	35213.36484572273
1.43436887E8	0.0	0.0
1.43437978E8	250.6	0.0
1.434390685E8	0.0	35213.36484572273
1.434401585E8	0.0	0.0
1.434412485E8	306.47058823529414	0.0
1.434423385E8	229.64285714285714	35213.36484572273
1.434434285E8	0.0	0.0
1.43444518E8	0.0	0.0
1.43445607E8	180.0	35213.36484572273
1.434466955E8	0.0	0.0
1.434477835E8	203.5	0.0
1.434488715E8	0.0	35213.36484572273
1.434499595E8	275.94117647058823	0.0
1.43451047E8	0.0	0.0
1.43452134E8	281.6271186440678	35213.36484572273
1.43453221E8	296.14285714285717	0.0
1.434543075E8	290.8867924528302	0.0
1.434553935E8	286.8181818181818	35213.36484572273
1.434564795E8	294.0833333333333	0.0
1.434575655E8	0.0	0.0
1.434586505E8	0.0	35213.36484572273
1.434597345E8	257.0	0.0
1.434608185E8	0.0	0.0
1.434619025E8	0.0	35213.36484572273
1.434629865E8	198.5	0.0
1.4346407E8	0.0	0.0
1.43465153E8	207.0	35213.36484572273
1.43466236E8	284.89737609329444	0.0
1.434673185E8	0.0	0.0
1.434684005E8	0.0	35213.36484572273
1.43469482E8	0.0	0.0
1.43470563E8	255.375	0.0
1.434716435E8	0.0	35213.36484572273
1.434727235E8	221.0	0.0
1.434738035E8	336.4117647058824	0.0
1.43474883E8	0.0	35213.36484572273
1.43475962E8	0.0	0.0
1.434770405E8	0.0	0.0
1.434781185E8	0.0	35213.36484572273
1.434791965E8	0.0	0.0
1.434802745E8	0.0	0.0
1.43481352E8	331.0	35213.36484572273
1.43482429E8	0.0	0.0
1.434835055E8	0.0	0.0
1.434845815E8	0.0	35213.36484572273
1.434856575E8	0.0	0.0
1.434867335E8	0.0	0.0
1.43487809E8	0.0	35213.36484572273
1.43488884E8	272.09090909090907	0.0
1.43489959E8	277.28169014084506	0.0
1.43491034E8	131.0	35213.36484572273
1.434921085E8	0.0	0.0
1.434931825E8	262.2083333333333	0.0
1.434942565E8	264.0	35213.36484572273
1.434953305E8	228.25	0.0
1.43496404E8	192.0	0.0
1.434974765E8	273.2	35213.36484572273
1.434985485E8	286.3333333333333	0.0
1.4349962E8	0.0	0.0
1.43500691E8	251.20689655172413	35213.36484572273
1.435017615E8	122.0	0.0
1.435028315E8	0.0	0.0
1.435039015E8	0.0	35213.36484572273
1.43504971E8	0.0	0.0
1.4350604E8	0.0	0.0
1.435071085E8	267.0	35213.36484572273
1.43508176E8	0.0	0.0
1.43509243E8	0.0	0.0
1.4351031E8	291.0	35213.36484572273
1.435113765E8	238.0	0.0
1.435124415E8	217.75	0.0
1.435135055E8	0.0	35213.36484572273
1.435145695E8	288.25	0.0
1.43515633E8	0.0	0.0
1.43516696E8	0.0	35213.36484572273
1.43517759E8	315.6666666666667	0.0
1.43518822E8	422.8235294117647	0.0
1.43519885E8	0.0	35213.36484572273
1.43520948E8	316.0	0.0
1.43522011E8	0.0	0.0
1.43523074E8	0.0	35213.36484572273
1.435241365E8	301.4761904761905	0.0
1.435251985E8	0.0	0.0
1.435262605E8	213.0	35213.36484572273
1.435273225E8	0.0	0.0
1.435283845E8	0.0	0.0
1.43529446E8	179.0	35213.36484572273
1.435305065E8	0.0	0.0
1.435315665E8	285.36184971098265	0.0
1.435326265E8	0.0	35213.36484572273
1.43533686E8	278.4347826086956	0.0
1.43534745E8	0.0	0.0
1.43535804E8	0.0	35213.36484572273
1.435368625E8	0.0	0.0
1.435379205E8	287.2879890267176	0.0
1.435389785E8	283.0	35213.36484572273
1.435400365E8	261.56666666666666	0.0
1.43541094E8	0.0	0.0
1.435421505E8	256.0	35213.36484572273
1.435432065E8	232.5	0.0
1.435442625E8	242.6	0.0
1.435453185E8	0.0	35213.36484572273
1.43546374E8	0.0	0.0
1.43547429E8	0.0	0.0
1.43548484E8	0.0	35213.36484572273
1.435495385E8	262.05	0.0
1.435505925E8	0.0	0.0
1.43551646E8	0.0	35213.36484572273
1.43552699E8	296.46153846153845	0.0
1.43553752E8	284.23333333333335	0.0
1.43554805E8	292.2201834862385	35213.36484572273
1.43555858E8	287.72727272727275	0.0
1.435569105E8	0.0	0.0
1.435579625E8	263.3369963369963	35213.36484572273
1.435590145E8	260.8	0.0
1.43560066E8	0.0	0.0
1.43561117E8	0.0	35213.36484572273
1.43562168E8	340.5	0.0
1.43563219E8	0.0	0.0
1.4356427E8	221.33333333333334	35213.36484572273
1.435653205E8	0.0	0.0
1.435663705E8	293.35714285714283	0.0
1.4356742E8	157.0	35213.36484572273
1.43568469E8	0.0	0.0
1.43569518E8	0.0	0.0
1.43570567E8	0.0	35213.36484572273
1.43571616E8	314.0	0.0
1.435726645E8	0.0	0.0
1.435737125E8	285.4791666666667	35213.36484572273
1.435747605E8	0.0	0.0
1.435758085E8	0.0	0.0
1.435768565E8	506.2857142857143	35213.36484572273
1.43577904E8	259.0	0.0
1.43578951E8	0.0	0.0
1.43579998E8	0.0	35213.36484572273
1.43581045E8	203.0	0.0
1.435820915E8	0.0	0.0
1.43583137E8	0.0	35213.36484572273
1.43584182E8	317.0	0.0
1.43585227E8	298.0	0.0
1.43586272E8	0.0	35213.36484572273
1.435873165E8	0.0	0.0
1.435883605E8	281.25	0.0
1.435894045E8	233.3125	35213.36484572273
1.43590448E8	217.0	0.0
1.43591491E8	247.75	0.0
1.435925335E8	0.0	35213.36484572273
1.435935755E8	0.0	0.0
1.435946175E8	260.0362694300518	0.0
1.435956595E8	335.8333333333333	35213.36484572273
1.435967015E8	0.0	0.0
1.43597743E8	283.54545454545456	0.0
1.43598784E8	0.0	35213.36484572273
1.43599825E8	0.0	0.0
1.436008655E8	0.0	0.0
1.436019055E8	0.0	35213.36484572273
1.436029455E8	0.0	0.0
1.436039855E8	366.0	0.0
1.43605025E8	173.33333333333334	35213.36484572273
1.43606064E8	277.1666666666667	0.0
1.43607103E8	266.0	0.0
1.436081415E8	0.0	35213.36484572273
1.436091795E8	240.0	0.0
1.436102175E8	0.0	0.0
1.43611255E8	0.0	35213.36484572273
1.43612292E8	0.0	0.0
1.43613329E8	0.0	0.0
1.43614366E8	395.2010582010582	35213.36484572273
1.436154025E8	0.0	0.0
1.436164385E8	283.63157894736844	0.0
1.43617474E8	0.0	35213.36484572273
1.43618509E8	239.0	0.0
1.43619544E8	0.0	0.0
1.43620579E8	0.0	35213.36484572273
1.43621614E8	244.0	0.0
1.43622648E8	333.0	0.0
1.43623681E8	0.0	35213.36484572273
1.43624714E8	199.0	0.0
1.43625747E8	224.58333333333334	0.0
1.436267795E8	0.0	35213.36484572273
1.436278115E8	292.1666666666667	0.0
1.436288435E8	0.0	0.0
1.43629875E8	0.0	35213.36484572273
1.43630906E8	0.0	0.0
1.43631937E8	235.0	0.0
1.436329675E8	273.7878787878788	35213.36484572273
1.436339975E8	0.0	0.0
1.436350275E8	0.0	0.0
1.43636057E8	276.5	35213.36484572273
1.43637086E8	255.0	0.0
1.43638115E8	280.4752543372487	0.0
1.43639144E8	242.27717391304347	35213.36484572273
1.43640173E8	0.0	0.0
1.43641202E8	0.0	0.0
1.43642231E8	0.0	35213.36484572273
1.436432595E8	0.0	0.0
1.436442875E8	0.0	0.0
1.43645315E8	0.0	35213.36484572273
1.43646342E8	0.0	0.0
1.43647369E8	0.0	0.0
1.436483955E8	0.0	35213.36484572273
1.436494215E8	0.0	0.0
1.43650447E8	86.0	0.0
1.43651472E8	0.0	35213.36484572273
1.43652497E8	319.0	0.0
1.43653522E8	452.0	0.0
1.43654546E8	0.0	35213.36484572273
1.43655569E8	0.0	0.0
1.436565915E8	0.0	0.0
1.436576135E8	292.0	35213.36484572273
1.436586355E8	253.34285714285716	0.0
1.436596575E8	0.0	0.0
1.43660679E8	278.7391304347826	35213.36484572273
1.436617E8	273.1	0.0
1.43662721E8	0.0	0.0
1.436637415E8	275.40871177015754	35213.36484572273
1.436647615E8	0.0	0.0
1.436657815E8	0.0	0.0
1.43666801E8	0.0	35213.36484572273
1.4366782E8	0.0	0.0
1.43668839E8	0.0	0.0
1.43669858E8	0.0	35213.36484572273
1.43670877E8	322.8333333333333	0.0
1.436718955E8	279.90833333333336	0.0
1.436729135E8	0.0	35213.36484572273
1.436739315E8	0.0	0.0
1.436749495E8	0.0	0.0
1.436759665E8	0.0	35213.36484572273
1.436769825E8	0.0	0.0
1.436779985E8	192.66666666666666	0.0
1.43679014E8	0.0	35213.36484572273
1.43680029E8	0.0	0.0
1.436810435E8	193.0	0.0
1.436820575E8	298.29145728643215	35213.36484572273
1.436830715E8	0.0	0.0
1.436840855E8	0.0	0.0
1.436850995E8	0.0	35213.36484572273
1.43686113E8	200.0	0.0
1.43687126E8	0.0	0.0
1.43688139E8	0.0	35213.36484572273
1.436891515E8	0.0	0.0
1.436901635E8	0.0	0.0
1.436911755E8	235.57142857142858	35213.36484572273
1.436921875E8	342.0	0.0
1.436931995E8	252.96296296296296	0.0
1.43694211E8	0.0	35213.36484572273
1.43695222E8	281.2586206896552	0.0
1.43696233E8	0.0	0.0
1.43697244E8	240.0	35213.36484572273
1.436982545E8	312.65	0.0
1.436992645E8	0.0	0.0
1.437002745E8	340.5	35213.36484572273
1.437012845E8	0.0	0.0
1.437022935E8	0.0	0.0
1.437033015E8	0.0	35213.36484572273
1.437043095E8	0.0	0.0
1.43705317E8	0.0	0.0
1.43706324E8	0.0	35213.36484572273
1.437073305E8	71.5	0.0
1.437083365E8	283.0625	0.0
1.437093425E8	0.0	35213.36484572273
1.43710348E8	0.0	0.0
1.43711353E8	0.0	0.0
1.43712358E8	331.0	35213.36484572273
1.43713363E8	0.0	0.0
1.43714368E8	269.0	0.0
1.437153725E8	0.0	35213.36484572273
1.437163765E8	0.0	0.0
1.437173805E8	0.0	0.0
1.437183845E8	332.0	35213.36484572273
1.43719388E8	0.0	0.0
1.4372039E8	255.25	0.0
1.43721391E8	374.0	35213.36484572273
1.43722392E8	224.0	0.0
1.43723393E8	0.0	0.0
1.43724394E8	253.625	35213.36484572273
1.437251765E8	118.42857142857143	0.0
1.437257305E8	0.0	0.0
