#Position (bp)	mapping quality
179658.5	142.5102447485047
538974.5	140.67740098383513
898290.5	81.37834024184951
1257606.5	114.18025313929134
1616922.5	123.74678460277372
1976238.5	148.81859687305104
2335554.5	113.5157720457791
2694870.5	135.52434005129516
3054186.5	123.26165593276447
3413502.5	155.96536436814122
3772818.5	88.94396417079224
4132134.5	130.68447316222858
4491450.5	169.915990836246
4850766.5	134.95204806269703
5210082.5	116.66523570084938
5569398.5	108.44180072093398
5928714.5	75.12819966553226
6288030.5	44.935445485623056
6647346.5	121.95034960226184
7006662.5	149.04584981134252
7365978.5	59.15589427085742
7725294.5	140.63158046460828
8084610.5	107.11649362492608
8443926.5	77.8346198475819
8803242.5	71.01017604467593
9162558.5	136.88382241978212
9521874.5	104.85253167400163
9881190.5	179.42787279149968
1.02405065E7	153.53438694865716
1.05998225E7	130.01515949383656
1.09591385E7	138.5791501074371
1.13184545E7	166.4402055354257
1.16777705E7	128.86867746418082
1.20370865E7	109.83843547820278
1.23964025E7	24.69001761529111
1.27557185E7	105.17313178699887
1.31150345E7	145.30597928074027
1.34743505E7	131.29926377685106
1.38336665E7	164.12827373453487
1.41929825E7	83.33653214872851
1.45522985E7	64.97705742165309
1.49116145E7	70.23518863476995
1.52709305E7	108.69374134659216
1.56302465E7	97.19202604729807
1.59895625E7	75.75105949709204
1.63488785E7	72.00519329388347
1.67081945E7	91.55369848784106
1.70675105E7	117.66240315560266
1.74268265E7	112.39457173854008
1.77861425E7	10.163560863136277
1.81454585E7	103.98095803147402
1.85047745E7	103.38944366987897
1.88640905E7	128.67573939867452
1.92234065E7	117.78666163572825
1.95827225E7	110.2096623292246
1.99420385E7	137.30953943049113
2.03013545E7	86.05680484754706
2.06606705E7	84.48953384057967
2.10199865E7	63.69511910600099
2.13793025E7	51.97948417503694
2.17386185E7	143.13864010950732
2.20979345E7	168.2858442977763
2.24572505E7	131.12071871142948
2.28165665E7	37.53804199734
2.31758825E7	74.30396929347131
2.34346265E7	50.932797789305965
2.36142845E7	32.48345633054038
2.38945145E7	15.202651903308725
2.42538305E7	24.49458232599504
2.46131465E7	13.985229980129201
2.49724625E7	44.532092183436575
2.53317785E7	2.0975874936461767
2.56910945E7	11.285428622912693
2.60504105E7	4.20605196812522
2.64097265E7	5.6440606723818
2.67690425E7	5.619792730739307
2.71283585E7	53.058801078975215
2.74876745E7	21.063515476010632
2.78469905E7	10.624415583830096
2.82063065E7	90.25812605610524
2.85656225E7	79.29568782655514
2.89249385E7	67.39173828289911
2.92842545E7	121.66107101331593
2.96435705E7	110.07799270473416
3.00028865E7	96.21845637145941
3.03622025E7	72.96768437720209
3.07215185E7	137.93451396400062
3.10808345E7	132.6541417403302
3.14401505E7	147.08186490183357
3.17994665E7	141.0743178201901
3.21587825E7	118.63804517946691
3.25180985E7	173.16978512067632
3.28774145E7	126.4734414445276
3.32367305E7	164.0229188241335
3.35960465E7	92.00251047095763
3.39553625E7	43.35323537943857
3.43146785E7	138.30543279968091
3.46739945E7	96.10041538927703
3.50333105E7	76.57492855499994
3.53926265E7	164.08387590821644
3.57519425E7	61.23071827449097
3.61112585E7	130.3021747887187
3.64705745E7	151.2353741829551
3.68298905E7	124.93717770942051
3.71892065E7	129.76469500218602
3.75485225E7	70.52163923517259
3.79078385E7	118.5553516122773
3.82671545E7	172.5228585500031
3.86264705E7	101.70241706609808
3.89857865E7	160.53691644646284
3.93451025E7	111.79786613314394
3.97044185E7	102.29705218434052
4.00637345E7	141.18709735943997
4.04230505E7	162.4728486528677
4.07823665E7	73.29798321269664
4.11416825E7	167.14918900756268
4.15009985E7	140.64992639668813
4.18603145E7	123.64134040921051
4.22196305E7	80.31120431724862
4.25789465E7	84.26391232730701
4.29382625E7	89.52169590323356
4.32975785E7	69.17666520877664
4.36568945E7	184.55449426853318
4.40162105E7	77.11771268784689
4.43755265E7	146.95116736764106
4.47348425E7	138.57897618936133
4.50941585E7	48.1942130808051
4.54534745E7	90.51717913466081
4.58127905E7	109.58790648699072
4.61721065E7	102.21120403273775
4.65314225E7	129.39554123988717
4.68907385E7	121.15535915092543
4.72500545E7	139.7394972562654
4.76093705E7	111.62578632950525
4.79686865E7	118.10366950730933
4.83280025E7	153.6582481765985
4.86541545E7	47.798825333685414
4.88338125E7	48.900524364290575
4.90466345E7	152.65374523648902
4.94059505E7	84.7246827279523
4.97652665E7	117.95517423206032
5.01245825E7	126.41019141496174
5.04838985E7	145.81854338484936
5.08432145E7	116.04414302467742
5.12025305E7	85.03944524438353
5.15618465E7	138.4490842482061
5.19211625E7	136.13052200270798
5.22804785E7	58.79815839398034
5.26397945E7	92.89186973859137
5.29991105E7	98.22513537719745
5.33584265E7	87.10223561481315
5.37177425E7	164.13059607262687
5.40770585E7	62.84045279532441
5.44363745E7	112.96077871223093
5.47956905E7	136.83370059621177
5.51550065E7	126.60102372364214
5.55143225E7	111.36724273987733
5.58736385E7	131.84272852733903
5.62329545E7	142.1125272393092
5.65922705E7	83.65879955402453
5.69515865E7	127.08643423462732
5.73109025E7	124.18648328290222
5.76702185E7	160.48789826040345
5.80295345E7	94.55594649374667
5.83888505E7	106.42504910036004
5.87481665E7	123.9483681585143
5.91074825E7	59.95864677395952
5.94667985E7	171.29180761781166
5.98261145E7	139.61180772456544
6.01854305E7	68.87313864992167
6.05447465E7	128.05939422825122
6.09040625E7	119.1735654020996
6.12633785E7	125.59653098745576
6.16226945E7	102.16416258153319
6.19820105E7	97.8717824200172
6.23413265E7	125.90976336606708
6.27006425E7	146.7965406894083
6.30599585E7	64.17835698480829
6.34192745E7	106.50353734555047
6.37785905E7	110.47615104096256
6.41379065E7	152.5057486901187
6.44972225E7	140.49186549903783
6.48565385E7	130.34419861908611
6.52158545E7	119.94775299615902
6.55751705E7	91.04959057318221
6.59344865E7	79.81260632426441
6.62938025E7	111.04959753675632
6.66531185E7	139.18319843575463
6.70124345E7	111.85291830955877
6.73717505E7	149.97480060716603
6.77310665E7	131.53010908778063
6.80903825E7	125.29521058464267
6.84496985E7	149.71811318330174
6.88090145E7	114.73445627664107
6.91683305E7	124.55210444621412
6.95276465E7	122.79165448255655
6.98869625E7	121.18732199218925
7.02462785E7	150.24614082143012
7.06055945E7	110.01082409703065
7.09649105E7	173.00497028396506
7.13242265E7	51.517877817415346
7.16835425E7	110.9768424957684
7.20428585E7	93.9300977507542
7.24021745E7	6.87085981541902
7.27614905E7	19.2638875302928
7.31208065E7	17.039237649019967
7.34801225E7	16.23280124614541
7.38394385E7	91.7435049258624
7.41987545E7	11.804390264830701
7.45580705E7	3.5340230495465814
7.49173865E7	5.138114345603667
7.52767025E7	17.79210600325995
7.56360185E7	3.5297530269960484
7.59953345E7	38.88738374421151
7.63546505E7	1.4100704579656618
7.67139665E7	27.09864323145298
7.690225E7	114.65324067508155
7.7081908E7	8.25746764390477
7.74325985E7	6.110401687434254
7.77919145E7	106.23117738801875
7.81512305E7	23.83309537988568
7.85105465E7	25.425202170562276
7.88698625E7	36.64191582542797
7.92291785E7	14.267667683009465
7.95884945E7	70.82091705557815
7.99478105E7	22.678895451194236
8.03071265E7	5.884923606268202
8.06664425E7	22.682342374439017
8.10257585E7	98.08496375103567
8.13850745E7	166.87625476025474
8.17443905E7	110.10389897930929
8.21037065E7	69.64712333769525
8.24630225E7	126.51839834236854
8.28223385E7	116.32658929713206
8.31816545E7	100.20723988907332
8.35409705E7	167.9757121531241
8.39002865E7	153.51704379682167
8.42596025E7	121.30849975782371
8.46189185E7	146.02549216049724
8.49782345E7	113.41415609032141
8.53375505E7	186.2672368756365
8.56968665E7	125.2027665974622
8.60561825E7	89.30264418464091
8.64154985E7	135.66668102675357
8.67748145E7	138.83491149458126
8.71341305E7	111.46795494114893
8.74934465E7	153.1363625600691
8.78527625E7	140.0265197574883
8.82120785E7	142.6833858787345
8.85713945E7	41.102972807921645
8.89307105E7	44.464557448599095
8.92900265E7	84.32921345949686
8.96493425E7	132.50160641180995
9.00086585E7	80.21255900501076
9.03679745E7	121.41532401515317
9.07272905E7	108.85993890649294
9.10866065E7	96.51923798684486
9.14459225E7	138.34283565761956
9.18052385E7	103.86096253466324
9.21645545E7	118.22880833786803
9.25238705E7	166.23136015003362
9.28831865E7	161.09617413524768
9.32425025E7	103.69421038698388
9.36018185E7	86.68121107547078
9.39611345E7	119.76747864041387
9.43204505E7	137.23914749796845
9.46797665E7	133.88321639389272
9.50390825E7	62.7733477394552
9.53983985E7	76.4796994630346
9.57577145E7	128.71353497981025
9.61170305E7	108.2591181833378
9.64763465E7	73.6934617344116
9.68356625E7	90.84580068891066
9.71949785E7	90.82863946675066
9.75542945E7	113.00298606142863
9.79136105E7	96.32750568426358
9.82729265E7	81.4545616754636
9.86322425E7	75.01826706242916
9.89915585E7	88.86987302418363
9.93508745E7	130.00647960832458
9.97101905E7	102.73197765237221
1.000695065E8	107.10501435751657
1.004288225E8	174.00014817077312
1.007881385E8	147.7999680519061
1.011474545E8	124.48188591480145
1.015067705E8	122.99230892230355
1.018660865E8	174.84387028685748
1.022254025E8	109.97315552147161
1.025847185E8	129.84885122355695
1.029440345E8	139.50483801794633
1.033033505E8	53.12657326015402
1.036626665E8	86.02307879334715
1.040219825E8	134.5070162153705
1.043812985E8	108.46219331566968
1.047406145E8	162.49738837538715
1.050999305E8	144.03592153549008
1.054592465E8	96.7642797232707
1.058185625E8	87.05477542830134
1.061778785E8	169.93325533220286
1.065371945E8	131.4256578358644
1.068965105E8	99.51649529658675
1.072558265E8	90.4106638011027
1.076151425E8	62.54885025739294
1.079744585E8	97.54961841147949
1.083337745E8	120.1285381809418
1.086930905E8	70.13559254630857
1.089314775E8	98.42759061406511
1.091111355E8	147.15311245231254
1.094117225E8	80.9663649383823
1.097710385E8	104.15655111592066
1.101303545E8	101.94297963627484
1.10324175E8	3.3215258206680374
1.10503833E8	58.462502314383855
1.108489865E8	136.3795340710283
1.112083025E8	107.35211863617054
1.115676185E8	102.98351939052172
1.119269345E8	148.81740905227718
1.122862505E8	127.47699894945463
1.126455665E8	137.84918163449933
1.130048825E8	69.6368273924085
1.133641985E8	52.92297486442556
1.137235145E8	65.69214960099042
1.140828305E8	58.438299653406176
1.144421465E8	60.546031176248995
1.148014625E8	91.01008232514101
1.151607785E8	60.96963883545416
1.155200945E8	112.79354265320875
1.158794105E8	114.27304537704532
1.162387265E8	136.394191858273
1.165980425E8	113.49227995558057
1.169573585E8	102.3003054939081
1.173166745E8	118.32415510554071
1.176759905E8	111.45046843593369
1.180353065E8	129.22320506355325
1.183946225E8	131.64504333737102
1.187539385E8	95.44377393808121
1.191132545E8	57.00307897186377
1.194725705E8	95.26057476913954
1.198318865E8	159.903164561616
1.201912025E8	133.60330953280396
1.205505185E8	62.914398669219565
1.209098345E8	85.31670068836321
1.212691505E8	88.23632921474147
1.216284665E8	124.56799891200644
1.219877825E8	120.71678502233183
1.223470985E8	168.73916653876955
1.227064145E8	51.73969156847558
1.230657305E8	63.56688805085613
1.234250465E8	136.5933473775444
1.237843625E8	95.52462781395832
1.241436785E8	84.05166370567517
1.245029945E8	85.5446849764809
1.248623105E8	53.40464559267308
1.252216265E8	37.049847630053975
1.255809425E8	157.8076456900917
1.259402585E8	168.71856939866834
1.262995745E8	143.49686464294317
1.266588905E8	108.23157203216752
1.270182065E8	130.83145642306235
1.273775225E8	71.06763343573913
1.277368385E8	110.43605251498109
1.280961545E8	112.24988947730239
1.284554705E8	84.76463045493541
1.288147865E8	130.31116500461263
1.291741025E8	72.03356182352023
1.295334185E8	137.2787201483281
1.298927345E8	145.0105656864089
1.302520505E8	106.51887339102798
1.306113665E8	116.31262687494703
1.309706825E8	110.58366802306941
1.313299985E8	85.3859730210298
1.316893145E8	77.67230686749896
1.320486305E8	101.09236987456843
1.324079465E8	19.424379709911886
1.327672625E8	135.26461529359327
1.331265785E8	73.32081379829853
1.334858945E8	142.43261234516686
1.337730805E8	50.42931094563862
1.339527385E8	18.70799532344946
1.342045265E8	12.44320129277028
1.345638425E8	45.19069476882877
1.349231585E8	2.530022984897594
1.352824745E8	7.227829823320957
1.356417905E8	14.881939018714187
1.360011065E8	4.72164857879423
1.363604225E8	24.68503042198245
1.367197385E8	18.252293554968535
1.370790545E8	48.09744583959353
1.374033365E8	13.316458092873113
1.375577225E8	254.27614585553493
1.375927565E8	54.55026084956956
1.376371405E8	97.21465357559664
1.37699935E8	27.70064510889113
1.37786751E8	88.11927081603507
1.37868371E8	14.228512179010126
1.37942101E8	24.777418977537973
1.37980213E8	55.56644880174292
1.38019627E8	63.63586816582268
1.38089538E8	28.004498344948555
1.38156123E8	46.84509846766754
1.382206275E8	47.383821880062584
1.38280805E8	2.490028189396566
1.38323179E8	255.0
1.383484915E8	255.0
1.38384028E8	104.34913343272456
1.384312265E8	46.12401352874859
1.384772795E8	73.0187982179724
1.38522045E8	83.1091454677694
1.385663025E8	0.6556209344958304
1.38610046E8	14.408582520197251
1.38651258E8	14.610817264774148
1.386833775E8	33.24974526398969
1.387019305E8	20.428636055191134
1.38726341E8	0.0
1.387630385E8	113.0306972551214
1.3879854E8	137.1724199370756
1.3883298E8	25.005113353545408
1.388668195E8	0.0
1.389001375E8	40.521386253411194
1.389325255E8	14.655846166883663
1.38963047E8	6.402924901185771
1.38991991E8	188.52295673076924
1.390198715E8	42.259953161592506
1.39044446E8	0.734990747721198
1.390581695E8	0.0
1.39074104E8	55.548151750972764
1.391000815E8	244.77401129943502
1.39125904E8	24.328830881845178
1.391516555E8	91.39515169541939
1.391772845E8	11.771633870621788
1.39202833E8	61.75333245347763
1.39227853E8	0.0
1.392522945E8	151.2412463807151
1.392761035E8	0.0
1.392991635E8	0.0
1.393219065E8	142.56681514476614
1.39344169E8	146.28613638456196
1.393656665E8	0.0
1.39386585E8	130.4827261798986
1.394057875E8	255.0
1.394157655E8	0.0
1.39426072E8	174.0
1.394433E8	1.0
1.394591395E8	1.2
1.39474609E8	0.0
1.394898515E8	0.4142857142857143
1.39504877E8	2.7655529701014183
1.39519712E8	148.28867713004485
1.39534307E8	0.0
1.39548658E8	49.81481481481482
1.395628065E8	165.89557099435518
1.395768695E8	86.09232480533926
1.395908865E8	0.0
1.396048595E8	0.0
1.39618797E8	255.0
1.396327175E8	202.51059113300494
1.39646447E8	3.0
1.39659998E8	14.90635611087685
1.39673523E8	0.0
1.39687001E8	1.1784511784511784
1.39700456E8	255.0
1.397138915E8	0.0
1.397272965E8	0.0
1.39740652E8	218.77979027645375
1.397539385E8	0.0
1.397671835E8	0.0
1.397738625E8	0.0
1.39780441E8	0.23948936170212767
1.397935115E8	2.0
1.39806605E8	3.0
1.398195725E8	235.23217247097844
1.398324245E8	0.0
1.39845262E8	255.0
1.398580325E8	2.34478672985782
1.3987073E8	0.0
1.398833975E8	3.0
1.398960405E8	149.37329291352762
1.399086725E8	0.0
1.399212565E8	3.0
1.39933781E8	160.24214249128747
1.39946267E8	255.0
1.399587085E8	47.09090909090909
1.399711325E8	0.0
1.39983544E8	255.0
1.399959275E8	172.05978308791111
1.400082885E8	141.0687652811736
1.40020559E8	0.0
1.400327265E8	0.0
1.400448715E8	0.0
1.4005699E8	0.0
1.400690545E8	0.0
1.40081085E8	255.0
1.400930995E8	153.00299102691923
1.40105101E8	1.0
1.40117094E8	223.4868695289704
1.401281635E8	0.0
1.40134155E8	0.0
1.401410485E8	1.1055197700921613
1.40153003E8	85.33333333333333
1.40164882E8	0.0
1.40176667E8	208.78378378378378
1.4018842E8	213.40470441873524
1.40200076E8	0.3665183537263626
1.402116215E8	0.0
1.402231315E8	252.88907284768212
1.402345955E8	3.0
1.402459205E8	228.82825863838522
1.402571045E8	0.0
1.402682415E8	0.0
1.4027885E8	41.51761078626786
1.40288828E8	255.0
1.402984445E8	0.0
1.40307799E8	0.0
1.403166425E8	37.592720970537265
1.40324819E8	0.0
1.403326835E8	1.0
1.403402015E8	0.0
1.4034742E8	0.0
1.40354483E8	1.0
1.403614525E8	16.335971119133575
1.403683705E8	248.0492871413004
1.403752505E8	2.656914133231678
1.403821105E8	0.0
1.40388953E8	242.0100357203606
1.403957145E8	0.0
1.404023365E8	1.4935560859188544
1.404088075E8	0.0
1.404151525E8	2.8148719531008948
1.40421418E8	1.0
1.40427633E8	65.81372282892401
1.404337675E8	200.906407487401
1.404398365E8	0.0
1.40445888E8	255.0
1.404519085E8	0.0
1.404579005E8	255.0
1.404638765E8	243.05676049838488
1.404698365E8	225.35453497309763
1.4047577E8	254.878223495702
1.40481673E8	153.01167767801684
1.404875345E8	0.0
1.404915035E8	0.0
1.404943895E8	0.0
1.404990715E8	0.0
1.405047025E8	85.039206345009
1.40510262E8	0.0
1.405157995E8	222.9977389516958
1.40521292E8	218.99083057895297
1.40526756E8	164.8853772854044
1.40532181E8	0.0
1.40537566E8	245.99832948414834
1.405429375E8	255.0
1.405482795E8	0.0
1.40553603E8	255.0
1.405589225E8	3.0
1.40564221E8	0.0
1.405694775E8	255.0
1.40574688E8	0.0
1.405798735E8	255.0
1.405850135E8	255.0
1.40590093E8	0.0
1.405951535E8	0.0
1.40600212E8	0.0
1.406052535E8	0.0
1.406102665E8	44.31729236121177
1.406152645E8	254.1206896551724
1.406202595E8	3.0
1.406252495E8	0.0
1.40630226E8	0.0
1.40635179E8	0.0
1.40640115E8	0.0
1.4064504E8	0.0
1.4064995E8	231.83353820561325
1.406548455E8	0.0
1.40659729E8	168.22009705966315
1.40664601E8	1.0
1.406694435E8	0.0
1.40674261E8	0.0
1.40679061E8	161.44705664568679
1.40683806E8	0.0
1.40688509E8	0.0
1.406931635E8	0.0
1.40697758E8	0.0
1.40702335E8	0.0
1.40706898E8	0.0
1.40711432E8	0.0
1.40715925E8	224.84313953488373
1.40720393E8	0.0
1.407248515E8	0.0
1.407292955E8	0.0
1.407337135E8	0.0
1.40738111E8	0.0
1.40742499E8	0.0
1.407468785E8	0.0
1.40751256E8	255.0
1.407556295E8	0.0
1.40759995E8	128.39246861924687
1.407643435E8	0.0
1.407686665E8	177.24786576390935
1.407729765E8	0.2952308856926571
1.40777284E8	0.0
1.40781584E8	229.89277528029993
1.40785876E8	5.495188952039086
1.40790157E8	0.0
1.407944295E8	109.75504322766571
1.407986935E8	0.0
1.40802937E8	3.0
1.40807165E8	255.0
1.408113885E8	0.0
1.408156105E8	98.29012345679013
1.408198225E8	0.7322088724584104
1.40824022E8	163.92009884678748
1.408282145E8	2.6831700801424754
1.408324E8	1.0
1.408365825E8	0.0
1.40840755E8	0.0
1.408449115E8	255.0
1.40849054E8	0.0
1.40851497E8	0.0
1.408535395E8	0.0
1.40857247E8	0.0
1.408613235E8	128.0
1.40865389E8	193.9938097376355
1.408694335E8	0.0
1.40873455E8	251.6225165562914
1.408774675E8	0.0
1.408814765E8	0.0
1.40885475E8	204.2
1.408894625E8	0.0
1.408934395E8	0.0
1.408974065E8	181.4299489506523
1.409013685E8	146.28781178135503
1.409053235E8	233.49676472465063
1.40909269E8	0.0
1.409132055E8	3.0
1.409171345E8	3.0
1.409210595E8	253.6430155210643
1.40924982E8	0.0
1.40928899E8	0.0
1.40932812E8	0.0
1.409367215E8	77.70207509881423
1.4094061E8	255.0
1.409444775E8	2.2452367991290147
1.409483385E8	207.98569478608806
1.409521765E8	0.0
1.40955989E8	0.0
1.409597955E8	0.0
1.409636015E8	255.0
1.40967392E8	0.0
1.40971157E8	2.7159199237368923
1.40974907E8	0.0
1.40978648E8	0.0
1.409823815E8	2.0
1.40986105E8	0.0
1.409898215E8	2.7142857142857144
1.40993536E8	0.0
1.409972465E8	0.0
1.41000941E8	0.0
1.410046115E8	0.3343736067766384
1.410082665E8	254.5735785953177
1.41011916E8	255.0
1.410155645E8	0.0
1.410192115E8	129.0
1.410228535E8	0.21315192743764172
1.410264835E8	255.0
1.410301055E8	0.0
1.41033718E8	255.0
1.41037321E8	1.0
1.410409235E8	0.0
1.41044521E8	0.0
1.410481085E8	0.0
1.410516865E8	0.0
1.41055252E8	255.0
1.410588075E8	196.748654467169
1.41062361E8	1.0
1.41065914E8	0.0
1.41069467E8	234.55594644776704
1.41073012E8	246.14573833742546
1.41076544E8	3.0
1.41080071E8	0.0
1.41083596E8	0.0
1.41087117E8	0.0
1.41090628E8	0.0
1.410941305E8	233.15300814871821
1.41097631E8	79.4580694023685
1.411011295E8	0.0
1.411046235E8	170.0
1.411081075E8	0.0
1.41111585E8	255.0
1.4111506E8	0.0
1.411185295E8	224.30634838263276
1.41121994E8	0.0
1.411254545E8	14.905843033306443
1.411289005E8	0.0
1.411323185E8	0.0
1.411357175E8	0.0
1.4113911E8	255.0
1.411424975E8	0.0
1.41145878E8	255.0
1.411492525E8	232.18034729265312
1.41152626E8	231.67101584342964
1.41155995E8	0.0
1.411593515E8	0.0
1.41162699E8	212.5
1.41166043E8	0.0
1.4116937E8	0.0
1.411726805E8	0.0
1.411759855E8	0.0
1.41179286E8	0.0
1.411825805E8	0.0
1.411858675E8	2.9978958442924775
1.41189148E8	0.0
1.41192424E8	66.0
1.411956955E8	0.0
1.411989605E8	15.454166666666667
1.41202221E8	3.0
1.4120548E8	223.99110907526062
1.412087365E8	0.0
1.41210776E8	0.0
1.41212402E8	0.0
1.412152325E8	0.0
1.41218463E8	3.0
1.41221688E8	2.590818363273453
1.412249085E8	241.62242900800055
1.41228124E8	202.59122842232034
1.41231335E8	0.0
1.412345425E8	0.0
1.41237746E8	0.0
1.41240947E8	117.42003105590062
1.41244146E8	0.0
1.412473425E8	131.2750672301191
1.41250538E8	228.23755226875818
1.412537305E8	243.15940867039922
1.412569125E8	0.0
1.41260086E8	0.0
1.41263258E8	255.0
1.412664245E8	0.0
1.41269585E8	0.0
1.41272743E8	0.0
1.412758995E8	0.0
1.412790545E8	243.53889023503757
1.412822035E8	0.0
1.4128534E8	209.22710110142398
1.41288466E8	0.0
1.41291589E8	0.0
1.412947105E8	0.0
1.412978215E8	32.773647748467894
1.413009225E8	0.0
1.413040225E8	254.1509433962264
1.41307117E8	0.0
1.41310204E8	218.79642058165547
1.413132865E8	2.9594594594594597
1.413163665E8	85.94117647058823
1.41319445E8	65.16963541271886
1.413225215E8	52.46913580246913
1.41325596E8	0.0
1.41328669E8	1.1048004220151222
1.41331738E8	0.0
1.413348E8	0.0
1.413378585E8	193.31223983057038
1.413409105E8	188.17433516251583
1.413439555E8	0.0
1.41346999E8	0.0
1.41350033E8	0.0
1.413530575E8	0.0
1.41356076E8	0.0
1.413590875E8	0.0
1.41362097E8	0.0
1.413651025E8	0.0
1.41368103E8	0.0
1.41371102E8	27.161518661518663
1.413740995E8	1.4
1.41377093E8	255.0
1.413800805E8	180.07545945945947
1.413830635E8	223.20857863751053
1.413860455E8	1.0
1.41389022E8	0.0
1.413919895E8	0.0
1.4139495E8	0.0
1.413979065E8	0.0
1.41400857E8	0.0
1.41403801E8	0.0
1.41406741E8	0.0
1.41409678E8	0.0
1.414126105E8	0.0
1.41415538E8	238.28794558029946
1.414184645E8	0.0
1.414213895E8	255.0
1.414243125E8	211.309906529169
1.414272345E8	6.795167880618227
1.41430155E8	0.0
1.414330725E8	0.0
1.414359875E8	162.212976022567
1.414389E8	0.0
1.414418105E8	0.0
1.41444718E8	221.90517556436424
1.414476225E8	0.3596044351213665
1.41450526E8	0.0
1.41453427E8	189.09388803978695
1.41456323E8	0.0
1.41459214E8	128.0
1.414621005E8	187.45893295893296
1.414649835E8	186.53662153794406
1.414678655E8	0.8776119402985074
1.414707475E8	255.0
1.41473629E8	0.0
1.41476508E8	0.0
1.414793845E8	239.22041327489043
1.41482258E8	255.0
1.414851235E8	0.0
1.414879835E8	3.0
1.414908425E8	0.0
1.41493699E8	247.12849964106246
1.41496551E8	229.19329489129365
1.414993995E8	1.0
1.415022465E8	0.0
1.415050915E8	0.0
1.41507934E8	0.0
1.415107725E8	253.3112582781457
1.415136075E8	0.0
1.41516441E8	3.0
1.415192725E8	0.0
1.41522102E8	0.0
1.415249305E8	194.9858564693557
1.41527757E8	1.7205120390124962
1.41530581E8	0.0
1.415334035E8	0.0
1.415362255E8	0.0
1.415390465E8	0.0
1.41541866E8	190.93178036605659
1.41544683E8	219.21796424878121
1.415474975E8	0.0
1.4155031E8	0.0
1.415531175E8	255.0
1.41555919E8	234.81320880587057
1.415587165E8	0.0
1.41561512E8	0.0
1.41564307E8	0.0
1.415671015E8	0.0
1.415695015E8	227.50575827373015
1.41570898E8	255.0
1.41572688E8	0.0
1.4157548E8	0.0
1.415782705E8	207.15533571879604
1.415810595E8	0.0
1.41583847E8	30.77777777777778
1.415866325E8	0.0
1.41589416E8	209.71079850605827
1.41592198E8	0.0
1.41594971E8	0.0
1.415977345E8	255.0
1.41600491E8	0.0
1.416032415E8	0.0
1.41605989E8	255.0
1.416087335E8	0.0
1.416114735E8	0.0
1.41614208E8	255.0
1.416169385E8	140.77921504364096
1.41619657E8	224.57264901982978
1.416223655E8	0.0
1.41625071E8	128.78964941569282
1.416277715E8	0.0
1.41630469E8	255.0
1.416331645E8	221.85420498560055
1.41635856E8	0.0
1.416385445E8	1.6726796624963631
1.416412325E8	0.0
1.416439195E8	250.91158955565734
1.41646598E8	212.24317768344451
1.416492685E8	0.0
1.41651938E8	87.76386526029262
1.416546065E8	0.0
1.41657273E8	48.48524952873487
1.416599375E8	0.0
1.41662593E8	255.0
1.416652385E8	0.0
1.416678815E8	208.08325080013762
1.41670523E8	0.0
1.41673163E8	0.0
1.41675801E8	0.0
1.416784375E8	184.522110162917
1.41681073E8	0.0
1.41683705E8	255.0
1.416863335E8	254.35443037974684
1.416889605E8	0.0
1.416915825E8	255.0
1.416942E8	0.0
1.416968145E8	0.0
1.41699426E8	3.0
1.41702034E8	0.0
1.41704638E8	0.0
1.41707241E8	190.18777943368107
1.41709838E8	0.0
1.417124275E8	204.1
1.417150135E8	0.0
1.41717597E8	0.0
1.41720177E8	0.0
1.41722754E8	0.0
1.417253305E8	1.6357861302276338
1.41727906E8	91.82240762812873
1.41730481E8	0.0
1.41733056E8	0.0
1.417356305E8	215.86702536510376
1.417382025E8	0.0
1.4174077E8	3.0
1.41743333E8	0.0
1.41745892E8	0.0
1.417484485E8	0.0
1.41751004E8	254.91194143241935
1.41753556E8	0.0
1.41756104E8	133.45229669470652
1.41758648E8	1.0
1.41761189E8	255.0
1.417637275E8	0.0
1.4176626E8	0.0
1.41768789E8	0.0
1.417713145E8	0.0
1.41773836E8	129.44141418702307
1.41776357E8	0.0
1.417788775E8	0.0
1.417813975E8	151.1116825863336
1.41783916E8	0.0
1.417864325E8	0.0
1.41788946E8	19.997750187484375
1.41791457E8	0.0
1.417939675E8	0.0
1.417964765E8	0.0
1.41798983E8	0.0
1.418014855E8	0.0
1.41803981E8	81.20072689511942
1.4180647E8	127.5
1.41808953E8	0.0
1.41811431E8	186.4148360005045
1.418139075E8	212.74784885895997
1.41816383E8	0.0
1.41818857E8	0.0
1.418213285E8	0.0
1.418237955E8	1.0
1.41826259E8	54.36842105263158
1.418287215E8	170.33333333333334
1.41831178E8	62.028960817717206
1.41833627E8	86.33333333333333
1.418360715E8	0.0
1.41838512E8	0.0
1.418409505E8	165.58731175905157
1.418433885E8	0.0
1.418458265E8	129.60895731569076
1.41848263E8	0.0
1.418506975E8	0.0
1.418531305E8	0.0
1.41855562E8	0.0
1.41857992E8	3.0
1.418604205E8	158.24641148325358
1.41862847E8	0.0
1.41865272E8	0.0
1.41867695E8	3.0
1.41870116E8	223.5788156797331
1.418725365E8	0.0
1.41874956E8	0.0
1.41877374E8	0.0
1.41879789E8	0.0
1.418822015E8	0.0
1.418846075E8	0.0
1.418870045E8	0.0
1.418893965E8	9.61728031418753
1.418917865E8	0.0
1.41894176E8	0.0
1.41896563E8	0.0
1.41898948E8	0.0
1.41901333E8	193.10095442935878
1.419037175E8	196.03017525242012
1.41906101E8	49.39224737574301
1.41908484E8	194.15028368741588
1.419108665E8	255.0
1.41913248E8	0.0
1.41915629E8	78.30700157957747
1.41918009E8	2.999047316608447
1.41920388E8	255.0
1.419227665E8	0.0
1.41925143E8	255.0
1.419275165E8	0.0
1.419292615E8	22.444144838212633
1.41930446E8	170.33333333333334
1.419322555E8	0.0
1.419346225E8	0.0
1.41936987E8	0.0
1.41939347E8	0.0
1.41941703E8	255.0
1.419440575E8	0.0
1.41946411E8	0.0
1.419487635E8	0.0
1.419511115E8	0.0
1.419534545E8	0.0
1.419557965E8	229.45271553361184
1.41958135E8	0.0
1.419604675E8	254.41540577716643
1.419627965E8	0.0
1.419651245E8	225.28636541664693
1.419674515E8	235.0013753272483
1.41969777E8	0.0
1.419721005E8	0.0
1.419744205E8	0.0
1.41976738E8	0.0
1.419790505E8	0.030315278900565887
1.41981358E8	0.0
1.419836635E8	233.07493080440423
1.41985967E8	148.64268697353867
1.41988266E8	2.0664887702913055
1.4199056E8	0.0
1.41992852E8	255.0
1.41995142E8	0.0
1.4199743E8	0.0
1.419997165E8	0.0
1.420020015E8	255.0
1.42004285E8	0.0
1.420065675E8	0.0
1.42008845E8	0.0
1.420111165E8	241.15557939914163
1.42013386E8	0.0
1.420156535E8	0.0
1.42017916E8	0.0
1.42020175E8	3.0
1.42022431E8	0.0
1.420246815E8	0.0
1.42026929E8	0.0
1.42029171E8	0.0
1.420314065E8	0.0
1.420336395E8	0.0
1.420358715E8	180.28778447772808
1.420381015E8	0.0
1.42040329E8	210.16483516483515
1.42042554E8	0.0
1.42044776E8	0.0
1.420469965E8	0.0
1.42049215E8	0.0
1.420514315E8	0.0
1.420536445E8	0.0
1.42055854E8	0.0
1.42058062E8	0.0
1.420602685E8	175.74721626771466
1.42062474E8	0.0
1.42064677E8	0.0
1.420668775E8	0.0
1.420690765E8	0.0
1.420712745E8	0.0
1.420734715E8	0.0
1.420756655E8	0.0
1.420778565E8	228.0204799981891
1.42080046E8	0.0
1.42082235E8	0.0
1.42084423E8	0.0
1.42086609E8	0.0
1.4208879E8	0.0
1.420909665E8	0.0
1.42093141E8	0.0
1.420953105E8	0.0
1.42097474E8	0.0
1.42099635E8	0.0
1.42101794E8	0.0
1.42103946E8	0.0
1.42106089E8	0.0
1.421082245E8	0.0
1.42110355E8	0.0
1.421124825E8	0.0
1.421146075E8	0.0
1.421167315E8	213.58938316520587
1.42118853E8	184.2892088061916
1.42120971E8	255.0
1.421230865E8	0.0
1.421252E8	0.0
1.42127313E8	0.0
1.42129426E8	0.0
1.421315385E8	0.0
1.42133649E8	0.0
1.421357575E8	0.0
1.42137864E8	0.0
1.42139969E8	191.02996254681648
1.42142073E8	0.0
1.421441755E8	255.0
1.421462745E8	0.0
1.421483705E8	255.0
1.421504655E8	0.0
1.421525595E8	0.0
1.421546525E8	3.0
1.421567435E8	0.7
1.42158833E8	0.0
1.421609215E8	2.3839617631439194
1.42163009E8	0.7504201680672269
1.42165096E8	1.0
1.421671825E8	0.0
1.421692675E8	0.0
1.4217135E8	208.66174388023467
1.4217343E8	0.0
1.42175509E8	0.0
1.421775875E8	0.0
1.421796645E8	255.0
1.421817365E8	0.0
1.421838025E8	25.322489329719886
1.42185866E8	0.0
1.42187929E8	202.11717836891984
1.421899915E8	0.0
1.421920525E8	0.0
1.421941125E8	0.0
1.421961725E8	129.31578947368422
1.42198232E8	90.71515892420538
1.422002865E8	0.0
1.422023345E8	0.0
1.422043795E8	0.0
1.42206423E8	129.0
1.42208462E8	0.0
1.42210496E8	0.0
1.42212529E8	0.0
1.422145605E8	255.0
1.42216589E8	6.998444790046657
1.42218613E8	0.0
1.422206335E8	0.0
1.42222652E8	0.0
1.422246675E8	0.0
1.422266795E8	0.0
1.42228689E8	0.0
1.422306975E8	255.0
1.422327045E8	0.0
1.422347105E8	0.0
1.42236716E8	57.12546399406087
1.42238721E8	203.96597731821214
1.422407225E8	0.0
1.422427205E8	0.8571428571428571
1.422447185E8	1.0
1.42246715E8	0.0
1.42248709E8	0.0
1.422507005E8	0.0
1.422526905E8	182.05964196827492
1.422546795E8	255.0
1.422566665E8	0.0
1.422586525E8	0.0
1.422606355E8	0.0
1.422626145E8	0.0
1.422645915E8	0.0
1.422665675E8	0.0
1.42268543E8	2.1363636363636362
1.422705175E8	255.0
1.422724895E8	0.0
1.422744575E8	1.0
1.422764235E8	1.0
1.422783895E8	0.0
1.422803545E8	0.0
1.42282318E8	0.0
1.422842805E8	0.0
1.422862425E8	224.62228770425932
1.4228818E8	1.0
1.42289161E8	0.0
1.42290166E8	0.0
1.42292127E8	0.0
1.42294088E8	0.0
1.422960465E8	0.0
1.422980025E8	18.861626688043412
1.42299954E8	0.0
1.42301901E8	255.0
1.42303848E8	255.0
1.423057945E8	255.0
1.4230774E8	1.0
1.423096845E8	0.0
1.42311628E8	0.0
1.42313569E8	0.0
1.423155065E8	142.72762645914398
1.423174425E8	0.0
1.42319378E8	0.0
1.42321312E8	255.0
1.42323245E8	0.0
1.42325177E8	0.0
1.42327107E8	77.1103752759382
1.423290355E8	0.0
1.423309635E8	0.0
1.42332891E8	0.0
1.423348175E8	248.16430302486313
1.423367435E8	0.0
1.423386685E8	255.0
1.423405905E8	0.0
1.42342509E8	0.9966555183946488
1.423444255E8	0.0
1.423463415E8	0.0
1.42348253E8	0.0
1.423501595E8	0.0
1.42352065E8	127.5
1.423539695E8	0.0
1.42355873E8	0.0
1.42357776E8	0.0
1.42359679E8	3.0
1.423615815E8	0.0
1.42363483E8	158.22145804676754
1.423653835E8	0.0
1.423672835E8	0.0
1.42369183E8	0.0
1.4237108E8	0.0
1.42372975E8	0.0
1.42374869E8	255.0
1.42376761E8	0.0
1.423786515E8	0.0
1.423805415E8	251.64263651993974
1.423824305E8	0.0
1.423843155E8	255.0
1.423861925E8	255.0
1.423880645E8	0.0
1.42389936E8	0.0
1.423918065E8	191.48936170212767
1.423936765E8	0.0
1.42395546E8	0.0
1.42397415E8	0.0
1.42399284E8	255.0
1.424011525E8	0.0
1.42403019E8	0.0
1.42404883E8	209.04493774322108
1.42406746E8	0.0
1.424086055E8	0.0
1.424104605E8	253.73134328358208
1.42412313E8	3.0
1.42414163E8	0.0
1.42416009E8	0.0
1.42417852E8	0.0
1.42419695E8	0.0
1.42421538E8	1.0
1.424233805E8	0.0
1.42425222E8	0.0
1.42427063E8	0.0
1.424288995E8	0.0
1.424307315E8	0.0
1.424325625E8	0.0
1.42434392E8	0.0
1.42436221E8	0.0
1.424380485E8	72.42801175318316
1.42439871E8	3.0
1.424416895E8	0.0
1.424435075E8	0.0
1.42445323E8	0.0
1.42447136E8	0.0
1.424489455E8	0.0
1.4245075E8	0.0
1.424525525E8	0.0
1.42454354E8	255.0
1.424561545E8	0.0
1.424579545E8	255.0
1.424597535E8	0.0
1.42461551E8	0.0
1.42463346E8	0.0
1.424651385E8	0.0
1.42466928E8	0.0
1.424687145E8	0.0
1.424705E8	0.0
1.42472285E8	0.0
1.424740655E8	0.0
1.42475841E8	0.0
1.42477616E8	3.0
1.42479391E8	3.0
1.424811635E8	0.0
1.42482933E8	255.0
1.424847005E8	203.6845694799659
1.42486464E8	0.0
1.424882225E8	225.82974137931035
1.424899775E8	255.0
1.4249173E8	231.52173913043478
1.42493479E8	0.0
1.42495226E8	0.0
1.42496973E8	0.0
1.42498718E8	0.0
1.4250046E8	0.0
1.425021995E8	0.0
1.42503937E8	0.0
1.425056725E8	0.0
1.42507406E8	0.0
1.425091385E8	0.0
1.425108685E8	0.0
1.425125945E8	0.0
1.425143185E8	3.0
1.4251604E8	154.4018691588785
1.42517759E8	248.84740590030518
1.425194765E8	0.0
1.425211925E8	0.0
1.42522908E8	0.0
1.425246225E8	0.0
1.42526336E8	0.0
1.425280485E8	213.48837209302326
1.425297595E8	204.73448965977317
1.425314695E8	31.875
1.42533179E8	0.0
1.425348875E8	0.0
1.425365935E8	0.0
1.42538297E8	1.5
1.4254E8	0.0
1.425416995E8	0.0
1.425433925E8	211.82273283872362
1.425450825E8	239.74228923920492
1.42546771E8	0.0
1.42548457E8	2.848101265822785
1.42550141E8	0.0
1.42551824E8	105.71049659677075
1.42553507E8	177.04928131416838
1.425551885E8	0.0
1.42556868E8	1.0
1.425585465E8	0.0
1.42560223E8	0.0
1.42561894E8	0.0
1.42563556E8	0.0
1.425652095E8	3.0
1.42566857E8	0.0
1.42568501E8	0.0
1.42570144E8	0.0
1.42571786E8	0.0
1.42573425E8	0.0
1.42575062E8	0.0
1.42576699E8	171.50777325458975
1.425783355E8	0.0
1.425799685E8	0.0
1.42581598E8	0.0
1.42583225E8	255.0
1.4258485E8	0.0
1.42586474E8	0.0
1.425880965E8	0.0
1.42589717E8	86.87944249729765
1.425913335E8	0.2782931354359926
1.42592946E8	230.92513113972342
1.425945565E8	89.765065913371
1.425961665E8	3.0
1.425977755E8	255.0
1.42599378E8	0.0
1.42600974E8	0.0
1.426025685E8	158.54425921577834
1.426041585E8	0.0
1.426057445E8	0.0
1.426073305E8	0.0
1.42608914E8	0.0
1.42610493E8	0.0
1.4261207E8	0.0
1.42613646E8	0.0
1.4261522E8	0.0
1.42616792E8	0.0
1.42618361E8	0.0
1.426199275E8	213.53559966718174
1.426214905E8	0.0
1.426230505E8	0.0
1.426246095E8	0.0
1.426261665E8	0.0
1.426277225E8	0.0
1.42629278E8	0.0
1.42630832E8	0.0
1.426323845E8	65.79591836734694
1.426339355E8	0.0
1.426354855E8	0.0
1.42637035E8	0.0
1.426385825E8	0.0
1.426401275E8	0.0
1.42641671E8	131.18047769924445
1.42643213E8	0.0
1.426447535E8	0.0
1.426462925E8	0.0
1.42647757E8	0.0
1.42648524E8	0.0
1.42649362E8	251.61129568106313
1.42650895E8	0.0
1.426524275E8	0.0
1.42653958E8	0.0
1.42655486E8	229.56187122736418
1.42657012E8	0.0
1.42658537E8	0.0
1.42660062E8	196.51970938101005
1.42661585E8	255.0
1.426631055E8	0.0
1.42664625E8	0.0
1.426661435E8	0.0
1.426676605E8	255.0
1.426691735E8	0.0
1.42670683E8	1.0
1.426721915E8	0.0
1.426736975E8	8.882025819265143
1.426752015E8	0.0
1.426767045E8	0.0
1.426782025E8	255.0
1.426796955E8	0.0
1.426811875E8	210.1174168297456
1.426826785E8	0.0
1.42684168E8	0.0
1.426856565E8	0.0
1.42687144E8	0.0
1.42688631E8	159.82597698242063
1.42690117E8	128.62035487110813
1.426916015E8	0.0
1.426930845E8	0.0
1.426945645E8	0.0
1.426960415E8	0.0
1.42697517E8	32.270341207349084
1.42698991E8	0.0
1.42700463E8	255.0
1.427019325E8	0.0
1.427034E8	0.0
1.427048665E8	0.0
1.427063315E8	0.0
1.427077945E8	255.0
1.42709256E8	0.0
1.42710717E8	0.0
1.42712177E8	0.0
1.427136355E8	240.8414058071424
1.427150925E8	255.0
1.42716547E8	0.0
1.427179995E8	0.0
1.427194515E8	0.0
1.42720903E8	0.0
1.427223515E8	0.0
1.427237975E8	0.0
1.42725243E8	0.0
1.42726687E8	246.07354838709676
1.42728129E8	0.0
1.427295695E8	232.07755133132738
1.427310075E8	0.0
1.427324415E8	255.0
1.427338735E8	0.0
1.427353055E8	0.0
1.427367365E8	0.0
1.42738166E8	168.8612199216564
1.42739595E8	194.48566610455313
1.42741022E8	0.0
1.427424465E8	0.0
1.427438705E8	0.0
1.427452945E8	0.0
1.42746718E8	0.0
1.427481405E8	255.0
1.42749562E8	0.0
1.42750982E8	0.0
1.427523995E8	254.09036860879905
1.427538155E8	255.0
1.427552315E8	169.05133928571428
1.42756647E8	0.0
1.427580605E8	0.0
1.427594725E8	0.0
1.42760884E8	0.0
1.427622945E8	0.0
1.427637035E8	0.0
1.427651115E8	0.0
1.42766519E8	0.0
1.427679255E8	0.0
1.427693305E8	0.0
1.427707335E8	0.0
1.42772132E8	255.0
1.427735265E8	0.0
1.4277492E8	170.6312204767659
1.42776312E8	1.0
1.42777703E8	0.0
1.42779094E8	255.0
1.427804825E8	0.0
1.427818685E8	0.0
1.42783254E8	0.0
1.427846385E8	254.56852791878174
1.42786022E8	250.15832468879668
1.427874045E8	1.9090909090909092
1.42788786E8	0.0
1.42790167E8	0.0
1.427915475E8	182.25896414342628
1.427929275E8	178.62362362362362
1.42794307E8	97.9973411570551
1.427956855E8	1.0
1.42797063E8	0.0
1.4279844E8	42.39551849921834
1.42799817E8	0.0
1.42801194E8	3.0
1.428025705E8	0.0
1.42803946E8	0.0
1.428053205E8	0.0
1.428066945E8	0.0
1.42808068E8	0.0
1.4280944E8	0.0
1.4281081E8	255.0
1.428121785E8	0.0
1.428135455E8	3.0
1.42814909E8	0.0
1.428162695E8	200.67909672940266
1.428176275E8	162.4153486299844
1.428189835E8	255.0
1.42820339E8	0.0
1.42821694E8	0.0
1.428230475E8	0.0
1.42824399E8	0.0
1.42825748E8	0.0
1.42827095E8	170.92592592592592
1.428284415E8	0.0
1.428297865E8	0.0
1.4283113E8	71.55555555555556
1.42832472E8	240.09971348008006
1.428338125E8	254.7872932017239
1.428351525E8	0.0
1.428364925E8	0.0
1.42837832E8	226.93474230626623
1.42839171E8	0.0
1.42840509E8	0.0
1.42841846E8	0.0
1.428431825E8	0.0
1.428445175E8	92.4198250728863
1.42845851E8	0.0
1.42847184E8	35.84355809477254
1.42848517E8	0.0
1.428498495E8	0.0
1.428511805E8	191.57863145258102
1.428525105E8	0.0
1.428538395E8	0.0
1.42855167E8	0.0
1.428564935E8	0.0
1.428578195E8	0.0
1.42859144E8	0.0
1.42860467E8	0.0
1.428617895E8	169.90545050055619
1.428631085E8	0.0
1.42864424E8	0.0
1.42865739E8	0.0
1.42867054E8	255.0
1.42868369E8	0.0
1.428696825E8	0.0
1.42870994E8	0.0
1.42872305E8	0.0
1.428736155E8	0.0
1.428749255E8	214.74139773455866
1.42876235E8	137.5983288570576
1.428775435E8	0.0
1.428788505E8	0.0
1.428801555E8	255.0
1.428814595E8	0.0
1.428827635E8	255.0
1.428840675E8	255.0
1.42885371E8	0.0
1.42886674E8	0.0
1.428879765E8	0.0
1.42889278E8	0.0
1.42890579E8	255.0
1.42891879E8	254.74434666369612
1.42893177E8	0.0
1.42894474E8	128.25
1.42895771E8	0.0
1.428970675E8	0.0
1.42898363E8	0.0
1.428996575E8	0.0
1.429009515E8	0.0
1.429022455E8	255.0
1.42903539E8	255.0
1.42904831E8	0.0
1.429061215E8	255.0
1.42907411E8	0.0
1.42908699E8	243.47306650616912
1.429099855E8	0.0
1.42911271E8	0.0
1.429125555E8	0.0
1.429138395E8	231.1583890707272
1.42915123E8	0.0
1.42916406E8	176.596065769386
1.429176885E8	237.34640365648303
1.4291897E8	0.0
1.429202505E8	0.0
1.429215305E8	0.0
1.4292281E8	0.0
1.429240885E8	0.2030008826125331
1.429253665E8	255.0
1.429266445E8	0.0
1.42927922E8	234.18590354905442
1.42929199E8	0.7586903185950049
1.42930476E8	136.10638297872342
1.429317525E8	0.0
1.42933028E8	0.0
1.42934303E8	0.0
1.429355775E8	0.0
1.429368515E8	3.0
1.429381245E8	0.0
1.42939396E8	0.0
1.42940667E8	0.0
1.42941938E8	0.0
1.42943209E8	0.0
1.4294448E8	255.0
1.429457505E8	212.0566362523756
1.429470205E8	1.0
1.429482905E8	244.77837733667374
1.4294956E8	0.0
1.429508285E8	0.0
1.429520965E8	50.710455764075064
1.429533635E8	236.1880263487034
1.42954629E8	0.0
1.429558935E8	36.19971936389149
1.42957157E8	0.0
1.4295842E8	0.0
1.42959683E8	50.572812051649926
1.429609455E8	0.0
1.429622075E8	0.0
1.429634695E8	0.0
1.42964731E8	0.0
1.42965992E8	166.23846345722126
1.429672525E8	208.16116988575234
1.429685125E8	0.0
1.429697725E8	255.0
1.429710325E8	3.0
1.42972292E8	71.76460408547517
1.429735505E8	0.0
1.429748085E8	0.0
1.429760665E8	2.4284072626982303
1.42977324E8	0.0
1.42978579E8	0.0
1.42979832E8	248.66477971941916
1.429810845E8	0.0
1.42982336E8	0.0
1.42983587E8	255.0
1.42984838E8	0.0
1.42986089E8	0.0
1.429873395E8	33.55969677826911
1.42988589E8	0.0
1.429898375E8	0.0
1.42991085E8	244.5867281829783
1.429923315E8	0.0
1.429935775E8	3.0
1.429948225E8	0.0
1.42996066E8	232.94517166114258
1.429973085E8	187.26666666666668
1.4299855E8	0.0
1.42999791E8	255.0
1.43001032E8	0.0
1.430022725E8	1.0
1.430035125E8	0.0
1.430047525E8	236.90129714365517
1.43005992E8	3.0
1.4300719E8	0.0
1.43007809E8	0.0
1.430084685E8	0.0
1.430097065E8	0.0
1.430109445E8	0.0
1.43012182E8	255.0
1.430134185E8	0.0
1.43014654E8	0.0
1.43015889E8	255.0
1.430171235E8	0.0
1.430183575E8	161.9820476226245
1.430195915E8	0.0
1.43020825E8	0.0
1.43022058E8	0.0
1.430232905E8	255.0
1.43024522E8	255.0
1.43025753E8	1.0
1.43026984E8	0.0
1.43028215E8	0.0
1.430294455E8	227.62765546543068
1.43030675E8	0.0
1.43031904E8	0.0
1.430331325E8	0.0
1.4303436E8	0.0
1.43035587E8	226.40689776695606
1.43036814E8	0.0
1.43038041E8	0.0
1.430392675E8	255.0
1.430404935E8	0.0
1.430417195E8	87.0
1.43042945E8	255.0
1.4304417E8	0.0
1.43045395E8	0.0
1.4304662E8	0.0
1.43047845E8	0.0
1.4304907E8	1.0
1.430502945E8	192.9416537160618
1.430515185E8	149.67818333797715
1.430527425E8	0.0
1.430539665E8	34.58686067019401
1.4305519E8	0.0
1.43056413E8	0.0
1.43057636E8	0.0
1.430588585E8	188.86092079262775
1.430600805E8	0.0
1.43061302E8	0.0
1.430625225E8	0.0
1.430637425E8	0.0
1.43064962E8	0.0
1.43066181E8	0.0
1.430674E8	0.0
1.430686185E8	241.21508001084894
1.430698365E8	0.0
1.430710525E8	255.0
1.43072266E8	0.0
1.430734785E8	0.0
1.430746905E8	255.0
1.43075902E8	0.0
1.43077113E8	0.0
1.430783235E8	0.0
1.43079533E8	0.0
1.43080742E8	255.0
1.43081951E8	0.0
1.430831595E8	0.0
1.430843675E8	0.0
1.430855755E8	129.0
1.430867835E8	0.0
1.43087991E8	2.9508196721311477
1.430891975E8	0.0
1.43090403E8	70.69681245366938
1.43091608E8	0.0
1.43092813E8	210.58019466779518
1.43094017E8	0.0
1.4309522E8	0.0
1.43096423E8	0.0
1.430976255E8	255.0
1.430988275E8	3.0
1.43100029E8	0.0
1.431012295E8	0.0
1.431024295E8	0.0
1.431036295E8	3.0
1.43104829E8	0.0
1.43106028E8	1.0
1.431072265E8	255.0
1.431084245E8	0.0
1.43109622E8	255.0
1.43110819E8	0.0
1.43112015E8	0.0
1.4311321E8	0.0
1.43114405E8	206.83664596273292
1.431156E8	0.0
1.43116795E8	8.867116723215222
1.431179895E8	255.0
1.43119183E8	255.0
1.43120376E8	255.0
1.43121569E8	0.0
1.43122762E8	255.0
1.431239545E8	0.0
1.431251465E8	248.7253457151509
1.431263385E8	0.0
1.4312753E8	0.0
1.43128721E8	0.0
1.431299115E8	0.0
1.431311015E8	0.0
1.431322915E8	0.0
1.43133481E8	0.0
1.4313467E8	0.0
1.43135859E8	0.0
1.43137048E8	0.0
1.43138237E8	0.0
1.43139426E8	255.0
1.431406145E8	0.0
1.431418015E8	0.0
1.431429875E8	0.0
1.431441735E8	169.2967931065115
1.431453595E8	255.0
1.431465455E8	3.0
1.43147731E8	0.0
1.43148916E8	199.02592592592592
1.43150101E8	222.84644194756555
1.43151286E8	0.0
1.431524705E8	255.0
1.431536545E8	0.0
1.431548385E8	0.0
1.431560225E8	0.0
1.431572055E8	1.0
1.431583875E8	238.81253183496753
1.43159569E8	0.0
1.4316075E8	243.3852678101652
1.43161931E8	0.0
1.43163111E8	3.0
1.4316429E8	0.0
1.43165469E8	0.0
1.431666475E8	0.0
1.431678255E8	0.0
1.431690035E8	0.0
1.431701815E8	0.0
1.431713595E8	0.0
1.431725375E8	0.0
1.43173715E8	0.0
1.431748915E8	12.186564366797796
1.43176067E8	0.0
1.43177242E8	255.0
1.431784165E8	0.0
1.431795905E8	0.0
1.43180764E8	0.0
1.43181937E8	0.0
1.4318311E8	212.87840088839533
1.43184282E8	0.0
1.43185453E8	87.18448637316561
1.43186624E8	255.0
1.43187795E8	0.0
1.431889655E8	0.0
1.43190135E8	0.0
1.43191304E8	0.0
1.431924725E8	3.0
1.4319364E8	0.0
1.43194807E8	0.0
1.43195974E8	0.0
1.431971405E8	0.0
1.431983065E8	251.48198909089388
1.431994725E8	196.96463128446413
1.432006385E8	0.0
1.43201804E8	0.0
1.43202969E8	0.0
1.432041335E8	0.0
1.43205297E8	0.0
1.4320646E8	234.90039899891275
1.43207623E8	0.0
1.43208786E8	32.5
1.43209949E8	0.0
1.43211112E8	244.00967861599165
1.432122745E8	193.08108618475717
1.432134365E8	255.0
1.432145985E8	139.91117138662855
1.4321576E8	1.0
1.43216921E8	0.0
1.43218082E8	1.0
1.432192425E8	0.0
1.432204025E8	105.20547945205479
1.432215625E8	3.0
1.43222722E8	0.0
1.43223881E8	0.0
1.4322504E8	255.0
1.43226199E8	254.71412556053812
1.43227358E8	0.0
1.432285165E8	0.0
1.432296745E8	27.566541006866412
1.432308325E8	115.89279437609842
1.4323199E8	124.77669902912622
1.43233147E8	244.17307382982145
1.432343035E8	0.0
1.432354595E8	3.0
1.43236615E8	0.0
1.4323777E8	223.8140827671402
1.43238925E8	0.0
1.4324008E8	1.2381787177076196
1.432412345E8	255.0
1.432423885E8	205.09383378016085
1.432435425E8	1.0
1.432446965E8	255.0
1.4324585E8	0.0
1.43247003E8	0.0
1.43248156E8	0.0
1.432493085E8	255.0
1.432504605E8	0.0
1.432516125E8	0.0
1.432527645E8	0.0
1.43253916E8	85.66666666666667
1.432550665E8	2.0
1.432562165E8	255.0
1.432573655E8	0.0
1.432585135E8	0.0
1.432596615E8	0.0
1.432608095E8	90.19430425378515
1.432619575E8	0.0
1.432631055E8	0.0
1.43264253E8	205.06393001345896
1.432654E8	239.58639344790203
1.43266547E8	0.0
1.432676935E8	1.0
1.432688395E8	0.0
1.432699855E8	3.0
1.43271131E8	243.101802757158
1.432722755E8	25.799844236760123
1.432734195E8	254.20362273579013
1.432745635E8	245.54459359427346
1.432757075E8	0.12903225806451613
1.432768515E8	0.0
1.43277995E8	0.0
1.43279138E8	254.1161178509532
1.432802805E8	0.0
1.432814225E8	239.31178310740356
1.432825645E8	0.5682402440868537
1.43283706E8	218.291414698742
1.43284847E8	223.11354653251885
1.432859875E8	170.60400715563506
1.432871275E8	0.0
1.432882675E8	129.0
1.432894075E8	0.0
1.43290547E8	253.17227697427364
1.43291686E8	0.0
1.43292825E8	0.0
1.43293964E8	0.0
1.43295103E8	0.0
1.432962415E8	255.0
1.43297379E8	0.0
1.432985155E8	248.97781488549617
1.432996515E8	0.0
1.433007875E8	133.45144033799173
1.433019235E8	0.0
1.43303059E8	0.0
1.43304194E8	0.0
1.43305329E8	255.0
1.433064635E8	0.0
1.433075975E8	192.02629815084967
1.433087315E8	0.0
1.433098655E8	0.0
1.43310999E8	0.0
1.43312132E8	0.0
1.43313265E8	0.0
1.433143975E8	224.71187710709043
1.433155295E8	102.84842105263158
1.433166615E8	0.0
1.433177935E8	0.0
1.43318925E8	0.0
1.43320056E8	224.19830657973884
1.43321187E8	0.0
1.433223175E8	0.0
1.433234475E8	255.0
1.433245775E8	1.0
1.43325707E8	0.0
1.43326836E8	66.31658291457286
1.43327965E8	91.81862121597558
1.43329094E8	0.0
1.43330222E8	178.0
1.43331349E8	0.0
1.433324755E8	210.19005541410814
1.433336015E8	0.0
1.433347275E8	0.0
1.433358535E8	1.0
1.433369795E8	30.030919866013914
1.43338105E8	0.0
1.4333923E8	0.0
1.433403545E8	0.0
1.433414785E8	0.0
1.43342602E8	0.0
1.43343725E8	0.0
1.43344848E8	255.0
1.43345971E8	101.69235924932975
1.43347094E8	255.0
1.433482165E8	220.99337034161744
1.43349338E8	0.0
1.433504585E8	0.0
1.43351578E8	1.0
1.43352697E8	53.30769230769231
1.433538155E8	191.56928213689483
1.433549335E8	0.0
1.433560515E8	0.0
1.433571695E8	0.0
1.43358287E8	0.0
1.43359404E8	0.0
1.43360521E8	0.0
1.43361638E8	255.0
1.43362755E8	191.31911662082837
1.43363872E8	255.0
1.433649885E8	0.0
1.433661045E8	230.40482954545453
1.433668735E8	234.16616431896003
1.433674315E8	243.57790368271955
1.433683365E8	3.0
1.433694525E8	255.0
1.433705685E8	0.0
1.43371684E8	0.0
1.43372799E8	0.0
1.43373914E8	0.0
1.433750285E8	0.0
1.433761425E8	255.0
1.433772565E8	0.0
1.433783705E8	0.0
1.433794845E8	3.0
1.433805985E8	0.0
1.433817115E8	0.0
1.433828235E8	0.0
1.433839355E8	0.0
1.433850475E8	246.17822452074503
1.43386159E8	172.95232690124857
1.433872695E8	0.0
1.433883795E8	0.0
1.433894895E8	128.25
1.433905995E8	0.0
1.43391709E8	0.0
1.43392818E8	0.0
1.43393927E8	87.86425339366515
1.43395036E8	0.0
1.433961445E8	2.875390706397166
1.433972525E8	0.0
1.4339836E8	0.0
1.43399467E8	255.0
1.43400574E8	0.0
1.434016805E8	237.53516610288798
1.434027865E8	3.0
1.43403892E8	0.0
1.43404997E8	255.0
1.43406102E8	0.0
1.43407207E8	0.0
1.43408312E8	0.0
1.43409417E8	0.0
1.43410521E8	0.0
1.43411624E8	0.0
1.43412727E8	255.0
1.434138295E8	0.0
1.434149315E8	0.0
1.434160335E8	0.0
1.43417135E8	58.68894289185905
1.43418236E8	3.0
1.43419337E8	0.0
1.434204375E8	161.57439446366783
1.434215375E8	0.0
1.43422637E8	255.0
1.43423736E8	0.0
1.434248345E8	34.79381443298969
1.434259325E8	3.0
1.434270305E8	0.0
1.43428128E8	0.0
1.43429225E8	0.0
1.43430322E8	0.0
1.434314185E8	0.0
1.434325145E8	0.0
1.434336095E8	1.3368893879842785
1.43434703E8	0.0
1.434357955E8	0.0
1.43436887E8	0.0
1.43437978E8	255.0
1.434390685E8	0.0
1.434401585E8	0.0
1.434412485E8	193.88330453902938
1.434423385E8	181.64028776978418
1.434434285E8	0.0
1.43444518E8	0.0
1.43445607E8	0.0
1.434466955E8	0.0
1.434477835E8	0.0
1.434488715E8	0.0
1.434499595E8	255.0
1.43451047E8	0.0
1.43452134E8	212.2154200819672
1.43453221E8	242.78903456495829
1.434543075E8	177.30774675073994
1.434553935E8	210.41226444238492
1.434564795E8	1.0833333333333333
1.434575655E8	0.0
1.434586505E8	0.0
1.434597345E8	255.0
1.434608185E8	0.0
1.434619025E8	0.0
1.434629865E8	1.0
1.4346407E8	0.0
1.43465153E8	1.0
1.43466236E8	240.13953781769365
1.434673185E8	0.0
1.434684005E8	0.0
1.43469482E8	0.0
1.43470563E8	247.0719696969697
1.434716435E8	0.0
1.434727235E8	255.0
1.434738035E8	159.04365904365903
1.43474883E8	0.0
1.43475962E8	0.0
1.434770405E8	0.0
1.434781185E8	0.0
1.434791965E8	0.0
1.434802745E8	0.0
1.43481352E8	0.0
1.43482429E8	0.0
1.434835055E8	0.0
1.434845815E8	0.0
1.434856575E8	0.0
1.434867335E8	0.0
1.43487809E8	0.0
1.43488884E8	159.5695754716981
1.43489959E8	42.04394572515142
1.43491034E8	255.0
1.434921085E8	0.0
1.434931825E8	13.209745762711865
1.434942565E8	255.0
1.434953305E8	3.0
1.43496404E8	255.0
1.434974765E8	240.7915950968145
1.434985485E8	255.0
1.4349962E8	0.0
1.43500691E8	175.43049216726286
1.435017615E8	3.0
1.435028315E8	0.0
1.435039015E8	0.0
1.43504971E8	0.0
1.4350604E8	0.0
1.435071085E8	255.0
1.43508176E8	0.0
1.43509243E8	0.0
1.4351031E8	179.3341121495327
1.435113765E8	0.0
1.435124415E8	74.60487804878049
1.435135055E8	0.0
1.435145695E8	255.0
1.43515633E8	0.0
1.43516696E8	0.0
1.43517759E8	167.50413763066203
1.43518822E8	187.3978664888741
1.43519885E8	0.0
1.43520948E8	255.0
1.43522011E8	0.0
1.43523074E8	0.0
1.435241365E8	225.97046642961723
1.435251985E8	0.0
1.435262605E8	3.0
1.435273225E8	0.0
1.435283845E8	0.0
1.43529446E8	0.7950530035335689
1.435305065E8	0.0
1.435315665E8	231.10448683503492
1.435326265E8	0.0
1.43533686E8	222.21148825065274
1.43534745E8	0.0
1.43535804E8	0.0
1.435368625E8	0.0
1.435379205E8	232.5235437819511
1.435389785E8	3.0
1.435400365E8	195.28616784844957
1.43541094E8	0.0
1.435421505E8	145.10526315789474
1.435432065E8	252.0414364640884
1.435442625E8	255.0
1.435453185E8	0.0
1.43546374E8	0.0
1.43547429E8	0.0
1.43548484E8	0.0
1.435495385E8	179.17876815222834
1.435505925E8	0.0
1.43551646E8	0.0
1.43552699E8	235.05439005439004
1.43553752E8	99.31441922563418
1.43554805E8	32.80318091451292
1.43555858E8	255.0
1.435569105E8	0.0
1.435579625E8	250.96585569082032
1.435590145E8	128.15728090636455
1.43560066E8	0.0
1.43561117E8	0.0
1.43562168E8	255.0
1.43563219E8	0.0
1.4356427E8	85.0
1.435653205E8	0.0
1.435663705E8	0.21409859490354846
1.4356742E8	0.6666666666666666
1.43568469E8	0.0
1.43569518E8	0.0
1.43570567E8	0.0
1.43571616E8	255.0
1.435726645E8	0.0
1.435737125E8	216.2955131880734
1.435747605E8	0.0
1.435758085E8	0.0
1.435768565E8	127.98739302475384
1.43577904E8	0.0
1.43578951E8	0.0
1.43579998E8	0.0
1.43581045E8	1.0
1.435820915E8	0.0
1.43583137E8	0.0
1.43584182E8	1.5
1.43585227E8	255.0
1.43586272E8	0.0
1.435873165E8	0.0
1.435883605E8	0.0
1.435894045E8	15.508100147275405
1.43590448E8	254.69461077844312
1.43591491E8	255.0
1.435925335E8	0.0
1.435935755E8	0.0
1.435946175E8	234.7738122581671
1.435956595E8	207.483039348711
1.435967015E8	0.0
1.43597743E8	207.7795128044972
1.43598784E8	0.0
1.43599825E8	0.0
1.436008655E8	0.0
1.436019055E8	0.0
1.436029455E8	0.0
1.436039855E8	0.0
1.43605025E8	161.479217603912
1.43606064E8	170.09736989367656
1.43607103E8	255.0
1.436081415E8	0.0
1.436091795E8	169.57627118644066
1.436102175E8	0.0
1.43611255E8	0.0
1.43612292E8	0.0
1.43613329E8	0.0
1.43614366E8	175.51609081302635
1.436154025E8	0.0
1.436164385E8	0.0
1.43617474E8	0.0
1.43618509E8	3.0
1.43619544E8	0.0
1.43620579E8	0.0
1.43621614E8	0.0
1.43622648E8	0.0
1.43623681E8	0.0
1.43624714E8	255.0
1.43625747E8	185.6422018348624
1.436267795E8	0.0
1.436278115E8	142.65095430884904
1.436288435E8	0.0
1.43629875E8	0.0
1.43630906E8	0.0
1.43631937E8	255.0
1.436329675E8	175.11848151848153
1.436339975E8	0.0
1.436350275E8	0.0
1.43636057E8	255.0
1.43637086E8	255.0
1.43638115E8	144.4429906772891
1.43639144E8	236.20353958438196
1.43640173E8	0.0
1.43641202E8	0.0
1.43642231E8	0.0
1.436432595E8	0.0
1.436442875E8	0.0
1.43645315E8	0.0
1.43646342E8	0.0
1.43647369E8	0.0
1.436483955E8	0.0
1.436494215E8	0.0
1.43650447E8	2.9555555555555557
1.43651472E8	0.0
1.43652497E8	0.0
1.43653522E8	64.57286432160804
1.43654546E8	0.0
1.43655569E8	0.0
1.436565915E8	0.0
1.436576135E8	254.9226100151745
1.436586355E8	249.11109955268907
1.436596575E8	0.0
1.43660679E8	188.5055805189158
1.436617E8	253.6265709156194
1.43662721E8	0.0
1.436637415E8	205.51694437339563
1.436647615E8	0.0
1.436657815E8	0.0
1.43666801E8	0.0
1.4366782E8	0.0
1.43668839E8	0.0
1.43669858E8	0.0
1.43670877E8	210.81174438687393
1.436718955E8	255.0
1.436729135E8	0.0
1.436739315E8	0.0
1.436749495E8	0.0
1.436759665E8	0.0
1.436769825E8	0.0
1.436779985E8	1.2733160621761659
1.43679014E8	0.0
1.43680029E8	0.0
1.436810435E8	3.0
1.436820575E8	211.53623070143942
1.436830715E8	0.0
1.436840855E8	0.0
1.436850995E8	0.0
1.43686113E8	1.7374517374517375
1.43687126E8	0.0
1.43688139E8	0.0
1.436891515E8	0.0
1.436901635E8	0.0
1.436911755E8	149.79568838804508
1.436921875E8	195.35802009676217
1.436931995E8	206.14094216775183
1.43694211E8	0.0
1.43695222E8	0.6034720625431134
1.43696233E8	0.0
1.43697244E8	255.0
1.436982545E8	223.69333635539437
1.436992645E8	0.0
1.437002745E8	128.0
1.437012845E8	0.0
1.437022935E8	0.0
1.437033015E8	0.0
1.437043095E8	0.0
1.43705317E8	0.0
1.43706324E8	0.0
1.437073305E8	0.6686991869918699
1.437083365E8	0.37465911474722047
1.437093425E8	0.0
1.43710348E8	0.0
1.43711353E8	0.0
1.43712358E8	0.6976377952755906
1.43713363E8	0.0
1.43714368E8	86.09232480533926
1.437153725E8	0.0
1.437163765E8	0.0
1.437173805E8	0.0
1.437183845E8	255.0
1.43719388E8	0.0
1.4372039E8	125.99752679307502
1.43721391E8	3.0
1.43722392E8	255.0
1.43723393E8	0.0
1.43724394E8	146.1983863312767
1.437251765E8	115.81669297553276
1.437257305E8	0.0
