Sample	0	1	2	3	4	5	6	7	8	9	10	11	12	13	14	15
HSF4_0H_1_1	(1.0, 11.709244788029649)	(2.0, 8.082190267002925)	(3.0, 6.168843369005401)	(4.0, 4.871264222901436)	(5.0, 3.914990876734903)	(6.0, 3.2815898219816426)	(7.0, 2.691011074026156)	(8.0, 2.2013399806134752)	(9.0, 1.9622885225999902)	('>10', 21.704924278951186)	('>50', 6.304741278681231)	('>100', 13.26425222495263)	('>500', 4.146314412388803)	('>1k', 5.528373492654587)	('>5k', 1.5075122453397791)	('>10k+', 2.6611191441364106)
HSF4_0H_1_2	(1.0, 12.015055518597832)	(2.0, 8.152531147503286)	(3.0, 6.2144430108577655)	(4.0, 4.802863731727447)	(5.0, 4.040058882351113)	(6.0, 3.144408520758034)	(7.0, 2.6844184748666673)	(8.0, 2.29218491027994)	(9.0, 1.987223616980956)	('>10', 21.537227272897862)	('>50', 6.16506158568963)	('>100', 13.089447996911174)	('>500', 4.149771733231562)	('>1k', 5.519159762346937)	('>5k', 1.5202283565913532)	('>10k+', 2.6859154784085284)
HSF4_0H_1_ZKRN250030468-1A_23F5KYLT4_L8_1	(1.0, 12.94453081729459)	(2.0, 8.452221637307643)	(3.0, 6.218139453012669)	(4.0, 4.892999570066279)	(5.0, 3.8815669071380863)	(6.0, 3.2339447907434185)	(7.0, 2.595822774781109)	(8.0, 2.218643069064133)	(9.0, 1.9282426962046624)	('>10', 21.162486790189703)	('>50', 6.174345669576022)	('>100', 12.843839308421432)	('>500', 3.9908019446970258)	('>1k', 5.3723634014020565)	('>5k', 1.4838553326375628)	('>10k+', 2.606195837463698)
HSF4_0H_1_ZKRN250030468-1A_23F5KYLT4_L8_2	(1.0, 13.262309960791077)	(2.0, 8.477233004555016)	(3.0, 6.291157268615876)	(4.0, 4.840124148364815)	(5.0, 3.933225872933351)	(6.0, 3.132280461718377)	(7.0, 2.612987577654216)	(8.0, 2.278114457917307)	(9.0, 1.9523968646944538)	('>10', 21.03251769285731)	('>50', 6.031833314466774)	('>100', 12.710208536662094)	('>500', 3.98490411642574)	('>1k', 5.2981544168336585)	('>5k', 1.4883056406954718)	('>10k+', 2.6742466648145387)
HSF4_0H_2_1	(1.0, 13.170446057794871)	(2.0, 8.97867479462202)	(3.0, 6.804933388171211)	(4.0, 5.229593896844046)	(5.0, 4.1474344154487985)	(6.0, 3.3730760644100135)	(7.0, 2.7416571827197243)	(8.0, 2.2793604093822464)	(9.0, 1.9396165521282347)	('>10', 20.8358339952031)	('>50', 6.222669529221404)	('>100', 12.716410863219757)	('>500', 3.630993086921255)	('>1k', 4.751469379899879)	('>5k', 1.2321320776924085)	('>10k+', 1.9456983063211548)
HSF4_0H_2_2	(1.0, 13.244580031250694)	(2.0, 9.070859202836298)	(3.0, 6.793994046257507)	(4.0, 5.180078683677588)	(5.0, 4.046156689809684)	(6.0, 3.415861021796693)	(7.0, 2.733711167690937)	(8.0, 2.289006025094875)	(9.0, 2.0389252984204536)	('>10', 20.74169956138146)	('>50', 6.342863892918353)	('>100', 12.551930137864792)	('>500', 3.5764726857489606)	('>1k', 4.756908458022042)	('>5k', 1.2332018539604943)	('>10k+', 1.9837512432692632)
HSF4_0H_2_ZKRN250030469-1A_23F5KYLT4_L8_1	(1.0, 14.73817506449206)	(2.0, 9.422949578338855)	(3.0, 6.850342068065078)	(4.0, 5.217591880470808)	(5.0, 4.071438346437821)	(6.0, 3.2798623483802176)	(7.0, 2.6550649245837703)	(8.0, 2.1966653502235123)	(9.0, 1.8873173285308964)	('>10', 20.24859712054665)	('>50', 6.026579458608518)	('>100', 12.231795703699252)	('>500', 3.4592345888087896)	('>1k', 4.625277799930956)	('>5k', 1.2044908451526186)	('>10k+', 1.884617593729839)
HSF4_0H_2_ZKRN250030469-1A_23F5KYLT4_L8_2	(1.0, 14.79457743955413)	(2.0, 9.525408627207527)	(3.0, 6.855674776320314)	(4.0, 5.1918589903137935)	(5.0, 3.9427738212518673)	(6.0, 3.364377293604351)	(7.0, 2.6359340589117437)	(8.0, 2.2816775698587004)	(9.0, 1.9445636019381929)	('>10', 20.144111335395774)	('>50', 6.13055252674721)	('>100', 12.04869640538185)	('>500', 3.4240668308434397)	('>1k', 4.568474044748039)	('>5k', 1.1952912841258452)	('>10k+', 1.951961393797037)
HSF4_0H_3_1	(1.0, 13.717451868347528)	(2.0, 8.908923194941503)	(3.0, 6.523167446285688)	(4.0, 4.8670064379920355)	(5.0, 3.811061946219369)	(6.0, 3.1193032089931227)	(7.0, 2.4614120244937094)	(8.0, 2.045800119397399)	(9.0, 1.7988588863378743)	('>10', 19.638344417396606)	('>50', 6.223231262834345)	('>100', 13.103886093864922)	('>500', 3.841533520517347)	('>1k', 5.680883453484233)	('>5k', 1.463797129103174)	('>10k+', 2.795338989791192)
HSF4_0H_3_2	(1.0, 13.981066628335764)	(2.0, 8.818002915625941)	(3.0, 6.493548268000561)	(4.0, 4.8292633780472185)	(5.0, 3.8083841661010034)	(6.0, 3.11216556552081)	(7.0, 2.457585109646448)	(8.0, 2.1127699143841947)	(9.0, 1.8684470719924147)	('>10', 19.427257823822504)	('>50', 6.287305490201225)	('>100', 13.05432922858632)	('>500', 3.726921965687953)	('>1k', 5.689507008492383)	('>5k', 1.5785143270463566)	('>10k+', 2.754931138508955)
HSF4_0H_3_ZKRN250030470-1A_23F5KYLT4_L8_1	(1.0, 15.055196823902259)	(2.0, 9.16981599279157)	(3.0, 6.54049591608872)	(4.0, 4.817571453195332)	(5.0, 3.7781175563383504)	(6.0, 3.0777841919048083)	(7.0, 2.430564520727026)	(8.0, 1.9721039362113015)	(9.0, 1.7786551920994769)	('>10', 19.151323959345014)	('>50', 6.064870078789394)	('>100', 12.740766680728747)	('>500', 3.7236405449395162)	('>1k', 5.540215498742969)	('>5k', 1.38904020428151)	('>10k+', 2.7698374499141276)
HSF4_0H_3_ZKRN250030470-1A_23F5KYLT4_L8_2	(1.0, 15.40365903089231)	(2.0, 9.122153101906106)	(3.0, 6.544541871828752)	(4.0, 4.747488431776626)	(5.0, 3.7664641605930687)	(6.0, 3.055465812043862)	(7.0, 2.381958596633496)	(8.0, 2.0527164388022197)	(9.0, 1.8331966352742337)	('>10', 18.964134223070435)	('>50', 6.152177421121651)	('>100', 12.590692683881135)	('>500', 3.6021859439776303)	('>1k', 5.539457993880295)	('>5k', 1.4779143943707704)	('>10k+', 2.7657932599473902)
HSF4_2H_1_1	(1.0, 13.512466265905978)	(2.0, 9.206720608018818)	(3.0, 6.846976603748768)	(4.0, 5.227060331470146)	(5.0, 4.2624094534170975)	(6.0, 3.4310629463947353)	(7.0, 2.7692834976282756)	(8.0, 2.41039572767747)	(9.0, 1.9654515604828993)	('>10', 21.34138629897161)	('>50', 6.3008283792263695)	('>100', 12.217876782882108)	('>500', 3.280977448666723)	('>1k', 4.291563201471415)	('>5k', 1.2373809420795705)	('>10k+', 1.6981599519576656)
HSF4_2H_1_2	(1.0, 13.656856433753198)	(2.0, 9.313297722035685)	(3.0, 6.926513320433876)	(4.0, 5.341596966135535)	(5.0, 4.126796889399778)	(6.0, 3.355810385598347)	(7.0, 2.8999103650099873)	(8.0, 2.3272712261553767)	(9.0, 1.9440235010595912)	('>10', 21.311372371708288)	('>50', 6.154459640143528)	('>100', 12.26649823260014)	('>500', 3.163563412369804)	('>1k', 4.27588284997036)	('>5k', 1.1514401651912107)	('>10k+', 1.784706518435195)
HSF4_2H_1_ZKRN250030471-1A_23F5KYLT4_L8_1	(1.0, 15.109358059000202)	(2.0, 9.645173451831678)	(3.0, 6.937989296975072)	(4.0, 5.150754940264631)	(5.0, 4.110128331649846)	(6.0, 3.3686937865433593)	(7.0, 2.71220324196264)	(8.0, 2.304002901306595)	(9.0, 1.9698537342566769)	('>10', 20.61934470701018)	('>50', 6.105890862116111)	('>100', 11.769389306419017)	('>500', 3.137465379544282)	('>1k', 4.208458642624131)	('>5k', 1.2320626455013277)	('>10k+', 1.619230712994292)
HSF4_2H_1_ZKRN250030471-1A_23F5KYLT4_L8_2	(1.0, 15.228639794356743)	(2.0, 9.656971011728329)	(3.0, 7.037719494879065)	(4.0, 5.223348886403552)	(5.0, 4.135353074914775)	(6.0, 3.2845631213045463)	(7.0, 2.8059029179592554)	(8.0, 2.30194585340053)	(9.0, 1.9495195612666056)	('>10', 20.60439745068729)	('>50', 5.939145962141781)	('>100', 11.785274135451816)	('>500', 3.010601752490578)	('>1k', 4.137204899985876)	('>5k', 1.1568786612473108)	('>10k+', 1.7425334217818316)
HSF4_2H_2_1	(1.0, 13.731665749472766)	(2.0, 8.912528676944916)	(3.0, 6.667174905002201)	(4.0, 5.135654261811452)	(5.0, 3.956191963632251)	(6.0, 3.172824697777657)	(7.0, 2.6631586939282816)	(8.0, 2.140131301382137)	(9.0, 1.9226858913685665)	('>10', 20.547865216366535)	('>50', 6.354794187090642)	('>100', 12.209582861266417)	('>500', 3.5581440274110356)	('>1k', 5.082456162669549)	('>5k', 1.3564043105663077)	('>10k+', 2.588737093309296)
HSF4_2H_2_2	(1.0, 14.01252186638207)	(2.0, 9.087422826775555)	(3.0, 6.600008772886541)	(4.0, 5.083934848637386)	(5.0, 3.8692409861055097)	(6.0, 3.15663505153436)	(7.0, 2.5232173538597285)	(8.0, 2.290569160698046)	(9.0, 1.8350765867461718)	('>10', 20.5562708108274)	('>50', 6.289595702268628)	('>100', 12.193416006079348)	('>500', 3.411536232015582)	('>1k', 5.104005634328677)	('>5k', 1.3502864201074014)	('>10k+', 2.636261740747521)
HSF4_2H_2_ZKRN250030472-1A_23F5KYLT4_L8_1	(1.0, 15.04588030248499)	(2.0, 9.221796890496957)	(3.0, 6.735187358644675)	(4.0, 5.095056369317658)	(5.0, 3.8865692739802915)	(6.0, 3.152430917264893)	(7.0, 2.6052408435484242)	(8.0, 2.1362589951387108)	(9.0, 1.8428144524306924)	('>10', 20.083259721051007)	('>50', 6.173824181959824)	('>100', 11.79197833341688)	('>500', 3.396685571756234)	('>1k', 4.987227260466032)	('>5k', 1.3153272076223326)	('>10k+', 2.5304623204204173)
HSF4_2H_2_ZKRN250030472-1A_23F5KYLT4_L8_2	(1.0, 15.276372828200524)	(2.0, 9.437522814006831)	(3.0, 6.600246633728449)	(4.0, 5.04686786124905)	(5.0, 3.8339124702773573)	(6.0, 3.109383419100392)	(7.0, 2.511053665956557)	(8.0, 2.224471853246586)	(9.0, 1.8137282643878923)	('>10', 20.086333148491338)	('>50', 6.099120607345789)	('>100', 11.79142625968302)	('>500', 3.289384821969504)	('>1k', 4.972142062266941)	('>5k', 1.2815390376669764)	('>10k+', 2.626494252423016)
HSF4_2H_3_1	(1.0, 13.94858112007159)	(2.0, 9.517976642704692)	(3.0, 7.053012849907773)	(4.0, 5.3302886331555435)	(5.0, 3.970994077023024)	(6.0, 3.2565898276068554)	(7.0, 2.707119858745035)	(8.0, 2.245038820070749)	(9.0, 1.867132692711229)	('>10', 20.40084068585464)	('>50', 6.200553838209269)	('>100', 11.386900749946511)	('>500', 3.1156703326035795)	('>1k', 4.6471294026589405)	('>5k', 1.3480529488946527)	('>10k+', 3.0041175198361576)
HSF4_2H_3_2	(1.0, 14.09256142225056)	(2.0, 9.453108922125649)	(3.0, 6.888601661184069)	(4.0, 5.3066972940978205)	(5.0, 4.012545211965747)	(6.0, 3.3154686150118713)	(7.0, 2.643110053558949)	(8.0, 2.2598172274743304)	(9.0, 1.9055337134800003)	('>10', 20.57338154002047)	('>50', 6.2768193272985275)	('>100', 11.194867560113869)	('>500', 3.0478278979334457)	('>1k', 4.660104030741122)	('>5k', 1.347303230255446)	('>10k+', 3.022252292488358)
HSF4_2H_3_ZKRN250030473-1A_23F5KYLT4_L8_1	(1.0, 15.234030195246854)	(2.0, 9.846880278310998)	(3.0, 7.15671145826038)	(4.0, 5.237631151183565)	(5.0, 3.909604911156629)	(6.0, 3.205413573108057)	(7.0, 2.6562940487068794)	(8.0, 2.164086411330326)	(9.0, 1.8295493330368204)	('>10', 19.876783914348447)	('>50', 6.0206703346283135)	('>100', 11.02040484742485)	('>500', 3.0108244155307107)	('>1k', 4.5884139288102785)	('>5k', 1.2308908275767567)	('>10k+', 3.011810371340097)
HSF4_2H_3_ZKRN250030473-1A_23F5KYLT4_L8_2	(1.0, 15.369790270337733)	(2.0, 9.80105397312414)	(3.0, 6.931769506585818)	(4.0, 5.271386673289053)	(5.0, 3.9823787928943344)	(6.0, 3.1944206737916305)	(7.0, 2.590467645312315)	(8.0, 2.216983927912646)	(9.0, 1.8664819472156597)	('>10', 20.074315439414292)	('>50', 6.063747854154353)	('>100', 10.86105681661292)	('>500', 2.9302581247947153)	('>1k', 4.543627323193474)	('>5k', 1.2772189458057603)	('>10k+', 3.025042085561158)
HSF4_4H_1_1	(1.0, 14.257116160548748)	(2.0, 9.46104769131381)	(3.0, 6.908914016691996)	(4.0, 5.208724710749711)	(5.0, 4.047056990678291)	(6.0, 3.226493133160884)	(7.0, 2.601820882780139)	(8.0, 2.159802767627497)	(9.0, 1.859163086817782)	('>10', 19.872785671093826)	('>50', 6.172534418254489)	('>100', 11.967599348119009)	('>500', 3.359199365632094)	('>1k', 4.9905274634281644)	('>5k', 1.307872920889594)	('>10k+', 2.599341372213729)
HSF4_4H_1_2	(1.0, 14.361469945579767)	(2.0, 9.613312797673283)	(3.0, 6.855445955137434)	(4.0, 5.196364587117367)	(5.0, 4.054054110027109)	(6.0, 3.148343659404885)	(7.0, 2.5786244503817506)	(8.0, 2.1401607114108883)	(9.0, 1.8203335100502256)	('>10', 19.894118411033528)	('>50', 6.01688813332554)	('>100', 12.053363148220924)	('>500', 3.3618621795223893)	('>1k', 4.955963357729908)	('>5k', 1.2340587594785173)	('>10k+', 2.715636283906592)
HSF4_4H_1_ZKRN250030474-1A_23F5KYLT4_L7_1	(1.0, 15.566244588957778)	(2.0, 9.760861904451497)	(3.0, 6.939383146062586)	(4.0, 5.151142999791)	(5.0, 4.005044479349803)	(6.0, 3.1666713931089134)	(7.0, 2.5548319164258375)	(8.0, 2.1317787087490405)	(9.0, 1.7665103145971714)	('>10', 19.41866004502976)	('>50', 5.986931533133744)	('>100', 11.59711635788522)	('>500', 3.2593437567467776)	('>1k', 4.847657771414596)	('>5k', 1.3204093616040402)	('>10k+', 2.527411722692463)
HSF4_4H_1_ZKRN250030474-1A_23F5KYLT4_L7_2	(1.0, 15.705028216016235)	(2.0, 9.935542995501319)	(3.0, 6.9107659226081735)	(4.0, 5.104775440378121)	(5.0, 4.038845339707489)	(6.0, 3.094527770292935)	(7.0, 2.4851378555477943)	(8.0, 2.1277154735602117)	(9.0, 1.8062939827408555)	('>10', 19.349335535778906)	('>50', 5.915913998708886)	('>100', 11.616679954292847)	('>500', 3.209165385524711)	('>1k', 4.802306698999237)	('>5k', 1.2365289468585308)	('>10k+', 2.6614364834835493)
HSF4_4H_2_1	(1.0, 14.315826854032151)	(2.0, 9.765805759228098)	(3.0, 6.9075516015739025)	(4.0, 5.011404449691962)	(5.0, 3.7298585386532803)	(6.0, 2.9534113667185955)	(7.0, 2.363323785741409)	(8.0, 2.1097890323555624)	(9.0, 1.7399555893737337)	('>10', 18.593639187723767)	('>50', 6.022074320320669)	('>100', 11.589472115285728)	('>500', 3.528041877248702)	('>1k', 5.733434443857548)	('>5k', 1.8990379311801486)	('>10k+', 3.7373731470145195)
HSF4_4H_2_2	(1.0, 14.415626242852719)	(2.0, 9.63911752140627)	(3.0, 6.870428918969633)	(4.0, 4.970540237009109)	(5.0, 3.801675256209922)	(6.0, 3.029106363782553)	(7.0, 2.389245392763212)	(8.0, 2.022522174587757)	(9.0, 1.6888329655502285)	('>10', 18.638332224732462)	('>50', 5.952345476134778)	('>100', 11.59983484454392)	('>500', 3.4374317390564215)	('>1k', 5.752398786795494)	('>5k', 1.8725129937408467)	('>10k+', 3.9200488618644926)
HSF4_4H_2_ZKRN250030475-1A_23F5KYLT4_L7_1	(1.0, 16.123370052316677)	(2.0, 10.212189381477916)	(3.0, 6.97438190510391)	(4.0, 4.897997494943697)	(5.0, 3.6753059684893654)	(6.0, 2.856545638600815)	(7.0, 2.2974554179864457)	(8.0, 2.0118118480117575)	(9.0, 1.6545213016004547)	('>10', 17.823596398310524)	('>50', 5.825237128274139)	('>100', 11.091495251308862)	('>500', 3.335578015113488)	('>1k', 5.545353117322646)	('>5k', 1.784395390286202)	('>10k+', 3.8907656908529082)
HSF4_4H_2_ZKRN250030475-1A_23F5KYLT4_L7_2	(1.0, 16.2788202514015)	(2.0, 10.112681387801016)	(3.0, 6.955317422759663)	(4.0, 4.833890690216228)	(5.0, 3.6987645691606437)	(6.0, 2.9113135262405594)	(7.0, 2.3092939415915)	(8.0, 1.911314062724048)	(9.0, 1.6387226173523288)	('>10', 17.998949855644575)	('>50', 5.724627056260113)	('>100', 11.01081691674799)	('>500', 3.274652910022201)	('>1k', 5.598346585317414)	('>5k', 1.8596587381409524)	('>10k+', 3.8828294686193274)
HSF4_4H_3_1	(1.0, 14.775523792209217)	(2.0, 9.736031766877804)	(3.0, 7.22969686123895)	(4.0, 5.38935696505199)	(5.0, 3.9952078579814225)	(6.0, 3.2502984640289507)	(7.0, 2.694548593852946)	(8.0, 2.2321549050161362)	(9.0, 1.7863404392275795)	('>10', 19.813162645147525)	('>50', 6.289880513399777)	('>100', 11.963956790791036)	('>500', 3.272135103555275)	('>1k', 4.462848530973932)	('>5k', 1.1075495587715385)	('>10k+', 2.0013072118761452)
HSF4_4H_3_2	(1.0, 14.587964697901779)	(2.0, 9.88487338598266)	(3.0, 7.195208345201269)	(4.0, 5.452827168530532)	(5.0, 4.0479932618783545)	(6.0, 3.2087090138511)	(7.0, 2.6924026895351583)	(8.0, 2.17215699904935)	(9.0, 1.8666849633091578)	('>10', 19.756158901923428)	('>50', 6.122184690971999)	('>100', 12.05519283354835)	('>500', 3.314937052545644)	('>1k', 4.391614157904333)	('>5k', 1.0812751507805312)	('>10k+', 2.169816687086489)
HSF4_4H_3_ZKRN250030476-1A_23F5KYLT4_L7_1	(1.0, 16.05663504100636)	(2.0, 10.069142311754772)	(3.0, 7.253807731899005)	(4.0, 5.378793840476289)	(5.0, 3.9512511334426472)	(6.0, 3.1473512947065627)	(7.0, 2.596011502869688)	(8.0, 2.1667428602509027)	(9.0, 1.735524700350477)	('>10', 19.297119360728573)	('>50', 6.109344491872608)	('>100', 11.600766247427968)	('>500', 3.1111853294564322)	('>1k', 4.37835142952361)	('>5k', 1.0619682952625016)	('>10k+', 2.0860044289715813)
HSF4_4H_3_ZKRN250030476-1A_23F5KYLT4_L7_2	(1.0, 15.932287478576946)	(2.0, 10.172436329918526)	(3.0, 7.238306325862063)	(4.0, 5.434306351790605)	(5.0, 3.9494485360287226)	(6.0, 3.1885841021482424)	(7.0, 2.638556780335508)	(8.0, 2.093383384925421)	(9.0, 1.8054170447318652)	('>10', 19.20823911597233)	('>50', 5.940222270261812)	('>100', 11.637507396703386)	('>500', 3.1891461417095)	('>1k', 4.351778001054143)	('>5k', 1.0901740482195967)	('>10k+', 2.1302066917614644)
HSF4_6H_1_1	(1.0, 13.124540779027619)	(2.0, 9.077014825525206)	(3.0, 6.583268069765466)	(4.0, 4.7187454208628274)	(5.0, 3.698858126267416)	(6.0, 3.1139241637304544)	(7.0, 2.365003895047132)	(8.0, 2.0690327023413286)	(9.0, 1.7799787969693657)	('>10', 19.45340560463116)	('>50', 6.385238922921792)	('>100', 13.47477531867661)	('>500', 3.7981272710042537)	('>1k', 5.386652186332668)	('>5k', 1.5764897671344522)	('>10k+', 3.394944149762227)
HSF4_6H_1_2	(1.0, 13.133864996402409)	(2.0, 9.011832600618146)	(3.0, 6.435708825313542)	(4.0, 4.881230627442323)	(5.0, 3.7959927478091253)	(6.0, 3.0332003511966876)	(7.0, 2.4342496130055324)	(8.0, 2.0900137116746005)	(9.0, 1.7286983992363318)	('>10', 19.549264144994112)	('>50', 6.290346505324938)	('>100', 13.419228856849081)	('>500', 3.8210117922738887)	('>1k', 5.310811082264375)	('>5k', 1.445234719542445)	('>10k+', 3.619311026052347)
HSF4_6H_1_ZKRN250030477-1A_23F5KYLT4_L7_1	(1.0, 14.348817470722514)	(2.0, 9.33305314618095)	(3.0, 6.605959780551871)	(4.0, 4.6919385860791225)	(5.0, 3.7269496989793316)	(6.0, 3.0298375981490233)	(7.0, 2.330104359231424)	(8.0, 1.9893705390307965)	(9.0, 1.7410749939151315)	('>10', 19.00610836863514)	('>50', 6.251258768841572)	('>100', 13.007634235286666)	('>500', 3.641906649786089)	('>1k', 5.2740620909825005)	('>5k', 1.5506286408819352)	('>10k+', 3.471295072745891)
HSF4_6H_1_ZKRN250030477-1A_23F5KYLT4_L7_2	(1.0, 14.329566084439413)	(2.0, 9.35219506708659)	(3.0, 6.465546477200937)	(4.0, 4.888259437298743)	(5.0, 3.7149075757337022)	(6.0, 2.9862596290500707)	(7.0, 2.4529906014731964)	(8.0, 2.024373113742672)	(9.0, 1.7025191975675171)	('>10', 19.063848405965256)	('>50', 6.136731036094211)	('>100', 12.940625089347444)	('>500', 3.649001464503914)	('>1k', 5.242893870777954)	('>5k', 1.4844778829139398)	('>10k+', 3.565805066804864)
HSF4_6H_2_1	(1.0, 13.829810802397304)	(2.0, 8.976331174330452)	(3.0, 6.6866943833041494)	(4.0, 4.968629607192891)	(5.0, 4.092132929160205)	(6.0, 3.203862171391003)	(7.0, 2.4775505669149793)	(8.0, 2.078106434179571)	(9.0, 1.8571614288761256)	('>10', 20.268168970036402)	('>50', 6.539441977216636)	('>100', 13.543768924292626)	('>500', 3.712209781185734)	('>1k', 4.643540335511037)	('>5k', 1.1113747589863558)	('>10k+', 2.0112157550244114)
HSF4_6H_2_2	(1.0, 13.89159449457418)	(2.0, 9.064070179339813)	(3.0, 6.737296547387822)	(4.0, 5.069605086441918)	(5.0, 4.006487092821138)	(6.0, 3.1564712135453816)	(7.0, 2.651140498490714)	(8.0, 2.2113765136138426)	(9.0, 1.8629403748578737)	('>10', 20.121402078591835)	('>50', 6.395211371031041)	('>100', 13.362275820392936)	('>500', 3.679194953916317)	('>1k', 4.597259978797967)	('>5k', 1.1313390450816643)	('>10k+', 2.06233475111537)
HSF4_6H_2_ZKRN250030478-1A_23F5KYLT4_L7_1	(1.0, 15.161991419508306)	(2.0, 9.38449080873469)	(3.0, 6.6691176034222295)	(4.0, 4.972024740037793)	(5.0, 4.0364212727474635)	(6.0, 3.197239351225547)	(7.0, 2.402788313523673)	(8.0, 2.007371995388535)	(9.0, 1.8541576810450846)	('>10', 19.814898680608614)	('>50', 6.296353960639907)	('>100', 13.086765964353031)	('>500', 3.535776343690827)	('>1k', 4.534079786053719)	('>5k', 1.0723063196597584)	('>10k+', 1.9742157593608867)
HSF4_6H_2_ZKRN250030478-1A_23F5KYLT4_L7_2	(1.0, 15.178945382997103)	(2.0, 9.432946680970268)	(3.0, 6.834349246926473)	(4.0, 5.082052417542844)	(5.0, 3.923046070789927)	(6.0, 3.0793042794438406)	(7.0, 2.614601439283085)	(8.0, 2.206182278144716)	(9.0, 1.8321463410030832)	('>10', 19.565059716728506)	('>50', 6.239171332277241)	('>100', 12.88796857064725)	('>500', 3.5026719845688494)	('>1k', 4.47859190226826)	('>5k', 1.0932726620056508)	('>10k+', 2.0496896944030416)
HSF4_6H_3_1	(1.0, 13.915946252679879)	(2.0, 9.492615934410606)	(3.0, 7.116789263351777)	(4.0, 5.284861286551777)	(5.0, 4.104728905752972)	(6.0, 3.374410041813448)	(7.0, 2.812645475179639)	(8.0, 2.3073067060207157)	(9.0, 1.9876696325800782)	('>10', 21.12543482555193)	('>50', 6.414972619625744)	('>100', 12.76334938541168)	('>500', 3.3070474805455414)	('>1k', 3.847963196263968)	('>5k', 0.838016472218972)	('>10k+', 1.3062425220412197)
HSF4_6H_3_2	(1.0, 13.747797938851992)	(2.0, 9.531829301416327)	(3.0, 7.154754667636346)	(4.0, 5.351753057313123)	(5.0, 4.175981569961499)	(6.0, 3.507310273138909)	(7.0, 2.7111006060226317)	(8.0, 2.3293967033531753)	(9.0, 1.9549419945688047)	('>10', 20.980929899902907)	('>50', 6.454431723553529)	('>100', 12.771892858830006)	('>500', 3.2850808699817686)	('>1k', 3.8644677346157104)	('>5k', 0.8026683615248199)	('>10k+', 1.3756624393285222)
HSF4_6H_3_ZKRN250030479-1A_23F5KYLT4_L7_1	(1.0, 15.278405834561553)	(2.0, 9.851464203655835)	(3.0, 7.214839877011611)	(4.0, 5.228402308096385)	(5.0, 4.105500585421336)	(6.0, 3.326035739505378)	(7.0, 2.717539250935079)	(8.0, 2.2525257441022712)	(9.0, 1.9042909074832526)	('>10', 20.62932381095329)	('>50', 6.201149328769916)	('>100', 12.303288750924203)	('>500', 3.1465388957959655)	('>1k', 3.7439258342146884)	('>5k', 0.8235187460629961)	('>10k+', 1.273250182506027)
HSF4_6H_3_ZKRN250030479-1A_23F5KYLT4_L7_2	(1.0, 15.222162918313334)	(2.0, 9.87676314774025)	(3.0, 7.266121807535525)	(4.0, 5.318822514653446)	(5.0, 4.096636045289046)	(6.0, 3.453066554429408)	(7.0, 2.639938117526485)	(8.0, 2.2828003808919815)	(9.0, 1.874129032067782)	('>10', 20.419715596804)	('>50', 6.2269712700136575)	('>100', 12.27653910453567)	('>500', 3.1353545552430098)	('>1k', 3.749559931508732)	('>5k', 0.8095014667563867)	('>10k+', 1.3519175566911992)
