#Position (bp)	Coverage	Std
179658.5	274.8038551024725	376.2308795899645
538974.5	325.8867125315878	2679.1304827474723
898290.5	245.96993454229704	458.3040060052133
1257606.5	148.30586447583744	263.5171847060169
1616922.5	114.99360173218003	270.3556448741036
1976238.5	97.06101036413631	219.92022664646905
2335554.5	178.53529205490432	308.28348219748585
2694870.5	235.78276781440292	1538.4238023571315
3054186.5	247.74244119382382	321.2933547794696
3413502.5	84.38773113359828	198.09117851990015
3772818.5	70.42189882999922	89.81918855643215
4132134.5	134.37237696066973	1585.1394584391264
4491450.5	229.05956317002304	2577.482843723929
4850766.5	219.9399191797749	392.842337160555
5210082.5	329.08323314297166	1844.5304837014667
5569398.5	151.79459584321322	402.7119514769343
5928714.5	840.9027207249329	1625.1687531844943
6288030.5	304.0921723496866	361.92673559931694
6647346.5	218.29866746818956	413.5509974174421
7006662.5	291.0867314564339	1249.7934466007991
7365978.5	179.51417415311315	207.5552014027062
7725294.5	284.75373487403846	1795.0312067526536
8084610.5	515.6359499716127	1943.306122690828
8443926.5	836.3058338621158	1981.3569213264673
8803242.5	45.96305202106224	75.901743063473
9162558.5	61.07808725467277	270.6445870246122
9521874.5	211.90949470660922	525.9001882816838
9881190.5	507.063854657182	3161.6896027386038
1.02405065E7	768.521056674348	3904.861835678813
1.05998225E7	267.7541356354852	516.2029760923297
1.09591385E7	505.9563281345668	2655.546658640726
1.13184545E7	26.366919369023368	84.84124982327873
1.16777705E7	97.13646205568358	269.32729968974445
1.20370865E7	216.67816629373587	552.9207957996953
1.23964025E7	609.6241219428024	379.8136358034046
1.27557185E7	116.87735308196685	314.40776886722927
1.31150345E7	170.29438711329303	273.40152171394186
1.34743505E7	243.19441383072282	1542.0843194837016
1.38336665E7	93.06183693462022	199.43988366563585
1.41929825E7	78.33456901446081	163.91528385004992
1.45522985E7	36.32894443887832	126.95403768179317
1.49116145E7	201.3274638479778	413.4673601029585
1.52709305E7	65.99984136526066	162.23674087152025
1.56302465E7	87.2940086163711	192.23360158486247
1.59895625E7	11.97388649545247	45.74104178068875
1.63488785E7	381.1712587249107	355.99689122788124
1.67081945E7	284.10446793351815	464.6775130241745
1.70675105E7	40.08161896492224	103.753566551272
1.74268265E7	171.6553284574024	303.0241447314724
1.77861425E7	44.80645170267954	12.752147118033154
1.81454585E7	50.691936902336664	101.23733545889577
1.85047745E7	270.35379999777354	1882.111534852887
1.88640905E7	299.96743256632044	1668.8666524296734
1.92234065E7	159.1847398946888	288.9067737261688
1.95827225E7	298.7741041311826	407.86253660105757
1.99420385E7	120.04128121208073	328.6702098908861
2.03013545E7	123.9539263489519	297.376951186679
2.06606705E7	261.25504013180597	350.76014248997194
2.10199865E7	343.132560197709	371.9527641844704
2.13793025E7	241.21225606429994	381.92176343109236
2.17386185E7	549.6810189359784	2528.7848908663423
2.20979345E7	204.3067272261742	2590.747684069836
2.24572505E7	300.8065491099756	2766.1072889291777
2.28165665E7	107.50497055516593	117.08012802686184
2.31758825E7	69.03025470616393	173.3473069733055
2.34346265E7	90.1204258655135	714.9924844674972
2.36142845E7	4.227205385196675	2.340652069388185
2.38945145E7	19.995928375023656	42.01044659414287
2.42538305E7	35.362744770619734	100.8186557985316
2.46131465E7	248.03614923910987	127.90053201746052
2.49724625E7	123.00588618374913	238.7627543979774
2.53317785E7	115.46522837836334	892.4930562040412
2.56910945E7	79.50488149706665	43.1417584037924
2.60504105E7	142.12790134589054	18.321240087321744
2.64097265E7	205.60833082857428	206.26729783043868
2.67690425E7	22.129184339133243	23.090398310046524
2.71283585E7	49.66668614812588	91.59926757441586
2.74876745E7	227.31771476917254	119.47431073099236
2.78469905E7	756.1390113437755	307.3212888194815
2.82063065E7	432.23337953222233	2037.2602403898272
2.85656225E7	122.69730821894933	194.8672556880434
2.89249385E7	200.2852586581171	317.31577002678466
2.92842545E7	168.34142648810518	324.0529003197397
2.96435705E7	266.79685012635116	946.0079709457873
3.00028865E7	234.82980162308385	606.2603644625855
3.03622025E7	435.5936668559151	556.3679225727324
3.07215185E7	51.07234579033497	97.14173640435189
3.10808345E7	307.91931892818576	379.5348173439215
3.14401505E7	284.44018635407275	571.0549222110781
3.17994665E7	113.22359705662981	222.89789096842546
3.21587825E7	114.75365416513598	250.1993012924963
3.25180985E7	276.99804072181587	551.7242354586685
3.28774145E7	145.23929076356188	335.2759410808783
3.32367305E7	333.171907179196	2233.9125724691735
3.35960465E7	460.98328769105746	829.9730421718203
3.39553625E7	431.9853861225217	293.96020631759757
3.43146785E7	151.3692487949326	350.7052222252444
3.46739945E7	93.81096026895545	171.87639902974615
3.50333105E7	262.71727671464674	388.94082504184365
3.53926265E7	744.1185057164167	5564.084715582151
3.57519425E7	1152.277068096049	2598.7131465128914
3.61112585E7	275.6722634115931	607.1629621284303
3.64705745E7	194.41866212470362	1085.8210307317545
3.68298905E7	187.88067884536173	254.1325802057542
3.71892065E7	132.10699217401952	342.7968547989687
3.75485225E7	619.4198671921095	933.373396722032
3.79078385E7	601.2808029700876	3960.1732078281007
3.82671545E7	130.12322857874406	398.3594363396938
3.86264705E7	108.42985839762216	143.92264126801265
3.89857865E7	87.68711941577887	198.13413215461213
3.93451025E7	186.36703904084428	285.9867586068907
3.97044185E7	477.0272378630509	566.3652662950533
4.00637345E7	330.37284451569093	3181.438101716046
4.04230505E7	228.0651599149495	1064.8713087354354
4.07823665E7	379.83588818755635	1111.19377175242
4.11416825E7	443.1366429549477	2011.594367258148
4.15009985E7	631.1178155161474	2926.5530641347045
4.18603145E7	220.91438733593827	396.85088591289025
4.22196305E7	313.2796062518786	554.9490917773292
4.25789465E7	138.87622872346347	171.741143925268
4.29382625E7	857.620359238108	2471.585057484099
4.32975785E7	45.13239043070723	113.85678263839098
4.36568945E7	165.85622683097887	2177.8668906941243
4.40162105E7	216.04646884636364	259.6076282988261
4.43755265E7	73.15248694742232	262.43449856514144
4.47348425E7	329.6080163421612	1144.8970222470039
4.50941585E7	690.7498664128511	904.3377986438695
4.54534745E7	91.51606663772279	122.00261143428449
4.58127905E7	178.52082846296852	279.86701248867325
4.61721065E7	590.9678750737512	2715.3354062497247
4.65314225E7	344.1037805163143	2292.1441594946564
4.68907385E7	355.17330427812846	1152.9293311859685
4.72500545E7	321.7274933484732	872.3069260639815
4.76093705E7	904.5905275579156	3268.315629776205
4.79686865E7	255.2619504836968	612.5642808054088
4.83280025E7	537.0967671909963	4505.333444743158
4.86541545E7	113.87076945130859	90.29486601792135
4.88338125E7	2.420727294656857	1.8881713828859494
4.90466345E7	267.9978097273709	420.7752075577686
4.94059505E7	145.76207293858332	173.84654940135914
4.97652665E7	160.12308664239833	335.22112440620504
5.01245825E7	213.30983312738647	353.3668519058474
5.04838985E7	424.50396865154903	1941.2879317847494
5.08432145E7	112.72582629217736	208.2198831196699
5.12025305E7	180.17109452404011	209.02086039925484
5.15618465E7	323.9893575571363	2361.6193423905565
5.19211625E7	609.463018624275	2293.4643518785692
5.22804785E7	308.17952721281546	252.30279986296
5.26397945E7	180.244945952866	410.3280487969303
5.29991105E7	351.18058756081	436.04026421695335
5.33584265E7	108.66104487414978	239.78272707485257
5.37177425E7	22.06741976421868	73.64786021261177
5.40770585E7	235.82001636442575	525.8951225557946
5.44363745E7	289.19892239699874	500.3781450397035
5.47956905E7	59.94004163466141	161.86198525762046
5.51550065E7	91.94532389317482	268.73865220394197
5.55143225E7	92.66235013191731	291.56437380632116
5.58736385E7	237.16996738247113	1499.2620763851367
5.62329545E7	226.22534203876253	447.08113060825696
5.65922705E7	112.24466764630576	146.83174443751938
5.69515865E7	299.2232436072983	457.7636618568088
5.73109025E7	381.5122093087978	2180.8937570717744
5.76702185E7	131.82626712976878	410.53037724386945
5.80295345E7	426.24843035100025	1201.9108668833717
5.83888505E7	682.9455632368166	2953.2839189968045
5.87481665E7	134.72972536708636	259.3629287263178
5.91074825E7	62.02909416780772	85.6744740606658
5.94667985E7	517.8824989702657	11211.360818002468
5.98261145E7	217.58301049772345	506.9822250553352
6.01854305E7	138.80189860735396	157.75308225473788
6.05447465E7	317.289004664418	1901.557054423617
6.09040625E7	232.91503857328925	459.32992575476067
6.12633785E7	151.1207182535707	258.10526310640074
6.16226945E7	126.00272462122477	216.22604383807317
6.19820105E7	457.4810528893787	2476.7091800062663
6.23413265E7	68.4064834296274	137.4747658247706
6.27006425E7	177.40294615324672	467.84158715989
6.30599585E7	63.51235402820915	88.5616316348381
6.34192745E7	142.4520783933919	391.71300833410027
6.37785905E7	248.67948546683144	685.0681872633413
6.41379065E7	41.16549221298244	143.12005113949803
6.44972225E7	181.50692426721884	343.6452225716447
6.48565385E7	219.7042881474802	280.5803793821203
6.52158545E7	213.12640962272764	427.2561311773653
6.55751705E7	325.3965089225083	443.40536526497243
6.59344865E7	153.70879393069055	197.78435503901133
6.62938025E7	219.12839394850215	491.16574603582416
6.66531185E7	78.88863562991907	204.95932788973906
6.70124345E7	29.905832192276435	83.3196684351121
6.73717505E7	114.12369891683086	332.85280952898916
6.77310665E7	279.1964788653998	2195.670888034006
6.80903825E7	69.22055794899197	175.91700797287896
6.84496985E7	149.10219695198654	286.2975165331297
6.88090145E7	290.89439100958487	465.57938924317915
6.91683305E7	313.7508349196807	472.4413084869083
6.95276465E7	106.01145788108518	177.89141511835405
6.98869625E7	99.99498491578443	197.10399020949893
7.02462785E7	225.64325830188469	437.89930772361004
7.06055945E7	238.24946843446995	467.28847642786275
7.09649105E7	262.54441494394905	2351.0785988328116
7.13242265E7	17.389517861715035	16.092264818427058
7.16835425E7	201.53886829420344	530.1982017265126
7.20428585E7	523.5307779224972	3728.7368672695798
7.24021745E7	1188.3712359037727	269.68624565837075
7.27614905E7	182.80396642509658	492.96251240283647
7.31208065E7	21.90869596678133	38.005470197767735
7.34801225E7	38.818346525064285	83.6342497193828
7.38394385E7	88.57405459261486	549.2234048746266
7.41987545E7	56.667075777310224	22.928534982397196
7.45580705E7	302.0650959044407	44.45737854704136
7.49173865E7	143.31947923276448	29.757495172877185
7.52767025E7	22.128449609814204	22.64862313259196
7.56360185E7	18.6748600118002	3.586806372390605
7.59953345E7	819.189120439947	2661.3413012383994
7.63546505E7	398.91596811720046	84.963690051512
7.67139665E7	184.4352992908749	198.25337574736088
7.690225E7	3.4698278360674744	2.9672140414173844
7.7081908E7	1.806624471957084	24.68945397218492
7.74325985E7	24.07539046410402	6.945783259383401
7.77919145E7	29.31614233710717	137.2474937961272
7.81512305E7	2.847034365294059	2.2264943655749985
7.85105465E7	4.655473176813723	21.54558508332602
7.88698625E7	10.751077046388138	14.96682107580434
7.92291785E7	30.249980518540784	63.67146814803818
7.95884945E7	16.92226619465874	124.85712969830942
7.99478105E7	30.24143094101014	86.0481656978109
8.03071265E7	415.68571675071524	118.45876554884902
8.06664425E7	351.1229252245934	386.5591870719262
8.10257585E7	62.18446993732536	128.45409051383234
8.13850745E7	284.4375340925536	771.6489437024255
8.17443905E7	182.31159480791283	377.1493465888715
8.21037065E7	279.59209998998097	342.3181700919213
8.24630225E7	646.1185919914504	2351.1147319985294
8.28223385E7	247.98025136648522	579.7342212212478
8.31816545E7	125.97584577363658	210.2882216489256
8.35409705E7	48.02904128956128	227.17654222257514
8.39002865E7	353.7943509334402	2124.9611608009322
8.42596025E7	59.6981821015485	107.69986006313269
8.46189185E7	40.408893564439104	163.80379896758305
8.49782345E7	200.65244798450388	238.50486778294726
8.53375505E7	129.13714668982178	497.8790540322903
8.56968665E7	290.88169744737223	494.95277576688426
8.60561825E7	293.4685430094958	431.26462615969854
8.64154985E7	396.85989491144284	1386.2883092813902
8.67748145E7	439.64812866668893	2953.763006750237
8.71341305E7	251.91851740529228	448.31301156401537
8.74934465E7	35.16492168453395	112.44800790272913
8.78527625E7	135.70705729775463	359.9389335921603
8.82120785E7	590.1671509200814	3480.2829704898527
8.85713945E7	1003.0651209520311	811.1090095177636
8.89307105E7	280.14909717351856	307.4011222136574
8.92900265E7	372.0944405481526	690.4679151311665
8.96493425E7	128.30173162341782	321.4220492786424
9.00086585E7	333.43367119749746	410.7630778888211
9.03679745E7	134.45675116053835	456.02285932648203
9.07272905E7	425.66492725066513	646.0838266685863
9.10866065E7	247.67126707410748	836.013456802862
9.14459225E7	132.94605862249384	885.9541052821085
9.18052385E7	293.972622983669	1307.5381726570286
9.21645545E7	770.4261958832893	2239.337598819954
9.25238705E7	46.779453183270434	270.30975555287483
9.28831865E7	289.7763027530085	1615.0735624187391
9.32425025E7	237.61651582451103	360.8381339738696
9.36018185E7	171.48191007358426	316.4269886155987
9.39611345E7	155.02693729196585	298.0037385909151
9.43204505E7	82.40560398089704	177.8810661165911
9.46797665E7	78.42759298222178	151.76437483646538
9.50390825E7	792.9732853532823	1459.5514817793319
9.53983985E7	159.21144897527523	193.6249094411981
9.57577145E7	96.96829253359161	173.10133102084723
9.61170305E7	173.0350554943281	439.3509438278123
9.64763465E7	103.5762838281624	230.81812962645353
9.68356625E7	164.46320230660479	194.94527231944267
9.71949785E7	35.50434158233978	67.93891953649013
9.75542945E7	306.06621469681284	1403.361973734124
9.79136105E7	437.33311625421635	1370.3992962749965
9.82729265E7	202.26200614500885	288.89142261977213
9.86322425E7	101.15802524797114	111.48938697935655
9.89915585E7	168.3240852063365	257.88760879304465
9.93508745E7	308.1243362388538	540.2555666633888
9.97101905E7	115.4239471662826	160.83681318035286
1.000695065E8	149.89627514499773	190.53348712413265
1.004288225E8	226.04589553484954	2391.920141418605
1.007881385E8	393.4885977802269	675.1022319065858
1.011474545E8	318.42592870899153	320.9982617193951
1.015067705E8	163.83714613320865	218.59680618380023
1.018660865E8	232.2903294036447	493.54635802792257
1.022254025E8	413.40481080720036	2292.7143155165822
1.025847185E8	257.48683053356933	2659.8251375280306
1.029440345E8	102.10037404401696	436.91789910303874
1.033033505E8	113.8180236894544	166.69921880117113
1.036626665E8	227.84957808725468	617.197665545007
1.040219825E8	173.04177659775797	255.9017272242821
1.043812985E8	104.1354657181979	280.9947287846917
1.047406145E8	311.56666833650604	1905.0883138356392
1.050999305E8	42.71918868071558	131.08666278672524
1.054592465E8	99.37058744948736	254.13197562020537
1.058185625E8	155.04462089080363	135.95961795405486
1.061778785E8	267.98086642398334	1489.833237953167
1.065371945E8	188.28656948201584	424.22407690104916
1.068965105E8	740.0979583430741	3574.6231382412993
1.072558265E8	444.3670000779258	2469.5855348634136
1.076151425E8	153.85642164557103	296.10474645468287
1.079744585E8	315.69885838648986	1042.3177750149646
1.083337745E8	303.19112146411516	1685.1420188837071
1.086930905E8	391.75913958743837	1032.431214576622
1.089314775E8	350.1126189786988	692.9581398754739
1.091111355E8	465.4832174251007	3199.5192929868967
1.094117225E8	302.42001469458637	304.2543480081207
1.097710385E8	233.06293346246758	299.70334165922014
1.101303545E8	389.7258680381614	810.4446649209013
1.10324175E8	86.86690203000883	135.1881744333416
1.10503833E8	115.83741551885096	117.35711953376102
1.108489865E8	242.98744559106748	1777.3698017059264
1.112083025E8	157.66966124525487	409.37181617820323
1.115676185E8	121.4310578988968	139.49453899968972
1.119269345E8	230.64676496454373	2228.4923497254226
1.122862505E8	211.1842862549956	262.8759806519636
1.126455665E8	133.20870765565687	192.23978167774905
1.130048825E8	249.04098064099566	228.10866495007073
1.133641985E8	47.17420599138363	72.66500902580118
1.137235145E8	128.13185051598037	275.4813690844095
1.140828305E8	180.87353471596032	267.1288745185211
1.144421465E8	360.63192565875164	625.201486072379
1.148014625E8	97.78551748321811	128.60135413650553
1.151607785E8	453.9654315421523	718.3632634529201
1.155200945E8	136.28081688541562	306.27910412500916
1.158794105E8	208.83945886072428	1696.5536069670593
1.162387265E8	345.91277037482325	1750.4370341498513
1.165980425E8	246.39869919513743	489.7644366260694
1.169573585E8	552.4665865143774	2442.050890888255
1.173166745E8	113.16938572176024	143.6202619107049
1.176759905E8	51.83709882109341	121.71366633455361
1.180353065E8	33.47984225584165	82.24004880918972
1.183946225E8	478.57719667367996	2281.1692207118076
1.187539385E8	222.60823342127821	251.46662386020702
1.191132545E8	248.4981548275056	301.3746031269076
1.194725705E8	423.2570328067773	980.2486732025645
1.198318865E8	191.51210911843614	2152.4956529738483
1.201912025E8	52.51325295839874	195.2602390307705
1.205505185E8	171.21885192977768	203.9010396179888
1.209098345E8	125.38757528192454	241.45935972010307
1.212691505E8	285.75878613810687	614.0901520813359
1.216284665E8	222.59326331140278	554.377488699372
1.219877825E8	230.74503222789969	326.6529285582414
1.223470985E8	91.48219951240691	218.30932475192657
1.227064145E8	38.99245789221744	64.12367439397794
1.230657305E8	216.07508154382217	178.88394661209801
1.234250465E8	93.77577397054404	281.01637482338856
1.237843625E8	317.1624531053446	1536.1074541531211
1.241436785E8	342.3249034276236	730.8193762276127
1.245029945E8	82.6206431107994	195.32236520132219
1.248623105E8	46.49627625822396	82.87804018839807
1.252216265E8	134.29407819301116	80.58820743752614
1.255809425E8	149.787023121709	1611.5244334512495
1.259402585E8	242.9247208585201	430.6895874324181
1.262995745E8	275.0898818866958	449.7458241376431
1.266588905E8	369.33101782275213	823.212978324792
1.270182065E8	224.33415712075166	1226.1300766287816
1.273775225E8	389.64963430517986	1235.8631853159786
1.277368385E8	75.15123456790124	191.55874827585205
1.280961545E8	176.48246390363914	204.9749312188422
1.284554705E8	61.93574179830567	120.82561658649578
1.288147865E8	126.30862527691502	258.33626124539694
1.291741025E8	162.09837858598002	247.45097048726328
1.295334185E8	94.76463335893753	187.104377248682
1.298927345E8	452.1067166505249	2176.455082464356
1.302520505E8	113.72102828707878	315.9827925458503
1.306113665E8	99.43465361965512	194.64568514810296
1.309706825E8	22.30615669772568	44.31411562599629
1.313299985E8	91.94583319418005	201.02500886474385
1.316893145E8	228.75316434558997	252.01608428613252
1.320486305E8	48.14877433790869	133.50297433435276
1.324079465E8	8.567531086842779	10.258545709674474
1.327672625E8	59.171960057442476	138.20567505326153
1.331265785E8	13.769673490743523	30.71206399402652
1.334858945E8	24.07276881630654	72.54402866322647
1.337730805E8	4.240137452570493	10.571788761498064
1.339527385E8	7.8747400526826565	46.81463153219977
1.342045265E8	36.502117912923445	59.13216040450707
1.345638425E8	63.27568491244475	332.0568165109688
1.349231585E8	640.3218170078705	133.4739234640516
1.352824745E8	97.23202139620835	52.70329327131495
1.356417905E8	69.50118558594663	115.67064847926605
1.360011065E8	52.813289694864686	31.354841476302383
1.363604225E8	53.72536430328736	80.74115234360448
1.367197385E8	115.64574914559886	163.28556865385443
1.370790545E8	206.19718854712843	1357.3725450967854
1.374033365E8	46.844330816462	172.22513676014313
1.375577225E8	62294.24160008195	218189.654132878
1.375927565E8	22.15974200696423	73.29002433471572
1.376371405E8	9.802009208874006	26.1762288355018
1.37699935E8	2.553768671664854	8.008586503998192
1.37786751E8	3.3417181541029595	31.38268001334366
1.37868371E8	9.411105192729918	36.25366992112379
1.37942101E8	3.8180657426192064	18.88080540661231
1.37980213E8	9.626808436465051	18.539778169816934
1.38019627E8	0.594628613646003	3.553079278280436
1.38089538E8	1.587523040266143	9.18319283013887
1.38156123E8	27.062478363611735	166.9459945034644
1.382206275E8	0.8013265143039795	5.344013333074257
1.38280805E8	1.2002422774076318	9.186013837385914
1.38323179E8	0.010236249675481215	0.14308214197083588
1.383484915E8	0.009044036852337081	0.13449190943946837
1.38384028E8	2.419037776043534	6.345040498339297
1.384312265E8	0.5096624526454688	0.9547168543137708
1.384772795E8	5.065093085106383	3.3025081807147645
1.38522045E8	5.672626151178762	11.360367890779635
1.385663025E8	20.035302920370036	114.92866727883285
1.38610046E8	1.9145978839637645	1.8211531148371047
1.38651258E8	2.621346789272816	2.5047686391782915
1.386833775E8	3.6154059846019524	12.169230291443311
1.387019305E8	3.3729425596237825	4.555299748032386
1.38726341E8	0.006718500257361905	0.0819664581238076
1.387630385E8	1.4819637081300367	4.3778802183708905
1.3879854E8	440.92957909678165	763.0825341037336
1.3883298E8	0.40199074478302627	1.160621183702313
1.388668195E8	0.0	0.0
1.389001375E8	6.433545443630688	5.5076132378608875
1.389325255E8	32.06617927527019	235.6850036536788
1.38963047E8	0.19835716458777	0.9799049118205222
1.38991991E8	0.6710121886592475	2.8088801068243083
1.390198715E8	0.16437208624708624	1.4703633020764768
1.39044446E8	3.179274420319919	13.27777689375401
1.390581695E8	0.15641293013555788	0.6773560819325163
1.39074104E8	0.0996745165613632	0.5722205337705206
1.391000815E8	1.4685758513931888	3.5588321648693944
1.39125904E8	3.446502615772137	3.6683367401401683
1.391516555E8	1.0866604405012064	2.775086511150456
1.391772845E8	23.949804381846636	173.595680728992
1.39202833E8	0.8549555546853586	2.1190070088805393
1.39227853E8	0.0	0.0
1.392522945E8	7.974856439704676	14.62335019055942
1.392761035E8	0.0	0.0
1.392991635E8	0.0	0.0
1.393219065E8	0.18545390196425413	0.7139557343817059
1.39344169E8	9.339583048218604	47.83165627299924
1.393656665E8	0.0	0.0
1.39386585E8	15.302557433896835	29.727575552912246
1.394057875E8	0.05101462419226845	0.29755455706722145
1.394157655E8	0.13094209161624892	0.4803844614152614
1.39426072E8	0.4075086070277064	1.3069948059195544
1.394433E8	0.0	0.0
1.394591395E8	0.07486148692178843	0.34034627689662955
1.39474609E8	0.0	0.0
1.394898515E8	0.05972922750199097	0.36668396159065264
1.39504877E8	2.496762998064473	7.8155289963395935
1.39519712E8	0.20174303806087016	0.9983645644932859
1.39534307E8	0.0	0.0
1.39548658E8	0.08810479611240228	0.42261581495632744
1.395628065E8	0.038516101574691444	0.19625519502599528
1.395768695E8	0.14656401482748788	0.6757648350918647
1.395908865E8	0.0	0.0
1.396048595E8	0.06456241032998565	0.4400991149615697
1.39618797E8	0.07728740581270183	0.3468035389867721
1.396327175E8	0.15087012800230115	0.48669925884506304
1.39646447E8	0.022135320593226593	0.19886789449254544
1.39659998E8	7.78906192338918	45.17910985106755
1.39673523E8	0.0	0.0
1.39687001E8	0.1557785209959123	0.6010643353180911
1.39700456E8	0.08405797101449275	0.3077108875847006
1.397138915E8	0.0	0.0
1.397272965E8	0.04479617739286248	0.349063894593219
1.39740652E8	0.11233761357663137	0.731714337835085
1.397539385E8	0.0	0.0
1.397671835E8	0.0	0.0
1.397738625E8	0.0	0.0
1.39780441E8	1.1045039515077113	2.853450113336123
1.397935115E8	0.045773573390296	0.3939192985791677
1.39806605E8	0.0	0.0
1.398195725E8	3.840385812072184	7.800882307732342
1.398324245E8	0.0	0.0
1.39845262E8	0.2618694940360178	1.2657058829920111
1.398580325E8	0.06834985055843952	0.3923325213375007
1.3987073E8	0.02365744026496333	0.1721936655786754
1.398833975E8	0.0	0.0
1.398960405E8	2.8605129829005698	3.867573170511325
1.399086725E8	0.0	0.0
1.399212565E8	0.16552329291640078	0.8702980146668845
1.39933781E8	110.70686486054504	212.20700072428653
1.39946267E8	0.047034272413516334	0.23905531496927104
1.399587085E8	0.3139085640695428	0.9180875444174285
1.399711325E8	0.0	0.0
1.39983544E8	0.14226953786595692	0.42665068725621963
1.399959275E8	5.752829883570505	15.106965529292577
1.400082885E8	0.31835842642059253	0.9865535990940286
1.40020559E8	0.02018544350537458	0.14207548523716038
1.400327265E8	0.1480902206124465	0.6304871085701106
1.400448715E8	0.0	0.0
1.4005699E8	0.0	0.0
1.400690545E8	0.0	0.0
1.40081085E8	0.049887752556747315	0.26174895130881864
1.400930995E8	0.2907848691884686	1.6912588823808519
1.40105101E8	0.024497958503458046	0.19705353965832656
1.40117094E8	0.15018773466833543	0.6266238812296623
1.401281635E8	0.0	0.0
1.40134155E8	0.0	0.0
1.401410485E8	3.7765512627529687	17.696232128442947
1.40153003E8	0.4619697096477282	2.324682834347789
1.40164882E8	0.0	0.0
1.40176667E8	0.15387231148516534	0.6787980636298414
1.4018842E8	122.70876266712084	330.85177555164574
1.40200076E8	1.1516120667300545	4.227394207523933
1.402116215E8	0.0	0.0
1.402231315E8	0.024786919464254653	0.19717080493222228
1.402345955E8	0.05249343832020997	0.31162936461827284
1.402459205E8	0.053475935828877004	0.3960590171906697
1.402571045E8	0.0	0.0
1.402682415E8	0.0	0.0
1.4027885E8	20.04053116638589	45.81280715017678
1.40288828E8	0.24206791687785098	0.9918062691982149
1.402984445E8	0.0	0.0
1.40307799E8	0.0	0.0
1.403166425E8	0.5551162233405224	1.3866640859715336
1.40324819E8	0.0	0.0
1.403326835E8	0.1554001554001554	0.7967494178282372
1.403402015E8	0.0	0.0
1.4034742E8	0.0	0.0
1.40354483E8	0.21419391689276024	0.6887438768839738
1.403614525E8	5.738465974625144	8.565794614059001
1.403683705E8	6.240869565217391	6.770941749410715
1.403752505E8	2.7644314868804667	6.75935805256674
1.403821105E8	0.0	0.0
1.40388953E8	0.6876190476190476	1.9178742811356948
1.403957145E8	0.0	0.0
1.404023365E8	0.6197677971280171	1.568187403455224
1.404088075E8	0.09349593495934959	0.48813309783372655
1.404151525E8	0.3244359707658087	1.1924718848089206
1.40421418E8	0.5291005291005291	1.4052285607689026
1.40427633E8	9.061359599547878	8.474141668773582
1.404337675E8	0.8640552995391705	2.2539556334068975
1.404398365E8	0.0	0.0
1.40445888E8	3.5212713126965736	10.130688812641177
1.404519085E8	0.0	0.0
1.404579005E8	0.2446524064171123	1.018544625964034
1.404638765E8	3.0140750670241285	12.204640538346112
1.404698365E8	0.1508736559139785	0.6444552588389371
1.4047577E8	0.1014370245139476	0.32996323983888026
1.40481673E8	32.30521133933118	139.1784812211877
1.404875345E8	0.0	0.0
1.404915035E8	0.0	0.0
1.404943895E8	0.0	0.0
1.404990715E8	0.1053001053001053	0.37282185960072
1.405047025E8	452.87778576563625	601.2824526679725
1.40510262E8	0.0	0.0
1.405157995E8	1.1592391304347827	1.7745176931995525
1.40521292E8	0.8009149130832571	1.8528186287376471
1.40526756E8	44.65531759106718	88.74606879372651
1.40532181E8	0.0	0.0
1.40537566E8	21.682519041426715	20.692883560721757
1.405429375E8	0.055970149253731345	0.24887807960417624
1.405482795E8	0.0	0.0
1.40553603E8	0.0	0.0
1.405589225E8	0.39503386004514673	1.2175046332474186
1.40564221E8	0.0	0.0
1.405694775E8	0.05695718654434251	0.24575913719904613
1.40574688E8	0.057814607824243594	0.24044668395351929
1.405798735E8	0.6786954843689695	1.3001053901406572
1.405850135E8	0.17222440172616713	0.8512331534439701
1.40590093E8	0.0	0.0
1.405951535E8	0.0	0.0
1.40600212E8	0.0	0.0
1.406052535E8	0.0	0.0
1.406102665E8	1.3708	5.269041658594094
1.406152645E8	0.0	0.0
1.406202595E8	0.1802162595114137	0.6798195242140396
1.406252495E8	0.12033694344163658	0.4905852493535381
1.40630226E8	0.0	0.0
1.40635179E8	0.0	0.0
1.40640115E8	0.0	0.0
1.4064504E8	0.0	0.0
1.4064995E8	56.69447277177238	73.77069222674609
1.406548455E8	0.0	0.0
1.40659729E8	2.6609961057593767	7.1973042709190915
1.40664601E8	0.18499486125385406	0.5911300516163482
1.406694435E8	0.0	0.0
1.40674261E8	0.0	0.0
1.40679061E8	1.7274817136886103	3.1924348925803767
1.40683806E8	0.0	0.0
1.40688509E8	0.0	0.0
1.406931635E8	0.0	0.0
1.40697758E8	0.0	0.0
1.40702335E8	0.0553247321233326	0.3133448561994051
1.40706898E8	0.09927520316274983	0.4450967709555362
1.40711432E8	0.0	0.0
1.40715925E8	1.819503466785954	2.6021084649627886
1.40720393E8	0.4676371780515118	1.5515047061815415
1.407248515E8	0.0	0.0
1.407292955E8	0.0	0.0
1.407337135E8	0.0	0.0
1.40738111E8	0.0	0.0
1.40742499E8	0.0	0.0
1.407468785E8	0.0	0.0
1.40751256E8	0.05414667580534613	0.2911378573787444
1.407556295E8	0.0	0.0
1.40759995E8	0.27516624627379044	1.0321588944973663
1.407643435E8	0.2767527675276753	0.683894858236097
1.407686665E8	2.7039443155452436	4.390297253808464
1.407729765E8	3.274013921113689	11.633368678991726
1.40777284E8	0.0	0.0
1.40781584E8	164.94481955762515	308.29996052179695
1.40785876E8	30.140825367218465	65.61672912496113
1.40790157E8	0.0	0.0
1.407944295E8	0.20926966292134833	0.46683049558751716
1.407986935E8	0.06015037593984962	0.346843987809648
1.40802937E8	0.0	0.0
1.40807165E8	0.2118343195266272	0.5942525512562451
1.408113885E8	0.0	0.0
1.408156105E8	0.5511605873993368	1.1362632917239626
1.408198225E8	5.603760114231318	15.616156707377668
1.40824022E8	0.33619251846557063	0.8068092391881501
1.408282145E8	2.183142311365807	5.316779766636474
1.408324E8	0.07171886206072196	0.27310733520568586
1.408365825E8	0.0	0.0
1.40840755E8	0.0	0.0
1.408449115E8	0.0	0.0
1.40849054E8	0.0	0.0
1.40851497E8	0.0	0.0
1.408535395E8	0.0	0.0
1.40857247E8	0.0	0.0
1.408613235E8	0.14734774066797643	0.42973926393864736
1.40865389E8	9.404533136240453	20.88007616568718
1.408694335E8	0.0	0.0
1.40873455E8	0.0	0.0
1.408774675E8	0.0	0.0
1.408814765E8	0.14977533699450823	0.4058976110966398
1.40885475E8	0.9050363317464295	2.58990194451159
1.408894625E8	0.07429718875502007	0.27257510663121837
1.408934395E8	0.3773299748110831	1.3301389105693358
1.408974065E8	0.04641775983854692	0.3046892181832069
1.409013685E8	1.8767676767676769	3.6315466833198378
1.409053235E8	62.52405063291139	104.7000683084661
1.40909269E8	0.0	0.0
1.409132055E8	0.0	0.0
1.409171345E8	0.076158940397351	0.29686766855574537
1.409210595E8	1.8409785932721712	2.8921314038412236
1.40924982E8	0.0	0.0
1.40928899E8	0.0	0.0
1.40932812E8	0.0	0.0
1.409367215E8	0.6075268817204301	1.1141918376567252
1.4094061E8	0.0	0.0
1.409444775E8	2.401656314699793	5.233670255931881
1.409483385E8	70.87376879212027	63.799070604962765
1.409521765E8	0.0	0.0
1.40955989E8	7.879957972156554	22.384877536336553
1.409597955E8	0.0	0.0
1.409636015E8	0.5478192327903311	1.5294447558400333
1.40967392E8	0.0	0.0
1.40971157E8	0.8663115845539281	1.2358385563724648
1.40974907E8	0.0	0.0
1.40978648E8	0.0	0.0
1.409823815E8	0.40134048257372656	1.3024003412137013
1.40986105E8	0.22491256389561473	1.1076081450887716
1.409898215E8	0.6428955866523143	2.1007328671483507
1.40993536E8	0.0	0.0
1.409972465E8	0.0	0.0
1.41000941E8	0.0	0.0
1.410046115E8	1.087704918032787	1.8098848195698227
1.410082665E8	0.0821917808219178	0.3542307892529876
1.41011916E8	0.0	0.0
1.410155645E8	0.0	0.0
1.410192115E8	0.0	0.0
1.410228535E8	0.722649807586586	2.7877549730911615
1.410264835E8	0.15323025952512423	0.4107205019919119
1.410301055E8	0.0	0.0
1.41033718E8	0.9239522620038857	1.7809551585353993
1.41037321E8	0.0	0.0
1.410409235E8	0.0	0.0
1.41044521E8	0.0	0.0
1.410481085E8	0.0	0.0
1.410516865E8	0.0	0.0
1.41055252E8	0.07393871239808827	0.2780509698978209
1.410588075E8	10.397017445132246	10.779639095109893
1.41062361E8	0.3321137067267098	1.1772302641579613
1.41065914E8	0.0	0.0
1.41069467E8	2.709541232761047	3.7970243285708714
1.41073012E8	6.247667514843087	11.294149696163235
1.41076544E8	0.0	0.0
1.41080071E8	0.0	0.0
1.41083596E8	0.0	0.0
1.41087117E8	0.0	0.0
1.41090628E8	0.0	0.0
1.410941305E8	93.16476299257567	50.476218736250104
1.41097631E8	3.2949414118319518	3.8071547091150495
1.411011295E8	0.0	0.0
1.411046235E8	0.24297994269340975	0.5785071193218085
1.411081075E8	0.0	0.0
1.41111585E8	0.0	0.0
1.4111506E8	0.0	0.0
1.411185295E8	6.772937103289094	7.652300530200109
1.41121994E8	0.0	0.0
1.411254545E8	12.032967032967033	10.09844544209758
1.411289005E8	0.17472335468841002	0.469202969840768
1.411323185E8	0.0	0.0
1.411357175E8	0.0	0.0
1.4113911E8	0.5193272351726173	1.6339565797338653
1.411424975E8	0.08860011813349085	0.29765771976129035
1.41145878E8	0.06518518518518518	0.25531389540169014
1.411492525E8	366.757854179016	468.1862470054017
1.41152626E8	1.9587903943077378	6.3020145109273065
1.41155995E8	0.17830609212481427	0.5971701468171601
1.411593515E8	0.1774193548387097	0.5616156927828213
1.41162699E8	0.23304451747833882	0.7434606858839506
1.41166043E8	0.1792876384316073	0.42483512656681344
1.4116937E8	0.0	0.0
1.411726805E8	0.0	0.0
1.411759855E8	0.0	0.0
1.41179286E8	0.3637465898757199	0.8982823527196996
1.411825805E8	0.0	0.0
1.411858675E8	0.3654080389768575	1.3004730704880265
1.41189148E8	0.06896551724137931	0.2626128657194451
1.41192424E8	0.0	0.0
1.411956955E8	0.1835985312117503	0.5368889028490419
1.411989605E8	0.8234212139791539	3.077478962190035
1.41202221E8	0.18410555385087451	0.6068040109473148
1.4120548E8	624.0392758514882	909.5734542473035
1.412087365E8	0.09219422249539029	0.30363501526568093
1.41210776E8	0.0	0.0
1.41212402E8	0.0	0.0
1.412152325E8	0.0	0.0
1.41218463E8	0.09296560272699102	0.30490261187302253
1.41221688E8	0.538008067018306	1.4888144325336965
1.412249085E8	14.02486016159105	35.205946514493185
1.41228124E8	6.192032368502956	9.035617869822136
1.41231335E8	0.0	0.0
1.412345425E8	0.46756082345601996	1.162552529686068
1.41237746E8	0.0	0.0
1.41240947E8	0.4554826616682287	1.2262106781886901
1.41244146E8	0.0	0.0
1.412473425E8	0.6874217772215269	1.60734001611646
1.41250538E8	279.10140845070424	134.64574397034272
1.412537305E8	176.84075235109717	339.38139326433895
1.412569125E8	0.0	0.0
1.41260086E8	0.0	0.0
1.41263258E8	0.0946073793755913	0.3075831259604325
1.412664245E8	0.0	0.0
1.41269585E8	0.0937005381449826	0.4041569373516885
1.41272743E8	0.0	0.0
1.412758995E8	0.0	0.0
1.412790545E8	3.3449587824984146	3.3806304170209143
1.412822035E8	0.0	0.0
1.4128534E8	61.729945669542985	119.57262101763851
1.41288466E8	0.0	0.0
1.41291589E8	0.0	0.0
1.412947105E8	0.17307692307692307	0.7320501594135718
1.412978215E8	3.9332688588007736	4.228407811944524
1.413009225E8	0.0	0.0
1.413040225E8	1.0629032258064517	2.349399374170947
1.41307117E8	0.0	0.0
1.41310204E8	1.7345218800648299	2.844597370056254
1.413132865E8	0.19155844155844157	0.7455495663228273
1.413163665E8	0.03279220779220779	0.24902406914390227
1.41319445E8	2.338316542086448	6.148075310961087
1.413225215E8	0.0	0.0
1.41325596E8	0.0	0.0
1.41328669E8	0.6465994142531728	1.2678918036539475
1.41331738E8	0.0	0.0
1.413348E8	0.0	0.0
1.413378585E8	17.60725964682799	29.695742935024334
1.413409105E8	0.9169402495075509	2.7151359506415482
1.413439555E8	0.0	0.0
1.41346999E8	0.0	0.0
1.41350033E8	0.0	0.0
1.413530575E8	0.0992063492063492	0.314970394174356
1.41356076E8	0.17125788250912713	0.5812652005085718
1.413590875E8	0.029900332225913623	0.1729171253112705
1.41362097E8	0.0	0.0
1.413651025E8	0.0	0.0
1.41368103E8	0.0	0.0
1.41371102E8	2.786928976325442	7.788938043915271
1.413740995E8	0.7266355140186916	1.521540923661438
1.41377093E8	0.8345035105315948	1.9321489587493996
1.413800805E8	2.094504021447721	2.521024197162924
1.413830635E8	0.704225352112676	1.1279629734541678
1.413860455E8	0.8048289738430584	1.4206015105973486
1.41389022E8	0.2019522046449007	0.6355347427873644
1.413919895E8	0.0	0.0
1.4139495E8	0.0	0.0
1.413979065E8	0.0	0.0
1.41400857E8	0.0	0.0
1.41403801E8	0.0	0.0
1.41406741E8	0.20429009193054137	0.6052769874435759
1.41409678E8	0.0	0.0
1.414126105E8	0.0	0.0
1.41415538E8	15.38196105227195	28.36196561011876
1.414184645E8	0.0	0.0
1.414213895E8	0.0	0.0
1.414243125E8	80.58008213552361	57.04530363374944
1.414272345E8	6.98425735797399	15.706453331326726
1.41430155E8	0.0	0.0
1.414330725E8	0.51440329218107	1.642207353881138
1.414359875E8	1.029512697323267	1.6075064137605797
1.414389E8	3.194778426657506	10.38216834016335
1.414418105E8	0.0	0.0
1.41444718E8	8.467814113597246	18.628823002852346
1.414476225E8	15.191115702479339	29.75515905449216
1.41450526E8	0.0	0.0
1.41453427E8	353.9161779924112	419.56965625155823
1.41456323E8	0.3110957483581058	0.901663401188335
1.41459214E8	0.0	0.0
1.414621005E8	2.8398058252427183	4.299912910771789
1.414649835E8	542.2550312283137	763.9637100754742
1.414678655E8	0.3431644691186676	1.0721701937463495
1.414707475E8	0.1040943789035392	0.3383841260962061
1.41473629E8	1.4578271433530023	3.1119904488886716
1.41476508E8	0.0	0.0
1.414793845E8	3.187065368567455	3.3909599200544753
1.41482258E8	0.0	0.0
1.414851235E8	0.0	0.0
1.414879835E8	0.1048951048951049	0.41728392507485135
1.414908425E8	0.0	0.0
1.41493699E8	1.5499124343257442	2.1534804639423677
1.41496551E8	306.5359775359775	510.99223156821154
1.414993995E8	0.04037921348314607	0.28356181578411876
1.415022465E8	0.0	0.0
1.415050915E8	0.10548523206751055	0.37596570451367517
1.41507934E8	0.0	0.0
1.415107725E8	0.21227080394922426	0.5128806337041524
1.415136075E8	0.0	0.0
1.41516441E8	0.0	0.0
1.415192725E8	0.0	0.0
1.41522102E8	0.0	0.0
1.415249305E8	0.31683168316831684	0.7441426153406709
1.41527757E8	2.1001769911504424	6.60482526749643
1.41530581E8	0.0	0.0
1.415334035E8	0.0	0.0
1.415362255E8	0.0	0.0
1.415390465E8	0.0	0.0
1.41541866E8	0.21142249024476764	0.8166413883388013
1.41544683E8	15.694849023090587	19.180937102628512
1.415474975E8	0.0	0.0
1.4155031E8	0.0	0.0
1.415531175E8	0.0	0.0
1.41555919E8	1.699178277956413	2.722289665298955
1.415587165E8	0.0	0.0
1.41561512E8	0.0	0.0
1.41564307E8	0.39785330948121644	1.0008940547159089
1.415671015E8	0.0	0.0
1.415695015E8	7.370887337986042	10.359346110854034
1.41570898E8	9.974587039390089	6.985281312807647
1.41572688E8	0.0	0.0
1.4157548E8	0.0	0.0
1.415782705E8	2.696415770609319	4.158939070670354
1.415810595E8	0.0	0.0
1.41583847E8	0.6458557588805167	2.1529262635381894
1.415866325E8	0.0	0.0
1.41589416E8	84.92849443047072	90.34450374432967
1.41592198E8	0.0	0.0
1.41594971E8	0.0972875226039783	0.3750828720967214
1.415977345E8	0.2052860246198407	0.541205776924179
1.41600491E8	0.09523809523809523	0.4017410310789086
1.416032415E8	0.0	0.0
1.41605989E8	0.9559198542805101	1.9086611143795607
1.416087335E8	0.43440233236151604	1.3143078968846724
1.416114735E8	0.0	0.0
1.41614208E8	0.203439443834614	0.48992782311522404
1.416169385E8	78.5032991202346	67.47266743237503
1.41619657E8	184.50387596899225	56.68608878286373
1.416223655E8	0.3020679468242245	1.5281697570948267
1.41625071E8	0.219385867554569	0.6980232116452579
1.416277715E8	0.0	0.0
1.41630469E8	0.0	0.0
1.416331645E8	331.0916852264291	542.2101684226383
1.41635856E8	0.0	0.0
1.416385445E8	1.4955357142857142	2.2758926820041405
1.416412325E8	0.0	0.0
1.416439195E8	4.302680565897245	4.465971280559118
1.41646598E8	2.4084612504679894	2.440992120201806
1.416492685E8	0.0	0.0
1.41651938E8	1.544023979018359	2.430834149971654
1.416546065E8	0.0	0.0
1.41657273E8	246.22401500938085	227.05467930020748
1.416599375E8	0.0	0.0
1.41662593E8	3.8171514922553835	3.385394974163547
1.416652385E8	0.0	0.0
1.416678815E8	143.59235427706284	204.65388702548609
1.41670523E8	0.0	0.0
1.41673163E8	0.0	0.0
1.41675801E8	0.0	0.0
1.416784375E8	5.574734446130501	12.316097883311913
1.41681073E8	0.0	0.0
1.41683705E8	0.11563332065424116	0.376163087895824
1.416863335E8	0.5285388127853882	1.0216454927897423
1.416889605E8	0.0	0.0
1.416915825E8	0.0	0.0
1.416942E8	0.2292701566679404	0.5360521706797625
1.416968145E8	0.0	0.0
1.41699426E8	0.0	0.0
1.41702034E8	0.0	0.0
1.41704638E8	0.0	0.0
1.41707241E8	1.4467921628889742	2.249429005107821
1.41709838E8	0.0	0.0
1.417124275E8	0.11591962905718702	0.3404697182675531
1.417150135E8	0.0	0.0
1.41717597E8	0.0	0.0
1.41720177E8	0.0	0.0
1.41722754E8	0.0	0.0
1.417253305E8	1.111024844720497	2.549052923627404
1.41727906E8	0.23300970873786409	0.6409943731482882
1.41730481E8	0.0	0.0
1.41733056E8	0.34951456310679613	1.3272352459373027
1.417356305E8	0.8053613053613053	1.2808735849556507
1.417382025E8	0.0	0.0
1.4174077E8	0.3446393762183236	1.0496448856470042
1.41743333E8	0.0	0.0
1.41745892E8	0.0	0.0
1.417484485E8	0.0	0.0
1.41751004E8	5.828180039138943	14.917450609303778
1.41753556E8	0.35307963907414674	1.3833624412213434
1.41756104E8	392.133097762073	511.56962359011646
1.41758648E8	0.1180637544273908	0.42269352376568464
1.41761189E8	0.2361275088547816	0.8889544774437753
1.417637275E8	0.0	0.0
1.4176626E8	0.0	0.0
1.41768789E8	0.0	0.0
1.417713145E8	0.0	0.0
1.41773836E8	16.89408964696549	38.50206442123005
1.41776357E8	0.0	0.0
1.417788775E8	0.0	0.0
1.417813975E8	1.2511904761904762	2.790644802316915
1.41783916E8	17.03218116805721	33.448012899793845
1.417864325E8	0.0	0.0
1.41788946E8	4.5408203902827555	9.109187663042501
1.41791457E8	0.0	0.0
1.417939675E8	0.0	0.0
1.417964765E8	0.0	0.0
1.41798983E8	0.0	0.0
1.418014855E8	0.0	0.0
1.41803981E8	13.739060618225611	10.28915546547401
1.4180647E8	0.12062726176115803	0.4225261499676841
1.41808953E8	0.11173860427591771	0.3336693210542854
1.41811431E8	134.10658054097698	199.6477378203783
1.418139075E8	8.811793214862682	9.720072331980548
1.41816383E8	0.0	0.0
1.41818857E8	0.20380105135463	0.9028865961008171
1.418213285E8	0.0	0.0
1.418237955E8	0.12175324675324675	0.3779644730092272
1.41826259E8	3.529435647584247	5.732924477202482
1.418287215E8	0.08285946385052803	0.40708589720236693
1.41831178E8	0.20318237454100369	0.593037255536706
1.41833627E8	0.721700040866367	1.2582380763608492
1.418360715E8	0.0	0.0
1.41838512E8	0.0	0.0
1.418409505E8	6.158736669401148	6.045188053767581
1.418433885E8	0.0	0.0
1.418458265E8	17.364232977850698	25.970735091908928
1.41848263E8	0.0	0.0
1.418506975E8	0.0	0.0
1.418531305E8	0.0	0.0
1.41855562E8	0.0	0.0
1.41857992E8	1.4800329353643475	2.895319258827827
1.418604205E8	1.35831960461285	2.229796719482332
1.41862847E8	0.0	0.0
1.41865272E8	0.0	0.0
1.41867695E8	0.12391573729863693	0.38775133086684926
1.41870116E8	2.2296571664601403	3.0220858510914614
1.418725365E8	0.0	0.0
1.41874956E8	0.0	0.0
1.41877374E8	0.0	0.0
1.41879789E8	0.0	0.0
1.418822015E8	0.0	0.0
1.418846075E8	0.0	0.0
1.418870045E8	0.0	0.0
1.418893965E8	3.1560669456066948	4.054441234479712
1.418917865E8	0.0	0.0
1.41894176E8	0.2758476349937212	0.3543664129476244
1.41896563E8	0.12578616352201258	0.3797825704776016
1.41898948E8	0.0	0.0
1.41901333E8	8.278406708595387	7.183343183171171
1.419037175E8	499.932466442953	594.0200922245332
1.41906101E8	3.4968527066722617	6.119559939087993
1.41908484E8	100.38732689886697	99.67539847348327
1.419108665E8	1.1066330814441645	1.0841968398650992
1.41913248E8	0.0	0.0
1.41915629E8	503.89164216715665	380.8675517527851
1.41918009E8	26.057587221521647	65.35006455519874
1.41920388E8	2.7545187053383775	5.356441636286389
1.419227665E8	0.0	0.0
1.41925143E8	0.0	0.0
1.419275165E8	0.0	0.0
1.419292615E8	9.116279069767442	13.70732930097235
1.41930446E8	0.30135891286970423	0.5766575871535401
1.419322555E8	0.0	0.0
1.419346225E8	0.0	0.0
1.41936987E8	0.0	0.0
1.41939347E8	0.0	0.0
1.41941703E8	0.25477707006369427	0.5444177239713065
1.419440575E8	0.0	0.0
1.41946411E8	0.0	0.0
1.419487635E8	0.39753401360544216	1.2421522357870425
1.419511115E8	0.0	0.0
1.419534545E8	0.0	0.0
1.419557965E8	6.697267292912041	8.794163890397423
1.41958135E8	0.0	0.0
1.419604675E8	2.175107296137339	5.699973646501838
1.419627965E8	0.0	0.0
1.419651245E8	104.22551546391753	45.277252999439554
1.419674515E8	371.19303525365433	328.3918298239146
1.41969777E8	0.0	0.0
1.419721005E8	0.12919896640826872	0.4119239119257256
1.419744205E8	0.0	0.0
1.41976738E8	0.0	0.0
1.419790505E8	9.091854419410746	15.926662514668681
1.41981358E8	0.0	0.0
1.419836635E8	47.60546875	42.44211233321871
1.41985967E8	11.35084672166739	26.323317889244503
1.41988266E8	1.4374727668845315	2.9680946845821614
1.4199056E8	0.0	0.0
1.41992852E8	0.2618943692710607	0.5566941143669072
1.41995142E8	0.0	0.0
1.4199743E8	0.0	0.0
1.419997165E8	0.0	0.0
1.420020015E8	1.574430823117338	2.1371536138464364
1.42004285E8	0.0	0.0
1.420065675E8	0.0	0.0
1.42008845E8	0.0	0.0
1.420111165E8	3.7312775330396475	3.9886954797221543
1.42013386E8	0.0	0.0
1.420156535E8	0.0	0.0
1.42017916E8	0.0	0.0
1.42020175E8	0.13368747233289066	0.36442025853950183
1.42022431E8	0.0	0.0
1.420246815E8	0.0	0.0
1.42026929E8	0.0	0.0
1.42029171E8	0.13366115333035314	0.3655969821133007
1.420314065E8	0.36974037600716203	0.46737806542773513
1.420336395E8	0.1339605734767025	0.48128040098549607
1.420358715E8	53.689068100358426	56.12968614438056
1.420381015E8	0.0	0.0
1.42040329E8	0.1347103726986978	0.3670291169630794
1.42042554E8	0.0	0.0
1.42044776E8	0.0	0.0
1.420469965E8	0.0	0.0
1.42049215E8	0.0	0.0
1.420514315E8	0.0	0.0
1.420536445E8	0.0	0.0
1.42055854E8	0.0	0.0
1.42058062E8	0.0	0.0
1.420602685E8	34.587035358114235	25.044973147594614
1.42062474E8	0.0	0.0
1.42064677E8	0.0	0.0
1.420668775E8	0.0	0.0
1.420690765E8	0.0	0.0
1.420712745E8	0.0	0.0
1.420734715E8	0.0	0.0
1.420756655E8	0.2737226277372263	0.7398954355004851
1.420778565E8	95.35753424657534	107.93552531752822
1.42080046E8	0.0	0.0
1.42082235E8	0.0	0.0
1.42084423E8	0.0	0.0
1.42086609E8	0.0	0.0
1.4208879E8	0.0	0.0
1.420909665E8	0.0	0.0
1.42093141E8	0.13805798435342845	0.37156154853998075
1.420953105E8	0.0	0.0
1.42097474E8	0.0	0.0
1.42099635E8	0.0	0.0
1.42101794E8	1.0982846546128884	1.4181419409470821
1.42103946E8	0.13972985561248252	0.49778269417434456
1.42106089E8	0.0	0.0
1.421082245E8	0.0	0.0
1.42110355E8	0.0	0.0
1.421124825E8	0.0	0.0
1.421146075E8	0.14171374764595104	0.4000941508780839
1.421167315E8	4.000470809792843	5.208279660740398
1.42118853E8	13.281264747522416	22.69126144395427
1.42120971E8	0.9914974019839395	1.7317780651362646
1.421230865E8	0.0	0.0
1.421252E8	0.0	0.0
1.42127313E8	0.0	0.0
1.42129426E8	0.0	0.0
1.421315385E8	0.0	0.0
1.42133649E8	0.0	0.0
1.421357575E8	0.0	0.0
1.42137864E8	0.14204275534441804	0.40950697429378347
1.42139969E8	1.9434679334916865	4.605480572797295
1.42142073E8	0.0	0.0
1.421441755E8	0.142721217887726	0.3777846183842402
1.421462745E8	0.0	0.0
1.421483705E8	0.21278625954198474	0.6486921663759763
1.421504655E8	0.0	0.0
1.421525595E8	0.0	0.0
1.421546525E8	1.147227533460803	1.8721057968829522
1.421567435E8	3.1277511961722486	4.900297813427985
1.42158833E8	0.0	0.0
1.421609215E8	0.3635057471264368	0.9964015716336576
1.42163009E8	2.716818399616675	7.439357129435397
1.42165096E8	0.0	0.0
1.421671825E8	0.21476510067114093	0.8692024755098242
1.421692675E8	0.0	0.0
1.4217135E8	4.75636713118693	10.973823206670673
1.4217343E8	0.0	0.0
1.42175509E8	0.0	0.0
1.421775875E8	0.0	0.0
1.421796645E8	1.5375722543352601	3.6452783089777467
1.421817365E8	0.14361702127659576	0.37896836447993354
1.421838025E8	42.53536821705426	83.06415926417101
1.42185866E8	0.2830828889966069	0.7524398833084367
1.42187929E8	76.35773145904024	107.60712684097848
1.421899915E8	0.3879728419010669	0.6694091666505115
1.421920525E8	0.0	0.0
1.421941125E8	0.0	0.0
1.421961725E8	0.29077669902912623	0.7244013263056591
1.42198232E8	0.9499757163671685	1.800113320052815
1.422002865E8	0.14634146341463414	0.4417261042993862
1.422023345E8	0.0	0.0
1.422043795E8	0.0	0.0
1.42206423E8	0.2936857562408223	0.8476739646050313
1.42208462E8	0.0	0.0
1.42210496E8	0.14756517461878996	0.42661112115896327
1.42212529E8	0.0	0.0
1.422145605E8	0.0	0.0
1.42216589E8	15.311297483966452	22.17120672175438
1.42218613E8	0.0	0.0
1.422206335E8	0.23415841584158417	0.9447614817644412
1.42222652E8	0.14774417451660882	0.5096977241026089
1.422246675E8	0.0	0.0
1.422266795E8	0.0	0.0
1.42228689E8	0.0	0.0
1.422306975E8	0.448207171314741	0.9747816182034061
1.422327045E8	0.0	0.0
1.422347105E8	0.0	0.0
1.42236716E8	1.7960099750623442	3.004900403327074
1.42238721E8	0.8987531172069826	1.786343316356146
1.422407225E8	0.0	0.0
1.422427205E8	1.8018018018018018	3.391681515635497
1.422447185E8	0.15015015015015015	0.48912088407595034
1.42246715E8	0.0	0.0
1.42248709E8	0.0	0.0
1.422507005E8	0.0	0.0
1.422526905E8	17.89145728643216	10.319104592840889
1.422546795E8	0.45271629778672035	0.9409101291979826
1.422566665E8	0.0	0.0
1.422586525E8	0.0	0.0
1.422606355E8	0.0	0.0
1.422626145E8	0.6971688574317493	0.3894462117810062
1.422645915E8	0.8572874493927125	2.167574812273297
1.422665675E8	0.6072874493927125	0.9367659069225724
1.42268543E8	0.6956962025316455	1.196619711594797
1.422705175E8	0.7436676798378926	1.1888540112992725
1.422724895E8	0.0	0.0
1.422744575E8	0.3051881993896236	0.7432298708308344
1.422764235E8	0.21871820956256358	0.3906329475285102
1.422783895E8	0.0	0.0
1.422803545E8	0.0	0.0
1.42282318E8	0.15282730514518594	0.3909313304727391
1.422842805E8	0.3985728848114169	0.9131500519242475
1.422862425E8	5.978593272171254	8.88329015830831
1.4228818E8	0.3141662310507057	0.5882629678924406
1.42289161E8	0.0	0.0
1.42290166E8	0.0	0.0
1.42292127E8	0.0	0.0
1.42294088E8	0.0	0.0
1.422960465E8	0.0	0.0
1.422980025E8	13.281186094069529	22.075882332923776
1.42299954E8	0.0	0.0
1.42301901E8	0.3081664098613251	0.8996946351785592
1.42303848E8	1.2187981510015409	2.1397022290900867
1.423057945E8	0.39054470709146966	1.3108763142274205
1.4230774E8	0.15424164524421594	0.39273610127440023
1.423096845E8	0.0	0.0
1.42311628E8	0.0	0.0
1.42313569E8	0.0	0.0
1.423155065E8	0.5056818181818182	1.1670847342243424
1.423174425E8	0.0	0.0
1.42319378E8	0.0	0.0
1.42321312E8	0.6207966890843248	1.7676754986114114
1.42323245E8	0.0	0.0
1.42325177E8	0.0	0.0
1.42327107E8	2.172628304821151	3.184575969537275
1.423290355E8	0.0	0.0
1.423309635E8	0.9304979253112033	1.994026348581727
1.42332891E8	0.0	0.0
1.423348175E8	7.6993769470404985	7.2918324413732485
1.423367435E8	0.0	0.0
1.423386685E8	0.0	0.0
1.423405905E8	0.0	0.0
1.42342509E8	0.0	0.0
1.423444255E8	0.0	0.0
1.423463415E8	0.0	0.0
1.42348253E8	0.15731515469323545	0.39662974509387905
1.423501595E8	0.0	0.0
1.42352065E8	0.7868766404199475	2.091979434113994
1.423539695E8	0.0	0.0
1.42355873E8	0.0	0.0
1.42357776E8	0.1576458223857068	0.3970463730922457
1.42359679E8	0.0	0.0
1.423615815E8	0.0	0.0
1.42363483E8	0.15781167806417676	0.39989477837513593
1.423653835E8	0.0	0.0
1.423672835E8	0.0	0.0
1.42369183E8	0.0	0.0
1.4237108E8	0.0	0.0
1.42372975E8	0.0	0.0
1.42374869E8	0.47437929212889596	1.1560721886807497
1.42376761E8	0.0	0.0
1.423786515E8	0.1523809523809524	0.5520524474738834
1.423805415E8	46.47936507936508	33.47217117825259
1.423824305E8	0.4067796610169492	1.1470300632946353
1.423843155E8	0.1594048884165781	0.4954629432778301
1.423861925E8	0.0	0.0
1.423880645E8	0.0	0.0
1.42389936E8	0.0	0.0
1.423918065E8	0.0	0.0
1.423936765E8	0.0	0.0
1.42395546E8	0.0	0.0
1.42397415E8	0.0	0.0
1.42399284E8	0.0	0.0
1.424011525E8	0.0	0.0
1.42403019E8	0.0	0.0
1.42404883E8	751.3574879227053	858.834398406471
1.42406746E8	0.0	0.0
1.424086055E8	0.0	0.0
1.424104605E8	0.8090614886731392	1.8304625950175437
1.42412313E8	0.0	0.0
1.42414163E8	0.0	0.0
1.42416009E8	0.0	0.0
1.42417852E8	0.0	0.0
1.42419695E8	0.0	0.0
1.42421538E8	0.16277807921866522	0.41407677642798807
1.424233805E8	0.0	0.0
1.42425222E8	0.0	0.0
1.42427063E8	0.0	0.0
1.424288995E8	0.0	0.0
1.424307315E8	0.0	0.0
1.424325625E8	0.0	0.0
1.42434392E8	0.0	0.0
1.42436221E8	0.0	0.0
1.424380485E8	0.23001095290251916	0.78596673089963
1.42439871E8	0.0	0.0
1.424416895E8	0.0	0.0
1.424435075E8	0.0	0.0
1.42445323E8	0.14009928295642582	0.37429838759527917
1.42447136E8	0.0	0.0
1.424489455E8	0.0	0.0
1.4245075E8	0.0	0.0
1.424525525E8	0.0	0.0
1.42454354E8	0.0	0.0
1.424561545E8	0.0	0.0
1.424579545E8	0.3333333333333333	0.8144527815247078
1.424597535E8	0.0	0.0
1.42461551E8	0.0	0.0
1.42463346E8	0.0	0.0
1.424651385E8	0.0	0.0
1.42466928E8	0.0	0.0
1.424687145E8	0.0	0.0
1.424705E8	0.0	0.0
1.42472285E8	2.2705882352941176	2.976189355742086
1.424740655E8	0.0	0.0
1.42475841E8	0.0	0.0
1.42477616E8	2.329014084507042	2.2417297144562403
1.42479391E8	0.13690140845070423	0.4185824501882918
1.424811635E8	0.0	0.0
1.42482933E8	0.0	0.0
1.424847005E8	87.1013590033975	108.26119531007417
1.42486464E8	0.0	0.0
1.424882225E8	0.15318906605922553	0.38330774732214246
1.424899775E8	7.07981755986317	4.642891600859513
1.4249173E8	0.34266133637921187	0.7706791267386407
1.42493479E8	0.0	0.0
1.42495226E8	0.0	0.0
1.42496973E8	0.0	0.0
1.42498718E8	0.0	0.0
1.4250046E8	0.0	0.0
1.425021995E8	0.0	0.0
1.42503937E8	0.0	0.0
1.425056725E8	0.0	0.0
1.42507406E8	0.0	0.0
1.425091385E8	0.17321016166281755	0.4175702289123388
1.425108685E8	0.0	0.0
1.425125945E8	0.3190255220417633	1.067338342275284
1.425143185E8	1.0440835266821347	1.5319490035311076
1.4251604E8	1.5706806282722514	3.573950742420713
1.42517759E8	11.649214659685864	15.834146208581666
1.425194765E8	0.1754079254079254	0.4742802177423437
1.425211925E8	0.0	0.0
1.42522908E8	0.0	0.0
1.425246225E8	0.0	0.0
1.42526336E8	0.0	0.0
1.425280485E8	0.40595794392523366	1.326623498413192
1.425297595E8	0.7017543859649122	1.305857250198021
1.425314695E8	0.8771929824561403	2.067854780155721
1.42533179E8	0.0	0.0
1.425348875E8	0.0	0.0
1.425365935E8	0.0	0.0
1.42538297E8	0.0	0.0
1.4254E8	0.17615971814445097	0.41971385269544176
1.425416995E8	0.0	0.0
1.425433925E8	5.537278106508876	7.016253320033961
1.425450825E8	1.7751479289940828	2.3905633016944527
1.42546771E8	0.0	0.0
1.42548457E8	0.5311572700296736	0.8616456547916695
1.42550141E8	0.0	0.0
1.42551824E8	21.37017231134878	21.947690742682315
1.42553507E8	3.0005941770647655	4.7136670607748306
1.425551885E8	0.17797619047619048	0.5204164998665332
1.42556868E8	1.605717689100655	3.428413663802677
1.425585465E8	0.0	0.0
1.42560223E8	0.0	0.0
1.42561894E8	2.506898620275945	3.0205256636789253
1.42563556E8	0.0	0.0
1.425652095E8	0.36303030303030304	0.7958224257542215
1.42566857E8	0.0	0.0
1.42568501E8	0.0	0.0
1.42570144E8	0.0	0.0
1.42571786E8	0.0	0.0
1.42573425E8	0.0	0.0
1.42575062E8	0.0	0.0
1.42576699E8	269.18448381185095	331.14371970979255
1.425783355E8	0.0	0.0
1.425799685E8	0.0	0.0
1.42581598E8	0.0	0.0
1.42583225E8	1.1076923076923078	1.4248346732704977
1.4258485E8	0.0	0.0
1.42586474E8	0.0	0.0
1.425880965E8	0.18372379778051787	0.4286301410079766
1.42589717E8	80.26065472513898	116.3556426543938
1.425913335E8	1.4894671623296158	2.25675359819675
1.42592946E8	2.902545003103662	2.1672753764618267
1.425945565E8	5.653416149068323	10.49625783655435
1.425961665E8	0.1795031055900621	0.4236780683373428
1.425977755E8	2.2388059701492535	3.2758729040642116
1.42599378E8	0.0	0.0
1.42600974E8	0.0	0.0
1.426025685E8	2.062107904642409	2.270038331747619
1.426041585E8	0.0	0.0
1.426057445E8	0.0	0.0
1.426073305E8	0.0	0.0
1.42608914E8	0.0	0.0
1.42610493E8	0.0	0.0
1.4261207E8	0.0	0.0
1.42613646E8	0.0	0.0
1.4261522E8	0.0	0.0
1.42616792E8	0.0	0.0
1.42618361E8	0.0	0.0
1.426199275E8	9.172413793103448	9.77100514312751
1.426214905E8	0.0	0.0
1.426230505E8	0.0	0.0
1.426246095E8	0.0	0.0
1.426261665E8	0.0	0.0
1.426277225E8	0.0	0.0
1.42629278E8	0.3858520900321543	0.8784669487603439
1.42630832E8	0.0	0.0
1.426323845E8	0.3865979381443299	0.8734337971123766
1.426339355E8	0.0	0.0
1.426354855E8	0.3870967741935484	0.744874962444986
1.42637035E8	0.0	0.0
1.426385825E8	0.0	0.0
1.426401275E8	0.0	0.0
1.42641671E8	8.237200259235255	9.327622238115131
1.42643213E8	0.0	0.0
1.426447535E8	0.0	0.0
1.426462925E8	0.0	0.0
1.42647757E8	0.0	0.0
1.42648524E8	0.0	0.0
1.42649362E8	0.21135029354207435	0.47094303803646603
1.42650895E8	0.0	0.0
1.426524275E8	0.7859007832898173	1.2753947835027006
1.42653958E8	0.0	0.0
1.42655486E8	3.131630648330059	7.030991363576148
1.42657012E8	0.0	0.0
1.42658537E8	0.0	0.0
1.42660062E8	51.90426229508197	63.024944320144996
1.42661585E8	0.0	0.0
1.426631055E8	0.0	0.0
1.42664625E8	0.0	0.0
1.426661435E8	0.0	0.0
1.426676605E8	0.9432717678100264	1.998350243058358
1.426691735E8	0.0	0.0
1.42670683E8	0.0	0.0
1.426721915E8	0.0	0.0
1.426736975E8	18.902925531914892	33.43002377147977
1.426752015E8	0.0	0.0
1.426767045E8	0.0	0.0
1.426782025E8	0.0	0.0
1.426796955E8	0.0	0.0
1.426811875E8	1.8029490616621984	2.0348834537243863
1.426826785E8	0.0	0.0
1.42684168E8	0.0	0.0
1.426856565E8	0.0	0.0
1.42687144E8	0.605245460659045	1.1804276976707972
1.42688631E8	2.0423671822461333	5.924826092238348
1.42690117E8	1.4835016835016834	2.6982972558278453
1.426916015E8	0.0	0.0
1.426930845E8	0.0	0.0
1.426945645E8	0.0	0.0
1.426960415E8	0.0	0.0
1.42697517E8	1.855593220338983	2.932691249705924
1.42698991E8	0.0	0.0
1.42700463E8	0.0	0.0
1.427019325E8	0.0	0.0
1.427034E8	0.0	0.0
1.427048665E8	0.0	0.0
1.427063315E8	0.0	0.0
1.427077945E8	0.2051983584131327	0.5321407094088209
1.42709256E8	0.0	0.0
1.42710717E8	0.0	0.0
1.42712177E8	0.0	0.0
1.427136355E8	10.09670781893004	13.221703486037732
1.427150925E8	0.0	0.0
1.42716547E8	0.0	0.0
1.427179995E8	0.0	0.0
1.427194515E8	0.0	0.0
1.42720903E8	0.20882150241212957	0.607783196138167
1.427223515E8	0.0	0.0
1.427237975E8	0.14384508990318118	0.5363675790037671
1.42725243E8	0.0	0.0
1.42726687E8	6.533610533610534	6.79417222042363
1.42728129E8	0.0	0.0
1.427295695E8	1629.0027777777777	1749.225805932124
1.427310075E8	0.0	0.0
1.427324415E8	0.0	0.0
1.427338735E8	0.2988826815642458	1.093403277046938
1.427353055E8	0.0	0.0
1.427367365E8	0.4195804195804196	0.9160572248286889
1.42738166E8	0.1994401679496151	0.44658724561905605
1.42739595E8	15.146955913226032	18.079754886031456
1.42741022E8	0.0	0.0
1.427424465E8	0.0	0.0
1.427438705E8	0.0	0.0
1.427452945E8	0.0	0.0
1.42746718E8	0.0	0.0
1.427481405E8	0.4219409282700422	0.9330620461669134
1.42749562E8	0.0	0.0
1.42750982E8	0.0	0.0
1.427523995E8	1.5261299435028248	3.1693045807280384
1.427538155E8	0.21257062146892655	0.4602873089491617
1.427552315E8	0.211864406779661	0.5624803825832155
1.42756647E8	0.0	0.0
1.427580605E8	0.21246458923512748	0.5349009068696479
1.427594725E8	0.0	0.0
1.42760884E8	0.0	0.0
1.427622945E8	0.0	0.0
1.427637035E8	0.0	0.0
1.427651115E8	0.21306818181818182	0.46159309117249775
1.42766519E8	0.0	0.0
1.427679255E8	0.0	0.0
1.427693305E8	0.0	0.0
1.427707335E8	0.0	0.0
1.42772132E8	0.0	0.0
1.427735265E8	0.0	0.0
1.4277492E8	8.719310839913854	7.663040019487879
1.42776312E8	0.0	0.0
1.42777703E8	0.0	0.0
1.42779094E8	0.8626887131560029	1.6454193218714561
1.427804825E8	0.31457431457431456	0.7931888987805044
1.427818685E8	0.0	0.0
1.42783254E8	0.0	0.0
1.427846385E8	2.809971098265896	3.653824506734219
1.42786022E8	21.97830802603037	13.12135360634573
1.427874045E8	1.3429811866859624	1.8952297494456423
1.42788786E8	0.0	0.0
1.42790167E8	0.11585807385952208	0.48136903485688004
1.427915475E8	0.21666666666666667	0.5198940806284139
1.427929275E8	3.0427536231884056	3.9748302306285788
1.42794307E8	7.524292965917331	12.38747759474305
1.427956855E8	0.43541364296081275	1.0488780376578524
1.42797063E8	0.0	0.0
1.4279844E8	2.5751633986928106	3.3263543498418344
1.42799817E8	0.0	0.0
1.42801194E8	1.7138707334785765	2.824958788524665
1.428025705E8	0.0	0.0
1.42803946E8	0.0	0.0
1.428053205E8	0.1841339155749636	0.48485055246350195
1.428066945E8	0.0	0.0
1.42808068E8	0.0	0.0
1.4280944E8	0.0	0.0
1.4281081E8	0.0	0.0
1.428121785E8	0.0	0.0
1.428135455E8	0.7452415812591509	1.500609929679986
1.42814909E8	0.0	0.0
1.428162695E8	7827.070588235294	6043.913019153091
1.428176275E8	7.29424778761062	8.70120189711038
1.428189835E8	4.317846607669616	5.338470055818722
1.42820339E8	0.22140221402214022	0.47053396691645993
1.42821694E8	0.0	0.0
1.428230475E8	0.1871301775147929	0.5405180508675076
1.42824399E8	0.0	0.0
1.42825748E8	0.0	0.0
1.42827095E8	1.1143281365998514	1.4821381453196032
1.428284415E8	0.0	0.0
1.428297865E8	0.0	0.0
1.4283113E8	3.1042442293373047	8.571455164302966
1.42832472E8	42.53020134228188	74.71284825421941
1.428338125E8	6.266417910447761	4.715962097755101
1.428351525E8	0.0	0.0
1.428364925E8	0.0	0.0
1.42837832E8	1.1202389843166543	2.8530083175561916
1.42839171E8	0.22404779686333084	0.5680042495291707
1.42840509E8	0.2243829468960359	0.47369077138575955
1.42841846E8	0.0	0.0
1.428431825E8	0.0	0.0
1.428445175E8	0.3620689655172414	1.0751381487885683
1.42845851E8	0.0	0.0
1.42847184E8	47.28357089272318	42.218370974161566
1.42848517E8	0.0	0.0
1.428498495E8	0.816066066066066	1.3528970139409469
1.428511805E8	0.7714285714285715	1.5252264715358452
1.428525105E8	0.22556390977443608	0.5619514869490163
1.428538395E8	0.0	0.0
1.42855167E8	0.0	0.0
1.428564935E8	0.0	0.0
1.428578195E8	0.0	0.0
1.42859144E8	0.0	0.0
1.42860467E8	0.0	0.0
1.428617895E8	0.4523449319213313	1.0534145905322092
1.428631085E8	0.0	0.0
1.42864424E8	0.0	0.0
1.42865739E8	0.0	0.0
1.42867054E8	0.22661596958174904	0.673225028622301
1.42868369E8	0.0	0.0
1.428696825E8	0.0	0.0
1.42870994E8	0.0	0.0
1.42872305E8	0.0	0.0
1.428736155E8	0.0	0.0
1.428749255E8	9.633587786259541	13.082912344728422
1.42876235E8	2.5194805194805197	2.8504888139102835
1.428775435E8	0.0	0.0
1.428788505E8	0.0	0.0
1.428801555E8	19.658742331288344	20.489017707683473
1.428814595E8	0.0	0.0
1.428827635E8	0.9187116564417178	2.1941780187382496
1.428840675E8	0.23006134969325154	0.5165957468312837
1.42885371E8	0.0	0.0
1.42886674E8	0.0	0.0
1.428879765E8	0.0	0.0
1.42889278E8	0.0	0.0
1.42890579E8	0.9208301306687163	1.5321308878969717
1.42891879E8	8.386451116243265	14.601085093657943
1.42893177E8	1.3878180416345411	2.6308471976990053
1.42894474E8	0.2313030069390902	0.4951577398722912
1.42895771E8	0.2313030069390902	0.5731058103470145
1.428970675E8	0.0	0.0
1.42898363E8	0.0	0.0
1.428996575E8	0.0	0.0
1.429009515E8	0.0	0.0
1.429022455E8	0.45054095826893353	1.0516050880466319
1.42903539E8	1.1593194122196442	1.9081783524878708
1.42904831E8	0.0	0.0
1.429061215E8	0.0	0.0
1.42907411E8	0.4352211016291699	0.8134822045561647
1.42908699E8	36.16627816627817	22.657700818295893
1.429099855E8	0.0	0.0
1.42911271E8	0.0	0.0
1.429125555E8	0.0	0.0
1.429138395E8	22.26557632398754	15.99133332255387
1.42915123E8	0.0	0.0
1.42916406E8	39.83632112236945	39.424622475878564
1.429176885E8	5.042121684867395	4.094915229065106
1.4291897E8	0.0	0.0
1.429202505E8	0.0	0.0
1.429215305E8	0.0	0.0
1.4292281E8	0.0	0.0
1.429240885E8	0.9381846635367762	1.7913459151692135
1.429253665E8	0.4679186228482003	0.8241275559535691
1.429266445E8	0.0	0.0
1.42927922E8	1506.4244322631166	857.9658287785157
1.42929199E8	270.4040720438528	455.92469737768647
1.42930476E8	1.8739232576350822	4.133064717907512
1.429317525E8	0.0	0.0
1.42933028E8	0.0	0.0
1.42934303E8	0.0	0.0
1.429355775E8	0.0	0.0
1.429368515E8	0.23547880690737832	0.6264700137907352
1.429381245E8	0.0	0.0
1.42939396E8	0.0	0.0
1.42940667E8	0.0	0.0
1.42941938E8	0.0	0.0
1.42943209E8	0.8198269079464988	2.1785016397005106
1.4294448E8	0.47206923682140045	0.9716678823768957
1.429457505E8	86.14960629921259	75.0071702609236
1.429470205E8	4.240944881889764	9.5457456409921
1.429482905E8	3.9866141732283467	5.63223288262253
1.4294956E8	1.1836091410559495	1.4458985225219119
1.429508285E8	0.0	0.0
1.429520965E8	1.1821766561514195	1.7431705404586864
1.429533635E8	15.545813586097946	17.73450417211171
1.42954629E8	0.0	0.0
1.429558935E8	1.8995253164556962	2.790552551790379
1.42957157E8	0.0	0.0
1.4295842E8	0.0	0.0
1.42959683E8	1.5969912905779888	2.017932276614057
1.429609455E8	0.0	0.0
1.429622075E8	0.0	0.0
1.429634695E8	0.0	0.0
1.42964731E8	0.0	0.0
1.42965992E8	24.34020618556701	12.787967679313585
1.429672525E8	151.53095238095239	130.99290541797012
1.429685125E8	0.0	0.0
1.429697725E8	2.4873015873015873	4.933928535523269
1.429710325E8	2.142857142857143	2.586595482574767
1.42972292E8	107.20810166799046	219.67392254843477
1.429735505E8	0.9022257551669316	1.4766330454901064
1.429748085E8	4.726550079491256	11.12467287527485
1.429760665E8	41.55564387917329	78.18670837968307
1.42977324E8	0.0	0.0
1.42978579E8	0.0	0.0
1.42979832E8	8.10215482841181	6.575244389899999
1.429810845E8	0.0	0.0
1.42982336E8	0.0	0.0
1.42983587E8	0.7194244604316546	1.677423321883704
1.42984838E8	0.0	0.0
1.42986089E8	0.5075939248601119	0.6077043330065337
1.429873395E8	7.5984	10.830290854820104
1.42988589E8	0.0	0.0
1.429898375E8	0.0	0.0
1.42991085E8	2.9406575781876505	4.177209330005866
1.429923315E8	0.0	0.0
1.429935775E8	1.9181380417335474	3.1265445621126857
1.429948225E8	0.0	0.0
1.42996066E8	139.43845534995978	198.4765367482556
1.429973085E8	3.847020933977456	7.088467874766324
1.4299855E8	0.0	0.0
1.42999791E8	0.48348106365834004	0.8563174722117662
1.43001032E8	0.24174053182917002	0.6705500646501023
1.430022725E8	0.24193548387096775	0.6130305470471298
1.430035125E8	0.0	0.0
1.430047525E8	114.00887096774194	99.79915718177958
1.43005992E8	3.0548829701372076	6.562667423591684
1.4300719E8	0.0	0.0
1.43007809E8	0.0	0.0
1.430084685E8	0.0	0.0
1.430097065E8	0.0	0.0
1.430109445E8	0.24232633279483037	0.5975177517455444
1.43012182E8	0.0	0.0
1.430134185E8	0.0	0.0
1.43014654E8	0.0	0.0
1.43015889E8	1.4558704453441296	1.969195976413284
1.430171235E8	0.1774716369529984	0.5393735486279257
1.430183575E8	28.673419773095624	24.833285291053205
1.430195915E8	0.0	0.0
1.43020825E8	0.0	0.0
1.43022058E8	0.22952149229521493	0.47908401381721655
1.430232905E8	0.48133116883116883	1.113305012989725
1.43024522E8	0.7311129163281884	1.2720835617756105
1.43025753E8	0.22745735174654752	0.4985763648144425
1.43026984E8	0.479285134037368	1.1943544425859423
1.43028215E8	0.4833468724614135	0.8464577118802952
1.430294455E8	1.9121951219512194	2.2426030171840328
1.43030675E8	0.4882017900732303	0.8801213023874561
1.43031904E8	0.0	0.0
1.430331325E8	0.0	0.0
1.4303436E8	0.0	0.0
1.43035587E8	555.5639771801141	606.6528413571062
1.43036814E8	0.0	0.0
1.43038041E8	0.0	0.0
1.430392675E8	0.4893964110929853	0.8558406950298449
1.430404935E8	0.0	0.0
1.430417195E8	0.0	0.0
1.43042945E8	2.3077551020408165	2.9386933095079755
1.4304417E8	0.0	0.0
1.43045395E8	0.0	0.0
1.4304662E8	0.0	0.0
1.43047845E8	0.0	0.0
1.4304907E8	1.786122448979592	3.989271326230608
1.430502945E8	31.70098039215686	45.82734363714093
1.430515185E8	1.0792483660130718	1.4320103333325642
1.430527425E8	0.0	0.0
1.430539665E8	5.120915032679738	4.810884309889114
1.4305519E8	0.0	0.0
1.43056413E8	0.0	0.0
1.43057636E8	0.0	0.0
1.430588585E8	40.64484451718494	33.487032446339484
1.430600805E8	0.0	0.0
1.43061302E8	0.0	0.0
1.430625225E8	0.0	0.0
1.430637425E8	0.0	0.0
1.43064962E8	0.0	0.0
1.43066181E8	0.0	0.0
1.430674E8	0.0	0.0
1.430686185E8	2.6839080459770117	4.430358768512319
1.430698365E8	0.0	0.0
1.430710525E8	1.4827018121911038	1.7766562451721102
1.43072266E8	0.0	0.0
1.430734785E8	0.0	0.0
1.430746905E8	0.49504950495049505	1.034072981318567
1.43075902E8	0.0	0.0
1.43077113E8	0.0	0.0
1.430783235E8	0.0	0.0
1.43079533E8	0.0	0.0
1.43080742E8	0.24813895781637718	0.6695553627507249
1.43081951E8	0.0	0.0
1.430831595E8	0.0	0.0
1.430843675E8	0.0	0.0
1.430855755E8	0.4966887417218543	1.1792915147753722
1.430867835E8	0.0	0.0
1.43087991E8	0.0	0.0
1.430891975E8	0.8407960199004975	1.6156366929835306
1.43090403E8	8.20414937759336	8.622656636378354
1.43091608E8	0.0	0.0
1.43092813E8	6.170124481327801	6.744353716550009
1.43094017E8	0.0	0.0
1.4309522E8	0.0	0.0
1.43096423E8	0.0	0.0
1.430976255E8	0.0	0.0
1.430988275E8	0.24958402662229617	0.5939237529286443
1.43100029E8	0.25062447960033307	0.4997917967846434
1.431012295E8	0.0	0.0
1.431024295E8	1.25	2.3871182068203773
1.431036295E8	0.0	0.0
1.43104829E8	0.0	0.0
1.43106028E8	0.5721434528773979	1.3434423562142113
1.431072265E8	0.25041736227045075	0.6101533784566551
1.431084245E8	0.5008347245409015	0.8914357873331261
1.43109622E8	0.0	0.0
1.43110819E8	0.0	0.0
1.43112015E8	0.0	0.0
1.4311321E8	0.0	0.0
1.43114405E8	4.087866108786611	4.137692846508814
1.431156E8	0.0	0.0
1.43116795E8	177.70794979079497	212.1906796229006
1.431179895E8	0.23450586264656617	0.4842580537756354
1.43119183E8	0.0	0.0
1.43120376E8	0.0	0.0
1.43121569E8	0.23805532271584243	0.48790913366716393
1.43122762E8	0.2514668901927913	0.5014647447157091
1.431239545E8	0.0	0.0
1.431251465E8	37.26593959731544	34.441176386303695
1.431263385E8	0.2516778523489933	0.5016750465679883
1.4312753E8	0.0	0.0
1.43128721E8	0.0	0.0
1.431299115E8	0.0	0.0
1.431311015E8	0.0	0.0
1.431322915E8	0.24201680672268908	0.49195203701447265
1.43133481E8	0.2523128679562658	0.5220133115091674
1.4313467E8	0.0	0.0
1.43135859E8	0.0	0.0
1.43137048E8	0.0	0.0
1.43138237E8	0.0	0.0
1.43139426E8	0.5004205214465938	0.9683815497540837
1.431406145E8	0.2516835016835017	0.5817076915288626
1.431418015E8	0.25295109612141653	0.5385634505044177
1.431429875E8	0.0	0.0
1.431441735E8	15.145025295109612	12.652009951698394
1.431453595E8	0.25295109612141653	0.6760165039844509
1.431465455E8	0.17284991568296795	0.5577901471246532
1.43147731E8	0.0	0.0
1.43148916E8	0.0	0.0
1.43150101E8	2.837130801687764	3.8765768535224243
1.43151286E8	0.0	0.0
1.431524705E8	0.0	0.0
1.431536545E8	0.0	0.0
1.431548385E8	0.0	0.0
1.431560225E8	0.0	0.0
1.431572055E8	0.0	0.0
1.431583875E8	130.0642978003384	83.84914642989513
1.43159569E8	0.0	0.0
1.4316075E8	44.322607959356475	51.6825292266645
1.43161931E8	0.21253175275190517	0.46101166227320667
1.43163111E8	0.2527565733672604	0.5602011028705108
1.4316429E8	0.2544529262086514	0.585374473274146
1.43165469E8	0.7616624257845632	1.3102324509367418
1.431666475E8	0.0	0.0
1.431678255E8	0.0	0.0
1.431690035E8	0.0	0.0
1.431701815E8	0.2546689303904924	0.6631201649331113
1.431713595E8	0.2546689303904924	0.6262508704994814
1.431725375E8	0.0	0.0
1.43173715E8	0.0	0.0
1.431748915E8	11468.680272108844	14878.260496973977
1.43176067E8	0.0	0.0
1.43177242E8	0.5106382978723404	1.1878820773912004
1.431784165E8	0.0	0.0
1.431795905E8	0.0	0.0
1.43180764E8	0.0	0.0
1.43181937E8	0.0	0.0
1.4318311E8	1.278772378516624	2.391908782015605
1.43184282E8	0.0	0.0
1.43185453E8	4.049530315969257	6.758427702082035
1.43186624E8	0.2561912894961571	0.5161772380452313
1.43187795E8	0.0	0.0
1.431889655E8	0.5136752136752136	1.0475857470564869
1.43190135E8	0.2566295979469632	0.6630927872345345
1.43191304E8	1.0265183917878529	1.8384264480695185
1.431924725E8	0.0	0.0
1.4319364E8	0.0	0.0
1.43194807E8	0.0	0.0
1.43195974E8	0.0	0.0
1.431971405E8	0.0	0.0
1.431983065E8	173.37821612349913	107.76234094956212
1.431994725E8	562.2753001715266	592.7013347485333
1.432006385E8	0.0	0.0
1.43201804E8	0.0	0.0
1.43202969E8	0.0	0.0
1.432041335E8	0.0	0.0
1.43205297E8	0.0	0.0
1.4320646E8	147.95098882201205	112.03400862489953
1.43207623E8	0.0	0.0
1.43208786E8	1.5477214101461736	2.5789344383852124
1.43209949E8	0.0	0.0
1.43211112E8	28.173688736027515	43.54225273226984
1.432122745E8	64.69793459552496	55.7176849221223
1.432134365E8	0.0	0.0
1.432145985E8	87.26247848537005	128.2542957244427
1.4321576E8	0.0	0.0
1.43216921E8	0.0	0.0
1.43218082E8	0.0	0.0
1.432192425E8	0.0	0.0
1.432204025E8	1.3094827586206896	1.8401649101511863
1.432215625E8	0.0	0.0
1.43222722E8	0.0	0.0
1.43223881E8	0.0	0.0
1.4322504E8	0.25798101811906815	0.512989176042577
1.43226199E8	1.551337359792925	2.1147005899150493
1.43227358E8	16.824849007765316	15.076222787187255
1.432285165E8	0.0	0.0
1.432296745E8	249.0630397236615	296.57217838971115
1.432308325E8	1.379965457685665	2.1332955523424815
1.4323199E8	2.466724286949006	3.042056121296364
1.43233147E8	2.592912705272256	4.208276818011086
1.432343035E8	0.0	0.0
1.432354595E8	0.0	0.0
1.43236615E8	0.0	0.0
1.4323777E8	1.4086580086580087	1.618347187425374
1.43238925E8	0.0	0.0
1.4324008E8	105.04155844155844	172.09858747103013
1.432412345E8	0.21317157712305027	0.6529495801714712
1.432423885E8	0.7599653379549394	1.4721563664970096
1.432435425E8	0.8708838821490468	1.636085703687114
1.432446965E8	4.830155979202773	4.240189002033235
1.4324585E8	0.0	0.0
1.43247003E8	0.5203816131830009	1.0201780366024362
1.43248156E8	1.5611448395490026	2.6980125028882918
1.432493085E8	0.7760416666666666	1.2617503274772268
1.432504605E8	0.2604166666666667	0.5103103630798288
1.432516125E8	0.0	0.0
1.432527645E8	0.0	0.0
1.43253916E8	0.7437011294526499	1.269162416974398
1.432550665E8	0.5217391304347826	1.1624561702817389
1.432562165E8	0.0	0.0
1.432573655E8	0.0	0.0
1.432585135E8	0.0	0.0
1.432596615E8	0.2952961672473868	0.5094917875030971
1.432608095E8	11.670731707317072	12.482321994298097
1.432619575E8	0.0	0.0
1.432631055E8	0.2613240418118467	0.5791078083211593
1.43264253E8	1.045335658238884	1.7577825453952631
1.432654E8	324.91455972101136	204.92841797858318
1.43266547E8	0.5196163905841326	1.0596836230658173
1.432676935E8	0.2530541012216405	0.665793494495396
1.432688395E8	0.0	0.0
1.432699855E8	0.0	0.0
1.43271131E8	1.8253275109170306	2.9698631847687094
1.432722755E8	12.957167832167832	9.64179240801008
1.432734195E8	2.1424825174825175	3.113668265877094
1.432745635E8	243.20104895104896	116.27492965267392
1.432757075E8	13.088286713286713	17.493680177534003
1.432768515E8	0.5244755244755245	1.1826247919781652
1.43277995E8	0.0	0.0
1.43279138E8	0.7891513560804899	1.2145227938568712
1.432802805E8	0.0	0.0
1.432814225E8	0.2626970227670753	0.5342884034616091
1.432825645E8	570.5639229422067	1009.9985755395618
1.43283706E8	24.321647677475898	29.831472301950097
1.43284847E8	80.43470639789658	63.06967197651532
1.432859875E8	12.635087719298246	8.113233720503112
1.432871275E8	0.0	0.0
1.432882675E8	0.6526315789473685	1.5440888984497587
1.432894075E8	0.0	0.0
1.43290547E8	5.469710272168569	4.745405800055386
1.43291686E8	0.0	0.0
1.43292825E8	0.0	0.0
1.43293964E8	0.43195785776997364	0.9527926699011615
1.43295103E8	0.0	0.0
1.432962415E8	0.0	0.0
1.43297379E8	2.1108179419525066	1.9274437936906
1.432985155E8	26.140845070422536	40.567909506038646
1.432996515E8	0.0	0.0
1.433007875E8	473.59595070422534	350.7738703190298
1.433019235E8	0.0	0.0
1.43303059E8	0.0	0.0
1.43304194E8	0.0	0.0
1.43305329E8	4.490748898678414	3.80424062015473
1.433064635E8	0.0	0.0
1.433075975E8	41.03703703703704	32.636796623246596
1.433087315E8	0.0	0.0
1.433098655E8	0.0	0.0
1.43310999E8	0.0	0.0
1.43312132E8	0.0	0.0
1.43313265E8	0.264783759929391	0.6774647719335259
1.433143975E8	9855.491166077738	11000.858920931276
1.433155295E8	1.5468197879858658	2.7487549381942635
1.433166615E8	0.0	0.0
1.433177935E8	0.0	0.0
1.43318925E8	0.0	0.0
1.43320056E8	1564.8735632183907	2487.5414024696925
1.43321187E8	0.0	0.0
1.433223175E8	0.0	0.0
1.433234475E8	1.0530973451327434	1.4129614916872826
1.433245775E8	1.4300884955752213	1.884731383879552
1.43325707E8	0.0	0.0
1.43326836E8	0.2657218777679362	0.689025704609085
1.43327965E8	11.66784765279008	16.72912418815599
1.43329094E8	1.5943312666076173	3.8137553473478434
1.43330222E8	2.7648624667258206	2.6885012631024816
1.43331349E8	0.0	0.0
1.433324755E8	38.87300177619893	49.645340747184775
1.433336015E8	0.0	0.0
1.433347275E8	0.0	0.0
1.433358535E8	0.0	0.0
1.433369795E8	20.55595026642984	38.06636254452513
1.43338105E8	0.0	0.0
1.4333923E8	0.0	0.0
1.433403545E8	0.0	0.0
1.433414785E8	0.0	0.0
1.43342602E8	0.0	0.0
1.43343725E8	0.0	0.0
1.43344848E8	0.2288512911843277	0.6558185358119384
1.43345971E8	0.7747105966162066	1.5402004009724946
1.43347094E8	1.869100623330365	3.1742227577410747
1.433482165E8	247.00267379679144	151.34426173957613
1.43349338E8	0.0	0.0
1.433504585E8	0.5160714285714286	0.806225774829855
1.43351578E8	0.8042895442359249	1.5083917777349878
1.43352697E8	2.771224307417337	2.8724757734072255
1.433538155E8	1.3398926654740608	2.603836442986519
1.433549335E8	0.0	0.0
1.433560515E8	0.0	0.0
1.433571695E8	0.0	0.0
1.43358287E8	0.0	0.0
1.43359404E8	0.0	0.0
1.43360521E8	2.232766338406446	2.5672686648446605
1.43361638E8	0.5371530886302597	0.9045790208784575
1.43362755E8	14.992837958818264	10.250663231594137
1.43363872E8	1.611459265890779	1.9114225743758189
1.433649885E8	0.0	0.0
1.433661045E8	9.5663082437276	14.199519149817064
1.433668735E8	129.67298578199052	70.38516242822341
1.433674315E8	4.161383285302594	4.336694181806341
1.433683365E8	1.3440860215053763	2.0107239374633634
1.433694525E8	0.26881720430107525	0.5184758473652126
1.433705685E8	0.0	0.0
1.43371684E8	0.26905829596412556	0.6520062174728999
1.43372799E8	0.26905829596412556	0.7010562178797095
1.43373914E8	0.26905829596412556	0.6004482630434768
1.433750285E8	0.29084380610412924	1.0785987318815635
1.433761425E8	0.0	0.0
1.433772565E8	0.0	0.0
1.433783705E8	0.26929982046678635	0.5840488900122969
1.433794845E8	0.0	0.0
1.433805985E8	0.0	0.0
1.433817115E8	0.2697841726618705	0.6027514848741442
1.433828235E8	0.0	0.0
1.433839355E8	0.0	0.0
1.433850475E8	232.2023381294964	365.2923979105273
1.43386159E8	6.288028802880288	4.547974099183139
1.433872695E8	0.0	0.0
1.433883795E8	0.0	0.0
1.433894895E8	1.8918918918918919	2.262900952476869
1.433905995E8	0.0	0.0
1.43391709E8	0.5410279531109107	0.7956146712698086
1.43392818E8	0.0	0.0
1.43393927E8	1.3525698827772767	2.1103463619410867
1.43395036E8	0.27051397655545534	0.5201095812955722
1.433961445E8	4.315884476534296	3.669564547888364
1.433972525E8	0.0	0.0
1.4339836E8	0.27100271002710025	0.6188838045263169
1.43399467E8	0.6937669376693767	1.275861648023059
1.43400574E8	0.27100271002710025	0.5325875544562587
1.434016805E8	46.511754068716094	31.90336335135201
1.434027865E8	2.4376130198915007	3.658080801965294
1.43403892E8	1.0642533936651584	1.637789040498339
1.43404997E8	0.0	0.0
1.43406102E8	0.0	0.0
1.43407207E8	0.0	0.0
1.43408312E8	0.0	0.0
1.43409417E8	0.8108597285067873	1.5035403167733468
1.43410521E8	0.0	0.0
1.43411624E8	0.0	0.0
1.43412727E8	0.0	0.0
1.434138295E8	0.0	0.0
1.434149315E8	0.0	0.0
1.434160335E8	1.8901996370235934	2.1776792122259794
1.43417135E8	2.1053587647593095	2.9681934860097234
1.43418236E8	0.0	0.0
1.43419337E8	0.21162579473206175	0.5499566492700078
1.434204375E8	8.448181818181817	11.722201158485552
1.434215375E8	0.0	0.0
1.43422637E8	0.0	0.0
1.43423736E8	3.603275705186533	5.979187439659383
1.434248345E8	10.348816029143897	10.691100771261818
1.434259325E8	0.0	0.0
1.434270305E8	0.24681238615664844	0.6980326243282572
1.43428128E8	0.0	0.0
1.43429225E8	0.0	0.0
1.43430322E8	0.0	0.0
1.434314185E8	0.0	0.0
1.434325145E8	0.0	0.0
1.434336095E8	0.273308957952468	0.5227895924293712
1.43434703E8	0.0	0.0
1.434357955E8	0.0	0.0
1.43436887E8	0.0	0.0
1.43437978E8	1.374885426214482	2.4927024564125815
1.434390685E8	0.0	0.0
1.434401585E8	0.0	0.0
1.434412485E8	3.3431192660550457	3.370949829394317
1.434423385E8	2.4412844036697248	3.117868008340185
1.434434285E8	0.0	0.0
1.43444518E8	0.0	0.0
1.43445607E8	0.8264462809917356	2.1068779752446907
1.434466955E8	0.0	0.0
1.434477835E8	1.0772058823529411	1.3952387524974312
1.434488715E8	1.1029411764705883	1.7053117707018026
1.434499595E8	3.0330882352941178	4.967356676638106
1.43451047E8	0.0	0.0
1.43452134E8	24.02023919043238	25.416855811402527
1.43453221E8	10.764489420423184	7.3922184900225885
1.434543075E8	15.394106813996316	11.104393303758979
1.434553935E8	3.768876611418048	6.128008337775439
1.434564795E8	4.966850828729282	4.575336234361204
1.434575655E8	0.0	0.0
1.434586505E8	0.0	0.0
1.434597345E8	0.5535055350553506	1.0521459357478415
1.434608185E8	0.0	0.0
1.434619025E8	0.0	0.0
1.434629865E8	1.2952029520295203	2.6035740408096446
1.4346407E8	0.0	0.0
1.43465153E8	1.0083102493074791	0.835500414020397
1.43466236E8	523.4016620498614	337.2825245770103
1.434673185E8	0.0	0.0
1.434684005E8	0.27634011090573013	0.5256806168252071
1.43469482E8	0.0	0.0
1.43470563E8	14.418131359851989	10.035828507853147
1.434716435E8	0.0	0.0
1.434727235E8	0.5555555555555556	1.3137450003428846
1.434738035E8	4.114814814814815	4.1941317028368035
1.43474883E8	0.0	0.0
1.43475962E8	0.0	0.0
1.434770405E8	0.0	0.0
1.434781185E8	0.0	0.0
1.434791965E8	0.0	0.0
1.434802745E8	0.0	0.0
1.43481352E8	0.5571030640668524	1.145821199395532
1.43482429E8	0.0	0.0
1.434835055E8	0.0	0.0
1.434845815E8	0.0	0.0
1.434856575E8	0.0	0.0
1.434867335E8	0.0	0.0
1.43487809E8	0.0	0.0
1.43488884E8	6.248372093023256	4.866018858870537
1.43489959E8	33.670697674418605	49.021940982323606
1.43491034E8	0.26790697674418606	0.6569839472747749
1.434921085E8	0.0	0.0
1.434931825E8	10.335195530726256	15.909192966854441
1.434942565E8	0.5651769087523277	1.088281922067734
1.434953305E8	0.0	0.0
1.43496404E8	0.0	0.0
1.434974765E8	139.1847014925373	36.4014463793331
1.434985485E8	0.0	0.0
1.4349962E8	0.0	0.0
1.43500691E8	10.72922502334267	9.955784602874026
1.435017615E8	0.0	0.0
1.435028315E8	0.0	0.0
1.435039015E8	0.0	0.0
1.43504971E8	0.0	0.0
1.4350604E8	0.0	0.0
1.435071085E8	0.0	0.0
1.43508176E8	0.0	0.0
1.43509243E8	0.0	0.0
1.4351031E8	0.45829428303655106	0.9045340337332909
1.435113765E8	0.8433395872420263	1.7350270745274667
1.435124415E8	1.0084586466165413	1.564106317175585
1.435135055E8	0.0	0.0
1.435145695E8	7.589285714285714	5.013234364857929
1.43515633E8	0.0	0.0
1.43516696E8	0.0	0.0
1.43517759E8	0.21730950141110067	0.46616467198952416
1.43518822E8	9.26716839134525	7.043741843178212
1.43519885E8	0.0	0.0
1.43520948E8	0.28222013170272814	0.5312439474504421
1.43522011E8	0.0	0.0
1.43523074E8	0.5634995296331138	1.1771579531483425
1.435241365E8	74.84369114877589	32.009900186991636
1.435251985E8	0.0	0.0
1.435262605E8	0.2824858757062147	0.5886561029437788
1.435273225E8	0.2824858757062147	0.5641519475835701
1.435283845E8	0.0	0.0
1.43529446E8	1.1008482563619226	2.7184918477870132
1.435305065E8	0.0	0.0
1.435315665E8	229.38867924528302	210.00893961205824
1.435326265E8	0.0	0.0
1.43533686E8	3.9660056657223794	4.043087106682105
1.43534745E8	0.0	0.0
1.43535804E8	0.0	0.0
1.435368625E8	0.0	0.0
1.435379205E8	5699.37618147448	4932.995974315071
1.435389785E8	0.2835538752362949	0.5751633284923023
1.435400365E8	10.388468809073723	14.9888427314193
1.43541094E8	0.0	0.0
1.435421505E8	1.1363636363636365	2.2751123848364863
1.435432065E8	1.1448863636363635	2.1679046579729024
1.435442625E8	1.4005681818181819	2.516046983711239
1.435453185E8	0.0	0.0
1.43546374E8	0.0	0.0
1.43547429E8	0.0	0.0
1.43548484E8	0.0	0.0
1.435495385E8	6.546489563567363	5.034981990361411
1.435505925E8	0.0	0.0
1.43551646E8	0.0	0.0
1.43552699E8	2.2792022792022792	1.973230150532512
1.43553752E8	27.87559354226021	32.85560801686137
1.43554805E8	48.42355175688509	65.60418303666948
1.43555858E8	8.054131054131053	2.940854124562509
1.435569105E8	0.0	0.0
1.435579625E8	243.69106463878327	344.02548346010934
1.435590145E8	1.1406844106463878	1.7823596953617948
1.43560066E8	0.0	0.0
1.43561117E8	0.285442435775452	0.6729799388518579
1.43562168E8	0.0	0.0
1.43563219E8	0.0	0.0
1.4356427E8	1.4272121788772598	2.937179239324709
1.435653205E8	0.0	0.0
1.435663705E8	8.571428571428571	13.877079423759644
1.4356742E8	0.652049571020019	1.9818047450908078
1.43568469E8	0.0	0.0
1.43569518E8	0.0	0.0
1.43570567E8	0.0	0.0
1.43571616E8	0.28026692087702576	0.5659549915239608
1.435726645E8	0.0	0.0
1.435737125E8	12.914122137404581	12.286225452833861
1.435747605E8	0.0	0.0
1.435758085E8	0.0	0.0
1.435768565E8	4.3788167938931295	3.536478388073788
1.43577904E8	9.088825214899714	13.373375879933196
1.43578951E8	0.0	0.0
1.43579998E8	0.0	0.0
1.43581045E8	0.28653295128939826	0.5352877275721892
1.435820915E8	0.0	0.0
1.43583137E8	0.28708133971291866	0.5357997197768198
1.43584182E8	0.5741626794258373	1.089313027009866
1.43585227E8	0.0	0.0
1.43586272E8	0.0	0.0
1.435873165E8	0.0	0.0
1.435883605E8	8.906130268199234	14.195339475871968
1.435894045E8	6.545977011494253	10.808415197449614
1.43590448E8	1.4381591562799616	2.1606167224393955
1.43591491E8	0.5752636625119847	0.8834257385171617
1.435925335E8	0.0	0.0
1.435935755E8	0.0	0.0
1.435946175E8	46.11516314779271	39.73985704558886
1.435956595E8	2.340690978886756	2.164758744586767
1.435967015E8	0.22648752399232247	0.6226683956184955
1.43597743E8	3.457252641690682	4.984510108150216
1.43598784E8	0.0	0.0
1.43599825E8	0.0	0.0
1.436008655E8	0.0	0.0
1.436019055E8	0.0	0.0
1.436029455E8	0.0	0.0
1.436039855E8	0.22884615384615384	0.47837867202264966
1.43605025E8	1.4417709335899904	2.5913530603430663
1.43606064E8	2.8537054860442734	3.9871062641828883
1.43607103E8	0.0	0.0
1.436081415E8	0.0	0.0
1.436091795E8	0.5732177263969171	1.1634279295281533
1.436102175E8	0.0	0.0
1.43611255E8	0.0	0.0
1.43612292E8	0.0	0.0
1.43613329E8	0.0	0.0
1.43614366E8	160.48987463837994	64.5746336982358
1.436154025E8	0.0	0.0
1.436164385E8	33.204633204633204	52.44080133624623
1.43617474E8	0.0	0.0
1.43618509E8	1.617391304347826	1.9617107785664945
1.43619544E8	0.8695652173913043	1.8494025670665821
1.43620579E8	0.0	0.0
1.43621614E8	0.4444444444444444	0.9345747437689622
1.43622648E8	0.5808325266214908	0.9518921900769675
1.43623681E8	0.0	0.0
1.43624714E8	0.0	0.0
1.43625747E8	3.6631171345595352	3.3661661486287704
1.436267795E8	0.0	0.0
1.436278115E8	2.3556201550387597	3.776200461109106
1.436288435E8	0.29069767441860467	0.5889815148255517
1.43629875E8	0.0	0.0
1.43630906E8	0.0	0.0
1.43631937E8	2.318137730358875	4.5995824885379735
1.436329675E8	3.7650485436893204	3.38012466019326
1.436339975E8	0.0	0.0
1.436350275E8	0.0	0.0
1.43636057E8	1.749271137026239	2.4189485222618465
1.43637086E8	0.673469387755102	1.3078220234773241
1.43638115E8	6848.880466472303	6142.121089187907
1.43639144E8	121.18172983479106	170.9795650415791
1.43640173E8	0.0	0.0
1.43641202E8	0.0	0.0
1.43642231E8	0.0	0.0
1.436432595E8	0.0	0.0
1.436442875E8	0.0	0.0
1.43645315E8	0.0	0.0
1.43646342E8	0.0	0.0
1.43647369E8	0.0	0.0
1.436483955E8	0.0	0.0
1.436494215E8	0.0	0.0
1.43650447E8	0.24585365853658536	0.52358985997001
1.43651472E8	0.0	0.0
1.43652497E8	0.0	0.0
1.43653522E8	0.0	0.0
1.43654546E8	0.0	0.0
1.43655569E8	0.0	0.0
1.436565915E8	0.0	0.0
1.436576135E8	1.1741682974559686	1.8309152053650082
1.436586355E8	7.554794520547945	12.373627342875341
1.436596575E8	0.0	0.0
1.43660679E8	8.147894221351615	4.962049906562848
1.436617E8	2.8374142997061704	3.493522759802991
1.43662721E8	0.2938295788442703	0.7272504671154819
1.436637415E8	309.84215686274507	234.6744198529813
1.436647615E8	0.0	0.0
1.436657815E8	0.0	0.0
1.43666801E8	0.0	0.0
1.4366782E8	0.0	0.0
1.43668839E8	0.2944062806673209	0.5425921863308768
1.43669858E8	0.0	0.0
1.43670877E8	1.014720314033366	1.2353161085833915
1.436718955E8	39.61984282907662	60.25672809689409
1.436729135E8	0.0	0.0
1.436739315E8	0.0	0.0
1.436749495E8	0.0	0.0
1.436759665E8	0.0	0.0
1.436769825E8	0.531496062992126	1.1569713380915512
1.436779985E8	0.0	0.0
1.43679014E8	0.0	0.0
1.43680029E8	0.0	0.0
1.436810435E8	0.0	0.0
1.436820575E8	62.23372781065089	82.74607673473189
1.436830715E8	0.0	0.0
1.436840855E8	0.0	0.0
1.436850995E8	0.0	0.0
1.43686113E8	0.0	0.0
1.43687126E8	0.0	0.0
1.43688139E8	0.29615004935834155	0.5441967009807589
1.436891515E8	0.0	0.0
1.436901635E8	0.0	0.0
1.436911755E8	2.9011857707509883	2.8249313538828154
1.436921875E8	43.33893280632411	44.20261917015751
1.436931995E8	16.09288537549407	14.025879524745953
1.43694211E8	0.0	0.0
1.43695222E8	26.940652818991097	39.424532572320935
1.43696233E8	0.0	0.0
1.43697244E8	1.4807121661721068	2.299959144693692
1.436982545E8	7.315841584158416	7.135325590828264
1.436992645E8	0.0	0.0
1.437002745E8	0.27524752475247527	0.5246403765937914
1.437012845E8	0.8891089108910891	1.8439088914585775
1.437022935E8	0.0	0.0
1.437033015E8	0.0	0.0
1.437043095E8	0.8928571428571429	1.8027756377319946
1.43705317E8	0.0	0.0
1.43706324E8	0.0	0.0
1.437073305E8	0.7584493041749503	1.564072270579091
1.437083365E8	2.68389662027833	3.985560418423808
1.437093425E8	0.0	0.0
1.43710348E8	0.0	0.0
1.43711353E8	0.0	0.0
1.43712358E8	5.651741293532338	5.724347928277953
1.43713363E8	0.24378109452736318	0.49374193110101877
1.43714368E8	2.0875621890547262	2.7787394686846536
1.437153725E8	0.0	0.0
1.437163765E8	0.0	0.0
1.437173805E8	0.0	0.0
1.437183845E8	0.0	0.0
1.43719388E8	0.0	0.0
1.4372039E8	1.7822177822177823	2.4804933285230084
1.43721391E8	0.5994005994005994	1.0606013034477777
1.43722392E8	1.4985014985014986	2.9435243610909128
1.43723393E8	0.0	0.0
1.43724394E8	5.609390609390609	5.105969944185832
1.437251765E8	9.535460992907801	16.16898791553652
1.437257305E8	0.0	0.0
