#Position (bp)	insert size	chromosomes
179658.5	504.71611066036684	0.0
538974.5	528.4390121702376	36288.97126470416
898290.5	871.0100239411094	0.0
1257606.5	593.239011589766	0.0
1616922.5	592.3583782467039	36288.97126470416
1976238.5	477.9852968413854	0.0
2335554.5	636.1481470193831	0.0
2694870.5	514.8982724906438	36288.97126470416
3054186.5	595.0090174337051	0.0
3413502.5	428.5710859602149	0.0
3772818.5	773.7098205971816	36288.97126470416
4132134.5	553.7177899031608	0.0
4491450.5	432.77368769383077	0.0
4850766.5	558.8926414787911	36288.97126470416
5210082.5	605.9914415733028	0.0
5569398.5	655.4547762109136	0.0
5928714.5	1124.6970647674048	36288.97126470416
6288030.5	478.69408862000205	0.0
6647346.5	576.2351556509738	0.0
7006662.5	443.0373857298248	36288.97126470416
7365978.5	1183.9383498031057	0.0
7725294.5	510.6265638660661	0.0
8084610.5	676.3112947455328	36288.97126470416
8443926.5	837.429660973516	0.0
8803242.5	881.0062061831974	0.0
9162558.5	458.82192904344566	36288.97126470416
9521874.5	662.8724520302223	0.0
9881190.5	405.4068153733669	0.0
1.02405065E7	471.05337664923707	36288.97126470416
1.05998225E7	498.2415081995345	0.0
1.09591385E7	504.1611285492658	0.0
1.13184545E7	429.34478054288	36288.97126470416
1.16777705E7	513.8096485386608	0.0
1.20370865E7	833.6405855311672	0.0
1.23964025E7	2374.0825797579046	36288.97126470416
1.27557185E7	688.822257189191	0.0
1.31150345E7	508.68961893167744	0.0
1.34743505E7	494.54510542401135	36288.97126470416
1.38336665E7	423.1177220284411	0.0
1.41929825E7	799.1696447532081	0.0
1.45522985E7	934.8339927203672	36288.97126470416
1.49116145E7	1141.2525594283213	0.0
1.52709305E7	388.13775325362985	0.0
1.56302465E7	683.6693792745217	36288.97126470416
1.59895625E7	827.4065328610783	0.0
1.63488785E7	945.2137563221131	0.0
1.67081945E7	776.2233783269501	36288.97126470416
1.70675105E7	793.8488776655444	0.0
1.74268265E7	782.2258708952429	0.0
1.77861425E7	4667.551287844555	36288.97126470416
1.81454585E7	1386.8647475533353	0.0
1.85047745E7	476.307844541371	0.0
1.88640905E7	564.2169138673886	36288.97126470416
1.92234065E7	620.8259453195885	0.0
1.95827225E7	677.0814683378804	0.0
1.99420385E7	587.3688884771157	36288.97126470416
2.03013545E7	853.8190378238434	0.0
2.06606705E7	976.8119215727911	0.0
2.10199865E7	875.0765652098111	36288.97126470416
2.13793025E7	1184.6995747085416	0.0
2.17386185E7	516.1642842843926	0.0
2.20979345E7	517.3604373057123	36288.97126470416
2.24572505E7	564.5686104499604	0.0
2.28165665E7	1370.94010722064	0.0
2.31758825E7	953.5595724614901	36288.97126470416
2.34346265E7	313.4423935558113	0.0
2.36142845E7	8398.105398457583	0.0
2.38945145E7	1923.7663106693456	36288.97126470416
2.42538305E7	972.4114529105537	0.0
2.46131465E7	4481.671588895452	0.0
2.49724625E7	2222.524625399165	36288.97126470416
2.53317785E7	1229.262852050346	0.0
2.56910945E7	2369.0951620062137	0.0
2.60504105E7	13364.2943490701	36288.97126470416
2.64097265E7	2406.7333444858014	0.0
2.67690425E7	2328.239652870494	0.0
2.71283585E7	1290.409683698297	36288.97126470416
2.74876745E7	3587.5949199337383	0.0
2.78469905E7	6955.543923543846	0.0
2.82063065E7	637.6098839059564	36288.97126470416
2.85656225E7	815.3374839367218	0.0
2.89249385E7	1045.779252553673	0.0
2.92842545E7	564.0477311309455	36288.97126470416
2.96435705E7	659.9832210998877	0.0
3.00028865E7	762.6039244528679	0.0
3.03622025E7	898.7896341856537	36288.97126470416
3.07215185E7	528.0523047035969	0.0
3.10808345E7	541.2660588966979	0.0
3.14401505E7	423.41324209125406	36288.97126470416
3.17994665E7	525.3038299032302	0.0
3.21587825E7	603.5093569292881	0.0
3.25180985E7	429.5203689189436	36288.97126470416
3.28774145E7	551.1190052470234	0.0
3.32367305E7	430.63482182413014	0.0
3.35960465E7	726.6627987730772	36288.97126470416
3.39553625E7	1553.8259423503325	0.0
3.43146785E7	478.92470162394835	0.0
3.46739945E7	683.4375997983024	36288.97126470416
3.50333105E7	998.6864306322828	0.0
3.53926265E7	440.7974769613088	0.0
3.57519425E7	1116.9611375212721	36288.97126470416
3.61112585E7	537.1817670452308	0.0
3.64705745E7	468.3250777141861	0.0
3.68298905E7	552.3751588628762	36288.97126470416
3.71892065E7	772.6670428025543	0.0
3.75485225E7	955.2563811551069	0.0
3.79078385E7	545.2375167622101	36288.97126470416
3.82671545E7	431.2405708361995	0.0
3.86264705E7	691.665607950117	0.0
3.89857865E7	418.8578904653961	36288.97126470416
3.93451025E7	747.3627236923205	0.0
3.97044185E7	661.3105808996628	0.0
4.00637345E7	505.98897721835783	36288.97126470416
4.04230505E7	388.4623548216343	0.0
4.07823665E7	884.0656267756162	0.0
4.11416825E7	417.44885095687846	36288.97126470416
4.15009985E7	478.2400936972512	0.0
4.18603145E7	577.4643563729602	0.0
4.22196305E7	735.102653418737	36288.97126470416
4.25789465E7	781.2242559100567	0.0
4.29382625E7	740.6318646550541	0.0
4.32975785E7	464.7994787424662	36288.97126470416
4.36568945E7	396.3713642334397	0.0
4.40162105E7	843.2128172293365	0.0
4.43755265E7	469.63394989723935	36288.97126470416
4.47348425E7	896.2600935688848	0.0
4.50941585E7	934.3424873596846	0.0
4.54534745E7	964.5111780656824	36288.97126470416
4.58127905E7	649.9638640827815	0.0
4.61721065E7	691.6051078392472	0.0
4.65314225E7	582.695867961052	36288.97126470416
4.68907385E7	655.338512179751	0.0
4.72500545E7	527.9636030744176	0.0
4.76093705E7	624.4774701651119	36288.97126470416
4.79686865E7	608.2783304377067	0.0
4.83280025E7	429.7847294824039	0.0
4.86541545E7	1584.9177252878126	36288.97126470416
4.88338125E7	5319.121212121212	0.0
4.90466345E7	465.0948384044107	0.0
4.94059505E7	752.8077469528154	36288.97126470416
4.97652665E7	612.6784453444803	0.0
5.01245825E7	597.759550114157	0.0
5.04838985E7	512.1689568535004	36288.97126470416
5.08432145E7	628.451893790758	0.0
5.12025305E7	1016.8660265983928	0.0
5.15618465E7	481.9973736110909	36288.97126470416
5.19211625E7	513.7338755331275	0.0
5.22804785E7	1170.3935153623054	0.0
5.26397945E7	606.3041956663184	36288.97126470416
5.29991105E7	754.1752436230335	0.0
5.33584265E7	764.0839952505733	0.0
5.37177425E7	442.2477316007617	36288.97126470416
5.40770585E7	673.825437285752	0.0
5.44363745E7	652.8879758555021	0.0
5.47956905E7	456.0027377521614	36288.97126470416
5.51550065E7	528.0464781737537	0.0
5.55143225E7	583.9008628705323	0.0
5.58736385E7	581.8631989238039	36288.97126470416
5.62329545E7	468.80822716727795	0.0
5.65922705E7	928.3954784050097	0.0
5.69515865E7	521.0490080357097	36288.97126470416
5.73109025E7	565.1519444109085	0.0
5.76702185E7	422.5036450642092	0.0
5.80295345E7	696.9382988920789	36288.97126470416
5.83888505E7	630.9989737188822	0.0
5.87481665E7	534.5282137652596	0.0
5.91074825E7	1854.047804455981	36288.97126470416
5.94667985E7	374.47853258299443	0.0
5.98261145E7	498.47482108450316	0.0
6.01854305E7	872.586967828219	36288.97126470416
6.05447465E7	554.5982979936276	0.0
6.09040625E7	610.3997286424984	0.0
6.12633785E7	610.8489646222423	36288.97126470416
6.16226945E7	594.6223992516483	0.0
6.19820105E7	705.2450169448693	0.0
6.23413265E7	538.9248714999883	36288.97126470416
6.27006425E7	477.4761764455024	0.0
6.30599585E7	1316.7521104767482	0.0
6.34192745E7	632.4658729272514	36288.97126470416
6.37785905E7	611.7555410643771	0.0
6.41379065E7	447.56006487522575	0.0
6.44972225E7	498.71100775929574	36288.97126470416
6.48565385E7	561.8987532569836	0.0
6.52158545E7	635.5678646623904	0.0
6.55751705E7	716.6196159705902	36288.97126470416
6.59344865E7	751.3985328893393	0.0
6.62938025E7	621.4639627518612	0.0
6.66531185E7	505.2228342611583	36288.97126470416
6.70124345E7	687.0948384948385	0.0
6.73717505E7	485.43980716759046	0.0
6.77310665E7	506.9750832893077	36288.97126470416
6.80903825E7	702.1320920043812	0.0
6.84496985E7	451.9415207818709	0.0
6.88090145E7	617.0651404654702	36288.97126470416
6.91683305E7	589.1252461684525	0.0
6.95276465E7	565.459005892903	0.0
6.98869625E7	580.179743712739	36288.97126470416
7.02462785E7	492.90113445196914	0.0
7.06055945E7	650.337931660764	0.0
7.09649105E7	363.86270618136405	36288.97126470416
7.13242265E7	654.9120879120879	0.0
7.16835425E7	645.3515470584484	0.0
7.20428585E7	724.4755311309035	36288.97126470416
7.24021745E7	10265.830062834775	0.0
7.27614905E7	1046.0535324798482	0.0
7.31208065E7	2491.7525887573966	36288.97126470416
7.34801225E7	1893.5032506887053	0.0
7.38394385E7	660.6283973486932	0.0
7.41987545E7	2330.0436429512515	36288.97126470416
7.45580705E7	19989.598374746052	0.0
7.49173865E7	6657.938023012553	0.0
7.52767025E7	2612.697321879737	36288.97126470416
7.56360185E7	7939.8458149779735	0.0
7.59953345E7	2025.8477809931112	0.0
7.63546505E7	13303.550435656836	36288.97126470416
7.67139665E7	1630.1634991615429	0.0
7.690225E7	283.1038961038961	0.0
7.7081908E7	1981.2189566495224	36288.97126470416
7.74325985E7	7513.950143266476	0.0
7.77919145E7	1234.9489114839998	0.0
7.81512305E7	4388.622413793103	36288.97126470416
7.85105465E7	648.841578327444	0.0
7.88698625E7	2590.590628405376	0.0
7.92291785E7	3036.465441366813	36288.97126470416
7.95884945E7	1051.2709618874774	0.0
7.99478105E7	1862.3002463921155	0.0
8.03071265E7	9837.720165964172	36288.97126470416
8.06664425E7	2345.2000362713093	0.0
8.10257585E7	591.0656383602984	0.0
8.13850745E7	438.9633322625926	36288.97126470416
8.17443905E7	613.2650077013863	0.0
8.21037065E7	1062.6793212722437	0.0
8.24630225E7	570.990307732119	36288.97126470416
8.28223385E7	632.7709388275591	0.0
8.31816545E7	662.083498416759	0.0
8.35409705E7	425.97202288091523	36288.97126470416
8.39002865E7	475.7563650263998	0.0
8.42596025E7	505.5434704184704	0.0
8.46189185E7	470.8686218240358	36288.97126470416
8.49782345E7	616.635823520965	0.0
8.53375505E7	382.38447213616905	0.0
8.56968665E7	550.0560505490323	36288.97126470416
8.60561825E7	706.7622953735389	0.0
8.64154985E7	507.3841119351632	0.0
8.67748145E7	474.37642230675664	36288.97126470416
8.71341305E7	643.1220506157163	0.0
8.74934465E7	450.58764641510965	0.0
8.78527625E7	494.345207274418	36288.97126470416
8.82120785E7	491.6333360869227	0.0
8.85713945E7	1743.3311897422766	0.0
8.89307105E7	1489.4759170691207	36288.97126470416
8.92900265E7	463.25940634971647	0.0
8.96493425E7	573.9945688016448	0.0
9.00086585E7	889.2161913887724	36288.97126470416
9.03679745E7	677.5010482180294	0.0
9.07272905E7	697.8541625040178	0.0
9.10866065E7	452.0509392962288	36288.97126470416
9.14459225E7	492.17351651291835	0.0
9.18052385E7	665.5249072494381	0.0
9.21645545E7	576.5448235670536	36288.97126470416
9.25238705E7	438.6526336742057	0.0
9.28831865E7	448.6652689720981	0.0
9.32425025E7	663.4993764813729	36288.97126470416
9.36018185E7	835.5789466303952	0.0
9.39611345E7	572.0455462420574	0.0
9.43204505E7	541.6182319897507	36288.97126470416
9.46797665E7	573.0175814751286	0.0
9.50390825E7	1102.1197207454295	0.0
9.53983985E7	917.1239867507782	36288.97126470416
9.57577145E7	557.1200413188717	0.0
9.61170305E7	688.4275335114723	0.0
9.64763465E7	871.900076486014	36288.97126470416
9.68356625E7	779.9160681980154	0.0
9.71949785E7	700.7826061390098	0.0
9.75542945E7	632.6188741533383	36288.97126470416
9.79136105E7	776.1028580121916	0.0
9.82729265E7	805.5289848636716	0.0
9.86322425E7	874.8447459525506	36288.97126470416
9.89915585E7	854.648816266425	0.0
9.93508745E7	527.7949829815484	0.0
9.97101905E7	622.2974824729126	36288.97126470416
1.000695065E8	686.1482777318736	0.0
1.004288225E8	421.03904866700555	0.0
1.007881385E8	488.31989617066137	36288.97126470416
1.011474545E8	559.8959096150883	0.0
1.015067705E8	594.8872844130506	0.0
1.018660865E8	404.1991516194941	36288.97126470416
1.022254025E8	679.9133508674565	0.0
1.025847185E8	459.0219525065963	0.0
1.029440345E8	465.48847238575064	36288.97126470416
1.033033505E8	1433.2382044984488	0.0
1.036626665E8	812.7467790107039	0.0
1.040219825E8	505.6359204076424	36288.97126470416
1.043812985E8	654.4939707149009	0.0
1.047406145E8	455.76127360268305	0.0
1.050999305E8	501.00542082738946	36288.97126470416
1.054592465E8	737.0103712407077	0.0
1.058185625E8	846.5426597313873	0.0
1.061778785E8	422.01418326183006	36288.97126470416
1.065371945E8	545.9950409938747	0.0
1.068965105E8	674.6863293410014	0.0
1.072558265E8	804.6414738009543	36288.97126470416
1.076151425E8	995.4201371689845	0.0
1.079744585E8	712.688344488819	0.0
1.083337745E8	681.0124473774035	36288.97126470416
1.086930905E8	815.8382833121517	0.0
1.089314775E8	509.5400987456632	0.0
1.091111355E8	491.7691470329739	36288.97126470416
1.094117225E8	890.9261196134225	0.0
1.097710385E8	711.5817134996051	0.0
1.101303545E8	721.6732375688206	36288.97126470416
1.10324175E8	418.3398789068892	0.0
1.10503833E8	1165.2807501738525	0.0
1.108489865E8	478.2666630680557	36288.97126470416
1.112083025E8	624.6614215747834	0.0
1.115676185E8	713.8409331367618	0.0
1.119269345E8	495.86335415102286	36288.97126470416
1.122862505E8	538.5701808530338	0.0
1.126455665E8	545.6609561385293	0.0
1.130048825E8	1096.1036267576237	36288.97126470416
1.133641985E8	1290.3663712060168	0.0
1.137235145E8	1215.0891556900924	0.0
1.140828305E8	805.6866779144622	36288.97126470416
1.144421465E8	1001.9752557224915	0.0
1.148014625E8	975.7765822941716	0.0
1.151607785E8	1168.8108350477396	36288.97126470416
1.155200945E8	583.5096880463524	0.0
1.158794105E8	538.3849592984882	0.0
1.162387265E8	519.8333784003029	36288.97126470416
1.165980425E8	619.0042019377869	0.0
1.169573585E8	678.2372503195456	0.0
1.173166745E8	583.7178754355261	36288.97126470416
1.176759905E8	639.3847586909909	0.0
1.180353065E8	739.9537819403441	0.0
1.183946225E8	573.0459669942518	36288.97126470416
1.187539385E8	685.2807355402032	0.0
1.191132545E8	1250.2374600374822	0.0
1.194725705E8	721.0322249953036	36288.97126470416
1.198318865E8	440.5122540559199	0.0
1.201912025E8	558.7850740452066	0.0
1.205505185E8	1249.1854823377314	36288.97126470416
1.209098345E8	706.0731936307646	0.0
1.212691505E8	793.4290543597167	0.0
1.216284665E8	551.9482366835598	36288.97126470416
1.219877825E8	600.5099169376316	0.0
1.223470985E8	393.97850741426623	0.0
1.227064145E8	1501.4466710988697	36288.97126470416
1.230657305E8	1078.1452699626695	0.0
1.234250465E8	481.4642911067492	0.0
1.237843625E8	740.9562562027636	36288.97126470416
1.241436785E8	798.87078369329	0.0
1.245029945E8	733.3148031113271	0.0
1.248623105E8	1165.634010438708	36288.97126470416
1.252216265E8	2036.4639715123585	0.0
1.255809425E8	483.8691619409982	0.0
1.259402585E8	409.44416293933045	36288.97126470416
1.262995745E8	530.2956893019646	0.0
1.266588905E8	613.7953795035779	0.0
1.270182065E8	518.2145338363754	36288.97126470416
1.273775225E8	1072.483627873274	0.0
1.277368385E8	627.6950223532057	0.0
1.280961545E8	590.3116236734062	36288.97126470416
1.284554705E8	856.2379910861671	0.0
1.288147865E8	587.1724336162058	0.0
1.291741025E8	1052.7294374658657	36288.97126470416
1.295334185E8	619.49825339801	0.0
1.298927345E8	401.51411048312787	0.0
1.302520505E8	668.9323321523628	36288.97126470416
1.306113665E8	638.5565986115386	0.0
1.309706825E8	655.0641633834526	0.0
1.313299985E8	858.2189215111632	36288.97126470416
1.316893145E8	1064.6439807294487	0.0
1.320486305E8	759.6761514530692	0.0
1.324079465E8	1887.705005731754	36288.97126470416
1.327672625E8	487.05089827657656	0.0
1.331265785E8	859.9823293172691	0.0
1.334858945E8	494.694534549238	36288.97126470416
1.337730805E8	757.5759637188208	0.0
1.339527385E8	2226.980769230769	0.0
1.342045265E8	8112.289340101523	36288.97126470416
1.345638425E8	36288.97126470416	0.0
1.349231585E8	14719.920645109523	0.0
1.352824745E8	2836.1460588170985	36288.97126470416
1.356417905E8	1932.313786488308	0.0
1.360011065E8	5644.397973284201	0.0
1.363604225E8	6385.623267577137	36288.97126470416
1.367197385E8	2829.127038068038	0.0
1.370790545E8	726.6895754460626	0.0
1.374033365E8	490.92957096724587	36288.97126470416
1.375577225E8	274.66783294207073	0.0
1.375927565E8	553.684375	0.0
1.376371405E8	445.1792452830189	36288.97126470416
1.37699935E8	415.0948766603416	0.0
1.37786751E8	267.47189819724287	0.0
1.37868371E8	354.2150283553875	36288.97126470416
1.37942101E8	302.35515151515153	0.0
1.37980213E8	372.32214765100673	0.0
1.38019627E8	270.1164383561644	36288.97126470416
1.38089538E8	413.6386554621849	0.0
1.38156123E8	401.4638447971781	0.0
1.382206275E8	498.7388888888889	36288.97126470416
1.38280805E8	275.6336206896552	0.0
1.38323179E8	138.0	0.0
1.383484915E8	107.0	36288.97126470416
1.38384028E8	399.9635416666667	0.0
1.384312265E8	1095.9555555555555	0.0
1.384772795E8	1494.173708920188	36288.97126470416
1.38522045E8	494.41473684210524	0.0
1.385663025E8	276.61922811853896	0.0
1.38610046E8	1664.6375	36288.97126470416
1.38651258E8	902.3435114503817	0.0
1.386833775E8	714.4067796610169	0.0
1.387019305E8	553.265625	36288.97126470416
1.38726341E8	463.0	0.0
1.387630385E8	302.80232558139534	0.0
1.3879854E8	542.182482292258	36288.97126470416
1.3883298E8	407.95652173913044	0.0
1.388668195E8	0.0	0.0
1.389001375E8	931.5388888888889	36288.97126470416
1.389325255E8	286.31816661090664	0.0
1.38963047E8	279.75	0.0
1.38991991E8	270.9076923076923	36288.97126470416
1.390198715E8	235.625	0.0
1.39044446E8	289.969696969697	0.0
1.390581695E8	175.33333333333334	36288.97126470416
1.39074104E8	308.44444444444446	0.0
1.391000815E8	282.741935483871	0.0
1.39125904E8	1292.08	36288.97126470416
1.391516555E8	270.8723404255319	0.0
1.391772845E8	294.8960973137354	0.0
1.39202833E8	281.7846153846154	36288.97126470416
1.39227853E8	0.0	0.0
1.392522945E8	327.6985172981878	0.0
1.392761035E8	0.0	36288.97126470416
1.392991635E8	0.0	0.0
1.393219065E8	321.07142857142856	0.0
1.39344169E8	264.8338108882522	36288.97126470416
1.393656665E8	0.0	0.0
1.39386585E8	598.2248175182482	0.0
1.394057875E8	318.3333333333333	36288.97126470416
1.394157655E8	186.0	0.0
1.39426072E8	1222.16	0.0
1.394433E8	0.0	36288.97126470416
1.394591395E8	313.0	0.0
1.39474609E8	0.0	0.0
1.394898515E8	211.0	36288.97126470416
1.39504877E8	289.3688524590164	0.0
1.39519712E8	222.5	0.0
1.39534307E8	0.0	36288.97126470416
1.39548658E8	266.25	0.0
1.395628065E8	331.0	0.0
1.395768695E8	235.71428571428572	36288.97126470416
1.395908865E8	0.0	0.0
1.396048595E8	399.0	0.0
1.39618797E8	276.5	36288.97126470416
1.396327175E8	280.85714285714283	0.0
1.39646447E8	182.0	0.0
1.39659998E8	284.40909090909093	36288.97126470416
1.39673523E8	0.0	0.0
1.39687001E8	223.14285714285714	0.0
1.39700456E8	271.0	36288.97126470416
1.397138915E8	0.0	0.0
1.397272965E8	246.0	0.0
1.39740652E8	295.0	36288.97126470416
1.397539385E8	0.0	0.0
1.397671835E8	0.0	0.0
1.397738625E8	0.0	36288.97126470416
1.39780441E8	272.1458333333333	0.0
1.397935115E8	183.5	0.0
1.39806605E8	0.0	36288.97126470416
1.398195725E8	279.06060606060606	0.0
1.398324245E8	0.0	0.0
1.39845262E8	259.38461538461536	36288.97126470416
1.398580325E8	215.0	0.0
1.3987073E8	262.0	0.0
1.398833975E8	0.0	36288.97126470416
1.398960405E8	282.1652892561983	0.0
1.399086725E8	0.0	0.0
1.399212565E8	285.7142857142857	36288.97126470416
1.39933781E8	387.6507331378299	0.0
1.39946267E8	270.5	0.0
1.399587085E8	315.2307692307692	36288.97126470416
1.399711325E8	0.0	0.0
1.39983544E8	289.6666666666667	0.0
1.399959275E8	281.9495798319328	36288.97126470416
1.400082885E8	258.61538461538464	0.0
1.40020559E8	257.0	0.0
1.400327265E8	234.0	36288.97126470416
1.400448715E8	0.0	0.0
1.4005699E8	0.0	0.0
1.400690545E8	0.0	36288.97126470416
1.40081085E8	244.0	0.0
1.400930995E8	291.6666666666667	0.0
1.40105101E8	208.0	36288.97126470416
1.40117094E8	278.1666666666667	0.0
1.401281635E8	0.0	0.0
1.40134155E8	0.0	36288.97126470416
1.401410485E8	262.1283783783784	0.0
1.40153003E8	294.7368421052632	0.0
1.40164882E8	0.0	36288.97126470416
1.40176667E8	305.8333333333333	0.0
1.4018842E8	378.3617339312407	0.0
1.40200076E8	278.4222222222222	36288.97126470416
1.402116215E8	0.0	0.0
1.402231315E8	204.0	0.0
1.402345955E8	311.5	36288.97126470416
1.402459205E8	215.0	0.0
1.402571045E8	0.0	0.0
1.402682415E8	0.0	36288.97126470416
1.4027885E8	299.8212634822804	0.0
1.40288828E8	244.875	0.0
1.402984445E8	0.0	36288.97126470416
1.40307799E8	0.0	0.0
1.403166425E8	297.3333333333333	0.0
1.40324819E8	0.0	36288.97126470416
1.403326835E8	275.25	0.0
1.403402015E8	0.0	0.0
1.4034742E8	0.0	36288.97126470416
1.40354483E8	311.0	0.0
1.403614525E8	283.74015748031496	0.0
1.403683705E8	284.6275862068965	36288.97126470416
1.403752505E8	265.265625	0.0
1.403821105E8	0.0	0.0
1.40388953E8	282.125	36288.97126470416
1.403957145E8	0.0	0.0
1.404023365E8	269.92857142857144	0.0
1.404088075E8	258.0	36288.97126470416
1.404151525E8	217.57142857142858	0.0
1.40421418E8	307.8181818181818	0.0
1.40427633E8	284.7103825136612	36288.97126470416
1.404337675E8	261.77777777777777	0.0
1.404398365E8	0.0	0.0
1.40445888E8	264.14666666666665	36288.97126470416
1.404519085E8	0.0	0.0
1.404579005E8	298.6	0.0
1.404638765E8	249.4848484848485	36288.97126470416
1.404698365E8	212.0	0.0
1.4047577E8	289.0	0.0
1.40481673E8	257.52895148669796	36288.97126470416
1.404875345E8	0.0	0.0
1.404915035E8	0.0	0.0
1.404943895E8	0.0	36288.97126470416
1.404990715E8	252.0	0.0
1.405047025E8	335.9794117647059	0.0
1.40510262E8	0.0	36288.97126470416
1.405157995E8	285.4761904761905	0.0
1.40521292E8	270.8666666666667	0.0
1.40526756E8	301.40770252324035	36288.97126470416
1.40532181E8	0.0	0.0
1.40537566E8	278.4433249370277	0.0
1.405429375E8	284.0	36288.97126470416
1.405482795E8	0.0	0.0
1.40553603E8	0.0	0.0
1.405589225E8	290.2857142857143	36288.97126470416
1.40564221E8	0.0	0.0
1.405694775E8	289.0	0.0
1.40574688E8	302.0	36288.97126470416
1.405798735E8	281.4	0.0
1.405850135E8	221.33333333333334	0.0
1.40590093E8	0.0	36288.97126470416
1.405951535E8	0.0	0.0
1.40600212E8	0.0	0.0
1.406052535E8	0.0	36288.97126470416
1.406102665E8	260.1304347826087	0.0
1.406152645E8	0.0	0.0
1.406202595E8	274.6666666666667	36288.97126470416
1.406252495E8	353.0	0.0
1.40630226E8	0.0	0.0
1.40635179E8	0.0	36288.97126470416
1.40640115E8	0.0	0.0
1.4064504E8	0.0	0.0
1.4064995E8	295.50164654226126	36288.97126470416
1.406548455E8	0.0	0.0
1.40659729E8	263.59090909090907	0.0
1.40664601E8	374.0	36288.97126470416
1.406694435E8	0.0	0.0
1.40674261E8	0.0	0.0
1.40679061E8	298.17857142857144	36288.97126470416
1.40683806E8	0.0	0.0
1.40688509E8	0.0	0.0
1.406931635E8	0.0	36288.97126470416
1.40697758E8	0.0	0.0
1.40702335E8	155.0	0.0
1.40706898E8	299.0	36288.97126470416
1.40711432E8	0.0	0.0
1.40715925E8	392.07142857142856	0.0
1.40720393E8	218.14285714285714	36288.97126470416
1.407248515E8	0.0	0.0
1.407292955E8	0.0	0.0
1.407337135E8	0.0	36288.97126470416
1.40738111E8	0.0	0.0
1.40742499E8	0.0	0.0
1.407468785E8	0.0	36288.97126470416
1.40751256E8	170.0	0.0
1.407556295E8	0.0	0.0
1.40759995E8	193.75	36288.97126470416
1.407643435E8	284.0	0.0
1.407686665E8	282.2564102564103	0.0
1.407729765E8	282.02127659574467	36288.97126470416
1.40777284E8	0.0	0.0
1.40781584E8	283.3279636513837	0.0
1.40785876E8	313.1842105263158	36288.97126470416
1.40790157E8	0.0	0.0
1.407944295E8	322.6666666666667	0.0
1.407986935E8	128.0	36288.97126470416
1.40802937E8	0.0	0.0
1.40807165E8	325.6666666666667	0.0
1.408113885E8	0.0	36288.97126470416
1.408156105E8	269.375	0.0
1.408198225E8	377.17808219178085	0.0
1.40824022E8	760.6	36288.97126470416
1.408282145E8	314.741935483871	0.0
1.408324E8	294.0	0.0
1.408365825E8	0.0	36288.97126470416
1.40840755E8	0.0	0.0
1.408449115E8	0.0	0.0
1.40849054E8	0.0	36288.97126470416
1.40851497E8	0.0	0.0
1.408535395E8	0.0	0.0
1.40857247E8	0.0	36288.97126470416
1.408613235E8	297.5	0.0
1.40865389E8	306.65811965811963	0.0
1.408694335E8	0.0	36288.97126470416
1.40873455E8	0.0	0.0
1.408774675E8	0.0	0.0
1.408814765E8	335.5	36288.97126470416
1.40885475E8	297.75	0.0
1.408894625E8	316.0	0.0
1.408934395E8	227.2	36288.97126470416
1.408974065E8	92.0	0.0
1.409013685E8	361.55555555555554	0.0
1.409053235E8	295.4936224489796	36288.97126470416
1.40909269E8	0.0	0.0
1.409132055E8	0.0	0.0
1.409171345E8	275.0	36288.97126470416
1.409210595E8	264.3333333333333	0.0
1.40924982E8	0.0	0.0
1.40928899E8	0.0	36288.97126470416
1.40932812E8	0.0	0.0
1.409367215E8	289.125	0.0
1.4094061E8	0.0	36288.97126470416
1.409444775E8	271.53333333333336	0.0
1.409483385E8	300.2792899408284	0.0
1.409521765E8	0.0	36288.97126470416
1.40955989E8	298.06	0.0
1.409597955E8	0.0	0.0
1.409636015E8	247.14285714285714	36288.97126470416
1.40967392E8	0.0	0.0
1.40971157E8	302.90909090909093	0.0
1.40974907E8	0.0	36288.97126470416
1.40978648E8	0.0	0.0
1.409823815E8	323.4	0.0
1.40986105E8	152.66666666666666	36288.97126470416
1.409898215E8	242.0	0.0
1.40993536E8	0.0	0.0
1.409972465E8	0.0	36288.97126470416
1.41000941E8	0.0	0.0
1.410046115E8	254.84615384615384	0.0
1.410082665E8	221.0	36288.97126470416
1.41011916E8	0.0	0.0
1.410155645E8	0.0	0.0
1.410192115E8	0.0	36288.97126470416
1.410228535E8	210.9	0.0
1.410264835E8	286.0	0.0
1.410301055E8	0.0	36288.97126470416
1.41033718E8	343.09090909090907	0.0
1.41037321E8	0.0	0.0
1.410409235E8	0.0	36288.97126470416
1.41044521E8	0.0	0.0
1.410481085E8	0.0	0.0
1.410516865E8	0.0	36288.97126470416
1.41055252E8	257.0	0.0
1.410588075E8	288.9375	0.0
1.41062361E8	258.25	36288.97126470416
1.41065914E8	0.0	0.0
1.41069467E8	272.54545454545456	0.0
1.41073012E8	282.0	36288.97126470416
1.41076544E8	0.0	0.0
1.41080071E8	0.0	0.0
1.41083596E8	0.0	36288.97126470416
1.41087117E8	0.0	0.0
1.41090628E8	0.0	0.0
1.410941305E8	293.6855855855856	36288.97126470416
1.41097631E8	299.6216216216216	0.0
1.411011295E8	0.0	0.0
1.411046235E8	229.33333333333334	36288.97126470416
1.411081075E8	0.0	0.0
1.41111585E8	0.0	0.0
1.4111506E8	0.0	36288.97126470416
1.411185295E8	269.975	0.0
1.41121994E8	0.0	0.0
1.411254545E8	302.7886178861789	36288.97126470416
1.411289005E8	261.0	0.0
1.411323185E8	0.0	0.0
1.411357175E8	0.0	36288.97126470416
1.4113911E8	233.33333333333334	0.0
1.411424975E8	305.0	0.0
1.41145878E8	738.0	36288.97126470416
1.411492525E8	297.1440380761523	0.0
1.41152626E8	588.0434782608696	0.0
1.41155995E8	304.0	36288.97126470416
1.411593515E8	181.5	0.0
1.41162699E8	264.5	0.0
1.41166043E8	321.5	36288.97126470416
1.4116937E8	0.0	0.0
1.411726805E8	0.0	0.0
1.411759855E8	0.0	36288.97126470416
1.41179286E8	242.75	0.0
1.411825805E8	0.0	0.0
1.411858675E8	243.5	36288.97126470416
1.41189148E8	2156.0	0.0
1.41192424E8	0.0	0.0
1.411956955E8	350.5	36288.97126470416
1.411989605E8	213.66666666666666	0.0
1.41202221E8	350.0	0.0
1.4120548E8	317.29067524115754	36288.97126470416
1.412087365E8	306.0	0.0
1.41210776E8	0.0	0.0
1.41212402E8	0.0	36288.97126470416
1.412152325E8	0.0	0.0
1.41218463E8	312.0	0.0
1.41221688E8	250.33333333333334	36288.97126470416
1.412249085E8	264.5310734463277	0.0
1.41228124E8	363.50943396226415	0.0
1.41231335E8	0.0	36288.97126470416
1.412345425E8	304.4	0.0
1.41237746E8	0.0	0.0
1.41240947E8	268.6	36288.97126470416
1.41244146E8	0.0	0.0
1.412473425E8	426.875	0.0
1.41250538E8	270.8824306472919	36288.97126470416
1.412537305E8	276.6800847457627	0.0
1.412569125E8	0.0	0.0
1.41260086E8	0.0	36288.97126470416
1.41263258E8	301.0	0.0
1.412664245E8	0.0	0.0
1.41269585E8	186.0	36288.97126470416
1.41272743E8	0.0	0.0
1.412758995E8	0.0	0.0
1.412790545E8	278.8888888888889	36288.97126470416
1.412822035E8	0.0	0.0
1.4128534E8	314.2758007117438	0.0
1.41288466E8	0.0	36288.97126470416
1.41291589E8	0.0	0.0
1.412947105E8	196.0	0.0
1.412978215E8	291.6923076923077	36288.97126470416
1.413009225E8	0.0	0.0
1.413040225E8	253.0	0.0
1.41307117E8	0.0	36288.97126470416
1.41310204E8	239.38888888888889	0.0
1.413132865E8	212.0	0.0
1.413163665E8	56.0	36288.97126470416
1.41319445E8	284.375	0.0
1.413225215E8	0.0	0.0
1.41325596E8	0.0	36288.97126470416
1.41328669E8	216.42857142857142	0.0
1.41331738E8	0.0	0.0
1.413348E8	0.0	36288.97126470416
1.413378585E8	270.2162162162162	0.0
1.413409105E8	311.22222222222223	0.0
1.413439555E8	0.0	36288.97126470416
1.41346999E8	0.0	0.0
1.41350033E8	0.0	0.0
1.413530575E8	320.0	36288.97126470416
1.41356076E8	132.5	0.0
1.413590875E8	245.0	0.0
1.41362097E8	0.0	36288.97126470416
1.413651025E8	0.0	0.0
1.41368103E8	0.0	0.0
1.41371102E8	248.14285714285714	36288.97126470416
1.413740995E8	274.42857142857144	0.0
1.41377093E8	224.77777777777777	0.0
1.413800805E8	258.3809523809524	36288.97126470416
1.413830635E8	295.2857142857143	0.0
1.413860455E8	298.0	0.0
1.41389022E8	319.0	36288.97126470416
1.413919895E8	0.0	0.0
1.4139495E8	0.0	0.0
1.413979065E8	0.0	36288.97126470416
1.41400857E8	0.0	0.0
1.41403801E8	0.0	0.0
1.41406741E8	261.0	36288.97126470416
1.41409678E8	0.0	0.0
1.414126105E8	0.0	0.0
1.41415538E8	282.40880503144655	36288.97126470416
1.414184645E8	0.0	0.0
1.414213895E8	0.0	0.0
1.414243125E8	305.80631868131866	36288.97126470416
1.414272345E8	295.0735294117647	0.0
1.41430155E8	0.0	0.0
1.414330725E8	289.6	36288.97126470416
1.414359875E8	314.5	0.0
1.414389E8	235.58064516129033	0.0
1.414418105E8	0.0	36288.97126470416
1.41444718E8	281.8433734939759	0.0
1.414476225E8	275.3783783783784	0.0
1.41450526E8	0.0	36288.97126470416
1.41453427E8	319.86102626756264	0.0
1.41456323E8	349.0	0.0
1.41459214E8	0.0	36288.97126470416
1.414621005E8	265.25925925925924	0.0
1.414649835E8	315.8802709198165	0.0
1.414678655E8	158.25	36288.97126470416
1.414707475E8	285.0	0.0
1.41473629E8	317.7142857142857	0.0
1.41476508E8	0.0	36288.97126470416
1.414793845E8	281.2258064516129	0.0
1.41482258E8	0.0	0.0
1.414851235E8	0.0	36288.97126470416
1.414879835E8	201.0	0.0
1.414908425E8	0.0	0.0
1.41493699E8	270.0	36288.97126470416
1.41496551E8	300.67459138187223	0.0
1.414993995E8	58.0	0.0
1.415022465E8	0.0	36288.97126470416
1.415050915E8	249.0	0.0
1.41507934E8	0.0	0.0
1.415107725E8	937.5	36288.97126470416
1.415136075E8	0.0	0.0
1.41516441E8	0.0	0.0
1.415192725E8	0.0	36288.97126470416
1.41522102E8	0.0	0.0
1.415249305E8	1559.0	0.0
1.41527757E8	226.2	36288.97126470416
1.41530581E8	0.0	0.0
1.415334035E8	0.0	0.0
1.415362255E8	0.0	36288.97126470416
1.415390465E8	0.0	0.0
1.41541866E8	212.0	0.0
1.41544683E8	321.79527559055117	36288.97126470416
1.415474975E8	0.0	0.0
1.4155031E8	0.0	0.0
1.415531175E8	0.0	36288.97126470416
1.41555919E8	305.35714285714283	0.0
1.415587165E8	0.0	0.0
1.41561512E8	0.0	36288.97126470416
1.41564307E8	267.75	0.0
1.415671015E8	0.0	0.0
1.415695015E8	282.24074074074076	36288.97126470416
1.41570898E8	272.1363636363636	0.0
1.41572688E8	0.0	0.0
1.4157548E8	0.0	36288.97126470416
1.415782705E8	230.46153846153845	0.0
1.415810595E8	0.0	0.0
1.41583847E8	246.0	36288.97126470416
1.415866325E8	0.0	0.0
1.41589416E8	313.00715137067937	0.0
1.41592198E8	0.0	36288.97126470416
1.41594971E8	209.0	0.0
1.415977345E8	226.5	0.0
1.41600491E8	171.0	36288.97126470416
1.416032415E8	0.0	0.0
1.41605989E8	344.22222222222223	0.0
1.416087335E8	297.0	36288.97126470416
1.416114735E8	0.0	0.0
1.41614208E8	258.0	0.0
1.416169385E8	276.8575380359613	36288.97126470416
1.41619657E8	302.2291933418694	0.0
1.416223655E8	102.25	0.0
1.41625071E8	256.5	36288.97126470416
1.416277715E8	0.0	0.0
1.41630469E8	0.0	0.0
1.416331645E8	300.551510738988	36288.97126470416
1.41635856E8	0.0	0.0
1.416385445E8	230.0	0.0
1.416412325E8	0.0	36288.97126470416
1.416439195E8	262.725	0.0
1.41646598E8	301.1111111111111	0.0
1.416492685E8	0.0	36288.97126470416
1.41651938E8	288.7142857142857	0.0
1.416546065E8	0.0	0.0
1.41657273E8	291.68525703200777	36288.97126470416
1.416599375E8	0.0	0.0
1.41662593E8	277.7647058823529	0.0
1.416652385E8	0.0	36288.97126470416
1.416678815E8	299.6022241231822	0.0
1.41670523E8	0.0	0.0
1.41673163E8	0.0	36288.97126470416
1.41675801E8	0.0	0.0
1.416784375E8	287.0612244897959	0.0
1.41681073E8	0.0	36288.97126470416
1.41683705E8	268.0	0.0
1.416863335E8	229.4	0.0
1.416889605E8	0.0	36288.97126470416
1.416915825E8	0.0	0.0
1.416942E8	284.0	0.0
1.416968145E8	0.0	36288.97126470416
1.41699426E8	0.0	0.0
1.41702034E8	0.0	0.0
1.41704638E8	0.0	36288.97126470416
1.41707241E8	288.84615384615387	0.0
1.41709838E8	0.0	0.0
1.417124275E8	333.0	36288.97126470416
1.417150135E8	0.0	0.0
1.41717597E8	0.0	0.0
1.41720177E8	0.0	36288.97126470416
1.41722754E8	0.0	0.0
1.417253305E8	184.27272727272728	0.0
1.41727906E8	299.0	36288.97126470416
1.41730481E8	0.0	0.0
1.41733056E8	198.0	0.0
1.417356305E8	272.14285714285717	36288.97126470416
1.417382025E8	0.0	0.0
1.4174077E8	259.0	0.0
1.41743333E8	0.0	36288.97126470416
1.41745892E8	0.0	0.0
1.417484485E8	0.0	0.0
1.41751004E8	254.3921568627451	36288.97126470416
1.41753556E8	179.0	0.0
1.41756104E8	406.6427688504326	0.0
1.41758648E8	223.0	36288.97126470416
1.41761189E8	199.0	0.0
1.417637275E8	0.0	0.0
1.4176626E8	0.0	36288.97126470416
1.41768789E8	0.0	0.0
1.417713145E8	0.0	0.0
1.41773836E8	294.5704697986577	36288.97126470416
1.41776357E8	0.0	0.0
1.417788775E8	0.0	0.0
1.417813975E8	289.54545454545456	36288.97126470416
1.41783916E8	280.46853146853147	0.0
1.417864325E8	0.0	0.0
1.41788946E8	253.60526315789474	36288.97126470416
1.41791457E8	0.0	0.0
1.417939675E8	0.0	0.0
1.417964765E8	0.0	36288.97126470416
1.41798983E8	0.0	0.0
1.418014855E8	0.0	0.0
1.41803981E8	294.18518518518516	36288.97126470416
1.4180647E8	228.0	0.0
1.41808953E8	306.0	0.0
1.41811431E8	301.3090211132438	36288.97126470416
1.418139075E8	259.97333333333336	0.0
1.41816383E8	0.0	0.0
1.41818857E8	126.0	36288.97126470416
1.418213285E8	0.0	0.0
1.418237955E8	274.0	0.0
1.41826259E8	280.3448275862069	36288.97126470416
1.418287215E8	102.0	0.0
1.41831178E8	158.0	0.0
1.41833627E8	256.3333333333333	36288.97126470416
1.418360715E8	0.0	0.0
1.41838512E8	0.0	0.0
1.418409505E8	251.56603773584905	36288.97126470416
1.418433885E8	0.0	0.0
1.418458265E8	280.59589041095893	0.0
1.41848263E8	0.0	36288.97126470416
1.418506975E8	0.0	0.0
1.418531305E8	0.0	0.0
1.41855562E8	0.0	36288.97126470416
1.41857992E8	260.0833333333333	0.0
1.418604205E8	284.3636363636364	0.0
1.41862847E8	0.0	36288.97126470416
1.41865272E8	0.0	0.0
1.41867695E8	268.0	0.0
1.41870116E8	276.77777777777777	36288.97126470416
1.418725365E8	0.0	0.0
1.41874956E8	0.0	0.0
1.41877374E8	0.0	36288.97126470416
1.41879789E8	0.0	0.0
1.418822015E8	0.0	0.0
1.418846075E8	0.0	36288.97126470416
1.418870045E8	0.0	0.0
1.418893965E8	289.52	0.0
1.418917865E8	0.0	36288.97126470416
1.41894176E8	671.0	0.0
1.41896563E8	278.0	0.0
1.41898948E8	0.0	36288.97126470416
1.41901333E8	295.0983606557377	0.0
1.419037175E8	318.6937195296817	0.0
1.41906101E8	294.35714285714283	36288.97126470416
1.41908484E8	281.54267515923567	0.0
1.419108665E8	633.5	0.0
1.41913248E8	0.0	36288.97126470416
1.41915629E8	293.6692430703625	0.0
1.41918009E8	271.85096153846155	0.0
1.41920388E8	264.1363636363636	36288.97126470416
1.419227665E8	0.0	0.0
1.41925143E8	0.0	0.0
1.419275165E8	0.0	36288.97126470416
1.419292615E8	267.6470588235294	0.0
1.41930446E8	655.0	0.0
1.419322555E8	0.0	36288.97126470416
1.419346225E8	0.0	0.0
1.41936987E8	0.0	0.0
1.41939347E8	0.0	36288.97126470416
1.41941703E8	280.0	0.0
1.419440575E8	0.0	0.0
1.41946411E8	0.0	36288.97126470416
1.419487635E8	668.0	0.0
1.419511115E8	0.0	0.0
1.419534545E8	0.0	36288.97126470416
1.419557965E8	280.3018867924528	0.0
1.41958135E8	0.0	0.0
1.419604675E8	244.68421052631578	36288.97126470416
1.419627965E8	0.0	0.0
1.419651245E8	315.4239569313593	0.0
1.419674515E8	291.5861944344055	36288.97126470416
1.41969777E8	0.0	0.0
1.419721005E8	253.0	0.0
1.419744205E8	0.0	36288.97126470416
1.41976738E8	0.0	0.0
1.419790505E8	306.6714285714286	0.0
1.41981358E8	0.0	36288.97126470416
1.419836635E8	289.8	0.0
1.41985967E8	280.07865168539325	0.0
1.41988266E8	264.1818181818182	36288.97126470416
1.4199056E8	0.0	0.0
1.41992852E8	272.5	0.0
1.41995142E8	0.0	36288.97126470416
1.4199743E8	0.0	0.0
1.419997165E8	0.0	0.0
1.420020015E8	282.9166666666667	36288.97126470416
1.42004285E8	0.0	0.0
1.420065675E8	0.0	0.0
1.42008845E8	0.0	36288.97126470416
1.420111165E8	267.48148148148147	0.0
1.42013386E8	0.0	0.0
1.420156535E8	0.0	36288.97126470416
1.42017916E8	0.0	0.0
1.42020175E8	1264.0	0.0
1.42022431E8	0.0	36288.97126470416
1.420246815E8	0.0	0.0
1.42026929E8	0.0	0.0
1.42029171E8	353.0	36288.97126470416
1.420314065E8	643.0	0.0
1.420336395E8	190.0	0.0
1.420358715E8	282.301703163017	36288.97126470416
1.420381015E8	0.0	0.0
1.42040329E8	369.0	0.0
1.42042554E8	0.0	36288.97126470416
1.42044776E8	0.0	0.0
1.420469965E8	0.0	0.0
1.42049215E8	0.0	36288.97126470416
1.420514315E8	0.0	0.0
1.420536445E8	0.0	0.0
1.42055854E8	0.0	36288.97126470416
1.42058062E8	0.0	0.0
1.420602685E8	279.84375	0.0
1.42062474E8	0.0	36288.97126470416
1.42064677E8	0.0	0.0
1.420668775E8	0.0	0.0
1.420690765E8	0.0	36288.97126470416
1.420712745E8	0.0	0.0
1.420734715E8	0.0	0.0
1.420756655E8	693.0	36288.97126470416
1.420778565E8	284.7033773861968	0.0
1.42080046E8	0.0	0.0
1.42082235E8	0.0	36288.97126470416
1.42084423E8	0.0	0.0
1.42086609E8	0.0	0.0
1.4208879E8	0.0	36288.97126470416
1.420909665E8	0.0	0.0
1.42093141E8	329.0	0.0
1.420953105E8	0.0	36288.97126470416
1.42097474E8	0.0	0.0
1.42099635E8	0.0	0.0
1.42101794E8	297.125	36288.97126470416
1.42103946E8	184.0	0.0
1.42106089E8	0.0	0.0
1.421082245E8	0.0	36288.97126470416
1.42110355E8	0.0	0.0
1.421124825E8	0.0	0.0
1.421146075E8	281.0	36288.97126470416
1.421167315E8	316.10714285714283	0.0
1.42118853E8	276.8645833333333	0.0
1.42120971E8	274.7142857142857	36288.97126470416
1.421230865E8	0.0	0.0
1.421252E8	0.0	0.0
1.42127313E8	0.0	36288.97126470416
1.42129426E8	0.0	0.0
1.421315385E8	0.0	0.0
1.42133649E8	0.0	36288.97126470416
1.421357575E8	0.0	0.0
1.42137864E8	272.0	0.0
1.42139969E8	222.21428571428572	36288.97126470416
1.42142073E8	0.0	0.0
1.421441755E8	329.0	0.0
1.421462745E8	0.0	36288.97126470416
1.421483705E8	304.0	0.0
1.421504655E8	0.0	0.0
1.421525595E8	0.0	36288.97126470416
1.421546525E8	305.625	0.0
1.421567435E8	289.0	0.0
1.42158833E8	0.0	36288.97126470416
1.421609215E8	338.3333333333333	0.0
1.42163009E8	242.21052631578948	0.0
1.42165096E8	0.0	36288.97126470416
1.421671825E8	139.0	0.0
1.421692675E8	0.0	0.0
1.4217135E8	274.45454545454544	36288.97126470416
1.4217343E8	0.0	0.0
1.42175509E8	0.0	0.0
1.421775875E8	0.0	36288.97126470416
1.421796645E8	266.72727272727275	0.0
1.421817365E8	386.0	0.0
1.421838025E8	276.06	36288.97126470416
1.42185866E8	345.0	0.0
1.42187929E8	323.2468085106383	0.0
1.421899915E8	305.3333333333333	36288.97126470416
1.421920525E8	0.0	0.0
1.421941125E8	0.0	0.0
1.421961725E8	228.0	36288.97126470416
1.42198232E8	251.71428571428572	0.0
1.422002865E8	250.0	0.0
1.422023345E8	0.0	36288.97126470416
1.422043795E8	0.0	0.0
1.42206423E8	223.0	0.0
1.42208462E8	0.0	36288.97126470416
1.42210496E8	265.0	0.0
1.42212529E8	0.0	0.0
1.422145605E8	0.0	36288.97126470416
1.42216589E8	266.49038461538464	0.0
1.42218613E8	0.0	0.0
1.422206335E8	110.0	36288.97126470416
1.42222652E8	185.0	0.0
1.422246675E8	0.0	0.0
1.422266795E8	0.0	36288.97126470416
1.42228689E8	0.0	0.0
1.422306975E8	278.3333333333333	0.0
1.422327045E8	0.0	36288.97126470416
1.422347105E8	0.0	0.0
1.42236716E8	360.1666666666667	0.0
1.42238721E8	252.5	36288.97126470416
1.422407225E8	0.0	0.0
1.422427205E8	358.9166666666667	0.0
1.422447185E8	211.0	36288.97126470416
1.42246715E8	0.0	0.0
1.42248709E8	0.0	0.0
1.422507005E8	0.0	36288.97126470416
1.422526905E8	266.72727272727275	0.0
1.422546795E8	321.3333333333333	0.0
1.422566665E8	0.0	36288.97126470416
1.422586525E8	0.0	0.0
1.422606355E8	0.0	0.0
1.422626145E8	1398.0	36288.97126470416
1.422645915E8	276.6666666666667	0.0
1.422665675E8	325.0	0.0
1.42268543E8	330.75	36288.97126470416
1.422705175E8	293.8	0.0
1.422724895E8	0.0	0.0
1.422744575E8	319.5	36288.97126470416
1.422764235E8	443.0	0.0
1.422783895E8	0.0	0.0
1.422803545E8	0.0	36288.97126470416
1.42282318E8	419.0	0.0
1.422842805E8	224.33333333333334	0.0
1.422862425E8	281.8421052631579	36288.97126470416
1.4228818E8	315.5	0.0
1.42289161E8	0.0	0.0
1.42290166E8	0.0	36288.97126470416
1.42292127E8	0.0	0.0
1.42294088E8	0.0	0.0
1.422960465E8	0.0	36288.97126470416
1.422980025E8	292.15555555555557	0.0
1.42299954E8	0.0	0.0
1.42301901E8	245.0	36288.97126470416
1.42303848E8	265.0	0.0
1.423057945E8	161.33333333333334	0.0
1.4230774E8	308.0	36288.97126470416
1.423096845E8	0.0	0.0
1.42311628E8	0.0	0.0
1.42313569E8	0.0	36288.97126470416
1.423155065E8	211.0	0.0
1.423174425E8	0.0	0.0
1.42319378E8	0.0	36288.97126470416
1.42321312E8	240.5	0.0
1.42323245E8	0.0	0.0
1.42325177E8	0.0	36288.97126470416
1.42327107E8	298.42857142857144	0.0
1.423290355E8	0.0	0.0
1.423309635E8	390.1666666666667	36288.97126470416
1.42332891E8	0.0	0.0
1.423348175E8	269.82	0.0
1.423367435E8	0.0	36288.97126470416
1.423386685E8	0.0	0.0
1.423405905E8	0.0	0.0
1.42342509E8	0.0	36288.97126470416
1.423444255E8	0.0	0.0
1.423463415E8	0.0	0.0
1.42348253E8	370.0	36288.97126470416
1.423501595E8	0.0	0.0
1.42352065E8	204.2	0.0
1.423539695E8	0.0	36288.97126470416
1.42355873E8	0.0	0.0
1.42357776E8	641.0	0.0
1.42359679E8	0.0	36288.97126470416
1.423615815E8	0.0	0.0
1.42363483E8	298.0	0.0
1.423653835E8	0.0	36288.97126470416
1.423672835E8	0.0	0.0
1.42369183E8	0.0	0.0
1.4237108E8	0.0	36288.97126470416
1.42372975E8	0.0	0.0
1.42374869E8	205.33333333333334	0.0
1.42376761E8	0.0	36288.97126470416
1.423786515E8	144.0	0.0
1.423805415E8	275.6989966555184	0.0
1.423824305E8	231.33333333333334	36288.97126470416
1.423843155E8	219.0	0.0
1.423861925E8	0.0	0.0
1.423880645E8	0.0	36288.97126470416
1.42389936E8	0.0	0.0
1.423918065E8	0.0	0.0
1.423936765E8	0.0	36288.97126470416
1.42395546E8	0.0	0.0
1.42397415E8	0.0	0.0
1.42399284E8	0.0	36288.97126470416
1.424011525E8	0.0	0.0
1.42403019E8	0.0	0.0
1.42404883E8	309.21633446767135	36288.97126470416
1.42406746E8	0.0	0.0
1.424086055E8	0.0	0.0
1.424104605E8	278.0	36288.97126470416
1.42412313E8	0.0	0.0
1.42414163E8	0.0	0.0
1.42416009E8	0.0	36288.97126470416
1.42417852E8	0.0	0.0
1.42419695E8	0.0	0.0
1.42421538E8	292.0	36288.97126470416
1.424233805E8	0.0	0.0
1.42425222E8	0.0	0.0
1.42427063E8	0.0	36288.97126470416
1.424288995E8	0.0	0.0
1.424307315E8	0.0	0.0
1.424325625E8	0.0	36288.97126470416
1.42434392E8	0.0	0.0
1.42436221E8	0.0	0.0
1.424380485E8	166.0	36288.97126470416
1.42439871E8	0.0	0.0
1.424416895E8	0.0	0.0
1.424435075E8	0.0	36288.97126470416
1.42445323E8	305.0	0.0
1.42447136E8	0.0	0.0
1.424489455E8	0.0	36288.97126470416
1.4245075E8	0.0	0.0
1.424525525E8	0.0	0.0
1.42454354E8	0.0	36288.97126470416
1.424561545E8	0.0	0.0
1.424579545E8	268.0	0.0
1.424597535E8	0.0	36288.97126470416
1.42461551E8	0.0	0.0
1.42463346E8	0.0	0.0
1.424651385E8	0.0	36288.97126470416
1.42466928E8	0.0	0.0
1.424687145E8	0.0	0.0
1.424705E8	0.0	36288.97126470416
1.42472285E8	243.71428571428572	0.0
1.424740655E8	0.0	0.0
1.42475841E8	0.0	36288.97126470416
1.42477616E8	242.76923076923077	0.0
1.42479391E8	209.0	0.0
1.424811635E8	0.0	36288.97126470416
1.42482933E8	0.0	0.0
1.424847005E8	300.7300380228137	0.0
1.42486464E8	0.0	36288.97126470416
1.424882225E8	312.0	0.0
1.424899775E8	263.13953488372096	0.0
1.4249173E8	194.0	36288.97126470416
1.42493479E8	0.0	0.0
1.42495226E8	0.0	0.0
1.42496973E8	0.0	36288.97126470416
1.42498718E8	0.0	0.0
1.4250046E8	0.0	0.0
1.425021995E8	0.0	36288.97126470416
1.42503937E8	0.0	0.0
1.425056725E8	0.0	0.0
1.42507406E8	0.0	36288.97126470416
1.425091385E8	299.0	0.0
1.425108685E8	0.0	0.0
1.425125945E8	167.0	36288.97126470416
1.425143185E8	251.0	0.0
1.4251604E8	254.33333333333334	0.0
1.42517759E8	273.95522388059703	36288.97126470416
1.425194765E8	258.0	0.0
1.425211925E8	0.0	0.0
1.42522908E8	0.0	36288.97126470416
1.425246225E8	0.0	0.0
1.42526336E8	0.0	0.0
1.425280485E8	163.33333333333334	36288.97126470416
1.425297595E8	298.5	0.0
1.425314695E8	245.0	0.0
1.42533179E8	0.0	36288.97126470416
1.425348875E8	0.0	0.0
1.425365935E8	0.0	0.0
1.42538297E8	0.0	36288.97126470416
1.4254E8	310.0	0.0
1.425416995E8	0.0	0.0
1.425433925E8	275.741935483871	36288.97126470416
1.425450825E8	275.3	0.0
1.42546771E8	0.0	0.0
1.42548457E8	355.0	36288.97126470416
1.42550141E8	0.0	0.0
1.42551824E8	242.31496062992127	0.0
1.42553507E8	283.0	36288.97126470416
1.425551885E8	221.0	0.0
1.42556868E8	367.6666666666667	0.0
1.425585465E8	0.0	36288.97126470416
1.42560223E8	0.0	0.0
1.42561894E8	327.7142857142857	0.0
1.42563556E8	0.0	36288.97126470416
1.425652095E8	188.0	0.0
1.42566857E8	0.0	0.0
1.42568501E8	0.0	36288.97126470416
1.42570144E8	0.0	0.0
1.42571786E8	0.0	0.0
1.42573425E8	0.0	36288.97126470416
1.42575062E8	0.0	0.0
1.42576699E8	320.47849056603775	0.0
1.425783355E8	0.0	36288.97126470416
1.425799685E8	0.0	0.0
1.42581598E8	0.0	0.0
1.42583225E8	244.33333333333334	36288.97126470416
1.4258485E8	0.0	0.0
1.42586474E8	0.0	0.0
1.425880965E8	299.0	36288.97126470416
1.42589717E8	273.85267857142856	0.0
1.425913335E8	261.5	0.0
1.42592946E8	394.0	36288.97126470416
1.425945565E8	335.9032258064516	0.0
1.425961665E8	293.0	0.0
1.425977755E8	290.5	36288.97126470416
1.42599378E8	0.0	0.0
1.42600974E8	0.0	0.0
1.426025685E8	299.5	36288.97126470416
1.426041585E8	0.0	0.0
1.426057445E8	0.0	0.0
1.426073305E8	0.0	36288.97126470416
1.42608914E8	0.0	0.0
1.42610493E8	0.0	0.0
1.4261207E8	0.0	36288.97126470416
1.42613646E8	0.0	0.0
1.4261522E8	0.0	0.0
1.42616792E8	0.0	36288.97126470416
1.42618361E8	0.0	0.0
1.426199275E8	268.0851063829787	0.0
1.426214905E8	0.0	36288.97126470416
1.426230505E8	0.0	0.0
1.426246095E8	0.0	0.0
1.426261665E8	0.0	36288.97126470416
1.426277225E8	0.0	0.0
1.42629278E8	313.0	0.0
1.42630832E8	0.0	36288.97126470416
1.426323845E8	294.5	0.0
1.426339355E8	0.0	0.0
1.426354855E8	365.5	36288.97126470416
1.42637035E8	0.0	0.0
1.426385825E8	0.0	0.0
1.426401275E8	0.0	36288.97126470416
1.42641671E8	263.26190476190476	0.0
1.42643213E8	0.0	0.0
1.426447535E8	0.0	36288.97126470416
1.426462925E8	0.0	0.0
1.42647757E8	0.0	0.0
1.42648524E8	0.0	36288.97126470416
1.42649362E8	304.0	0.0
1.42650895E8	0.0	0.0
1.426524275E8	296.0	36288.97126470416
1.42653958E8	0.0	0.0
1.42655486E8	188.44444444444446	0.0
1.42657012E8	0.0	36288.97126470416
1.42658537E8	0.0	0.0
1.42660062E8	253.53113553113553	0.0
1.42661585E8	0.0	36288.97126470416
1.426631055E8	0.0	0.0
1.42664625E8	0.0	0.0
1.426661435E8	0.0	36288.97126470416
1.426676605E8	266.2	0.0
1.426691735E8	0.0	0.0
1.42670683E8	0.0	36288.97126470416
1.426721915E8	0.0	0.0
1.426736975E8	278.2604166666667	0.0
1.426752015E8	0.0	36288.97126470416
1.426767045E8	0.0	0.0
1.426782025E8	0.0	0.0
1.426796955E8	0.0	36288.97126470416
1.426811875E8	268.22222222222223	0.0
1.426826785E8	0.0	0.0
1.42684168E8	0.0	36288.97126470416
1.426856565E8	0.0	0.0
1.42687144E8	279.6666666666667	0.0
1.42688631E8	149.0909090909091	36288.97126470416
1.42690117E8	323.875	0.0
1.426916015E8	0.0	0.0
1.426930845E8	0.0	36288.97126470416
1.426945645E8	0.0	0.0
1.426960415E8	0.0	0.0
1.42697517E8	224.4	36288.97126470416
1.42698991E8	0.0	0.0
1.42700463E8	0.0	0.0
1.427019325E8	0.0	36288.97126470416
1.427034E8	0.0	0.0
1.427048665E8	0.0	0.0
1.427063315E8	0.0	36288.97126470416
1.427077945E8	243.0	0.0
1.42709256E8	0.0	0.0
1.42710717E8	0.0	36288.97126470416
1.42712177E8	0.0	0.0
1.427136355E8	287.04	0.0
1.427150925E8	0.0	36288.97126470416
1.42716547E8	0.0	0.0
1.427179995E8	0.0	0.0
1.427194515E8	0.0	36288.97126470416
1.42720903E8	185.0	0.0
1.427223515E8	0.0	0.0
1.427237975E8	104.0	36288.97126470416
1.42725243E8	0.0	0.0
1.42726687E8	332.25	0.0
1.42728129E8	0.0	36288.97126470416
1.427295695E8	291.18576051779934	0.0
1.427310075E8	0.0	0.0
1.427324415E8	0.0	36288.97126470416
1.427338735E8	107.0	0.0
1.427353055E8	0.0	0.0
1.427367365E8	330.0	36288.97126470416
1.42738166E8	325.0	0.0
1.42739595E8	277.3636363636364	0.0
1.42741022E8	0.0	36288.97126470416
1.427424465E8	0.0	0.0
1.427438705E8	0.0	0.0
1.427452945E8	0.0	36288.97126470416
1.42746718E8	0.0	0.0
1.427481405E8	275.5	0.0
1.42749562E8	0.0	36288.97126470416
1.42750982E8	0.0	0.0
1.427523995E8	274.875	0.0
1.427538155E8	329.0	36288.97126470416
1.427552315E8	226.0	0.0
1.42756647E8	0.0	0.0
1.427580605E8	248.0	36288.97126470416
1.427594725E8	0.0	0.0
1.42760884E8	0.0	0.0
1.427622945E8	0.0	36288.97126470416
1.427637035E8	0.0	0.0
1.427651115E8	338.0	0.0
1.42766519E8	0.0	36288.97126470416
1.427679255E8	0.0	0.0
1.427693305E8	0.0	0.0
1.427707335E8	0.0	36288.97126470416
1.42772132E8	0.0	0.0
1.427735265E8	0.0	0.0
1.4277492E8	302.6666666666667	36288.97126470416
1.42776312E8	0.0	0.0
1.42777703E8	0.0	0.0
1.42779094E8	276.5	36288.97126470416
1.427804825E8	220.0	0.0
1.427818685E8	0.0	0.0
1.42783254E8	0.0	36288.97126470416
1.427846385E8	283.61538461538464	0.0
1.42786022E8	303.5	0.0
1.427874045E8	204.0	36288.97126470416
1.42788786E8	0.0	0.0
1.42790167E8	80.0	0.0
1.427915475E8	262.0	36288.97126470416
1.427929275E8	299.35714285714283	0.0
1.42794307E8	291.48571428571427	0.0
1.427956855E8	237.0	36288.97126470416
1.42797063E8	0.0	0.0
1.4279844E8	267.6666666666667	0.0
1.42799817E8	0.0	36288.97126470416
1.42801194E8	281.0	0.0
1.428025705E8	0.0	0.0
1.42803946E8	0.0	36288.97126470416
1.428053205E8	218.0	0.0
1.428066945E8	0.0	0.0
1.42808068E8	0.0	36288.97126470416
1.4280944E8	0.0	0.0
1.4281081E8	0.0	0.0
1.428121785E8	0.0	36288.97126470416
1.428135455E8	272.0	0.0
1.42814909E8	0.0	0.0
1.428162695E8	300.4471852520605	36288.97126470416
1.428176275E8	264.75757575757575	0.0
1.428189835E8	256.15	0.0
1.42820339E8	314.0	36288.97126470416
1.42821694E8	0.0	0.0
1.428230475E8	182.0	0.0
1.42824399E8	0.0	36288.97126470416
1.42825748E8	0.0	0.0
1.42827095E8	269.4	0.0
1.428284415E8	0.0	36288.97126470416
1.428297865E8	0.0	0.0
1.4283113E8	150.06666666666666	0.0
1.42832472E8	242.7135922330097	36288.97126470416
1.428338125E8	259.67857142857144	0.0
1.428351525E8	0.0	0.0
1.428364925E8	0.0	36288.97126470416
1.42837832E8	196.6	0.0
1.42839171E8	234.0	0.0
1.42840509E8	323.0	36288.97126470416
1.42841846E8	0.0	0.0
1.428431825E8	0.0	0.0
1.428445175E8	97.33333333333333	36288.97126470416
1.42845851E8	0.0	0.0
1.42847184E8	275.2748815165877	0.0
1.42848517E8	0.0	36288.97126470416
1.428498495E8	306.6666666666667	0.0
1.428511805E8	230.5	0.0
1.428525105E8	240.0	36288.97126470416
1.428538395E8	0.0	0.0
1.42855167E8	0.0	0.0
1.428564935E8	0.0	36288.97126470416
1.428578195E8	0.0	0.0
1.42859144E8	0.0	0.0
1.42860467E8	0.0	36288.97126470416
1.428617895E8	234.0	0.0
1.428631085E8	0.0	0.0
1.42864424E8	0.0	36288.97126470416
1.42865739E8	0.0	0.0
1.42867054E8	149.0	0.0
1.42868369E8	0.0	36288.97126470416
1.428696825E8	0.0	0.0
1.42870994E8	0.0	0.0
1.42872305E8	0.0	36288.97126470416
1.428736155E8	0.0	0.0
1.428749255E8	440.09302325581393	0.0
1.42876235E8	286.8181818181818	36288.97126470416
1.428775435E8	0.0	0.0
1.428788505E8	0.0	0.0
1.428801555E8	281.0232558139535	36288.97126470416
1.428814595E8	0.0	0.0
1.428827635E8	231.75	0.0
1.428840675E8	276.0	36288.97126470416
1.42885371E8	0.0	0.0
1.42886674E8	0.0	0.0
1.428879765E8	0.0	36288.97126470416
1.42889278E8	0.0	0.0
1.42890579E8	217.0	0.0
1.42891879E8	253.67567567567568	36288.97126470416
1.42893177E8	375.5	0.0
1.42894474E8	291.0	0.0
1.42895771E8	237.0	36288.97126470416
1.428970675E8	0.0	0.0
1.42898363E8	0.0	0.0
1.428996575E8	0.0	36288.97126470416
1.429009515E8	0.0	0.0
1.429022455E8	246.5	0.0
1.42903539E8	340.0	36288.97126470416
1.42904831E8	0.0	0.0
1.429061215E8	0.0	0.0
1.42907411E8	238.5	36288.97126470416
1.42908699E8	272.6602564102564	0.0
1.429099855E8	0.0	0.0
1.42911271E8	0.0	36288.97126470416
1.429125555E8	0.0	0.0
1.429138395E8	304.0	0.0
1.42915123E8	0.0	36288.97126470416
1.42916406E8	353.6040268456376	0.0
1.429176885E8	252.36363636363637	0.0
1.4291897E8	0.0	36288.97126470416
1.429202505E8	0.0	0.0
1.429215305E8	0.0	0.0
1.4292281E8	0.0	36288.97126470416
1.429240885E8	241.0	0.0
1.429253665E8	288.0	0.0
1.429266445E8	0.0	36288.97126470416
1.42927922E8	294.0426154847105	0.0
1.42929199E8	283.05810928013875	0.0
1.42930476E8	214.25	36288.97126470416
1.429317525E8	0.0	0.0
1.42933028E8	0.0	0.0
1.42934303E8	0.0	36288.97126470416
1.429355775E8	0.0	0.0
1.429368515E8	200.0	0.0
1.429381245E8	0.0	36288.97126470416
1.42939396E8	0.0	0.0
1.42940667E8	0.0	0.0
1.42941938E8	0.0	36288.97126470416
1.42943209E8	181.25	0.0
1.4294448E8	644.0	0.0
1.429457505E8	269.38684210526316	36288.97126470416
1.429470205E8	222.83333333333334	0.0
1.429482905E8	279.1875	0.0
1.4294956E8	231.8	36288.97126470416
1.429508285E8	0.0	0.0
1.429520965E8	312.8	0.0
1.429533635E8	268.43939393939394	36288.97126470416
1.42954629E8	0.0	0.0
1.429558935E8	231.5	0.0
1.42957157E8	0.0	36288.97126470416
1.4295842E8	0.0	0.0
1.42959683E8	255.57142857142858	0.0
1.429609455E8	0.0	36288.97126470416
1.429622075E8	0.0	0.0
1.429634695E8	0.0	0.0
1.42964731E8	0.0	36288.97126470416
1.42965992E8	283.22549019607845	0.0
1.429672525E8	284.70183486238534	0.0
1.429685125E8	0.0	36288.97126470416
1.429697725E8	252.16666666666666	0.0
1.429710325E8	295.22222222222223	0.0
1.42972292E8	228.57423580786025	36288.97126470416
1.429735505E8	299.75	0.0
1.429748085E8	201.75	0.0
1.429760665E8	236.52542372881356	36288.97126470416
1.42977324E8	0.0	0.0
1.42978579E8	0.0	0.0
1.42979832E8	259.6216216216216	36288.97126470416
1.429810845E8	0.0	0.0
1.42982336E8	0.0	0.0
1.42983587E8	242.66666666666666	36288.97126470416
1.42984838E8	0.0	0.0
1.42986089E8	554.0	0.0
1.429873395E8	316.82758620689657	36288.97126470416
1.42988589E8	0.0	0.0
1.429898375E8	0.0	0.0
1.42991085E8	267.5	36288.97126470416
1.429923315E8	0.0	0.0
1.429935775E8	229.11111111111111	0.0
1.429948225E8	0.0	36288.97126470416
1.42996066E8	211.8647416413374	0.0
1.429973085E8	249.375	0.0
1.4299855E8	0.0	36288.97126470416
1.42999791E8	222.5	0.0
1.43001032E8	171.0	0.0
1.430022725E8	217.0	36288.97126470416
1.430035125E8	0.0	0.0
1.430047525E8	278.81316348195327	0.0
1.43005992E8	209.6153846153846	36288.97126470416
1.4300719E8	0.0	0.0
1.43007809E8	0.0	0.0
1.430084685E8	0.0	36288.97126470416
1.430097065E8	0.0	0.0
1.430109445E8	229.0	0.0
1.43012182E8	0.0	36288.97126470416
1.430134185E8	0.0	0.0
1.43014654E8	0.0	0.0
1.43015889E8	279.1666666666667	36288.97126470416
1.430171235E8	149.0	0.0
1.430183575E8	272.900826446281	0.0
1.430195915E8	0.0	36288.97126470416
1.43020825E8	0.0	0.0
1.43022058E8	302.0	0.0
1.430232905E8	245.0	36288.97126470416
1.43024522E8	254.0	0.0
1.43025753E8	265.0	0.0
1.43026984E8	223.0	36288.97126470416
1.43028215E8	225.5	0.0
1.430294455E8	325.875	0.0
1.43030675E8	279.5	36288.97126470416
1.43031904E8	0.0	0.0
1.430331325E8	0.0	0.0
1.4303436E8	0.0	36288.97126470416
1.43035587E8	279.4263698630137	0.0
1.43036814E8	0.0	0.0
1.43038041E8	0.0	36288.97126470416
1.430392675E8	268.5	0.0
1.430404935E8	0.0	0.0
1.430417195E8	0.0	36288.97126470416
1.43042945E8	260.7	0.0
1.4304417E8	0.0	0.0
1.43045395E8	0.0	36288.97126470416
1.4304662E8	0.0	0.0
1.43047845E8	0.0	0.0
1.4304907E8	135.8	36288.97126470416
1.430502945E8	282.95384615384614	0.0
1.430515185E8	296.0	0.0
1.430527425E8	0.0	36288.97126470416
1.430539665E8	304.6666666666667	0.0
1.4305519E8	0.0	0.0
1.43056413E8	0.0	36288.97126470416
1.43057636E8	0.0	0.0
1.430588585E8	258.2151162790698	0.0
1.430600805E8	0.0	36288.97126470416
1.43061302E8	0.0	0.0
1.430625225E8	0.0	0.0
1.430637425E8	0.0	36288.97126470416
1.43064962E8	0.0	0.0
1.43066181E8	0.0	0.0
1.430674E8	0.0	36288.97126470416
1.430686185E8	240.1818181818182	0.0
1.430698365E8	0.0	0.0
1.430710525E8	332.8333333333333	36288.97126470416
1.43072266E8	0.0	0.0
1.430734785E8	0.0	0.0
1.430746905E8	288.0	36288.97126470416
1.43075902E8	0.0	0.0
1.43077113E8	0.0	0.0
1.430783235E8	0.0	36288.97126470416
1.43079533E8	0.0	0.0
1.43080742E8	179.0	0.0
1.43081951E8	0.0	36288.97126470416
1.430831595E8	0.0	0.0
1.430843675E8	0.0	0.0
1.430855755E8	240.0	36288.97126470416
1.430867835E8	0.0	0.0
1.43087991E8	0.0	0.0
1.430891975E8	255.5	36288.97126470416
1.43090403E8	259.030303030303	0.0
1.43091608E8	0.0	0.0
1.43092813E8	251.28	36288.97126470416
1.43094017E8	0.0	0.0
1.4309522E8	0.0	0.0
1.43096423E8	0.0	36288.97126470416
1.430976255E8	0.0	0.0
1.430988275E8	238.0	0.0
1.43100029E8	330.0	36288.97126470416
1.431012295E8	0.0	0.0
1.431024295E8	209.4	0.0
1.431036295E8	0.0	36288.97126470416
1.43104829E8	0.0	0.0
1.43106028E8	195.0	0.0
1.431072265E8	227.0	36288.97126470416
1.431084245E8	345.0	0.0
1.43109622E8	0.0	0.0
1.43110819E8	0.0	36288.97126470416
1.43112015E8	0.0	0.0
1.4311321E8	0.0	0.0
1.43114405E8	278.88235294117646	36288.97126470416
1.431156E8	0.0	0.0
1.43116795E8	262.2011251758087	0.0
1.431179895E8	465.0	36288.97126470416
1.43119183E8	0.0	0.0
1.43120376E8	0.0	0.0
1.43121569E8	291.0	36288.97126470416
1.43122762E8	315.0	0.0
1.431239545E8	0.0	0.0
1.431251465E8	279.26	36288.97126470416
1.431263385E8	325.0	0.0
1.4312753E8	0.0	0.0
1.43128721E8	0.0	36288.97126470416
1.431299115E8	0.0	0.0
1.431311015E8	0.0	0.0
1.431322915E8	321.0	36288.97126470416
1.43133481E8	288.0	0.0
1.4313467E8	0.0	0.0
1.43135859E8	0.0	36288.97126470416
1.43137048E8	0.0	0.0
1.43138237E8	0.0	0.0
1.43139426E8	226.0	36288.97126470416
1.431406145E8	246.0	0.0
1.431418015E8	278.0	0.0
1.431429875E8	0.0	36288.97126470416
1.431441735E8	268.4237288135593	0.0
1.431453595E8	179.0	0.0
1.431465455E8	123.0	36288.97126470416
1.43147731E8	0.0	0.0
1.43148916E8	0.0	0.0
1.43150101E8	206.91666666666666	36288.97126470416
1.43151286E8	0.0	0.0
1.431524705E8	0.0	0.0
1.431536545E8	0.0	36288.97126470416
1.431548385E8	0.0	0.0
1.431560225E8	0.0	0.0
1.431572055E8	0.0	36288.97126470416
1.431583875E8	280.96691176470586	0.0
1.43159569E8	0.0	0.0
1.4316075E8	253.6161616161616	36288.97126470416
1.43161931E8	316.0	0.0
1.43163111E8	262.0	0.0
1.4316429E8	248.0	36288.97126470416
1.43165469E8	259.3333333333333	0.0
1.431666475E8	0.0	0.0
1.431678255E8	0.0	36288.97126470416
1.431690035E8	0.0	0.0
1.431701815E8	191.0	0.0
1.431713595E8	219.0	36288.97126470416
1.431725375E8	0.0	0.0
1.43173715E8	0.0	0.0
1.431748915E8	320.5958549222798	36288.97126470416
1.43176067E8	0.0	0.0
1.43177242E8	234.5	0.0
1.431784165E8	0.0	36288.97126470416
1.431795905E8	0.0	0.0
1.43180764E8	0.0	0.0
1.43181937E8	0.0	36288.97126470416
1.4318311E8	228.4	0.0
1.43184282E8	0.0	0.0
1.43185453E8	259.4375	36288.97126470416
1.43186624E8	294.0	0.0
1.43187795E8	0.0	0.0
1.431889655E8	247.0	36288.97126470416
1.43190135E8	193.0	0.0
1.43191304E8	290.0	0.0
1.431924725E8	0.0	36288.97126470416
1.4319364E8	0.0	0.0
1.43194807E8	0.0	0.0
1.43195974E8	0.0	36288.97126470416
1.431971405E8	0.0	0.0
1.431983065E8	277.74825174825173	0.0
1.431994725E8	311.82079414838034	36288.97126470416
1.432006385E8	0.0	0.0
1.43201804E8	0.0	0.0
1.43202969E8	0.0	36288.97126470416
1.432041335E8	0.0	0.0
1.43205297E8	0.0	0.0
1.4320646E8	260.7324414715719	36288.97126470416
1.43207623E8	0.0	0.0
1.43208786E8	279.8333333333333	0.0
1.43209949E8	0.0	36288.97126470416
1.43211112E8	245.3090909090909	0.0
1.432122745E8	273.37254901960785	0.0
1.432134365E8	0.0	36288.97126470416
1.432145985E8	248.43697478991598	0.0
1.4321576E8	0.0	0.0
1.43216921E8	0.0	36288.97126470416
1.43218082E8	0.0	0.0
1.432192425E8	0.0	0.0
1.432204025E8	292.5	36288.97126470416
1.432215625E8	0.0	0.0
1.43222722E8	0.0	0.0
1.43223881E8	0.0	36288.97126470416
1.4322504E8	296.0	0.0
1.43226199E8	272.8333333333333	0.0
1.43227358E8	299.8615384615385	36288.97126470416
1.432285165E8	0.0	0.0
1.432296745E8	254.9188345473465	0.0
1.432308325E8	233.66666666666666	36288.97126470416
1.4323199E8	286.5	0.0
1.43233147E8	294.3	0.0
1.432343035E8	0.0	36288.97126470416
1.432354595E8	0.0	0.0
1.43236615E8	0.0	0.0
1.4323777E8	237.6	36288.97126470416
1.43238925E8	0.0	0.0
1.4324008E8	220.64619164619165	0.0
1.432412345E8	123.0	36288.97126470416
1.432423885E8	212.66666666666666	0.0
1.432435425E8	297.75	0.0
1.432446965E8	276.36842105263156	36288.97126470416
1.4324585E8	0.0	0.0
1.43247003E8	334.0	0.0
1.43248156E8	313.6666666666667	36288.97126470416
1.432493085E8	259.3333333333333	0.0
1.432504605E8	458.0	0.0
1.432516125E8	0.0	36288.97126470416
1.432527645E8	0.0	0.0
1.43253916E8	205.0	0.0
1.432550665E8	230.5	36288.97126470416
1.432562165E8	0.0	0.0
1.432573655E8	0.0	0.0
1.432585135E8	0.0	36288.97126470416
1.432596615E8	332.0	0.0
1.432608095E8	260.5111111111111	0.0
1.432619575E8	0.0	36288.97126470416
1.432631055E8	256.0	0.0
1.43264253E8	284.75	0.0
1.432654E8	266.8666666666667	36288.97126470416
1.43266547E8	286.0	0.0
1.432676935E8	181.0	0.0
1.432688395E8	0.0	36288.97126470416
1.432699855E8	0.0	0.0
1.43271131E8	266.14285714285717	0.0
1.432722755E8	253.76	36288.97126470416
1.432734195E8	242.88888888888889	0.0
1.432745635E8	254.65177664974618	0.0
1.432757075E8	328.9	36288.97126470416
1.432768515E8	250.0	0.0
1.43277995E8	0.0	0.0
1.43279138E8	294.3333333333333	36288.97126470416
1.432802805E8	0.0	0.0
1.432814225E8	287.0	0.0
1.432825645E8	220.79201101928373	36288.97126470416
1.43283706E8	278.18947368421055	0.0
1.43284847E8	302.3979238754325	0.0
1.432859875E8	333.35714285714283	36288.97126470416
1.432871275E8	0.0	0.0
1.432882675E8	221.0	0.0
1.432894075E8	0.0	36288.97126470416
1.43290547E8	271.3333333333333	0.0
1.43291686E8	0.0	0.0
1.43292825E8	0.0	36288.97126470416
1.43293964E8	197.5	0.0
1.43295103E8	0.0	0.0
1.432962415E8	0.0	36288.97126470416
1.43297379E8	298.5	0.0
1.432985155E8	278.6868686868687	0.0
1.432996515E8	0.0	36288.97126470416
1.433007875E8	368.7770034843206	0.0
1.433019235E8	0.0	0.0
1.43303059E8	0.0	36288.97126470416
1.43304194E8	0.0	0.0
1.43305329E8	227.8235294117647	0.0
1.433064635E8	0.0	36288.97126470416
1.433075975E8	270.6012658227848	0.0
1.433087315E8	0.0	0.0
1.433098655E8	0.0	36288.97126470416
1.43310999E8	0.0	0.0
1.43312132E8	0.0	0.0
1.43313265E8	190.0	36288.97126470416
1.433143975E8	270.76552087448965	0.0
1.433155295E8	235.0	0.0
1.433166615E8	0.0	36288.97126470416
1.433177935E8	0.0	0.0
1.43318925E8	0.0	0.0
1.43320056E8	266.2937469704314	36288.97126470416
1.43321187E8	0.0	0.0
1.433223175E8	0.0	0.0
1.433234475E8	601.25	36288.97126470416
1.433245775E8	250.33333333333334	0.0
1.43325707E8	0.0	0.0
1.43326836E8	182.0	36288.97126470416
1.43327965E8	296.7837837837838	0.0
1.43329094E8	194.5	0.0
1.43330222E8	273.2	36288.97126470416
1.43331349E8	0.0	0.0
1.433324755E8	244.70945945945945	0.0
1.433336015E8	0.0	36288.97126470416
1.433347275E8	0.0	0.0
1.433358535E8	0.0	0.0
1.433369795E8	214.43589743589743	36288.97126470416
1.43338105E8	0.0	0.0
1.4333923E8	0.0	0.0
1.433403545E8	0.0	36288.97126470416
1.433414785E8	0.0	0.0
1.43342602E8	0.0	0.0
1.43343725E8	0.0	36288.97126470416
1.43344848E8	144.0	0.0
1.43345971E8	254.66666666666666	0.0
1.43347094E8	289.57142857142856	36288.97126470416
1.433482165E8	318.414798206278	0.0
1.43349338E8	0.0	0.0
1.433504585E8	265.5	36288.97126470416
1.43351578E8	205.66666666666666	0.0
1.43352697E8	251.54545454545453	0.0
1.433538155E8	261.6	36288.97126470416
1.433549335E8	0.0	0.0
1.433560515E8	0.0	0.0
1.433571695E8	0.0	36288.97126470416
1.43358287E8	0.0	0.0
1.43359404E8	0.0	0.0
1.43360521E8	235.22222222222223	36288.97126470416
1.43361638E8	221.5	0.0
1.43362755E8	309.98039215686276	0.0
1.43363872E8	266.5	36288.97126470416
1.433649885E8	0.0	0.0
1.433661045E8	247.97297297297297	0.0
1.433668735E8	259.07978723404256	36288.97126470416
1.433674315E8	272.44444444444446	0.0
1.433683365E8	301.2	0.0
1.433694525E8	321.0	36288.97126470416
1.433705685E8	0.0	0.0
1.43371684E8	213.0	0.0
1.43372799E8	176.0	36288.97126470416
1.43373914E8	249.0	0.0
1.433750285E8	81.0	0.0
1.433761425E8	0.0	36288.97126470416
1.433772565E8	0.0	0.0
1.433783705E8	260.0	0.0
1.433794845E8	0.0	36288.97126470416
1.433805985E8	0.0	0.0
1.433817115E8	248.0	0.0
1.433828235E8	0.0	36288.97126470416
1.433839355E8	0.0	0.0
1.433850475E8	285.7462340672074	0.0
1.43386159E8	340.55	36288.97126470416
1.433872695E8	0.0	0.0
1.433883795E8	0.0	0.0
1.433894895E8	248.42857142857142	36288.97126470416
1.433905995E8	0.0	0.0
1.43391709E8	302.5	0.0
1.43392818E8	0.0	36288.97126470416
1.43393927E8	239.0	0.0
1.43395036E8	319.0	0.0
1.433961445E8	274.375	36288.97126470416
1.433972525E8	0.0	0.0
1.4339836E8	238.0	0.0
1.43399467E8	200.66666666666666	36288.97126470416
1.43400574E8	293.0	0.0
1.434016805E8	246.64804469273744	0.0
1.434027865E8	378.22222222222223	36288.97126470416
1.43403892E8	316.0	0.0
1.43404997E8	0.0	0.0
1.43406102E8	0.0	36288.97126470416
1.43407207E8	0.0	0.0
1.43408312E8	0.0	0.0
1.43409417E8	333.6666666666667	36288.97126470416
1.43410521E8	0.0	0.0
1.43411624E8	0.0	0.0
1.43412727E8	0.0	36288.97126470416
1.434138295E8	0.0	0.0
1.434149315E8	0.0	0.0
1.434160335E8	322.3333333333333	36288.97126470416
1.43417135E8	257.375	0.0
1.43418236E8	0.0	0.0
1.43419337E8	183.0	36288.97126470416
1.434204375E8	283.93548387096774	0.0
1.434215375E8	0.0	0.0
1.43422637E8	0.0	36288.97126470416
1.43423736E8	252.0	0.0
1.434248345E8	249.8684210526316	0.0
1.434259325E8	0.0	36288.97126470416
1.434270305E8	139.0	0.0
1.43428128E8	0.0	0.0
1.43429225E8	0.0	36288.97126470416
1.43430322E8	0.0	0.0
1.434314185E8	0.0	0.0
1.434325145E8	0.0	36288.97126470416
1.434336095E8	325.0	0.0
1.43434703E8	0.0	0.0
1.434357955E8	0.0	36288.97126470416
1.43436887E8	0.0	0.0
1.43437978E8	236.8	0.0
1.434390685E8	0.0	36288.97126470416
1.434401585E8	0.0	0.0
1.434412485E8	355.8	0.0
1.434423385E8	248.0	36288.97126470416
1.434434285E8	0.0	0.0
1.43444518E8	0.0	0.0
1.43445607E8	174.33333333333334	36288.97126470416
1.434466955E8	0.0	0.0
1.434477835E8	207.0	0.0
1.434488715E8	232.0	36288.97126470416
1.434499595E8	285.90909090909093	0.0
1.43451047E8	0.0	0.0
1.43452134E8	304.26027397260276	36288.97126470416
1.43453221E8	273.475	0.0
1.434543075E8	269.0	0.0
1.434553935E8	259.0	36288.97126470416
1.434564795E8	231.66666666666666	0.0
1.434575655E8	0.0	0.0
1.434586505E8	0.0	36288.97126470416
1.434597345E8	307.0	0.0
1.434608185E8	0.0	0.0
1.434619025E8	0.0	36288.97126470416
1.434629865E8	229.2	0.0
1.4346407E8	0.0	0.0
1.43465153E8	283.0	36288.97126470416
1.43466236E8	278.9218258132214	0.0
1.434673185E8	0.0	0.0
1.434684005E8	327.0	36288.97126470416
1.43469482E8	0.0	0.0
1.43470563E8	264.58490566037733	0.0
1.434716435E8	0.0	36288.97126470416
1.434727235E8	217.0	0.0
1.434738035E8	375.92857142857144	0.0
1.43474883E8	0.0	36288.97126470416
1.43475962E8	0.0	0.0
1.434770405E8	0.0	0.0
1.434781185E8	0.0	36288.97126470416
1.434791965E8	0.0	0.0
1.434802745E8	0.0	0.0
1.43481352E8	264.5	36288.97126470416
1.43482429E8	0.0	0.0
1.434835055E8	0.0	0.0
1.434845815E8	0.0	36288.97126470416
1.434856575E8	0.0	0.0
1.434867335E8	0.0	0.0
1.43487809E8	0.0	36288.97126470416
1.43488884E8	321.2352941176471	0.0
1.43489959E8	267.43801652892563	0.0
1.43491034E8	200.0	36288.97126470416
1.434921085E8	0.0	0.0
1.434931825E8	254.48648648648648	0.0
1.434942565E8	264.5	36288.97126470416
1.434953305E8	0.0	0.0
1.43496404E8	0.0	0.0
1.434974765E8	280.02554027504914	36288.97126470416
1.434985485E8	0.0	0.0
1.4349962E8	0.0	0.0
1.43500691E8	275.3	36288.97126470416
1.435017615E8	0.0	0.0
1.435028315E8	0.0	0.0
1.435039015E8	0.0	36288.97126470416
1.43504971E8	0.0	0.0
1.4350604E8	0.0	0.0
1.435071085E8	0.0	36288.97126470416
1.43508176E8	0.0	0.0
1.43509243E8	0.0	0.0
1.4351031E8	254.5	36288.97126470416
1.435113765E8	244.66666666666666	0.0
1.435124415E8	207.0	0.0
1.435135055E8	0.0	36288.97126470416
1.435145695E8	282.85714285714283	0.0
1.43515633E8	0.0	0.0
1.43516696E8	0.0	36288.97126470416
1.43517759E8	402.0	0.0
1.43518822E8	379.75	0.0
1.43519885E8	0.0	36288.97126470416
1.43520948E8	328.0	0.0
1.43522011E8	0.0	0.0
1.43523074E8	228.5	36288.97126470416
1.435241365E8	299.11583011583014	0.0
1.435251985E8	0.0	0.0
1.435262605E8	266.0	36288.97126470416
1.435273225E8	281.0	0.0
1.435283845E8	0.0	0.0
1.43529446E8	153.25	36288.97126470416
1.435305065E8	0.0	0.0
1.435315665E8	275.2566909975669	0.0
1.435326265E8	0.0	36288.97126470416
1.43533686E8	251.5	0.0
1.43534745E8	0.0	0.0
1.43535804E8	0.0	36288.97126470416
1.435368625E8	0.0	0.0
1.435379205E8	283.4593722499267	0.0
1.435389785E8	275.0	36288.97126470416
1.435400365E8	262.9714285714286	0.0
1.43541094E8	0.0	0.0
1.435421505E8	229.25	36288.97126470416
1.435432065E8	239.5	0.0
1.435442625E8	264.6	0.0
1.435453185E8	0.0	36288.97126470416
1.43546374E8	0.0	0.0
1.43547429E8	0.0	0.0
1.43548484E8	0.0	36288.97126470416
1.435495385E8	288.39130434782606	0.0
1.435505925E8	0.0	0.0
1.43551646E8	0.0	36288.97126470416
1.43552699E8	275.625	0.0
1.43553752E8	278.2857142857143	0.0
1.43554805E8	292.2470588235294	36288.97126470416
1.43555858E8	272.41379310344826	0.0
1.435569105E8	0.0	0.0
1.435579625E8	260.8317757009346	36288.97126470416
1.435590145E8	307.5	0.0
1.43560066E8	0.0	0.0
1.43561117E8	212.0	36288.97126470416
1.43562168E8	0.0	0.0
1.43563219E8	0.0	0.0
1.4356427E8	213.0	36288.97126470416
1.435653205E8	0.0	0.0
1.435663705E8	295.1666666666667	0.0
1.4356742E8	85.5	36288.97126470416
1.43568469E8	0.0	0.0
1.43569518E8	0.0	0.0
1.43570567E8	0.0	36288.97126470416
1.43571616E8	273.0	0.0
1.435726645E8	0.0	0.0
1.435737125E8	262.1063829787234	36288.97126470416
1.435747605E8	0.0	0.0
1.435758085E8	0.0	0.0
1.435768565E8	451.6666666666667	36288.97126470416
1.43577904E8	280.46875	0.0
1.43578951E8	0.0	0.0
1.43579998E8	0.0	36288.97126470416
1.43581045E8	378.0	0.0
1.435820915E8	0.0	0.0
1.43583137E8	312.0	36288.97126470416
1.43584182E8	280.5	0.0
1.43585227E8	0.0	0.0
1.43586272E8	0.0	36288.97126470416
1.435873165E8	0.0	0.0
1.435883605E8	289.19354838709677	0.0
1.435894045E8	273.9130434782609	36288.97126470416
1.43590448E8	274.8	0.0
1.43591491E8	246.5	0.0
1.435925335E8	0.0	36288.97126470416
1.435935755E8	0.0	0.0
1.435946175E8	256.6707317073171	0.0
1.435956595E8	325.5	36288.97126470416
1.435967015E8	152.0	0.0
1.43597743E8	301.3333333333333	0.0
1.43598784E8	0.0	36288.97126470416
1.43599825E8	0.0	0.0
1.436008655E8	0.0	0.0
1.436019055E8	0.0	36288.97126470416
1.436029455E8	0.0	0.0
1.436039855E8	366.0	0.0
1.43605025E8	198.6	36288.97126470416
1.43606064E8	322.3	0.0
1.43607103E8	0.0	0.0
1.436081415E8	0.0	36288.97126470416
1.436091795E8	215.0	0.0
1.436102175E8	0.0	0.0
1.43611255E8	0.0	36288.97126470416
1.43612292E8	0.0	0.0
1.43613329E8	0.0	0.0
1.43614366E8	400.7746835443038	36288.97126470416
1.436154025E8	0.0	0.0
1.436164385E8	277.83478260869566	0.0
1.43617474E8	0.0	36288.97126470416
1.43618509E8	245.83333333333334	0.0
1.43619544E8	221.66666666666666	0.0
1.43620579E8	0.0	36288.97126470416
1.43621614E8	245.0	0.0
1.43622648E8	409.5	0.0
1.43623681E8	0.0	36288.97126470416
1.43624714E8	0.0	0.0
1.43625747E8	231.46153846153845	0.0
1.436267795E8	0.0	36288.97126470416
1.436278115E8	265.22222222222223	0.0
1.436288435E8	271.0	0.0
1.43629875E8	0.0	36288.97126470416
1.43630906E8	0.0	0.0
1.43631937E8	230.125	0.0
1.436329675E8	271.38461538461536	36288.97126470416
1.436339975E8	0.0	0.0
1.436350275E8	0.0	0.0
1.43636057E8	282.1666666666667	36288.97126470416
1.43637086E8	284.6666666666667	0.0
1.43638115E8	274.1078872264983	0.0
1.43639144E8	233.78365384615384	36288.97126470416
1.43640173E8	0.0	0.0
1.43641202E8	0.0	0.0
1.43642231E8	0.0	36288.97126470416
1.436432595E8	0.0	0.0
1.436442875E8	0.0	0.0
1.43645315E8	0.0	36288.97126470416
1.43646342E8	0.0	0.0
1.43647369E8	0.0	0.0
1.436483955E8	0.0	36288.97126470416
1.436494215E8	0.0	0.0
1.43650447E8	236.0	0.0
1.43651472E8	0.0	36288.97126470416
1.43652497E8	0.0	0.0
1.43653522E8	0.0	0.0
1.43654546E8	0.0	36288.97126470416
1.43655569E8	0.0	0.0
1.436565915E8	0.0	0.0
1.436576135E8	276.5	36288.97126470416
1.436586355E8	224.03571428571428	0.0
1.436596575E8	0.0	0.0
1.43660679E8	232.21428571428572	36288.97126470416
1.436617E8	245.2	0.0
1.43662721E8	180.0	0.0
1.436637415E8	275.7538167938931	36288.97126470416
1.436647615E8	0.0	0.0
1.436657815E8	0.0	0.0
1.43666801E8	0.0	36288.97126470416
1.4366782E8	0.0	0.0
1.43668839E8	389.0	0.0
1.43669858E8	0.0	36288.97126470416
1.43670877E8	303.5	0.0
1.436718955E8	277.48148148148147	0.0
1.436729135E8	0.0	36288.97126470416
1.436739315E8	0.0	0.0
1.436749495E8	0.0	0.0
1.436759665E8	0.0	36288.97126470416
1.436769825E8	155.0	0.0
1.436779985E8	0.0	0.0
1.43679014E8	0.0	36288.97126470416
1.43680029E8	0.0	0.0
1.436810435E8	0.0	0.0
1.436820575E8	277.77560975609754	36288.97126470416
1.436830715E8	0.0	0.0
1.436840855E8	0.0	0.0
1.436850995E8	0.0	36288.97126470416
1.43686113E8	0.0	0.0
1.43687126E8	0.0	0.0
1.43688139E8	377.0	36288.97126470416
1.436891515E8	0.0	0.0
1.436901635E8	0.0	0.0
1.436911755E8	275.2	36288.97126470416
1.436921875E8	319.0816326530612	0.0
1.436931995E8	249.0	0.0
1.43694211E8	0.0	36288.97126470416
1.43695222E8	288.8241758241758	0.0
1.43696233E8	0.0	0.0
1.43697244E8	207.2	36288.97126470416
1.436982545E8	314.3809523809524	0.0
1.436992645E8	0.0	0.0
1.437002745E8	340.0	36288.97126470416
1.437012845E8	241.0	0.0
1.437022935E8	0.0	0.0
1.437033015E8	0.0	36288.97126470416
1.437043095E8	268.0	0.0
1.43705317E8	0.0	0.0
1.43706324E8	0.0	36288.97126470416
1.437073305E8	124.0	0.0
1.437083365E8	284.22222222222223	0.0
1.437093425E8	0.0	36288.97126470416
1.43710348E8	0.0	0.0
1.43711353E8	0.0	0.0
1.43712358E8	322.85	36288.97126470416
1.43713363E8	258.0	0.0
1.43714368E8	275.2857142857143	0.0
1.437153725E8	0.0	36288.97126470416
1.437163765E8	0.0	0.0
1.437173805E8	0.0	0.0
1.437183845E8	0.0	36288.97126470416
1.43719388E8	0.0	0.0
1.4372039E8	239.5	0.0
1.43721391E8	360.5	36288.97126470416
1.43722392E8	254.2	0.0
1.43723393E8	0.0	0.0
1.43724394E8	278.45	36288.97126470416
1.437251765E8	144.57142857142858	0.0
1.437257305E8	0.0	0.0
