#Position (bp)	Coverage	Std
179658.5	214.250692983335	372.53135707171293
538974.5	296.2602862104666	2892.5152227120398
898290.5	199.4114345033341	544.8881050938546
1257606.5	130.88364002716273	290.85668609922567
1616922.5	95.32475035901547	280.7335502113196
1976238.5	86.6154610426477	264.92151898290047
2335554.5	161.4938800387403	301.698578704144
2694870.5	211.1766940520322	1508.4687914587857
3054186.5	195.64205601754443	302.16520941285484
3413502.5	81.32619477006313	206.82364688776508
3772818.5	49.719851050328955	74.51373613227884
4132134.5	102.31184250075142	1655.8076027862694
4491450.5	207.72938305001725	2538.2359471978075
4850766.5	182.27442418372686	420.57403297548075
5210082.5	279.5015919135246	1879.1748865725308
5569398.5	151.1236376893876	379.3461955114994
5928714.5	707.2461231896158	1567.0370124536744
6288030.5	150.0212570550713	222.53250371327084
6647346.5	199.30551937570272	432.9295981008911
7006662.5	226.9018830221866	1144.0232285458114
7365978.5	164.54035166816954	222.07644570465155
7725294.5	265.8570840151844	1853.6176910552672
8084610.5	409.5608712108562	1840.7832855754689
8443926.5	648.0856655423081	2124.390057735727
8803242.5	33.90811430607042	85.08015288819301
9162558.5	60.25411615402598	304.41716166072763
9521874.5	188.71165770519542	528.7475488642269
9881190.5	480.7076723552528	3313.322288274182
1.02405065E7	681.0414147992296	3831.1323752806265
1.05998225E7	195.52397611016488	332.3457826528345
1.09591385E7	417.2912116354407	2434.6219198251215
1.13184545E7	23.04010954146211	77.62277523992749
1.16777705E7	73.78342461788509	256.892182246738
1.20370865E7	176.4986195994612	377.1521705258773
1.23964025E7	600.1534471050552	465.62359999019236
1.27557185E7	100.70036124191519	321.53061185307797
1.31150345E7	149.96994010842823	285.48096120299635
1.34743505E7	191.72476037805163	1453.4599456636947
1.38336665E7	84.01705184294605	203.8210121406442
1.41929825E7	54.42119471440181	171.85060419211555
1.45522985E7	15.229575081543823	73.69254769054226
1.49116145E7	169.72551737189548	417.21181100633316
1.52709305E7	39.266311547495796	166.23514279416455
1.56302465E7	65.25906722773269	176.93985627193962
1.59895625E7	10.496326353404802	37.58398414851514
1.63488785E7	280.92974707499803	359.0306781345966
1.67081945E7	235.37386033463582	492.2434397144711
1.70675105E7	26.15589063665409	101.52354913220086
1.74268265E7	124.4326776430774	282.83770283721617
1.77861425E7	18.172174353493862	8.582751585357881
1.81454585E7	36.355923476828195	72.41375727823323
1.85047745E7	244.60872045775864	2057.9836677412186
1.88640905E7	291.13756693272774	1571.9476685922946
1.92234065E7	163.03082523461242	334.47750114070215
1.95827225E7	230.10860078593774	393.8020174911019
1.99420385E7	100.1084560665264	366.8583097748305
2.03013545E7	124.80106368767325	300.73914798944975
2.06606705E7	197.31214028877088	298.9050914473155
2.10199865E7	265.27518117757074	386.0501051736604
2.13793025E7	214.19115486090237	373.62082139008453
2.17386185E7	477.9230538022242	2485.9056732647746
2.20979345E7	184.8826826525955	2479.5718892834107
2.24572505E7	265.32761691658595	2545.2491871761886
2.28165665E7	81.53376693495419	98.4192475279188
2.31758825E7	56.602759131238244	193.734065233001
2.34346265E7	33.63678780062211	291.9589657910656
2.36142845E7	2.6513840830449826	1.6965556629852396
2.38945145E7	9.699064333344465	22.249888348756567
2.42538305E7	54.35287323692794	83.8892417108279
2.46131465E7	232.8675594741119	133.88401522504077
2.49724625E7	110.12082679312917	228.9261458314531
2.53317785E7	54.527877968139464	402.66016371643207
2.56910945E7	39.099775684912444	10.341946922397
2.60504105E7	108.31024780416124	22.7130757449132
2.64097265E7	195.60150396865154	72.74699217553568
2.67690425E7	16.47235859243674	27.867190581830975
2.71283585E7	37.534805018423896	77.98472814510123
2.74876745E7	232.03223624887286	131.07912369678004
2.78469905E7	625.4644686014539	339.4446980809237
2.82063065E7	313.393620100413	1820.1584039017205
2.85656225E7	92.04833906644848	206.70410781355977
2.89249385E7	140.8033151877456	317.31408226416335
2.92842545E7	151.86715592959956	322.9555709629342
2.96435705E7	218.9438377361431	1077.1899982283142
3.00028865E7	212.6021496398713	659.8990578813074
3.03622025E7	362.2033669527658	552.9606222508975
3.07215185E7	63.615552883812576	100.61689303807303
3.10808345E7	288.4137360985873	398.7956407134123
3.14401505E7	250.1439457190885	559.955963588289
3.17994665E7	102.86099978848702	215.93208562127245
3.21587825E7	91.2221916085006	236.39726568486316
3.25180985E7	254.6658929744292	580.4652651178998
3.28774145E7	108.74492925447238	300.72491184386803
3.32367305E7	297.2783510892919	2350.457816777842
3.35960465E7	371.85163755580044	808.8853728016574
3.39553625E7	307.048706431108	276.9582752880706
3.43146785E7	126.52421545380668	343.4464253093094
3.46739945E7	82.13959857061751	166.99540932018715
3.50333105E7	303.92032918099943	425.1974020257191
3.53926265E7	700.2152534259537	5930.772376753546
3.57519425E7	924.7433178594886	2260.801500419228
3.61112585E7	233.3967065201661	662.1472619222047
3.64705745E7	201.02406795132976	1182.8912534028245
3.68298905E7	169.91880962718054	297.68874530816055
3.71892065E7	107.96200002226452	365.85004983117227
3.75485225E7	551.0515228934977	974.2913448277144
3.79078385E7	528.8336478197464	3620.215087412673
3.82671545E7	114.52524797114518	375.8891570194357
3.86264705E7	84.08160783265983	142.87464602368763
3.89857865E7	77.1031793741442	201.99829929865038
3.93451025E7	162.72257845461934	289.8629992096102
3.97044185E7	390.00363190061114	568.1585811063638
4.00637345E7	306.4042013158334	3219.4262928285107
4.04230505E7	187.89147713989914	790.2661827519596
4.07823665E7	519.0484002938917	2252.61431961639
4.11416825E7	415.12447817519956	2259.4153611212646
4.15009985E7	387.8512006145009	2018.944682353462
4.18603145E7	196.1131622304601	380.1942112759566
4.22196305E7	274.5177058633626	515.2282700643664
4.25789465E7	111.62463402687328	188.98681498768053
4.29382625E7	801.6696723775173	2634.01817969309
4.32975785E7	35.28236148682497	67.50347909280323
4.36568945E7	152.75457535985038	2061.347365028223
4.40162105E7	166.26601932560754	238.59263575386657
4.43755265E7	70.99787095481415	287.54473108110983
4.47348425E7	272.130495163032	1059.671187284856
4.50941585E7	480.40122621870444	991.5693731573253
4.54534745E7	53.92754010397533	95.72607158005049
4.58127905E7	148.37415533958966	261.4176926377511
4.61721065E7	580.3231890592125	2830.922951374362
4.65314225E7	316.1954268666021	2070.2157844054277
4.68907385E7	353.407151365372	1434.167852964303
4.72500545E7	257.98315967003975	784.6890368182657
4.76093705E7	866.8885827516726	3430.620751842552
4.79686865E7	238.4497962795979	632.672324269156
4.83280025E7	477.41902670629753	4005.2110297147415
4.86541545E7	55.30899559026308	62.619567445328265
4.88338125E7	2.13796586660234	1.9094032495806397
4.90466345E7	210.19490921640005	416.9497038078578
4.94059505E7	90.1314386222712	160.96781491624876
4.97652665E7	143.96087844682674	347.97888648003305
5.01245825E7	163.84344699373253	341.73269720342967
5.04838985E7	397.73486847231965	2278.4090501427404
5.08432145E7	85.24408876866046	196.58566346214013
5.12025305E7	136.71041367487115	251.06946281861175
5.15618465E7	257.526831535473	2334.9030376319683
5.19211625E7	459.04128399514633	2197.515370514248
5.22804785E7	288.3394449453963	275.6730005449742
5.26397945E7	151.44029211056562	422.0665475954454
5.29991105E7	275.0747948880651	409.4406700372537
5.33584265E7	82.0901908069777	252.07756543656666
5.37177425E7	18.787930401095416	86.10339444305184
5.40770585E7	236.24364069509846	470.6092741442701
5.44363745E7	256.24713900856074	538.2395093866306
5.47956905E7	50.37702468022576	166.48640639272824
5.51550065E7	67.04724532166672	250.97647346092646
5.55143225E7	72.45441895156353	258.17576165468535
5.58736385E7	239.7743629562836	1725.8931306511076
5.62329545E7	194.339397633281	423.61556781117963
5.65922705E7	80.05597301539592	157.67483434372463
5.69515865E7	254.47970031949592	478.54758359191226
5.73109025E7	341.73615424862794	2324.3691412246076
5.76702185E7	118.08749679947455	471.64453754254293
5.80295345E7	376.70134366407285	994.9046478301597
5.83888505E7	605.9350432488394	2826.9069410530988
5.87481665E7	124.72777722116466	276.2128966735902
5.91074825E7	44.840950583887164	109.92519409726083
5.94667985E7	824.1302808669806	21615.325000033812
5.98261145E7	185.3536274477062	471.53828398725926
6.01854305E7	98.89641151521224	122.45006355604241
6.05447465E7	287.91078604904874	1947.57313832735
6.09040625E7	178.21228667802157	460.6439261646899
6.12633785E7	142.98720346436005	264.0462919952171
6.16226945E7	105.22489953133176	208.24274080814592
6.19820105E7	447.68949337073775	2631.4340241539703
6.23413265E7	66.18630119449176	129.74817043248427
6.27006425E7	141.65993999710562	423.40361026959414
6.30599585E7	50.39982633670641	88.39283832234388
6.34192745E7	110.89170813434414	395.7842525867099
6.37785905E7	215.34005165369757	717.3844010228337
6.41379065E7	38.938202028298214	139.48807816422647
6.44972225E7	147.164270447183	312.0785778520988
6.48565385E7	181.60427868505715	293.8467020397093
6.52158545E7	197.0784685346603	437.7929645899787
6.55751705E7	274.3256298077458	462.1567570363342
6.59344865E7	138.53902692894277	185.46885834759027
6.62938025E7	171.55482917543333	493.4250235419044
6.66531185E7	64.15098409199702	180.99236612070962
6.70124345E7	24.893149762326196	83.4271087605769
6.73717505E7	89.06717207138007	313.45928428437605
6.77310665E7	238.20227042491845	2298.9022704282766
6.80903825E7	49.767213260750985	165.98750414353276
6.84496985E7	134.41860924645715	288.5478735492488
6.88090145E7	216.73688062875019	466.62801938958216
6.91683305E7	255.9459973950506	444.27330333224677
6.95276465E7	91.15505015084216	173.53194593825756
6.98869625E7	68.97350799853054	172.60957601026485
7.02462785E7	201.8298489351991	466.0414637723691
7.06055945E7	172.9541601264625	421.1288106321403
7.09649105E7	237.34238386267242	2400.53465190318
7.13242265E7	9.596338598893453	25.702236922117393
7.16835425E7	170.80829409210833	598.0311730127085
7.20428585E7	524.9429610704783	3827.329398249854
7.24021745E7	960.3146895768627	199.419906587513
7.27614905E7	171.92297587638737	308.4254056624953
7.31208065E7	12.130812432510659	15.260825271386796
7.34801225E7	40.205139765554556	83.24449897208144
7.38394385E7	58.39174431419698	347.7438404900684
7.41987545E7	31.604646049716685	28.101930065973328
7.45580705E7	203.71722940253147	31.608727714418237
7.49173865E7	70.15274855558896	21.524252388201273
7.52767025E7	7.986708078682831	6.430164668723535
7.56360185E7	12.507720223981119	2.1261860325859514
7.59953345E7	624.1181661824132	2535.609191119091
7.63546505E7	284.3182212871122	63.17782287399677
7.67139665E7	137.36937681595032	191.10192778850788
7.690225E7	4.176221668309084	1.2789117743799727
7.7081908E7	1.5676786575650827	27.023372217181475
7.74325985E7	19.322824477618585	4.705711749973673
7.77919145E7	24.04455688029478	76.34323099259936
7.81512305E7	1.1889478898796602	2.2636615667511943
7.85105465E7	1.541503857328925	22.89297395657419
7.88698625E7	3.5577903572343006	11.323209093604728
7.92291785E7	7.306677130993331	56.12572554330217
7.95884945E7	18.244467265582383	76.17607869922774
7.99478105E7	35.11862538823765	52.58023987815461
8.03071265E7	273.9795862138062	106.63696862701617
8.06664425E7	351.2282141624642	402.21955172852427
8.10257585E7	52.613089870754436	133.62170546772995
8.13850745E7	227.72860657471418	653.4317918410685
8.17443905E7	125.18598392501308	390.4235191737216
8.21037065E7	229.331571652807	345.3096741711066
8.24630225E7	629.9996882966525	2590.251943065111
8.28223385E7	226.29586492112793	580.9980783882214
8.31816545E7	93.18705818833561	211.27298036878994
8.35409705E7	44.83932527357535	241.84362827229316
8.39002865E7	362.2717552238141	2580.1519406676966
8.42596025E7	47.83391499404424	98.2294239054819
8.46189185E7	46.71508365895201	219.28184425794274
8.49782345E7	184.06271360028498	236.13146271548706
8.53375505E7	131.67034587939307	574.7302656336394
8.56968665E7	246.7216182969865	470.06998592556215
8.60561825E7	219.03164067283393	388.55185304636103
8.64154985E7	328.4606891983658	1511.7358048377532
8.67748145E7	417.3346747709537	3027.893026809398
8.71341305E7	189.19478397844793	481.1252538256027
8.74934465E7	26.80340981197609	110.41147758823357
8.78527625E7	122.62860824455355	359.3097599156933
8.82120785E7	598.5854345478632	3652.2561925348896
8.85713945E7	1053.618586425319	1101.6535734453728
8.89307105E7	187.49634305179842	309.24018894978616
8.92900265E7	314.1397015440448	774.7488502881642
8.96493425E7	124.14589943114139	342.9682458449975
9.00086585E7	283.83784468267487	388.25523071505955
9.03679745E7	115.55739516191876	438.3703584384115
9.07272905E7	366.08093711384964	666.3123899044048
9.10866065E7	171.71446303532267	537.7562971588309
9.14459225E7	95.47214707945096	772.0695987197923
9.18052385E7	262.3021129034054	1386.3741932607252
9.21645545E7	631.4734801678745	2015.800540545849
9.25238705E7	55.43472041322958	382.984120174254
9.28831865E7	366.5256570817887	3477.746097906064
9.32425025E7	187.11954101682085	349.4556483905097
9.36018185E7	122.56289449954915	328.01316570639733
9.39611345E7	132.47319629518307	281.4849114847564
9.43204505E7	66.66198276725778	181.75329585288065
9.46797665E7	55.227198343519355	141.79439758768956
9.50390825E7	707.4002660610716	1361.410211974296
9.53983985E7	116.44034498881207	188.44418639205819
9.57577145E7	86.98152044439992	173.92346337814485
9.61170305E7	137.97070545146892	441.29995232576204
9.64763465E7	94.0244687127765	270.4789605793531
9.68356625E7	135.9140700664596	209.21326855461314
9.71949785E7	23.90476906121631	58.77119334916783
9.75542945E7	297.1696167162052	1717.5457895649702
9.79136105E7	381.4410630197375	1335.4167407582968
9.82729265E7	192.72059969497602	273.03968590937137
9.86322425E7	61.15902158545681	88.62570307553769
9.89915585E7	117.94472275100469	252.2135556015221
9.93508745E7	271.6207766979483	549.0350938678697
9.97101905E7	101.52800320609157	165.53379777196972
1.000695065E8	104.17044606975476	158.48842045259974
1.004288225E8	209.12676863819033	2101.487647351188
1.007881385E8	359.2301010809427	732.0102278847344
1.011474545E8	275.4489808413764	296.61272430947565
1.015067705E8	119.02297977267921	218.3349084131898
1.018660865E8	215.03370014137974	539.576794542545
1.022254025E8	370.4914058934197	2347.060994469848
1.025847185E8	222.93606185084994	2813.05197305036
1.029440345E8	97.6724637923165	505.2593579838199
1.033033505E8	71.65105088557148	157.19419763098668
1.036626665E8	179.8537499025927	615.2047490767426
1.040219825E8	141.52299925413843	238.06724656011437
1.043812985E8	101.44841031292789	499.0582770303172
1.047406145E8	323.4350515980363	2129.6896606644013
1.050999305E8	27.066701733293257	113.8416572760048
1.054592465E8	69.44110198265594	201.81873532067831
1.058185625E8	100.93827160493827	131.8503080997777
1.061778785E8	262.85553941377503	1531.3893065979519
1.065371945E8	154.0287295862138	431.7893768994136
1.068965105E8	710.6868132785626	3634.2737301979414
1.072558265E8	384.5599889790602	2473.9490769039567
1.076151425E8	103.74142815794454	400.195416891143
1.079744585E8	297.70891081944586	1130.8957957014811
1.083337745E8	279.21884079751527	1792.3836466277571
1.086930905E8	287.98891504970555	1207.8596117290908
1.089314775E8	267.36911917451346	704.6811679656382
1.091111355E8	417.4927188680962	3408.9105556354025
1.094117225E8	258.81565530062676	287.089941893747
1.097710385E8	189.4626790902715	291.56457682018527
1.101303545E8	299.58874082979884	782.7519801851153
1.10324175E8	97.01034421888791	130.0251498518584
1.10503833E8	83.55351656087326	113.98712982674253
1.108489865E8	171.07165002393435	1470.3251714417595
1.112083025E8	121.12033697358314	471.61560347788526
1.115676185E8	76.83557091807768	132.17650668688404
1.119269345E8	226.68317859488585	2492.3591992179604
1.122862505E8	158.95306916474635	233.56601391179763
1.126455665E8	105.25765343040666	189.5715578604962
1.130048825E8	166.4513993253849	210.37696519686887
1.133641985E8	25.574054592614857	70.51049901417993
1.137235145E8	52.946256220151625	217.76542481844305
1.140828305E8	108.0024268332053	235.1889118334604
1.144421465E8	257.13229580647675	607.3711036159011
1.148014625E8	82.20577987064311	125.21863704282956
1.151607785E8	364.9900060114217	645.2050655765395
1.155200945E8	92.32392935466275	275.84056500003004
1.158794105E8	188.03432076500908	1829.2682837974446
1.162387265E8	312.1819902258736	1577.0591212891554
1.165980425E8	179.40330238564383	434.08560466395176
1.169573585E8	517.6969714680115	2615.334294542154
1.173166745E8	83.56788453617429	123.0153661554827
1.176759905E8	36.761811330416684	99.93006942137363
1.180353065E8	27.634188291086396	88.93062592486118
1.183946225E8	392.5321527569048	2211.9941887368714
1.187539385E8	164.09922742098877	258.32024236599426
1.191132545E8	155.52220886350733	253.06369319162883
1.194725705E8	352.16093633459127	787.5974950299758
1.198318865E8	150.59928586536643	1760.452312682214
1.201912025E8	49.19928697859266	221.6954158579219
1.205505185E8	135.5100997450712	199.29795038075923
1.209098345E8	87.56367375791783	236.1888059371276
1.212691505E8	260.76118514065615	552.0077787143862
1.216284665E8	188.1787702189716	583.4383865499797
1.219877825E8	168.8468618152267	275.7043344122335
1.223470985E8	81.75123011499628	229.81395913492162
1.227064145E8	20.909377817853922	60.45370899468246
1.230657305E8	133.67546115397033	116.65365567402895
1.234250465E8	86.84515301294682	277.2997692872783
1.237843625E8	287.9796697057743	1575.6240109798118
1.241436785E8	200.1247648309566	477.08013165207996
1.245029945E8	73.34855948524418	182.9294584498339
1.248623105E8	42.598492691669726	99.4731816466261
1.252216265E8	85.35393915105367	77.4220199569139
1.255809425E8	140.59199423348807	1707.8533117436514
1.259402585E8	217.89471941132595	431.63923715567466
1.262995745E8	236.6739221186922	425.7914109688632
1.266588905E8	360.7784429304568	861.9544717687935
1.270182065E8	180.7827399837469	1006.3708588233077
1.273775225E8	389.117629050752	1239.8126799061433
1.277368385E8	60.70411281434726	208.57479778279895
1.280961545E8	143.6300554386668	195.02048650410285
1.284554705E8	46.2226563804562	115.28799496743399
1.288147865E8	141.6579918511839	726.1713619316351
1.291741025E8	128.01534025760054	244.18012772556767
1.295334185E8	88.09601854634917	185.32112175767253
1.298927345E8	347.9650530452304	1899.4323329398192
1.302520505E8	106.5526110721482	343.21963367899974
1.306113665E8	82.18593661289783	187.00839765236682
1.309706825E8	16.44938995201995	39.88340909044701
1.313299985E8	87.97083625555221	206.23345574706954
1.316893145E8	150.3726997962796	257.37640283526656
1.320486305E8	33.0926009417894	123.41481795404462
1.324079465E8	4.425800687973817	3.1956302821995806
1.327672625E8	47.9728845918356	115.54892906163879
1.331265785E8	5.686846675349831	26.295382931220797
1.334858945E8	31.03166293735876	123.20924161290371
1.337730805E8	121.89973774272748	481.6004605904277
1.339527385E8	4.846894496048801	43.79922819101878
1.342045265E8	11.548277839005221	31.55087174951561
1.345638425E8	53.525868594774515	296.0769658978469
1.349231585E8	532.4728651103763	139.13650001882687
1.352824745E8	37.81064578254239	43.37773749373993
1.356417905E8	37.05702779725924	92.98471309992706
1.360011065E8	44.20225094345924	28.98054325131128
1.363604225E8	50.37917320687083	55.629851007975724
1.367197385E8	79.1607415199991	93.19960817758134
1.370790545E8	101.63855492101659	632.1889822780901
1.374033365E8	28.39443660803186	101.83200610633293
1.375577225E8	60324.37220856382	230674.2196509147
1.375927565E8	7.817010921177588	32.87443767220018
1.376371405E8	4.868014859773964	21.504270604897055
1.37699935E8	2.142723058433011	5.468200711718295
1.37786751E8	1.821646747887373	11.52129844463699
1.37868371E8	2068.3989580762086	2238.5417307423377
1.37942101E8	2.4009108062479605	12.491592928091325
1.37980213E8	15.422520481087677	28.9336814501546
1.38019627E8	0.48034641747958023	2.0304525134882088
1.38089538E8	1.5511081806057154	10.240249873788924
1.38156123E8	24.971342133385512	113.42236499601657
1.382206275E8	0.16795588940386766	1.3422719927813
1.38280805E8	1.6726140001730554	12.099644695108136
1.38323179E8	0.015317286652078774	0.1439865076281933
1.383484915E8	0.005494041078522525	0.07412179894283817
1.38384028E8	2.0871949547573347	5.0184658274989475
1.384312265E8	0.33263099646703276	0.6194261524617378
1.384772795E8	2.380651595744681	3.8501519726844493
1.38522045E8	4.868073225101889	11.847905218885826
1.385663025E8	17.749931978958823	104.85375364980078
1.38610046E8	2.222667865292857	1.1366938601899632
1.38651258E8	1.6393278860684921	1.386308546826213
1.386833775E8	0.7481943011350107	3.501935559502738
1.387019305E8	0.28619415518978836	0.9224188674424284
1.38726341E8	0.0	0.0
1.387630385E8	2.2704621457156953	4.710170699708623
1.3879854E8	429.1176385388604	809.4224569212487
1.3883298E8	0.38543030938036615	1.6480817170696647
1.388668195E8	0.02548019207683073	0.16149437195416175
1.389001375E8	4.192490094849322	7.5068924186755535
1.389325255E8	13.40403687221869	78.47927091358444
1.38963047E8	0.15147212926342832	0.7575912454280613
1.38991991E8	0.250344462109168	0.9586394409855601
1.390198715E8	0.018465909090909092	0.26062782814171015
1.39044446E8	1.6239339879223713	6.674954512778386
1.390581695E8	0.043795620437956206	0.20927403192454674
1.39074104E8	0.10400153168677005	0.6256683196845917
1.391000815E8	0.9558823529411765	2.4403407872456535
1.39125904E8	1.5276884324743267	1.4222741599593123
1.391516555E8	0.7641450696552261	1.678412188965564
1.391772845E8	12.314906103286384	92.22320023709777
1.39202833E8	1.5054626620198144	1.7528834931028279
1.39227853E8	0.04636166999959189	0.34756515145506006
1.392522945E8	4.661279737489746	9.382604381049429
1.392761035E8	0.0	0.0
1.392991635E8	0.012411502491040992	0.12988131041131878
1.393219065E8	0.16072376570518493	0.7106328976348122
1.39344169E8	16.736873317823093	90.3855202198206
1.393656665E8	0.031318212014804975	0.13568829174912048
1.39386585E8	7.7742619082020905	25.732780380852205
1.394057875E8	0.016097948078449154	0.1575662308583409
1.394157655E8	0.0	0.0
1.39426072E8	0.16612929668287885	0.7307655248870989
1.394433E8	0.0	0.0
1.394591395E8	0.2375982476484989	1.2416451879818775
1.39474609E8	0.0	0.0
1.394898515E8	0.03769577913458986	0.21889749568751093
1.39504877E8	1.5165187212173796	4.997690182619331
1.39519712E8	0.1332470892626132	1.0019046340636186
1.39534307E8	0.0	0.0
1.39548658E8	0.2786111698006902	1.1175063039914026
1.395628065E8	0.23471414385019151	0.5242048745109666
1.395768695E8	0.040490447676076416	0.34606427010299134
1.395908865E8	0.0	0.0
1.396048595E8	0.36434720229555234	1.6548047516672784
1.39618797E8	0.01987800502332257	0.12564865784034182
1.396327175E8	0.02035092765712642	0.15145870144196158
1.39646447E8	0.0	0.0
1.39659998E8	5.364823972248875	30.954301716320458
1.39673523E8	0.0	0.0
1.39687001E8	0.21590486807878112	0.6051924459977002
1.39700456E8	0.14775176514306948	0.6309260121838706
1.397138915E8	0.0	0.0
1.397272965E8	0.0	0.0
1.39740652E8	0.06367800555680708	0.37372596523915763
1.397539385E8	0.0	0.0
1.397671835E8	0.2993048209158229	1.6397888156194806
1.397738625E8	0.0	0.0
1.39780441E8	0.7190976751323563	2.4575268765177065
1.397935115E8	0.021666158071406774	0.1995570315713218
1.39806605E8	0.0	0.0
1.398195725E8	4.108665214685749	9.14923716815662
1.398324245E8	0.0	0.0
1.39845262E8	0.1453964294067202	0.7058653466355209
1.398580325E8	0.06418121755545068	0.36068381038578123
1.3987073E8	0.0	0.0
1.398833975E8	0.022443496127706655	0.18647148232097618
1.398960405E8	2.581301456618113	4.196308957449525
1.399086725E8	0.0	0.0
1.399212565E8	0.1318602425015954	0.8016913359177045
1.39933781E8	105.50827139774634	202.73372338833306
1.39946267E8	0.18155550204671322	0.8777054193259916
1.399587085E8	0.20573084352865423	0.7376368874456732
1.399711325E8	0.0	0.0
1.39983544E8	0.02298572465521413	0.15134422020598357
1.399959275E8	3.350420439844761	10.19556904112983
1.400082885E8	0.30160271976687714	1.3538270423790122
1.40020559E8	0.04201197997866579	0.23828935496558692
1.400327265E8	0.046756667764241026	0.35512152010286735
1.400448715E8	0.0	0.0
1.4005699E8	0.0	0.0
1.400690545E8	0.0	0.0
1.40081085E8	0.07715972395443585	0.37263151318196375
1.400930995E8	0.14114314280953175	0.937382998309165
1.40105101E8	0.021664861261561537	0.152199659237389
1.40117094E8	0.1184814351272424	0.5544224294595772
1.401281635E8	0.0	0.0
1.40134155E8	0.0	0.0
1.401410485E8	3.2666833918715503	15.714469636160501
1.40153003E8	0.0	0.0
1.40164882E8	0.0	0.0
1.40176667E8	0.3302728895689875	1.5727424010961648
1.4018842E8	129.208294302989	341.1372800984167
1.40200076E8	0.9060420088166652	3.295853483673307
1.402116215E8	0.0	0.0
1.402231315E8	0.0	0.0
1.402345955E8	0.02484689413823272	0.1652167906918337
1.402459205E8	0.10124777183600712	0.4486064777017906
1.402571045E8	0.0	0.0
1.402682415E8	0.0	0.0
1.4027885E8	11.87860469725498	29.70537619169833
1.40288828E8	0.1727318803852002	0.7425930923192482
1.402984445E8	0.0	0.0
1.40307799E8	0.0	0.0
1.403166425E8	0.0	0.0
1.40324819E8	0.0	0.0
1.403326835E8	0.11033411033411034	0.4669884560438492
1.403402015E8	0.0	0.0
1.4034742E8	0.0	0.0
1.40354483E8	0.1622161930601171	0.7292270549509433
1.403614525E8	2.420271049596309	3.4314845920082915
1.403683705E8	5.291884057971014	6.114546684703641
1.403752505E8	1.4884839650145774	4.279502300699342
1.403821105E8	0.0	0.0
1.40388953E8	0.4427838827838828	1.0687022701035784
1.403957145E8	0.0	0.0
1.404023365E8	0.17277726856095327	0.6372201314109149
1.404088075E8	0.13320825515947468	0.7037823303268562
1.404151525E8	0.30378137909119796	0.7869688604318992
1.40421418E8	0.7285553952220619	2.6439023538864523
1.40427633E8	3.6394316163410303	5.870115784636995
1.404337675E8	0.31599736668861095	1.0240684843787682
1.404398365E8	0.0	0.0
1.40445888E8	2.226121503062407	6.099462528662113
1.404519085E8	0.09466666666666666	0.4760952285695233
1.404579005E8	0.2640374331550802	0.8611877757067491
1.404638765E8	1.7017426273458445	5.491234179582347
1.404698365E8	0.19086021505376344	0.8737510287347614
1.4047577E8	0.3276415891800507	0.8378211083736894
1.40481673E8	40.61975895433712	177.7800329396845
1.404875345E8	0.0	0.0
1.404915035E8	0.0	0.0
1.404943895E8	0.0	0.0
1.404990715E8	0.04984204984204984	0.24283339755490588
1.405047025E8	419.28019410496046	524.3398922546647
1.40510262E8	0.0	0.0
1.405157995E8	1.3728260869565216	2.2587190162131496
1.40521292E8	1.0082342177493138	2.489906430926009
1.40526756E8	53.582829946915616	112.85669549361042
1.40532181E8	0.0	0.0
1.40537566E8	27.703696823332713	33.5330791512212
1.405429375E8	0.0	0.0
1.405482795E8	0.10668670172802404	0.5604012729971797
1.40553603E8	0.053353372158557205	0.26150046094884927
1.405589225E8	0.05342362678705794	0.25364164835212105
1.40564221E8	0.0	0.0
1.405694775E8	0.1628440366972477	0.6007131337944509
1.40574688E8	0.0	0.0
1.405798735E8	1.045542261675029	2.5915130313363774
1.405850135E8	0.0	0.0
1.40590093E8	0.0	0.0
1.405951535E8	0.0	0.0
1.40600212E8	0.0	0.0
1.406052535E8	0.0	0.0
1.406102665E8	1.0792	3.9902882101422197
1.406152645E8	0.0	0.0
1.406202595E8	0.4305166199439327	0.8577195458792227
1.406252495E8	0.0	0.0
1.40630226E8	0.0	0.0
1.40635179E8	0.0	0.0
1.40640115E8	0.0	0.0
1.4064504E8	0.0	0.0
1.4064995E8	31.330409953089944	38.702948380437014
1.406548455E8	0.0	0.0
1.40659729E8	11.920270547243287	36.572380902618946
1.40664601E8	0.058376156217882835	0.24161158129916463
1.406694435E8	0.0	0.0
1.40674261E8	0.0	0.0
1.40679061E8	0.7070010449320794	1.6605320747157746
1.40683806E8	0.0	0.0
1.40688509E8	0.0	0.0
1.406931635E8	0.0	0.0
1.40697758E8	0.0	0.0
1.40702335E8	0.0	0.0
1.40706898E8	0.0	0.0
1.40711432E8	0.0	0.0
1.40715925E8	1.6437038693804518	2.791414129570258
1.40720393E8	0.3816349384098544	1.1124863953519724
1.407248515E8	0.1275831087151842	0.43281813315541684
1.407292955E8	0.44815148782687103	1.747857119036415
1.407337135E8	0.0	0.0
1.40738111E8	0.0	0.0
1.40742499E8	0.0	0.0
1.407468785E8	0.0	0.0
1.40751256E8	0.06397075622572539	0.2529244081256797
1.407556295E8	0.0	0.0
1.40759995E8	0.06512267828479706	0.2928483340490967
1.407643435E8	0.13076568265682656	0.40208175996607576
1.407686665E8	2.4336426914153133	3.555362604328827
1.407729765E8	2.442227378190255	8.44240759142054
1.40777284E8	0.0	0.0
1.40781584E8	86.02048894062864	159.98988108281742
1.40785876E8	16.10958265329914	36.42859043360379
1.40790157E8	0.0	0.0
1.407944295E8	0.0	0.0
1.407986935E8	0.06672932330827068	0.3042617096677214
1.40802937E8	0.0	0.0
1.40807165E8	0.1344378698224852	0.730728743817718
1.408113885E8	0.0	0.0
1.408156105E8	1.2188536238749408	2.0021305563240768
1.408198225E8	3.0116611137553546	7.240119068866617
1.40824022E8	0.11627352871098404	0.47249836586193267
1.408282145E8	0.7700573065902578	1.935011457582154
1.408324E8	0.0	0.0
1.408365825E8	0.13558106169296988	0.3682133372013701
1.40840755E8	0.0	0.0
1.408449115E8	0.06771084337349398	0.26021307302573016
1.40849054E8	0.1373639661426844	0.39708733989113
1.40851497E8	0.0	0.0
1.408535395E8	0.0	0.0
1.40857247E8	0.0	0.0
1.408613235E8	0.06974459724950884	0.36009167136691633
1.40865389E8	11.259177137225917	24.861300392501764
1.408694335E8	0.0	0.0
1.40873455E8	0.0	0.0
1.408774675E8	0.0	0.0
1.408814765E8	0.1417873190214678	0.395304441661871
1.40885475E8	0.0	0.0
1.408894625E8	0.0	0.0
1.408934395E8	0.0	0.0
1.408974065E8	0.0	0.0
1.409013685E8	2.232070707070707	4.5117691215376485
1.409053235E8	68.52151898734178	111.00057132935414
1.40909269E8	0.14412585638162903	0.5368907829002637
1.409132055E8	0.0	0.0
1.409171345E8	0.0	0.0
1.409210595E8	0.21712538226299694	0.5413578277400758
1.40924982E8	0.0	0.0
1.40928899E8	0.0	0.0
1.40932812E8	0.0	0.0
1.409367215E8	0.12314388120839734	0.4119937660781415
1.4094061E8	0.07310772410229915	0.27038440062677277
1.409444775E8	0.769927536231884	2.080982110072805
1.409483385E8	85.27268014515293	82.25278085589407
1.409521765E8	0.0	0.0
1.40955989E8	2.387181507748884	7.0513520361111155
1.409597955E8	0.0	0.0
1.409636015E8	0.1489753021544929	0.44123983347647555
1.40967392E8	0.0	0.0
1.40971157E8	0.07563249001331558	0.36197416979742164
1.40974907E8	0.5308411214953271	1.7646582364834231
1.40978648E8	0.0	0.0
1.409823815E8	0.30455764075067027	1.1034918984628705
1.40986105E8	0.5348399246704332	2.0432504028558305
1.409898215E8	0.763724434876211	2.311342370183758
1.40993536E8	0.0	0.0
1.409972465E8	0.0	0.0
1.41000941E8	0.0	0.0
1.410046115E8	1.2415300546448087	2.6820593995940545
1.410082665E8	0.07780821917808219	0.38534809028322886
1.41011916E8	0.0	0.0
1.410155645E8	0.0	0.0
1.410192115E8	0.07789358200767965	0.319420759348883
1.410228535E8	0.234194612424409	0.8662634209398973
1.410264835E8	0.15681943677526228	0.6109618924404014
1.410301055E8	0.0	0.0
1.41033718E8	0.0	0.0
1.41037321E8	0.0	0.0
1.410409235E8	0.0	0.0
1.41044521E8	0.0	0.0
1.410481085E8	0.0	0.0
1.410516865E8	0.0	0.0
1.41055252E8	0.0	0.0
1.410588075E8	11.065559932470455	11.821120326031755
1.41062361E8	0.15986490289895863	0.6843512379936403
1.41065914E8	0.0	0.0
1.41069467E8	3.17900365887982	4.21698948083254
1.41073012E8	2.1362736782584113	3.5311129740028213
1.41076544E8	0.0	0.0
1.41080071E8	0.0	0.0
1.41083596E8	0.0	0.0
1.41087117E8	0.0	0.0
1.41090628E8	0.0	0.0
1.410941305E8	127.39891490576814	77.42682107228234
1.41097631E8	3.148328093741069	4.5911741069043055
1.411011295E8	0.07261292166952545	0.26946784904608834
1.411046235E8	0.569054441260745	1.2530764434247028
1.411081075E8	0.0	0.0
1.41111585E8	0.1547310900201323	0.6585645138229353
1.4111506E8	0.0	0.0
1.411185295E8	1.776399307559146	3.1811530243512802
1.41121994E8	0.0	0.0
1.411254545E8	9.54598033545402	9.056087682768277
1.411289005E8	0.0	0.0
1.411323185E8	0.0	0.0
1.411357175E8	0.0	0.0
1.4113911E8	0.25140159339038065	0.7635855226484769
1.411424975E8	0.0	0.0
1.41145878E8	0.4568888888888889	1.195795101982746
1.411492525E8	146.4822169531713	169.97505657517996
1.41152626E8	1.37563000296472	4.998517420278749
1.41155995E8	0.0	0.0
1.411593515E8	0.0	0.0
1.41162699E8	0.9250074693755602	2.7535999198637118
1.41166043E8	0.17000897934750075	0.47062784839523064
1.4116937E8	0.0	0.0
1.411726805E8	0.8473397823458283	1.6079646082481034
1.411759855E8	0.0	0.0
1.41179286E8	0.17217338587450742	0.6569976813651535
1.411825805E8	0.0	0.0
1.411858675E8	2.4208282582216807	7.061673674078387
1.41189148E8	0.0	0.0
1.41192424E8	0.9538931297709924	2.3572528972034474
1.411956955E8	0.08598531211750306	0.3788309014549695
1.411989605E8	0.0	0.0
1.41202221E8	0.34857318195765574	1.0369071484415116
1.4120548E8	577.3743479594967	810.8298850470578
1.412087365E8	0.0	0.0
1.41210776E8	0.0	0.0
1.41212402E8	0.0	0.0
1.412152325E8	0.0	0.0
1.41218463E8	0.7040594979857453	1.9874100167120585
1.41221688E8	0.08873720136518772	0.36270435946313767
1.412249085E8	9.525481665630826	24.21609391447822
1.41228124E8	10.121070650482416	13.632292632849316
1.41231335E8	0.0	0.0
1.412345425E8	0.0	0.0
1.41237746E8	0.0	0.0
1.41240947E8	0.07060293658231803	0.26571213104094066
1.41244146E8	0.08570534876446669	0.3546024308344581
1.412473425E8	0.9076971214017522	2.609971731753179
1.41250538E8	404.69890453834114	240.37026276931005
1.412537305E8	105.2987460815047	203.02170228511554
1.412569125E8	0.0	0.0
1.41260086E8	0.0	0.0
1.41263258E8	0.0	0.0
1.412664245E8	0.0	0.0
1.41269585E8	0.0	0.0
1.41272743E8	0.0	0.0
1.412758995E8	0.0	0.0
1.412790545E8	0.7203551046290425	1.2953259714163632
1.412822035E8	0.0	0.0
1.4128534E8	73.52668584212208	159.46768072330536
1.41288466E8	0.0	0.0
1.41291589E8	0.0	0.0
1.412947105E8	0.0	0.0
1.412978215E8	4.401031592520955	5.141454886454997
1.413009225E8	0.0	0.0
1.413040225E8	0.3670967741935484	0.9360176452706779
1.41307117E8	0.08060861120103593	0.28391655675750216
1.41310204E8	1.1873581847649919	1.7216327857433813
1.413132865E8	0.0	0.0
1.413163665E8	0.27175324675324675	0.7539936959328596
1.41319445E8	0.36919077023074426	1.022655295983764
1.413225215E8	39.794863459037714	160.2541899502755
1.41325596E8	0.0	0.0
1.41328669E8	0.8548649528148389	1.9456493975694298
1.41331738E8	0.0	0.0
1.413348E8	0.0	0.0
1.413378585E8	22.005559189012427	36.60960143103413
1.413409105E8	1.1588969139855547	3.3279393871696317
1.413439555E8	0.0	0.0
1.41346999E8	0.0	0.0
1.41350033E8	0.0	0.0
1.413530575E8	0.0	0.0
1.41356076E8	0.09425821440424825	0.413030376929886
1.413590875E8	0.0	0.0
1.41362097E8	0.0	0.0
1.413651025E8	0.0	0.0
1.41368103E8	0.0	0.0
1.41371102E8	1.6862287429143048	4.319516107907091
1.413740995E8	0.5677570093457944	1.1366864452285665
1.41377093E8	0.0	0.0
1.413800805E8	1.3321045576407506	1.9274717775062518
1.413830635E8	0.47619047619047616	1.2050085505817725
1.413860455E8	1.5238095238095237	2.751501023190258
1.41389022E8	0.0	0.0
1.413919895E8	0.0	0.0
1.4139495E8	0.0	0.0
1.413979065E8	0.0	0.0
1.41400857E8	0.0	0.0
1.41403801E8	0.0	0.0
1.41406741E8	0.38678924072182497	1.1638055290724
1.41409678E8	0.0	0.0
1.414126105E8	0.0	0.0
1.41415538E8	17.99521694567817	30.7430082934976
1.414184645E8	0.0	0.0
1.414213895E8	0.0	0.0
1.414243125E8	67.7624914442163	51.81466405721532
1.414272345E8	3.3100616016427105	6.841362705537549
1.41430155E8	0.0	0.0
1.414330725E8	9.933813443072703	36.09819807106793
1.414359875E8	1.754289636238847	2.2735083202753
1.414389E8	1.3658536585365855	4.890663010145407
1.414418105E8	0.0	0.0
1.41444718E8	3.6516351118760757	9.216482279645282
1.414476225E8	14.473484848484848	37.66112766753118
1.41450526E8	0.0	0.0
1.41453427E8	301.93515005174197	312.23170697573244
1.41456323E8	0.0	0.0
1.41459214E8	0.09830391138802354	0.4209797535807245
1.414621005E8	1.3408460471567267	1.9492521415236144
1.414649835E8	430.72588480222066	597.623469163663
1.414678655E8	0.1970853573907009	0.8110958480169701
1.414707475E8	0.19049271339347676	0.4882377778184568
1.41473629E8	0.09857688302672683	0.31396955748404465
1.41476508E8	0.0	0.0
1.414793845E8	1.4812239221140473	2.8028646184824964
1.41482258E8	0.0	0.0
1.414851235E8	0.0	0.0
1.414879835E8	0.1986013986013986	0.5308655025693249
1.414908425E8	0.0	0.0
1.41493699E8	0.8952714535901927	1.56896342681275
1.41496551E8	241.04492804492804	401.26997544121485
1.414993995E8	0.037921348314606744	0.27283365306939505
1.415022465E8	0.0	0.0
1.415050915E8	0.0	0.0
1.41507934E8	0.0	0.0
1.415107725E8	0.09873060648801128	0.31365266965088234
1.415136075E8	0.0	0.0
1.41516441E8	0.0	0.0
1.415192725E8	0.0	0.0
1.41522102E8	0.0	0.0
1.415249305E8	0.20084865629420084	0.5716053474796459
1.41527757E8	0.703716814159292	1.8484147716737152
1.41530581E8	0.0	0.0
1.415334035E8	0.0	0.0
1.415362255E8	0.0	0.0
1.415390465E8	0.10070921985815603	0.3173471598394352
1.41541866E8	0.10074494501596311	0.4278359878432296
1.41544683E8	37.09271758436945	43.38840240879954
1.415474975E8	0.0	0.0
1.4155031E8	0.10103166133048737	0.31785478025426545
1.415531175E8	0.0	0.0
1.41555919E8	2.119328331546981	3.3781023611934797
1.415587165E8	0.0	0.0
1.41561512E8	0.0	0.0
1.41564307E8	0.20322003577817532	0.6574194686665076
1.415671015E8	0.0	0.0
1.415695015E8	13.853439680957129	20.28497127975631
1.41570898E8	5.390088945362135	2.8890979409368054
1.41572688E8	0.0	0.0
1.4157548E8	0.0	0.0
1.415782705E8	1.8591397849462366	3.3633593890526052
1.415810595E8	0.0	0.0
1.41583847E8	1.9296734840330103	5.164915730488724
1.415866325E8	0.0	0.0
1.41589416E8	140.01149838303988	150.5777077305836
1.41592198E8	0.0	0.0
1.41594971E8	0.1945750452079566	0.5009935878284352
1.415977345E8	0.0832729905865315	0.28857059896415554
1.41600491E8	0.0	0.0
1.416032415E8	0.0	0.0
1.41605989E8	0.2819672131147541	0.7352681876923702
1.416087335E8	0.0	0.0
1.416114735E8	0.0	0.0
1.41614208E8	0.0	0.0
1.416169385E8	93.10703812316716	70.37557133733067
1.41619657E8	156.15356220007382	49.284170828759315
1.416223655E8	0.0	0.0
1.41625071E8	0.09433962264150944	0.33810859954050393
1.416277715E8	0.0	0.0
1.41630469E8	0.0	0.0
1.416331645E8	237.5426874536006	383.21982697039823
1.41635856E8	0.0	0.0
1.416385445E8	0.49107142857142855	1.0516780808376134
1.416412325E8	0.0	0.0
1.416439195E8	4.707743857036485	7.724235390016749
1.41646598E8	9.244477723698989	6.771225485192588
1.416492685E8	0.0	0.0
1.41651938E8	2.248407643312102	3.893486312906443
1.416546065E8	0.0	0.0
1.41657273E8	217.5347091932458	221.40032591483916
1.416599375E8	0.0	0.0
1.41662593E8	4.8889308651303365	5.362739264742355
1.416652385E8	0.0	0.0
1.416678815E8	60.86487509462528	84.42243325646159
1.41670523E8	0.0	0.0
1.41673163E8	0.0	0.0
1.41675801E8	0.0	0.0
1.416784375E8	10.553110773899848	24.52345506356989
1.41681073E8	0.0	0.0
1.41683705E8	0.3267402054012933	0.32867288502102066
1.416863335E8	0.0	0.0
1.416889605E8	0.0	0.0
1.416915825E8	0.0	0.0
1.416942E8	0.0	0.0
1.416968145E8	0.0	0.0
1.41699426E8	0.0	0.0
1.41702034E8	0.0	0.0
1.41704638E8	0.0	0.0
1.41707241E8	1.0810603150211295	1.8915059746386576
1.41709838E8	0.0	0.0
1.417124275E8	0.11128284389489954	0.33126612993302484
1.417150135E8	0.0	0.0
1.41717597E8	0.0	0.0
1.41720177E8	0.0	0.0
1.41722754E8	0.0	0.0
1.417253305E8	0.2204968944099379	0.760026151887417
1.41727906E8	0.7720388349514563	1.224031219856939
1.41730481E8	0.0	0.0
1.41733056E8	0.11029126213592233	0.34472445729351825
1.417356305E8	0.7727272727272727	1.5305741872439056
1.417382025E8	0.0	0.0
1.4174077E8	0.11033138401559454	0.39931715594642114
1.41743333E8	0.0	0.0
1.41745892E8	0.0	0.0
1.417484485E8	0.0	0.0
1.41751004E8	6.195303326810176	14.19226381697047
1.41753556E8	0.0	0.0
1.41756104E8	475.6234786022772	644.7080678388885
1.41758648E8	0.2235340417158599	0.8111773283374345
1.41761189E8	1.1176702085792996	2.2488792083660987
1.417637275E8	0.0	0.0
1.4176626E8	0.0	0.0
1.41768789E8	0.0	0.0
1.417713145E8	0.0	0.0
1.41773836E8	4.146370487901627	8.138526941984196
1.41776357E8	0.0	0.0
1.417788775E8	0.0	0.0
1.417813975E8	0.6543650793650794	2.1426322633324215
1.41783916E8	7.086213746523639	15.398494320358987
1.417864325E8	0.0	0.0
1.41788946E8	4.721226602947033	11.00419890172554
1.41791457E8	130.16487455197134	264.2787732905301
1.417939675E8	0.0	0.0
1.417964765E8	0.13556618819776714	0.37249963873974967
1.41798983E8	0.0	0.0
1.418014855E8	0.1136	0.3709447398198282
1.41803981E8	15.340024086712164	10.085324465303712
1.4180647E8	0.0	0.0
1.41808953E8	0.0	0.0
1.41811431E8	72.07509083568833	110.8993932075691
1.418139075E8	0.4579967689822294	0.9696526033812016
1.41816383E8	0.0	0.0
1.41818857E8	0.0	0.0
1.418213285E8	0.0	0.0
1.418237955E8	0.0	0.0
1.41826259E8	0.46122614697523345	0.9850692097257202
1.418287215E8	0.11535337124289195	0.3959584614175532
1.41831178E8	0.9179926560587516	1.6981522105608078
1.41833627E8	0.3481814466693911	0.7612391764590498
1.418360715E8	0.0	0.0
1.41838512E8	0.0	0.0
1.418409505E8	1.3613617719442166	2.2718269527046453
1.418433885E8	0.0	0.0
1.418458265E8	17.088187038556192	24.293469956485453
1.41848263E8	0.0	0.0
1.418506975E8	0.0	0.0
1.418531305E8	0.0	0.0
1.41855562E8	0.0	0.0
1.41857992E8	1.7262247838616716	4.304870048469711
1.418604205E8	0.7018121911037891	1.1916790032502373
1.41862847E8	0.0	0.0
1.41865272E8	0.0	0.0
1.41867695E8	0.0	0.0
1.41870116E8	1.4109871953738125	2.6781814589946604
1.418725365E8	0.0	0.0
1.41874956E8	0.0	0.0
1.41877374E8	0.0	0.0
1.41879789E8	0.0	0.0
1.418822015E8	0.0	0.0
1.418846075E8	0.0	0.0
1.418870045E8	0.0	0.0
1.418893965E8	6.667782426778243	8.838225271027131
1.418917865E8	0.0	0.0
1.41894176E8	0.0	0.0
1.41896563E8	0.0	0.0
1.41898948E8	0.0	0.0
1.41901333E8	10.843605870020964	9.45442560508107
1.419037175E8	324.63758389261744	375.95872914921114
1.41906101E8	6.90348300461603	10.830785609153942
1.41908484E8	152.4125052454889	155.71097077752225
1.419108665E8	0.0	0.0
1.41913248E8	0.0	0.0
1.41915629E8	556.9563208735825	405.70326421810813
1.41918009E8	25.935687263556115	65.72631038830153
1.41920388E8	0.9461958806221101	1.9505229356694347
1.419227665E8	0.0	0.0
1.41925143E8	0.8421052631578947	0.4886070426275732
1.419275165E8	0.433389544688027	1.2455654898658233
1.419292615E8	4.308586762075135	6.861327679925067
1.41930446E8	0.22382094324540366	0.47309718160796904
1.419322555E8	0.0	0.0
1.419346225E8	0.0	0.0
1.41936987E8	0.0	0.0
1.41939347E8	0.0	0.0
1.41941703E8	0.481104033970276	1.3626812585172752
1.419440575E8	0.0	0.0
1.41946411E8	0.0	0.0
1.419487635E8	0.0	0.0
1.419511115E8	0.60580204778157	1.5239834635814211
1.419534545E8	0.0	0.0
1.419557965E8	4.850555081127242	6.051938591669252
1.41958135E8	0.0	0.0
1.419604675E8	1.5858369098712446	4.382466039080165
1.419627965E8	0.0	0.0
1.419651245E8	99.1963058419244	43.559523994003804
1.419674515E8	344.3250214961307	282.82433196509936
1.41969777E8	0.0	0.0
1.419721005E8	0.0	0.0
1.419744205E8	0.0	0.0
1.41976738E8	0.0	0.0
1.419790505E8	3.3219237435008666	5.1676822020535615
1.41981358E8	0.0	0.0
1.419836635E8	28.295572916666668	27.811235926330205
1.41985967E8	3.179765523230569	7.353401533442043
1.41988266E8	1.9799564270152505	3.8117465504288033
1.4199056E8	0.0	0.0
1.41992852E8	0.8066346573548668	2.2322582435725
1.41995142E8	0.0	0.0
1.4199743E8	0.0	0.0
1.419997165E8	0.0	0.0
1.420020015E8	1.4921190893169878	1.9359263565909752
1.42004285E8	0.0	0.0
1.420065675E8	0.0	0.0
1.42008845E8	0.0	0.0
1.420111165E8	5.06079295154185	4.098780306383839
1.42013386E8	0.0	0.0
1.420156535E8	0.0	0.0
1.42017916E8	0.0	0.0
1.42020175E8	0.0	0.0
1.42022431E8	0.0	0.0
1.420246815E8	0.0	0.0
1.42026929E8	0.0	0.0
1.42029171E8	0.0	0.0
1.420314065E8	0.0	0.0
1.420336395E8	0.0	0.0
1.420358715E8	30.21057347670251	32.58847208055025
1.420381015E8	0.0	0.0
1.42040329E8	0.0	0.0
1.42042554E8	0.0	0.0
1.42044776E8	0.0	0.0
1.420469965E8	0.0	0.0
1.42049215E8	0.0	0.0
1.420514315E8	0.0	0.0
1.420536445E8	0.0	0.0
1.42055854E8	0.25712992304210047	0.7171191296320305
1.42058062E8	0.12868146805618486	0.4454878754954077
1.420602685E8	44.88893925657298	36.637778806883006
1.42062474E8	0.0	0.0
1.42064677E8	0.0	0.0
1.420668775E8	0.0	0.0
1.420690765E8	0.25932666060054593	0.7189113192782203
1.420712745E8	0.0	0.0
1.420734715E8	0.0	0.0
1.420756655E8	0.0	0.0
1.420778565E8	37.820547945205476	44.61695420733834
1.42080046E8	0.0	0.0
1.42082235E8	0.09365006852444038	0.30602298692163693
1.42084423E8	0.16095107453132146	0.40684585316750815
1.42086609E8	0.0	0.0
1.4208879E8	0.0	0.0
1.420909665E8	0.13051470588235295	0.41235514390617506
1.42093141E8	0.0	0.0
1.420953105E8	0.296398891966759	0.3885479752693
1.42097474E8	0.0	0.0
1.42099635E8	0.0	0.0
1.42101794E8	0.4710245711636532	1.0739896978636678
1.42103946E8	0.0	0.0
1.42106089E8	0.0	0.0
1.421082245E8	0.0	0.0
1.42110355E8	0.0	0.0
1.421124825E8	0.0	0.0
1.421146075E8	0.0	0.0
1.421167315E8	3.080979284369115	5.052828262105065
1.42118853E8	10.057574327512977	13.427676685853058
1.42120971E8	0.1341521020311762	0.3662678009751556
1.421230865E8	0.0	0.0
1.421252E8	0.13440605773781353	0.36661431742065603
1.42127313E8	0.0	0.0
1.42129426E8	0.11452910553715097	0.3653211411955906
1.421315385E8	0.0	0.0
1.42133649E8	0.0	0.0
1.421357575E8	0.0	0.0
1.42137864E8	0.0	0.0
1.42139969E8	0.7985748218527315	1.6268238440216674
1.42142073E8	0.0	0.0
1.421441755E8	0.0	0.0
1.421462745E8	0.0	0.0
1.421483705E8	0.13549618320610687	0.36809806194288347
1.421504655E8	0.0	0.0
1.421525595E8	0.0	0.0
1.421546525E8	1.2217973231357553	2.0261200665065666
1.421567435E8	2.9779904306220097	5.92496946472256
1.42158833E8	0.0	0.0
1.421609215E8	0.0	0.0
1.42163009E8	1.7589841878294201	5.096575698684338
1.42165096E8	0.1360804983229516	0.37018753584017805
1.421671825E8	0.0	0.0
1.421692675E8	0.0	0.0
1.4217135E8	5.185007208073042	12.795192964490937
1.4217343E8	0.0	0.0
1.42175509E8	0.0	0.0
1.421775875E8	0.0	0.0
1.421796645E8	0.5472061657032755	1.3547177254346887
1.421817365E8	0.0	0.0
1.421838025E8	44.32170542635659	104.9517746395934
1.42185866E8	0.13717886572952012	0.3703766538667362
1.42187929E8	36.61027629665536	45.3989745795481
1.421899915E8	0.19980601357904948	0.8333494987116209
1.421920525E8	0.0	0.0
1.421941125E8	0.0	0.0
1.421961725E8	0.1378640776699029	0.3916606416943464
1.42198232E8	0.27586206896551724	0.9676656870952615
1.422002865E8	0.0	0.0
1.422023345E8	0.0	0.0
1.422043795E8	0.0	0.0
1.42206423E8	0.0	0.0
1.42208462E8	0.0	0.0
1.42210496E8	0.0	0.0
1.42212529E8	0.0	0.0
1.422145605E8	0.5596059113300492	1.496136238890094
1.42216589E8	12.732116428219044	22.077988869035
1.42218613E8	0.140524492825334	0.37749663711633447
1.422206335E8	0.0	0.0
1.42222652E8	0.2816063460585027	0.8565996815186128
1.422246675E8	0.0	0.0
1.422266795E8	0.0	0.0
1.42228689E8	0.0	0.0
1.422306975E8	0.4243027888446215	1.1202589342117628
1.422327045E8	0.0	0.0
1.422347105E8	0.0	0.0
1.42236716E8	0.14164588528678304	0.37635871889300376
1.42238721E8	0.2832917705735661	0.9806100193119904
1.422407225E8	0.0	0.0
1.422427205E8	0.24724724724724725	0.7032030250891236
1.422447185E8	0.14214214214214213	0.3770174294938394
1.42246715E8	0.0	0.0
1.42248709E8	0.0	0.0
1.422507005E8	0.0	0.0
1.422526905E8	23.361306532663317	13.282644436108363
1.422546795E8	0.0	0.0
1.422566665E8	0.0	0.0
1.422586525E8	0.0	0.0
1.422606355E8	0.0	0.0
1.422626145E8	0.0	0.0
1.422645915E8	0.12651821862348178	0.35569399576529515
1.422665675E8	0.2854251012145749	0.8148420775438836
1.42268543E8	0.43139240506329113	1.0143277377128515
1.422705175E8	0.5754812563323202	1.0065640694646236
1.422724895E8	0.0	0.0
1.422744575E8	0.14445574771108852	0.3800733451731238
1.422764235E8	0.0	0.0
1.422783895E8	0.0	0.0
1.422803545E8	0.0	0.0
1.42282318E8	1098.0662251655629	1539.2496475005657
1.422842805E8	0.0	0.0
1.422862425E8	2.0219164118246686	2.4986234742463793
1.4228818E8	0.0	0.0
1.42289161E8	0.0	0.0
1.42290166E8	0.0	0.0
1.42292127E8	0.0	0.0
1.42294088E8	0.0	0.0
1.422960465E8	0.0	0.0
1.422980025E8	17.936605316973417	31.268569125128263
1.42299954E8	0.0	0.0
1.42301901E8	0.7293271700051361	1.3445852909056286
1.42303848E8	0.0	0.0
1.423057945E8	0.0	0.0
1.4230774E8	0.2812339331619537	0.6117949485946774
1.423096845E8	0.0	0.0
1.42311628E8	0.0	0.0
1.42313569E8	0.0	0.0
1.423155065E8	0.6074380165289256	1.4527688013178988
1.423174425E8	0.0	0.0
1.42319378E8	0.0	0.0
1.42321312E8	0.0	0.0
1.42323245E8	0.0	0.0
1.42325177E8	0.0	0.0
1.42327107E8	0.8626231207879731	1.8516801947974386
1.423290355E8	0.0	0.0
1.423309635E8	0.0	0.0
1.42332891E8	0.0	0.0
1.423348175E8	4.387331256490135	5.1536112816113935
1.423367435E8	0.0	0.0
1.423386685E8	0.14760914760914762	0.47384831384339077
1.423405905E8	0.0	0.0
1.42342509E8	0.2962962962962963	0.769800358919501
1.423444255E8	0.2964509394572025	0.6339392040290697
1.423463415E8	0.0	0.0
1.42348253E8	0.0	0.0
1.423501595E8	0.0	0.0
1.42352065E8	0.5055118110236221	1.3849585684129588
1.423539695E8	0.0	0.0
1.42355873E8	0.0	0.0
1.42357776E8	0.14923804519180242	0.46416515443729645
1.42359679E8	0.0	0.0
1.423615815E8	0.14931650893796003	0.4252790263613775
1.42363483E8	0.4460810099947396	0.9638385470975522
1.423653835E8	0.0	0.0
1.423672835E8	0.0	0.0
1.42369183E8	0.0	0.0
1.4237108E8	0.0	0.0
1.42372975E8	0.0	0.0
1.42374869E8	0.0	0.0
1.42376761E8	0.0	0.0
1.423786515E8	0.0	0.0
1.423805415E8	40.99470899470899	29.46042094262066
1.423824305E8	0.14883474576271186	0.45507961680031184
1.423843155E8	0.0	0.0
1.423861925E8	0.2932692307692308	0.5869849078564815
1.423880645E8	0.0	0.0
1.42389936E8	0.30358097274184925	0.779205971155059
1.423918065E8	0.0	0.0
1.423936765E8	0.0	0.0
1.42395546E8	0.15195291599785982	0.48409701480506795
1.42397415E8	0.0	0.0
1.42399284E8	0.0	0.0
1.424011525E8	0.0	0.0
1.42403019E8	0.0	0.0
1.42404883E8	910.0821256038647	861.5922171682593
1.42406746E8	0.0	0.0
1.424086055E8	0.0	0.0
1.424104605E8	0.3106796116504854	0.6585263532530817
1.42412313E8	0.0	0.0
1.42414163E8	0.0	0.0
1.42416009E8	0.0	0.0
1.42417852E8	0.0	0.0
1.42419695E8	0.0	0.0
1.42421538E8	1.078676071622355	2.3466534511869117
1.424233805E8	0.0	0.0
1.42425222E8	0.0	0.0
1.42427063E8	0.0	0.0
1.424288995E8	0.0	0.0
1.424307315E8	0.0	0.0
1.424325625E8	0.0	0.0
1.42434392E8	0.0	0.0
1.42436221E8	0.0	0.0
1.424380485E8	0.2667031763417306	0.8753031081949681
1.42439871E8	0.0	0.0
1.424416895E8	0.0	0.0
1.424435075E8	0.0	0.0
1.42445323E8	0.15664644236072808	0.45175395145262565
1.42447136E8	166.03585217870932	420.17940249529335
1.424489455E8	0.0	0.0
1.4245075E8	0.0	0.0
1.424525525E8	0.0	0.0
1.42454354E8	0.15769017212659633	0.44832961618982414
1.424561545E8	0.0	0.0
1.424579545E8	1.42	3.529557731186413
1.424597535E8	0.0	0.0
1.42461551E8	0.0	0.0
1.42463346E8	0.0	0.0
1.424651385E8	0.0	0.0
1.42466928E8	0.0	0.0
1.424687145E8	0.0	0.0
1.424705E8	0.0	0.0
1.42472285E8	0.9546218487394958	1.730918378021491
1.424740655E8	0.0	0.0
1.42475841E8	0.0	0.0
1.42477616E8	2.9577464788732395	3.72664558603896
1.42479391E8	0.0	0.0
1.424811635E8	0.0	0.0
1.42482933E8	0.4827586206896552	1.0791198809003741
1.424847005E8	43.58607021517554	55.78756117522933
1.42486464E8	0.0	0.0
1.424882225E8	0.6184510250569476	1.795495502703304
1.424899775E8	4.032497149372862	2.9558707985768145
1.4249173E8	0.32438606510565393	0.8054639223523967
1.42493479E8	0.0	0.0
1.42495226E8	0.0	0.0
1.42496973E8	0.0	0.0
1.42498718E8	0.0	0.0
1.4250046E8	0.0	0.0
1.425021995E8	0.16340621403912542	0.4223339174866361
1.42503937E8	0.0	0.0
1.425056725E8	0.0	0.0
1.42507406E8	0.3277553375649163	0.8647751860057141
1.425091385E8	0.0	0.0
1.425108685E8	0.0	0.0
1.425125945E8	0.0	0.0
1.425143185E8	0.988399071925754	1.7935822688096577
1.4251604E8	0.0	0.0
1.42517759E8	11.728330424665502	14.952708074684159
1.425194765E8	0.0	0.0
1.425211925E8	0.0	0.0
1.42522908E8	0.0	0.0
1.425246225E8	0.0	0.0
1.42526336E8	0.0	0.0
1.425280485E8	1.5566588785046729	2.3568849233800266
1.425297595E8	2.156140350877193	3.0945150495373044
1.425314695E8	1.8269005847953217	3.899167702462902
1.42533179E8	0.0	0.0
1.425348875E8	0.0	0.0
1.425365935E8	0.0	0.0
1.42538297E8	0.0	0.0
1.4254E8	0.0	0.0
1.425416995E8	0.0	0.0
1.425433925E8	6.0035502958579885	11.036142881647647
1.425450825E8	1.1715976331360947	1.8439088914585775
1.42546771E8	0.0	0.0
1.42548457E8	0.5056379821958457	0.8196402192552361
1.42550141E8	0.0	0.0
1.42551824E8	22.408793820558525	27.864283602016304
1.42553507E8	3.3636363636363638	4.672456301633159
1.425551885E8	0.0	0.0
1.42556868E8	0.33829660512209647	0.8225528616716332
1.425585465E8	0.0	0.0
1.42560223E8	0.0	0.0
1.42561894E8	1.8740251949610078	3.428505369718117
1.42563556E8	0.0	0.0
1.425652095E8	0.0	0.0
1.42566857E8	0.0	0.0
1.42568501E8	0.0	0.0
1.42570144E8	0.0	0.0
1.42571786E8	0.0	0.0
1.42573425E8	0.0	0.0
1.42575062E8	0.0	0.0
1.42576699E8	171.81979230299328	227.75594730608594
1.425783355E8	0.0	0.0
1.425799685E8	0.0	0.0
1.42581598E8	0.0	0.0
1.42583225E8	1.7070769230769232	2.4042270467465614
1.4258485E8	0.0	0.0
1.42586474E8	0.0	0.0
1.425880965E8	0.0	0.0
1.42589717E8	60.49289684990735	91.74567056111064
1.425913335E8	0.35192069392812886	0.865846528350581
1.42592946E8	1.0490378646803227	1.9415736544725195
1.425945565E8	3.5180124223602482	7.0974582100550805
1.425961665E8	0.7055900621118012	1.3318832694640552
1.425977755E8	1.0597014925373134	1.4622105530642764
1.42599378E8	0.35566687539135877	1.175836876729195
1.42600974E8	0.0	0.0
1.426025685E8	2.0451693851944794	2.760402930964934
1.426041585E8	0.0	0.0
1.426057445E8	0.0	0.0
1.426073305E8	0.0	0.0
1.42608914E8	0.0	0.0
1.42610493E8	0.0	0.0
1.4261207E8	0.0	0.0
1.42613646E8	0.0	0.0
1.4261522E8	0.0	0.0
1.42616792E8	0.0	0.0
1.42618361E8	0.0	0.0
1.426199275E8	10.572158365261814	7.29929404028842
1.426214905E8	0.18205128205128204	0.45007121943543843
1.426230505E8	0.0	0.0
1.426246095E8	0.0	0.0
1.426261665E8	0.0	0.0
1.426277225E8	0.0	0.0
1.42629278E8	0.0	0.0
1.42630832E8	0.3657437218287186	0.6884195249770355
1.426323845E8	1.4632731958762886	2.9285961240382665
1.426339355E8	0.0	0.0
1.426354855E8	0.15096774193548387	0.38854567548164
1.42637035E8	0.0	0.0
1.426385825E8	0.0	0.0
1.426401275E8	0.0	0.0
1.42641671E8	7.802333117303953	10.640352885449602
1.42643213E8	0.0	0.0
1.426447535E8	0.0	0.0
1.426462925E8	0.0	0.0
1.42647757E8	0.8166786484543493	1.2322062064259234
1.42648524E8	0.0	0.0
1.42649362E8	0.6797129810828441	1.2082560089526782
1.42650895E8	0.0	0.0
1.426524275E8	0.18407310704960836	0.44399092033150256
1.42653958E8	0.0	0.0
1.42655486E8	2.0327439423706615	5.670036364716739
1.42657012E8	0.0	0.0
1.42658537E8	0.0	0.0
1.42660062E8	30.10950819672131	26.593429485556744
1.42661585E8	0.0	0.0
1.426631055E8	0.0	0.0
1.42664625E8	0.0	0.0
1.426661435E8	0.0	0.0
1.426676605E8	0.0	0.0
1.426691735E8	0.0	0.0
1.42670683E8	0.7528164347249834	1.2270423258592047
1.426721915E8	0.0	0.0
1.426736975E8	44.19880319148936	79.87630480404647
1.426752015E8	0.0	0.0
1.426767045E8	0.0	0.0
1.426782025E8	0.0	0.0
1.426796955E8	0.0	0.0
1.426811875E8	2.474530831099196	2.8262936253751945
1.426826785E8	0.0	0.0
1.42684168E8	0.0	0.0
1.426856565E8	0.0	0.0
1.42687144E8	0.5211835911230666	1.143679452460271
1.42688631E8	3.3772696704774714	9.20297165538639
1.42690117E8	2.474074074074074	3.155882754412141
1.426916015E8	0.0	0.0
1.426930845E8	0.0	0.0
1.426945645E8	0.0	0.0
1.426960415E8	0.0	0.0
1.42697517E8	0.0	0.0
1.42698991E8	0.0	0.0
1.42700463E8	0.19306594153636983	0.5109274966823351
1.427019325E8	0.0	0.0
1.427034E8	0.0	0.0
1.427048665E8	0.0	0.0
1.427063315E8	0.19398907103825136	0.5279095799378564
1.427077945E8	0.38850889192886456	0.8814861223284965
1.42709256E8	0.0	0.0
1.42710717E8	0.0	0.0
1.42712177E8	0.0	0.0
1.427136355E8	19.458847736625515	23.063861362751457
1.427150925E8	0.0	0.0
1.42716547E8	0.0	0.0
1.427179995E8	0.0	0.0
1.427194515E8	0.0	0.0
1.42720903E8	0.37767057201929705	1.1187272476885874
1.427223515E8	0.0	0.0
1.427237975E8	0.1950207468879668	0.6065570706410692
1.42725243E8	0.0	0.0
1.42726687E8	1.1566181566181566	1.9712064543458876
1.42728129E8	0.0	0.0
1.427295695E8	1614.3555555555556	1995.5197500693064
1.427310075E8	0.0	0.0
1.427324415E8	0.0	0.0
1.427338735E8	0.0	0.0
1.427353055E8	0.0	0.0
1.427367365E8	0.0	0.0
1.42738166E8	0.1980405878236529	0.47247542802877346
1.42739595E8	12.803358992302309	12.35094475127815
1.42741022E8	0.0	0.0
1.427424465E8	0.0	0.0
1.427438705E8	0.0	0.0
1.427452945E8	0.0	0.0
1.42746718E8	0.0	0.0
1.427481405E8	1.1870604781997187	1.6368643482325491
1.42749562E8	0.0	0.0
1.42750982E8	0.0	0.0
1.427523995E8	2.1899717514124295	4.721405158071765
1.427538155E8	0.3644067796610169	1.1741086293211236
1.427552315E8	1.002824858757062	1.4423967812555154
1.42756647E8	0.16325088339222615	0.4040431702086129
1.427580605E8	0.0	0.0
1.427594725E8	0.0	0.0
1.42760884E8	0.0	0.0
1.427622945E8	0.0	0.0
1.427637035E8	0.0	0.0
1.427651115E8	0.0	0.0
1.42766519E8	2.0184790334044065	5.712241994161124
1.427679255E8	0.0	0.0
1.427693305E8	0.0	0.0
1.427707335E8	0.0	0.0
1.42772132E8	0.0	0.0
1.427735265E8	0.0	0.0
1.4277492E8	4.189519023689878	3.0144423839008536
1.42776312E8	0.0	0.0
1.42777703E8	0.0	0.0
1.42779094E8	0.0	0.0
1.427804825E8	0.8196248196248196	1.3246470302272053
1.427818685E8	0.0	0.0
1.42783254E8	0.0	0.0
1.427846385E8	0.41040462427745666	1.1480065658107137
1.42786022E8	8.322487346348518	5.244009769928018
1.427874045E8	0.4377713458755427	0.825603318406147
1.42788786E8	0.0	0.0
1.42790167E8	0.0	0.0
1.427915475E8	0.0	0.0
1.427929275E8	1.0289855072463767	2.07399355721331
1.42794307E8	3.399564902102973	6.110358067006719
1.427956855E8	0.6182873730043541	1.3409915530786003
1.42797063E8	0.0	0.0
1.4279844E8	2.953522149600581	5.589374191172656
1.42799817E8	0.0	0.0
1.42801194E8	0.15758896151053015	0.49836333439760133
1.428025705E8	0.2063953488372093	0.4622367258209525
1.42803946E8	0.0	0.0
1.428053205E8	0.16885007278020378	0.41091370478508477
1.428066945E8	0.0	0.0
1.42808068E8	0.0	0.0
1.4280944E8	0.0	0.0
1.4281081E8	0.0	0.0
1.428121785E8	0.0	0.0
1.428135455E8	0.18594436310395315	0.4312126657508487
1.42814909E8	0.0	0.0
1.428162695E8	6489.727205882353	5247.201140005638
1.428176275E8	2.5523598820059	4.028749925063861
1.428189835E8	4.456489675516224	6.939636487041046
1.42820339E8	0.0	0.0
1.42821694E8	0.0	0.0
1.428230475E8	0.0	0.0
1.42824399E8	0.0	0.0
1.42825748E8	0.0	0.0
1.42827095E8	3.795842613214551	3.6092556099431996
1.428284415E8	0.0	0.0
1.428297865E8	0.0	0.0
1.4283113E8	0.422933730454207	1.0210006333852324
1.42832472E8	66.88441461595824	120.61924179592704
1.428338125E8	5.302238805970149	3.8171842400371583
1.428351525E8	0.0	0.0
1.428364925E8	0.0	0.0
1.42837832E8	0.0	0.0
1.42839171E8	0.0	0.0
1.42840509E8	0.0	0.0
1.42841846E8	0.0	0.0
1.428431825E8	0.0	0.0
1.428445175E8	0.0	0.0
1.42845851E8	0.0	0.0
1.42847184E8	74.52438109527382	64.79690702332903
1.42848517E8	0.0	0.0
1.428498495E8	0.8521021021021021	1.8455774587256304
1.428511805E8	1.6541353383458646	2.522381020987431
1.428525105E8	0.0	0.0
1.428538395E8	0.8554216867469879	1.8497801888300003
1.42855167E8	0.0	0.0
1.428564935E8	0.0	0.0
1.428578195E8	0.0	0.0
1.42859144E8	0.0	0.0
1.42860467E8	0.0	0.0
1.428617895E8	0.4296520423600605	1.049457752067074
1.428631085E8	0.0	0.0
1.42864424E8	0.0	0.0
1.42865739E8	0.0	0.0
1.42867054E8	0.21596958174904943	0.5459843031769223
1.42868369E8	235.66311787072243	409.54138404701945
1.428696825E8	0.0	0.0
1.42870994E8	0.0	0.0
1.42872305E8	0.2135774218154081	0.5917046699798578
1.428736155E8	0.0	0.0
1.428749255E8	9.664885496183206	13.374979489175969
1.42876235E8	1.9526355996944231	2.3982741439138953
1.428775435E8	0.0	0.0
1.428788505E8	0.0	0.0
1.428801555E8	20.670245398773005	22.94237914289179
1.428814595E8	0.0	0.0
1.428827635E8	0.0	0.0
1.428840675E8	0.21779141104294478	0.5795598075713561
1.42885371E8	0.0	0.0
1.42886674E8	0.0	0.0
1.428879765E8	0.0	0.0
1.42889278E8	0.0	0.0
1.42890579E8	1.091468101460415	1.2756213539235313
1.42891879E8	3.9045419553502696	7.514317870319107
1.42893177E8	0.0	0.0
1.42894474E8	0.2189668465690054	0.5384234102423417
1.42895771E8	0.0	0.0
1.428970675E8	0.0	0.0
1.42898363E8	0.0	0.0
1.428996575E8	0.0	0.0
1.429009515E8	0.0	0.0
1.429022455E8	0.22024729520865532	0.5140980006286607
1.42903539E8	1.511214230471771	2.1115452532529795
1.42904831E8	0.0	0.0
1.429061215E8	0.0	0.0
1.42907411E8	0.0	0.0
1.42908699E8	130.9168609168609	78.40690390292541
1.429099855E8	0.0	0.0
1.42911271E8	0.0	0.0
1.429125555E8	0.0	0.0
1.429138395E8	11.259345794392523	6.686865817019858
1.42915123E8	0.0	0.0
1.42916406E8	20.692127825409198	18.53094565852538
1.429176885E8	3.081903276131045	2.886976512778622
1.4291897E8	0.0	0.0
1.429202505E8	0.0	0.0
1.429215305E8	0.0	0.0
1.4292281E8	0.0	0.0
1.429240885E8	0.8059467918622848	1.8059196695576325
1.429253665E8	0.22065727699530516	0.46974171306719736
1.429266445E8	0.0	0.0
1.42927922E8	941.0399373531715	535.8923266364675
1.42929199E8	144.59984338292873	249.30021088011696
1.42930476E8	0.0	0.0
1.429317525E8	0.0	0.0
1.42933028E8	666.2525490196078	913.7460946511324
1.42934303E8	0.0	0.0
1.429355775E8	0.0	0.0
1.429368515E8	0.0	0.0
1.429381245E8	0.0	0.0
1.42939396E8	0.0	0.0
1.42940667E8	0.0	0.0
1.42941938E8	0.0	0.0
1.42943209E8	0.0	0.0
1.4294448E8	2.4280094413847366	2.6232033677801803
1.429457505E8	93.82913385826771	103.0496363848758
1.429470205E8	1.7889763779527559	4.358537643946739
1.429482905E8	1.3417322834645669	2.3634353749687222
1.4294956E8	0.22379826635145783	0.5355744873692945
1.429508285E8	0.0	0.0
1.429520965E8	2.227129337539432	3.7077802078063677
1.429533635E8	12.390205371248026	15.629649387251284
1.42954629E8	0.21422924901185772	0.5222329678670935
1.429558935E8	5.614715189873418	7.273423531832704
1.42957157E8	0.0	0.0
1.4295842E8	0.0	0.0
1.42959683E8	2.0110847189231986	1.7293058758795519
1.429609455E8	0.0	0.0
1.429622075E8	0.0	0.0
1.429634695E8	0.0	0.0
1.42964731E8	0.0	0.0
1.42965992E8	45.34892942109437	32.090721914436436
1.429672525E8	105.37301587301587	91.36508832743152
1.429685125E8	0.0	0.0
1.429697725E8	2.907936507936508	6.448021721969004
1.429710325E8	0.0	0.0
1.42972292E8	140.34551231135822	288.3380523043602
1.429735505E8	0.0	0.0
1.429748085E8	11.511128775834658	26.806333043815634
1.429760665E8	13.392686804451511	26.13624568741177
1.42977324E8	0.0	0.0
1.42978579E8	0.0	0.0
1.42979832E8	8.133280127693535	9.091448144795919
1.429810845E8	0.0	0.0
1.42982336E8	0.0	0.0
1.42983587E8	0.0	0.0
1.42984838E8	0.0	0.0
1.42986089E8	0.6810551558752997	1.1087905423597997
1.429873395E8	5.2216	9.58269273221259
1.42988589E8	0.0	0.0
1.429898375E8	0.0	0.0
1.42991085E8	0.45549318364073776	0.7765612104351634
1.429923315E8	0.0	0.0
1.429935775E8	1.2263242375601926	2.592122899014533
1.429948225E8	0.0	0.0
1.42996066E8	148.67578439259856	188.94046362079817
1.429973085E8	18.288244766505635	31.68334165592879
1.4299855E8	0.0	0.0
1.42999791E8	1.1426269137792102	1.5498693766279743
1.43001032E8	1.144238517324738	2.685052785499498
1.430022725E8	1.1451612903225807	2.633224443100499
1.430035125E8	0.0	0.0
1.430047525E8	82.83064516129032	72.8473935150427
1.43005992E8	3.4382566585956416	7.370895801958217
1.4300719E8	0.0	0.0
1.43007809E8	0.0	0.0
1.430084685E8	0.0	0.0
1.430097065E8	80.85864297253634	144.01570828431628
1.430109445E8	0.0	0.0
1.43012182E8	0.0	0.0
1.430134185E8	0.0	0.0
1.43014654E8	0.0	0.0
1.43015889E8	1.0040485829959513	1.556753603296462
1.430171235E8	0.0	0.0
1.430183575E8	12.050243111831442	11.32816801604195
1.430195915E8	0.0	0.0
1.43020825E8	0.0	0.0
1.43022058E8	0.6634225466342255	1.7615336531074302
1.430232905E8	0.45535714285714285	0.855179027356944
1.43024522E8	1.7562956945572705	3.5191249558540405
1.43025753E8	0.2307067424857839	0.5813231776564435
1.43026984E8	0.2307067424857839	0.589648038323112
1.43028215E8	0.0	0.0
1.430294455E8	1.3853658536585365	1.3792893185949944
1.43030675E8	0.0	0.0
1.43031904E8	0.0	0.0
1.430331325E8	0.0	0.0
1.4303436E8	0.0	0.0
1.43035587E8	606.2632436837815	671.4737037295846
1.43036814E8	0.0	0.0
1.43038041E8	0.0	0.0
1.430392675E8	0.0	0.0
1.430404935E8	0.0	0.0
1.430417195E8	0.0	0.0
1.43042945E8	1.8628571428571428	2.7578459503232384
1.4304417E8	0.0	0.0
1.43045395E8	0.0	0.0
1.4304662E8	0.0	0.0
1.43047845E8	0.0	0.0
1.4304907E8	0.18040816326530612	0.4247448213519573
1.430502945E8	52.48937908496732	74.5237328956748
1.430515185E8	1.7009803921568627	2.6143770424828623
1.430527425E8	0.23202614379084968	0.48169092143287245
1.430539665E8	1.1601307189542485	2.0291986247835694
1.4305519E8	0.0	0.0
1.43056413E8	0.0	0.0
1.43057636E8	0.0	0.0
1.430588585E8	74.5278232405892	60.42123682321585
1.430600805E8	2.9459901800327333	3.377503314812762
1.43061302E8	0.0	0.0
1.430625225E8	0.0	0.0
1.430637425E8	1.3967213114754098	2.7594843899469073
1.43064962E8	0.0	0.0
1.43066181E8	0.0	0.0
1.430674E8	0.0	0.0
1.430686185E8	10.426108374384237	13.440466554964033
1.430698365E8	0.0	0.0
1.430710525E8	0.7018121911037891	1.3644099448218743
1.43072266E8	0.0	0.0
1.430734785E8	0.0	0.0
1.430746905E8	0.23432343234323433	0.6306264892762574
1.43075902E8	0.0	0.0
1.43077113E8	0.0	0.0
1.430783235E8	0.0	0.0
1.43079533E8	0.0	0.0
1.43080742E8	1.4094292803970223	1.842203521077042
1.43081951E8	0.0	0.0
1.430831595E8	0.0	0.0
1.430843675E8	0.0	0.0
1.430855755E8	0.47019867549668876	1.1580412784737022
1.430867835E8	0.0	0.0
1.43087991E8	0.23446561723280862	0.48421649830711944
1.430891975E8	0.4709784411276949	0.9705446317688794
1.43090403E8	4.947717842323652	6.197710727136385
1.43091608E8	0.0	0.0
1.43092813E8	0.8406639004149378	1.1782961184433178
1.43094017E8	0.0	0.0
1.4309522E8	0.0	0.0
1.43096423E8	0.0	0.0
1.430976255E8	0.47254575707154745	1.0447555422656736
1.430988275E8	0.9450915141430949	1.9824521362559444
1.43100029E8	0.0	0.0
1.431012295E8	36.41583333333333	65.13567251002581
1.431024295E8	0.23666666666666666	0.6137317546507323
1.431036295E8	0.0	0.0
1.43104829E8	0.0	0.0
1.43106028E8	0.6113427856547122	1.2934685477699326
1.431072265E8	0.0	0.0
1.431084245E8	0.7312186978297162	1.156386057735135
1.43109622E8	0.0	0.0
1.43110819E8	0.0	0.0
1.43112015E8	0.0	0.0
1.4311321E8	0.23765690376569037	0.5928443599684857
1.43114405E8	1.80418410041841	2.7569615195144968
1.431156E8	0.0	0.0
1.43116795E8	111.33389121338912	125.15751748936385
1.431179895E8	0.40954773869346733	0.6432226235010586
1.43119183E8	0.23805532271584243	0.5146634411629994
1.43120376E8	0.0	0.0
1.43121569E8	0.0	0.0
1.43122762E8	0.0	0.0
1.431239545E8	0.0	0.0
1.431251465E8	10.817953020134228	11.496716776727837
1.431263385E8	0.0	0.0
1.4312753E8	0.0	0.0
1.43128721E8	0.23845507976490343	0.4883186252488261
1.431299115E8	0.0	0.0
1.431311015E8	0.0	0.0
1.431322915E8	0.0	0.0
1.43133481E8	0.6820857863751051	1.2314220789059929
1.4313467E8	0.0	0.0
1.43135859E8	0.0	0.0
1.43137048E8	0.0	0.0
1.43138237E8	0.0	0.0
1.43139426E8	0.4592094196804037	1.1614787129658615
1.431406145E8	0.0	0.0
1.431418015E8	0.0	0.0
1.431429875E8	0.0	0.0
1.431441735E8	6.997470489038786	7.819420627800298
1.431453595E8	0.0	0.0
1.431465455E8	0.38195615514333897	0.9493940554441277
1.43147731E8	0.0	0.0
1.43148916E8	0.0	0.0
1.43150101E8	0.9586497890295359	1.628853755547755
1.43151286E8	0.0	0.0
1.431524705E8	0.0	0.0
1.431536545E8	0.0	0.0
1.431548385E8	0.0	0.0
1.431560225E8	0.0	0.0
1.431572055E8	0.24027072758037224	0.5699763999032771
1.431583875E8	77.71404399323181	55.173790952968126
1.43159569E8	0.0	0.0
1.4316075E8	38.16172734970364	47.53920793701318
1.43161931E8	0.0	0.0
1.43163111E8	0.4817642069550466	0.8520792311254582
1.4316429E8	0.0	0.0
1.43165469E8	0.0	0.0
1.431666475E8	0.0	0.0
1.431678255E8	0.0	0.0
1.431690035E8	0.0	0.0
1.431701815E8	0.8930390492359932	1.535654354148732
1.431713595E8	0.48217317487266553	1.249787757872653
1.431725375E8	0.0	0.0
1.43173715E8	0.0	0.0
1.431748915E8	8767.214285714286	11481.16374752355
1.43176067E8	0.0	0.0
1.43177242E8	1.4502127659574469	3.0388967763024257
1.431784165E8	0.0	0.0
1.431795905E8	0.0	0.0
1.43180764E8	0.0	0.0
1.43181937E8	0.0	0.0
1.4318311E8	0.96845694799659	1.962999601102887
1.43184282E8	0.0	0.0
1.43185453E8	1.6925704526046115	2.887885116147265
1.43186624E8	0.2425277540563621	0.5829926621021072
1.43187795E8	0.0	0.0
1.431889655E8	0.9709401709401709	1.7792728755904659
1.43190135E8	0.0	0.0
1.43191304E8	0.0	0.0
1.431924725E8	0.0	0.0
1.4319364E8	0.0	0.0
1.43194807E8	0.0	0.0
1.43195974E8	0.22793487574978577	0.5538677589733517
1.431971405E8	0.0	0.0
1.431983065E8	211.23413379073756	132.88555026137183
1.431994725E8	322.6157804459691	364.3152179700937
1.432006385E8	0.0	0.0
1.43201804E8	0.0	0.0
1.43202969E8	0.0	0.0
1.432041335E8	0.0	0.0
1.43205297E8	0.0	0.0
1.4320646E8	167.99054170249354	130.32273584150275
1.43207623E8	0.0	0.0
1.43208786E8	1.465176268271711	2.3157838168008023
1.43209949E8	0.0	0.0
1.43211112E8	41.31986242476354	63.09676064413544
1.432122745E8	26.265060240963855	19.95308611315298
1.432134365E8	0.0	0.0
1.432145985E8	87.16609294320138	145.8279318727579
1.4321576E8	0.0	0.0
1.43216921E8	0.0	0.0
1.43218082E8	0.0	0.0
1.432192425E8	0.0	0.0
1.432204025E8	3.043965517241379	4.1686432093544
1.432215625E8	0.0	0.0
1.43222722E8	0.0	0.0
1.43223881E8	0.0	0.0
1.4322504E8	1.2070750647109578	1.8799151854273493
1.43226199E8	0.2450388265746333	0.5710895086759679
1.43227358E8	18.621225194132872	16.138796176263643
1.432285165E8	0.0	0.0
1.432296745E8	155.16407599309153	171.9798985120877
1.432308325E8	0.22279792746113988	0.5004315926569667
1.4323199E8	1.3154710458081245	1.276744997006512
1.43233147E8	2.4546240276577356	4.714860011340118
1.432343035E8	0.0	0.0
1.432354595E8	0.0	0.0
1.43236615E8	0.0	0.0
1.4323777E8	0.2025974025974026	0.4501082120972718
1.43238925E8	0.0	0.0
1.4324008E8	70.65454545454546	123.55100249067272
1.432412345E8	0.0	0.0
1.432423885E8	0.0	0.0
1.432435425E8	0.49220103986135183	1.2080033514248734
1.432446965E8	0.9844020797227037	1.5107930590403065
1.4324585E8	0.0	0.0
1.43247003E8	0.0	0.0
1.43248156E8	0.0	0.0
1.432493085E8	1.4791666666666667	2.852873794770615
1.432504605E8	0.0	0.0
1.432516125E8	0.0	0.0
1.432527645E8	0.0	0.0
1.43253916E8	0.6516072980017377	1.1169649829966293
1.432550665E8	0.24695652173913044	0.598548970064453
1.432562165E8	0.24695652173913044	0.637931439685434
1.432573655E8	0.0	0.0
1.432585135E8	0.0	0.0
1.432596615E8	0.23344947735191637	0.585093577792065
1.432608095E8	20.276132404181183	27.741385956248095
1.432619575E8	0.0	0.0
1.432631055E8	0.0	0.0
1.43264253E8	0.990409764603313	1.403072975673535
1.432654E8	216.691368788143	165.26472383746662
1.43266547E8	0.24760244115082825	0.49759666513234213
1.432676935E8	0.0	0.0
1.432688395E8	0.0	0.0
1.432699855E8	0.0	0.0
1.43271131E8	0.7825327510917031	1.3110214691515998
1.432722755E8	4.22027972027972	3.9178629825008366
1.432734195E8	1.256118881118881	2.0805459208273507
1.432745635E8	178.31555944055944	90.99320846092846
1.432757075E8	7.939685314685315	10.976014855032863
1.432768515E8	0.0	0.0
1.43277995E8	0.0	0.0
1.43279138E8	0.9693788276465442	1.9691407543865869
1.432802805E8	0.0	0.0
1.432814225E8	0.48774080560420313	0.7302567741672534
1.432825645E8	195.6322241681261	302.184841833563
1.43283706E8	24.998247151621385	31.46453006258948
1.43284847E8	75.61524978089395	59.51136112893112
1.432859875E8	12.208771929824561	8.348547515228928
1.432871275E8	0.49122807017543857	0.9769267960867286
1.432882675E8	1.181578947368421	1.5568186183773354
1.432894075E8	0.0	0.0
1.43290547E8	7.677787532923618	7.49328057204208
1.43291686E8	0.0	0.0
1.43292825E8	0.0	0.0
1.43293964E8	0.6892010535557507	1.7162652144164605
1.43295103E8	0.0	0.0
1.432962415E8	0.0	0.0
1.43297379E8	0.2497801231310466	0.6374421180200266
1.432985155E8	2261.12411971831	3289.085323187014
1.432996515E8	0.0	0.0
1.433007875E8	383.0413732394366	297.54334072984403
1.433019235E8	0.0	0.0
1.43303059E8	0.0	0.0
1.43304194E8	0.0	0.0
1.43305329E8	3.754185022026432	3.564509345232061
1.433064635E8	0.0	0.0
1.433075975E8	26.628747795414462	21.34287980846349
1.433087315E8	1497.100529100529	2381.651495799224
1.433098655E8	0.0	0.0
1.43310999E8	0.0	0.0
1.43312132E8	0.0	0.0
1.43313265E8	0.4960282436010591	0.9224090643019739
1.433143975E8	9255.920494699647	10377.288622794365
1.433155295E8	0.9452296819787986	2.114229094566375
1.433166615E8	0.0	0.0
1.433177935E8	0.0	0.0
1.43318925E8	0.0	0.0
1.43320056E8	1630.3828470380195	2657.3580236359744
1.43321187E8	0.0	0.0
1.433223175E8	0.0	0.0
1.433234475E8	0.9964601769911504	1.7754470956298671
1.433245775E8	0.22300884955752212	0.5844595113042326
1.43325707E8	0.0	0.0
1.43326836E8	0.5031000885739593	1.0480062474881227
1.43327965E8	3.6554472984942428	5.675300392388416
1.43329094E8	0.25155004428697963	0.6681412684830453
1.43330222E8	0.7559893522626442	1.1529061308640227
1.43331349E8	0.0	0.0
1.433324755E8	62.40230905861456	78.9569154272335
1.433336015E8	0.0	0.0
1.433347275E8	0.0	0.0
1.433358535E8	0.0	0.0
1.433369795E8	3.7726465364120783	6.284973197991153
1.43338105E8	11.130666666666666	19.21564177665916
1.4333923E8	0.0	0.0
1.433403545E8	0.7580071174377224	1.1505839458162568
1.433414785E8	0.0	0.0
1.43342602E8	0.0	0.0
1.43343725E8	59.46660730186999	130.12674142343587
1.43344848E8	0.0	0.0
1.43345971E8	1.9928762243989315	3.5028292851480036
1.43347094E8	0.22974176313446126	0.47931384617436334
1.433482165E8	192.44919786096256	123.64069471809974
1.43349338E8	0.0	0.0
1.433504585E8	0.9366071428571429	1.5168694265304636
1.43351578E8	2.7890974084003575	4.096032213345178
1.43352697E8	2.1206434316353886	1.911116999526782
1.433538155E8	1.7084078711985689	2.8478093140320433
1.433549335E8	0.0	0.0
1.433560515E8	0.0	0.0
1.433571695E8	0.0	0.0
1.43358287E8	0.0	0.0
1.43359404E8	0.0	0.0
1.43360521E8	0.25335720680393914	0.5033460110142318
1.43361638E8	0.25425246195165624	0.5042345307013952
1.43362755E8	4.51566696508505	3.82448409637195
1.43363872E8	1.4789615040286481	1.4999253935489827
1.433649885E8	0.0	0.0
1.433661045E8	4.830645161290323	7.666725104966621
1.433668735E8	68.47867298578198	38.30053889465334
1.433674315E8	1.318443804034582	2.2683767635052106
1.433683365E8	0.0	0.0
1.433694525E8	1.017921146953405	1.3730639677371945
1.433705685E8	0.0	0.0
1.43371684E8	0.0	0.0
1.43372799E8	0.0	0.0
1.43373914E8	0.7533632286995515	1.1956573140143683
1.433750285E8	0.0	0.0
1.433761425E8	0.0	0.0
1.433772565E8	0.17953321364452424	0.5992215177119797
1.433783705E8	0.0	0.0
1.433794845E8	0.0	0.0
1.433805985E8	0.0	0.0
1.433817115E8	0.0	0.0
1.433828235E8	0.0	0.0
1.433839355E8	0.0	0.0
1.433850475E8	255.70773381294964	421.00923835110603
1.43386159E8	4.5004500450045	2.700801627840019
1.433872695E8	0.0	0.0
1.433883795E8	0.25585585585585585	0.5599227745979918
1.433894895E8	2.046846846846847	1.6625173574925358
1.433905995E8	0.0	0.0
1.43391709E8	0.0	0.0
1.43392818E8	0.0	0.0
1.43393927E8	1.9504057709648333	3.163988078211139
1.43395036E8	0.0	0.0
1.433961445E8	3.332129963898917	2.999097337124143
1.433972525E8	0.0	0.0
1.4339836E8	0.0	0.0
1.43399467E8	2.0523938572719063	3.222549277860384
1.43400574E8	0.0	0.0
1.434016805E8	71.60397830018083	45.812367937685416
1.434027865E8	0.0	0.0
1.43403892E8	0.0	0.0
1.43404997E8	0.0	0.0
1.43406102E8	0.0	0.0
1.43407207E8	0.0	0.0
1.43408312E8	0.0	0.0
1.43409417E8	0.0	0.0
1.43410521E8	0.0	0.0
1.43411624E8	0.0	0.0
1.43412727E8	0.0	0.0
1.434138295E8	0.0	0.0
1.434149315E8	0.0	0.0
1.434160335E8	0.0	0.0
1.43417135E8	1.2225249772933697	1.6809560015119591
1.43418236E8	0.0	0.0
1.43419337E8	0.0	0.0
1.434204375E8	423.0181818181818	621.6610469321101
1.434215375E8	0.0	0.0
1.43422637E8	0.0	0.0
1.43423736E8	1.4868061874431302	2.076121883371322
1.434248345E8	3.879781420765027	7.25140524036046
1.434259325E8	0.0	0.0
1.434270305E8	0.0	0.0
1.43428128E8	0.0	0.0
1.43429225E8	0.0	0.0
1.43430322E8	0.0	0.0
1.434314185E8	0.0	0.0
1.434325145E8	0.0	0.0
1.434336095E8	0.8711151736745887	2.259046408646095
1.43434703E8	0.0	0.0
1.434357955E8	0.0	0.0
1.43436887E8	0.0	0.0
1.43437978E8	0.2603116406966086	0.5102074486878927
1.434390685E8	0.0	0.0
1.434401585E8	0.0	0.0
1.434412485E8	1.355045871559633	1.4708170356280137
1.434423385E8	4.141284403669725	4.330391850396642
1.434434285E8	0.0	0.0
1.43444518E8	0.0	0.0
1.43445607E8	0.26078971533516987	0.7119600075436806
1.434466955E8	0.0	0.0
1.434477835E8	0.9908088235294118	1.5024489812224808
1.434488715E8	0.2610294117647059	0.6315829785733063
1.434499595E8	2.6075367647058822	4.836955623724736
1.43451047E8	0.0	0.0
1.43452134E8	23.22263109475621	29.693512621654037
1.43453221E8	4.702851885924563	4.847632413704577
1.434543075E8	13.086556169429098	10.19194243546022
1.434553935E8	2.356353591160221	3.020037441988574
1.434564795E8	1.3075506445672191	1.4297548373856352
1.434575655E8	0.0	0.0
1.434586505E8	0.0	0.0
1.434597345E8	0.0	0.0
1.434608185E8	0.0	0.0
1.434619025E8	0.0	0.0
1.434629865E8	0.0	0.0
1.4346407E8	0.0	0.0
1.43465153E8	0.0	0.0
1.43466236E8	531.690674053555	351.5715029677239
1.434673185E8	0.0	0.0
1.434684005E8	0.0	0.0
1.43469482E8	0.0	0.0
1.43470563E8	4.872340425531915	3.8314391544757154
1.434716435E8	0.7129629629629629	1.295647986030042
1.434727235E8	0.0	0.0
1.434738035E8	4.478703703703704	6.016643582596529
1.43474883E8	0.0	0.0
1.43475962E8	0.2632066728452271	0.5130367168587713
1.434770405E8	0.0	0.0
1.434781185E8	142.01669758812616	284.4215038226447
1.434791965E8	0.0	0.0
1.434802745E8	0.0	0.0
1.43481352E8	0.0	0.0
1.43482429E8	0.0	0.0
1.434835055E8	0.0	0.0
1.434845815E8	0.0	0.0
1.434856575E8	0.0	0.0
1.434867335E8	0.0	0.0
1.43487809E8	0.0	0.0
1.43488884E8	3.744186046511628	3.677714153567245
1.43489959E8	31.389767441860464	41.31923365416452
1.43491034E8	0.0	0.0
1.434921085E8	0.7653631284916201	1.4023125353955066
1.434931825E8	5.771880819366853	5.098928211036466
1.434942565E8	20.002793296089386	44.636030656574675
1.434953305E8	0.0	0.0
1.43496404E8	0.0	0.0
1.434974765E8	152.75466417910448	55.2713371373918
1.434985485E8	0.0	0.0
1.4349962E8	0.0	0.0
1.43500691E8	5.258636788048553	3.876838740277175
1.435017615E8	0.3850467289719626	0.853798549200467
1.435028315E8	0.0	0.0
1.435039015E8	0.0	0.0
1.43504971E8	0.0	0.0
1.4350604E8	0.0	0.0
1.435071085E8	0.5318352059925093	1.0853122231518664
1.43508176E8	0.0	0.0
1.43509243E8	0.0	0.0
1.4351031E8	0.0	0.0
1.435113765E8	0.0	0.0
1.435124415E8	0.8007518796992481	1.5205361143978036
1.435135055E8	0.0	0.0
1.435145695E8	3.024436090225564	2.8872939173928125
1.43515633E8	0.0	0.0
1.43516696E8	0.0	0.0
1.43517759E8	1.1138287864534338	1.4085480204345817
1.43518822E8	7.909689557855127	8.286724470254082
1.43519885E8	0.0	0.0
1.43520948E8	0.0	0.0
1.43522011E8	0.0	0.0
1.43523074E8	0.0	0.0
1.435241365E8	68.23634651600753	39.752293280920014
1.435251985E8	0.0	0.0
1.435262605E8	2.1393596986817327	2.775328487030461
1.435273225E8	0.0	0.0
1.435283845E8	0.0	0.0
1.43529446E8	1.0047125353440152	1.931679446852179
1.435305065E8	129.91415094339624	215.54687578431137
1.435315665E8	274.66603773584905	209.60115313668103
1.435326265E8	0.0	0.0
1.43533686E8	9.278564683663834	4.784792560698329
1.43534745E8	0.4438149197355996	1.0591567547636531
1.43535804E8	0.0	0.0
1.435368625E8	0.0	0.0
1.435379205E8	5571.348771266541	5172.816098366888
1.435389785E8	0.0	0.0
1.435400365E8	8.74102079395085	11.705345910025297
1.43541094E8	0.0	0.0
1.435421505E8	0.2689393939393939	0.6014502674722361
1.435432065E8	0.0	0.0
1.435442625E8	0.7679924242424242	1.5059855325475155
1.435453185E8	0.0	0.0
1.43546374E8	0.0	0.0
1.43547429E8	0.0	0.0
1.43548484E8	0.26919431279620853	0.5188393901740774
1.435495385E8	6.186907020872865	5.134897533108312
1.435505925E8	0.0	0.0
1.43551646E8	0.0	0.0
1.43552699E8	3.764482431149098	4.43931327731768
1.43553752E8	10.502374169040836	13.779328558988722
1.43554805E8	17.261158594491928	24.109023502519015
1.43555858E8	3.0759734093067426	2.551650677030037
1.435569105E8	0.0	0.0
1.435579625E8	284.4477186311787	419.23678505012356
1.435590145E8	0.5399239543726235	1.1235468011830523
1.43560066E8	0.0	0.0
1.43561117E8	0.0	0.0
1.43562168E8	1.2331113225499524	2.2559784196388732
1.43563219E8	0.0	0.0
1.4356427E8	1.3510941960038059	2.452401297053313
1.435653205E8	0.0	0.0
1.435663705E8	1.3523809523809525	2.3270664140153143
1.4356742E8	0.27073403241182076	0.6097398216805209
1.43568469E8	0.0	0.0
1.43569518E8	0.26024785510009535	0.6700739113792996
1.43570567E8	0.0	0.0
1.43571616E8	0.0	0.0
1.435726645E8	0.0	0.0
1.435737125E8	3.6956106870229006	4.712234360869133
1.435747605E8	0.0	0.0
1.435758085E8	0.0	0.0
1.435768565E8	7.892175572519084	5.284736049653173
1.43577904E8	1284.5291308500477	1918.9342578027167
1.43578951E8	0.0	0.0
1.43579998E8	0.271251193887297	0.6685741574511098
1.43581045E8	0.542502387774594	0.8564603641155027
1.435820915E8	0.0	0.0
1.43583137E8	0.0	0.0
1.43584182E8	0.0	0.0
1.43585227E8	0.5435406698564593	1.0840293433412587
1.43586272E8	0.0	0.0
1.435873165E8	0.0	0.0
1.435883605E8	38.89080459770115	67.16961146962846
1.435894045E8	13.28256704980843	20.03213414660138
1.43590448E8	0.2722914669223394	0.5327257645098264
1.43591491E8	1.0891658676893576	1.6086415724247207
1.435925335E8	0.0	0.0
1.435935755E8	0.0	0.0
1.435946175E8	78.2168905950096	83.6288241596538
1.435956595E8	2.841650671785029	2.5542107043971165
1.435967015E8	0.19577735124760076	0.4424673448375606
1.43597743E8	2.1825168107588855	1.9913356993322746
1.43598784E8	0.0	0.0
1.43599825E8	0.0	0.0
1.436008655E8	0.0	0.0
1.436019055E8	0.0	0.0
1.436029455E8	0.0	0.0
1.436039855E8	0.9932692307692308	1.8184418520345293
1.43605025E8	0.8200192492781521	1.5299386338319674
1.43606064E8	8.487969201154957	5.6422884250807135
1.43607103E8	0.0	0.0
1.436081415E8	0.0	0.0
1.436091795E8	0.8208092485549133	1.2722016781259917
1.436102175E8	0.0	0.0
1.43611255E8	0.0	0.0
1.43612292E8	0.0	0.0
1.43613329E8	0.0	0.0
1.43614366E8	128.84281581485052	54.233556849284646
1.436154025E8	0.0	0.0
1.436164385E8	3.8378378378378377	6.483867714608352
1.43617474E8	0.0	0.0
1.43618509E8	0.49082125603864735	0.9560385252884681
1.43619544E8	0.0	0.0
1.43620579E8	0.0	0.0
1.43621614E8	0.0	0.0
1.43622648E8	0.0	0.0
1.43623681E8	0.691190706679574	2.0364538394172955
1.43624714E8	1.287512100677638	2.009898062751559
1.43625747E8	2.749273959341723	2.793298577121446
1.436267795E8	0.0	0.0
1.436278115E8	3.1724806201550386	4.6137643747190165
1.436288435E8	0.0	0.0
1.43629875E8	0.0	0.0
1.43630906E8	0.0	0.0
1.43631937E8	0.550921435499515	1.2550576632642547
1.436329675E8	14.605825242718447	11.595278583841493
1.436339975E8	0.0	0.0
1.436350275E8	0.0	0.0
1.43636057E8	1.379980563654033	2.1966048543826395
1.43637086E8	0.19436345966958213	0.44086671417740547
1.43638115E8	5313.298347910592	5075.210067892377
1.43639144E8	128.89795918367346	199.97021887114627
1.43640173E8	0.0	0.0
1.43641202E8	0.0	0.0
1.43642231E8	0.0	0.0
1.436432595E8	0.0	0.0
1.436442875E8	0.0	0.0
1.43645315E8	0.0	0.0
1.43646342E8	0.0	0.0
1.43647369E8	0.0	0.0
1.436483955E8	0.2729044834307992	0.6652030717800791
1.436494215E8	0.0	0.0
1.43650447E8	0.0	0.0
1.43651472E8	0.0	0.0
1.43652497E8	0.0	0.0
1.43653522E8	0.0	0.0
1.43654546E8	0.0	0.0
1.43655569E8	0.0	0.0
1.436565915E8	0.0	0.0
1.436576135E8	2.203522504892368	2.366390564823093
1.436586355E8	9.459882583170254	9.273407470055176
1.436596575E8	0.0	0.0
1.43660679E8	1.1126346718903035	1.0318151517329737
1.436617E8	1.2918707149853086	1.745008271830286
1.43662721E8	0.0	0.0
1.436637415E8	360.6637254901961	284.62745344555566
1.436647615E8	0.0	0.0
1.436657815E8	0.0	0.0
1.43666801E8	0.0	0.0
1.4366782E8	0.0	0.0
1.43668839E8	0.2787046123650638	0.6465732120553679
1.43669858E8	0.0	0.0
1.43670877E8	3.568204121687929	5.061059945537674
1.436718955E8	12.696463654223969	20.015637305334632
1.436729135E8	0.0	0.0
1.436739315E8	0.27897838899803534	0.5281840484130843
1.436749495E8	0.0	0.0
1.436759665E8	0.0	0.0
1.436769825E8	0.0	0.0
1.436779985E8	0.0	0.0
1.43679014E8	0.0	0.0
1.43680029E8	0.0	0.0
1.436810435E8	0.0	0.0
1.436820575E8	37.870808678500985	48.36567645321546
1.436830715E8	0.0	0.0
1.436840855E8	0.4891518737672584	0.9025495336819509
1.436850995E8	0.0	0.0
1.43686113E8	1.68213228035538	3.6249383015479886
1.43687126E8	0.0	0.0
1.43688139E8	0.28035538005923	0.5294859583211154
1.436891515E8	0.2183794466403162	0.4662524041201569
1.436901635E8	0.28063241106719367	0.601381808048251
1.436911755E8	1.683794466403162	1.8147942750817696
1.436921875E8	35.83399209486166	39.72805283194964
1.436931995E8	4.717391304347826	6.268214565088857
1.43694211E8	0.0	0.0
1.43695222E8	28.572700296735906	29.789668214738708
1.43696233E8	0.0	0.0
1.43697244E8	0.5618199802176064	1.200889877764119
1.436982545E8	8.761386138613862	8.171854619411194
1.436992645E8	0.0	0.0
1.437002745E8	0.8435643564356435	1.5908152216102696
1.437012845E8	0.2811881188118812	0.5819053715047994
1.437022935E8	0.0	0.0
1.437033015E8	0.0	0.0
1.437043095E8	0.0	0.0
1.43705317E8	0.0	0.0
1.43706324E8	0.0	0.0
1.437073305E8	0.0	0.0
1.437083365E8	0.5646123260437376	0.9819443526644585
1.437093425E8	0.0	0.0
1.43710348E8	0.19701492537313434	0.5499886927829105
1.43711353E8	0.0	0.0
1.43712358E8	53.51144278606965	75.85665979873419
1.43713363E8	910.0328358208956	1156.128664791354
1.43714368E8	2.262686567164179	3.210988595618806
1.437153725E8	0.0	0.0
1.437163765E8	0.0	0.0
1.437173805E8	0.0	0.0
1.437183845E8	0.0	0.0
1.43719388E8	0.0	0.0
1.4372039E8	2.5284715284715285	4.011098489056469
1.43721391E8	0.0	0.0
1.43722392E8	1.097902097902098	1.9708160452248922
1.43723393E8	0.0	0.0
1.43724394E8	3.682317682317682	5.239231856823141
1.437251765E8	1.9361702127659575	3.143720522470828
1.437257305E8	0.47794117647058826	0.9054573105213026
