#Position (bp)	insert size	chromosomes
179658.5	449.0218006541984	0.0
538974.5	451.3419947396986	39637.55430504305
898290.5	693.3887413591791	0.0
1257606.5	529.4553223196302	0.0
1616922.5	502.3166914940038	39637.55430504305
1976238.5	398.81943050418664	0.0
2335554.5	612.8726208808131	0.0
2694870.5	510.08940631552593	39637.55430504305
3054186.5	576.9827479800523	0.0
3413502.5	371.50784683959637	0.0
3772818.5	648.1222704129738	39637.55430504305
4132134.5	404.4380593932161	0.0
4491450.5	388.72133314320814	0.0
4850766.5	458.7406826653742	39637.55430504305
5210082.5	513.0247300500395	0.0
5569398.5	699.7417334358644	0.0
5928714.5	907.8398292849217	39637.55430504305
6288030.5	413.1307728223138	0.0
6647346.5	528.4503899529328	0.0
7006662.5	414.5286745406824	39637.55430504305
7365978.5	967.8113874302322	0.0
7725294.5	454.0703281297916	0.0
8084610.5	604.1799575560555	39637.55430504305
8443926.5	659.4056603175409	0.0
8803242.5	680.685177647264	0.0
9162558.5	437.94083082221266	39637.55430504305
9521874.5	638.156995449959	0.0
9881190.5	365.1516643652235	0.0
1.02405065E7	413.56480110778995	39637.55430504305
1.05998225E7	481.06067945418766	0.0
1.09591385E7	455.3511067749984	0.0
1.13184545E7	468.7411580594679	39637.55430504305
1.16777705E7	465.84694222132174	0.0
1.20370865E7	693.031413219417	0.0
1.23964025E7	2449.866621825293	39637.55430504305
1.27557185E7	580.829043939345	0.0
1.31150345E7	457.20338626748537	0.0
1.34743505E7	413.1131146284444	39637.55430504305
1.38336665E7	388.3742248402394	0.0
1.41929825E7	600.7479635376261	0.0
1.45522985E7	782.30670624747	39637.55430504305
1.49116145E7	903.2570257525231	0.0
1.52709305E7	350.4751642886744	0.0
1.56302465E7	579.2188683886839	39637.55430504305
1.59895625E7	1177.1105657452854	0.0
1.63488785E7	730.9722098437236	0.0
1.67081945E7	641.8998913986139	39637.55430504305
1.70675105E7	527.4461054287963	0.0
1.74268265E7	633.8643631061616	0.0
1.77861425E7	3565.563227953411	39637.55430504305
1.81454585E7	1452.658242270444	0.0
1.85047745E7	468.7216125450446	0.0
1.88640905E7	544.2368818692242	39637.55430504305
1.92234065E7	520.1205493436576	0.0
1.95827225E7	587.586730799161	0.0
1.99420385E7	1802.5019369767563	39637.55430504305
2.03013545E7	5600.264194907994	0.0
2.06606705E7	886.9437744253478	0.0
2.10199865E7	729.8357120384406	39637.55430504305
2.13793025E7	1121.9856479266655	0.0
2.17386185E7	441.62032682450246	0.0
2.20979345E7	1814.6341494091678	39637.55430504305
2.24572505E7	537.7599676049199	0.0
2.28165665E7	1693.9309417495433	0.0
2.31758825E7	819.1415250474307	39637.55430504305
2.34346265E7	507.16227994724466	0.0
2.36142845E7	4218.730994152047	0.0
2.38945145E7	2371.6878167824293	39637.55430504305
2.42538305E7	2666.2447790723236	0.0
2.46131465E7	4321.800899621212	0.0
2.49724625E7	1540.4716001401675	39637.55430504305
2.53317785E7	9393.095680877772	0.0
2.56910945E7	3518.1669919152496	0.0
2.60504105E7	10944.410787172012	39637.55430504305
2.64097265E7	6288.7422615852565	0.0
2.67690425E7	2105.34301212508	0.0
2.71283585E7	1267.5903177443536	39637.55430504305
2.74876745E7	3406.8129355077835	0.0
2.78469905E7	6284.046549909599	0.0
2.82063065E7	633.2145844485098	39637.55430504305
2.85656225E7	718.7087709338632	0.0
2.89249385E7	805.4801495003288	0.0
2.92842545E7	535.6763813709202	39637.55430504305
2.96435705E7	521.5029954358408	0.0
3.00028865E7	675.3891606304404	0.0
3.03622025E7	781.3886080858558	39637.55430504305
3.07215185E7	561.7861897074234	0.0
3.10808345E7	519.2999218668612	0.0
3.14401505E7	403.6017022218329	39637.55430504305
3.17994665E7	502.7627128295655	0.0
3.21587825E7	521.6451995324762	0.0
3.25180985E7	378.91702783669723	39637.55430504305
3.28774145E7	479.21821864833345	0.0
3.32367305E7	394.9733579927905	0.0
3.35960465E7	627.1375258388465	39637.55430504305
3.39553625E7	1198.5577889996503	0.0
3.43146785E7	422.10262319939346	0.0
3.46739945E7	656.7981984902515	39637.55430504305
3.50333105E7	1151.307216792743	0.0
3.53926265E7	398.58408473875727	0.0
3.57519425E7	926.1659635254312	39637.55430504305
3.61112585E7	484.11068433334106	0.0
3.64705745E7	469.4520299991349	0.0
3.68298905E7	452.5443145389402	39637.55430504305
3.71892065E7	675.3858942572713	0.0
3.75485225E7	856.2141617477376	0.0
3.79078385E7	500.673737655315	39637.55430504305
3.82671545E7	371.77614490772385	0.0
3.86264705E7	570.6323901727665	0.0
3.89857865E7	377.6388975929355	39637.55430504305
3.93451025E7	647.9505226919686	0.0
3.97044185E7	548.492171559707	0.0
4.00637345E7	474.1344753957322	39637.55430504305
4.04230505E7	414.4688788926412	0.0
4.07823665E7	732.154474531849	0.0
4.11416825E7	384.6305015901595	39637.55430504305
4.15009985E7	420.48219984593374	0.0
4.18603145E7	507.1627990430622	0.0
4.22196305E7	644.5872298116343	39637.55430504305
4.25789465E7	667.4575827001368	0.0
4.29382625E7	668.5279337586894	0.0
4.32975785E7	483.6564131776322	39637.55430504305
4.36568945E7	371.35411175724107	0.0
4.40162105E7	720.1839528615308	0.0
4.43755265E7	457.253958348192	39637.55430504305
4.47348425E7	707.8812933898272	0.0
4.50941585E7	683.4923314757784	0.0
4.54534745E7	704.2885151949325	39637.55430504305
4.58127905E7	589.3012244208036	0.0
4.61721065E7	631.7490739760822	0.0
4.65314225E7	704.1626560939965	39637.55430504305
4.68907385E7	576.5427690623205	0.0
4.72500545E7	451.97070919899903	0.0
4.76093705E7	584.1737460593918	39637.55430504305
4.79686865E7	568.5301139409266	0.0
4.83280025E7	400.16373039149175	0.0
4.86541545E7	1063.0460647166879	39637.55430504305
4.88338125E7	6910.791139240507	0.0
4.90466345E7	410.4233696202817	0.0
4.94059505E7	560.5413652255183	39637.55430504305
4.97652665E7	566.1104931884807	0.0
5.01245825E7	464.1290257502764	0.0
5.04838985E7	447.9418688210099	39637.55430504305
5.08432145E7	527.8189914479505	0.0
5.12025305E7	673.9438489222554	0.0
5.15618465E7	410.88970234081495	39637.55430504305
5.19211625E7	438.5035324052443	0.0
5.22804785E7	1184.984766959936	0.0
5.26397945E7	511.7185429519292	39637.55430504305
5.29991105E7	621.5175209998988	0.0
5.33584265E7	543.5940671047005	0.0
5.37177425E7	344.6462031967258	39637.55430504305
5.40770585E7	802.6907934637578	0.0
5.44363745E7	535.7192246492116	0.0
5.47956905E7	396.29877431952383	39637.55430504305
5.51550065E7	460.44355564247996	0.0
5.55143225E7	503.7085837509734	0.0
5.58736385E7	522.8929124552947	39637.55430504305
5.62329545E7	433.4278421968925	0.0
5.65922705E7	646.2657591280145	0.0
5.69515865E7	441.52474063847455	39637.55430504305
5.73109025E7	526.9191790822811	0.0
5.76702185E7	370.3198913589827	0.0
5.80295345E7	684.7905005902336	39637.55430504305
5.83888505E7	569.5660643983548	0.0
5.87481665E7	481.04380472729355	0.0
5.91074825E7	1229.6907260265664	39637.55430504305
5.94667985E7	315.0672865016369	0.0
5.98261145E7	470.4481449718483	0.0
6.01854305E7	876.1704058356103	39637.55430504305
6.05447465E7	510.56460604464877	0.0
6.09040625E7	481.27514264217194	0.0
6.12633785E7	559.9883108840378	39637.55430504305
6.16226945E7	514.9290338841544	0.0
6.19820105E7	667.8446010785104	0.0
6.23413265E7	545.5324590622162	39637.55430504305
6.27006425E7	454.2925856488442	0.0
6.30599585E7	961.2987820545762	0.0
6.34192745E7	510.87405068816014	39637.55430504305
6.37785905E7	540.0330170210646	0.0
6.41379065E7	449.1977597962089	0.0
6.44972225E7	451.4187781249728	39637.55430504305
6.48565385E7	499.9363106887689	0.0
6.52158545E7	577.0220161393213	0.0
6.55751705E7	603.4874261077728	39637.55430504305
6.59344865E7	800.4763762757493	0.0
6.62938025E7	498.2163221787531	0.0
6.66531185E7	450.32517129982097	39637.55430504305
6.70124345E7	603.6787457883518	0.0
6.73717505E7	443.31114941904656	0.0
6.77310665E7	423.3624229762809	39637.55430504305
6.80903825E7	714.5855514288662	0.0
6.84496985E7	450.6188971907849	0.0
6.88090145E7	507.315705964917	39637.55430504305
6.91683305E7	526.6683667838159	0.0
6.95276465E7	500.4196046662346	0.0
6.98869625E7	476.8782168025972	39637.55430504305
7.02462785E7	443.3352567129218	0.0
7.06055945E7	518.5190541882309	0.0
7.09649105E7	332.35669523060585	39637.55430504305
7.13242265E7	814.0829774252593	0.0
7.16835425E7	546.6650462457213	0.0
7.20428585E7	708.4196515696028	39637.55430504305
7.24021745E7	11151.323558327966	0.0
7.27614905E7	1949.5568552433517	0.0
7.31208065E7	1910.2803203661326	39637.55430504305
7.34801225E7	2169.6667774454413	0.0
7.38394385E7	1075.7935383435238	0.0
7.41987545E7	3118.5721581237	39637.55430504305
7.45580705E7	20778.500735654732	0.0
7.49173865E7	4475.820361145704	0.0
7.52767025E7	7405.830396475771	39637.55430504305
7.56360185E7	7960.884	0.0
7.59953345E7	1582.5253330603157	0.0
7.63546505E7	29748.521583449372	39637.55430504305
7.67139665E7	1328.39154100116	0.0
7.690225E7	271.6333333333333	0.0
7.7081908E7	3598.779300891021	39637.55430504305
7.74325985E7	8994.472607260726	0.0
7.77919145E7	1538.5477916941331	0.0
7.81512305E7	5298.107769423559	39637.55430504305
7.85105465E7	1006.2215608465608	0.0
7.88698625E7	2288.978885135135	0.0
7.92291785E7	1226.113344988345	39637.55430504305
7.95884945E7	2578.0386276391555	0.0
7.99478105E7	1554.7184980907934	0.0
8.03071265E7	8404.178043850101	39637.55430504305
8.06664425E7	2535.57256751327	0.0
8.10257585E7	482.77635995450635	0.0
8.13850745E7	388.512453522623	39637.55430504305
8.17443905E7	468.0765861960563	0.0
8.21037065E7	870.4596299053494	0.0
8.24630225E7	526.279753508413	39637.55430504305
8.28223385E7	566.9024468928178	0.0
8.31816545E7	521.4232623578059	0.0
8.35409705E7	433.03157135607256	39637.55430504305
8.39002865E7	889.6159117172031	0.0
8.42596025E7	492.92561511866	0.0
8.46189185E7	447.9317252337909	39637.55430504305
8.49782345E7	581.7950977969375	0.0
8.53375505E7	364.8765440093248	0.0
8.56968665E7	501.4110151213086	39637.55430504305
8.60561825E7	563.4118997584451	0.0
8.64154985E7	427.01654221886804	0.0
8.67748145E7	453.6520969710602	39637.55430504305
8.71341305E7	526.6279216577498	0.0
8.74934465E7	384.7645916005291	0.0
8.78527625E7	461.778653025695	39637.55430504305
8.82120785E7	480.4438204732351	0.0
8.85713945E7	1729.3889595699302	0.0
8.89307105E7	1569.9597181879983	39637.55430504305
8.92900265E7	414.6485593706039	0.0
8.96493425E7	520.9580987202925	0.0
9.00086585E7	771.3338241114541	39637.55430504305
9.03679745E7	615.952647782458	0.0
9.07272905E7	566.8942894323233	0.0
9.10866065E7	400.57146383608983	39637.55430504305
9.14459225E7	439.0746505376344	0.0
9.18052385E7	560.9752281453366	0.0
9.21645545E7	497.1999708795093	39637.55430504305
9.25238705E7	391.7246748488734	0.0
9.28831865E7	387.36823165014835	0.0
9.32425025E7	562.2285195245889	39637.55430504305
9.36018185E7	591.4492622788953	0.0
9.39611345E7	535.3328736522988	0.0
9.43204505E7	459.05090390104664	39637.55430504305
9.46797665E7	420.8119287308875	0.0
9.50390825E7	997.942202992033	0.0
9.53983985E7	745.6497287683414	39637.55430504305
9.57577145E7	484.5996863581983	0.0
9.61170305E7	569.0704081292316	0.0
9.64763465E7	709.0529809259082	39637.55430504305
9.68356625E7	644.9030735737563	0.0
9.71949785E7	608.3371764194039	0.0
9.75542945E7	576.8372042408979	39637.55430504305
9.79136105E7	684.595147959697	0.0
9.82729265E7	763.3016820954249	0.0
9.86322425E7	740.3118471907242	39637.55430504305
9.89915585E7	621.5393454090821	0.0
9.93508745E7	465.2402908795037	0.0
9.97101905E7	578.727464939956	39637.55430504305
1.000695065E8	536.4764363527831	0.0
1.004288225E8	404.71589514217015	0.0
1.007881385E8	430.7769147972869	39637.55430504305
1.011474545E8	519.9266862502052	0.0
1.015067705E8	454.7312073147558	0.0
1.018660865E8	372.647291397682	39637.55430504305
1.022254025E8	603.170636185198	0.0
1.025847185E8	422.9435252796007	0.0
1.029440345E8	436.2627477553786	39637.55430504305
1.033033505E8	887.394732329641	0.0
1.036626665E8	715.8854977562048	0.0
1.040219825E8	439.79282676574417	39637.55430504305
1.043812985E8	466.36933751595063	0.0
1.047406145E8	425.43235539382914	0.0
1.050999305E8	742.1618585652285	39637.55430504305
1.054592465E8	678.1200405290102	0.0
1.058185625E8	628.757504914723	0.0
1.061778785E8	402.90566632822794	39637.55430504305
1.065371945E8	444.62749774287516	0.0
1.068965105E8	634.5274787505425	0.0
1.072558265E8	681.7182462993421	39637.55430504305
1.076151425E8	720.9316277018086	0.0
1.079744585E8	611.3661242556846	0.0
1.083337745E8	578.4598088576364	39637.55430504305
1.086930905E8	607.9170540198904	0.0
1.089314775E8	424.0370315533182	0.0
1.091111355E8	423.22614001366276	39637.55430504305
1.094117225E8	918.3102772226589	0.0
1.097710385E8	649.9000673206386	0.0
1.101303545E8	624.1367453559235	39637.55430504305
1.10324175E8	529.2721359940872	0.0
1.10503833E8	1171.7498156795282	0.0
1.108489865E8	408.27361350045055	39637.55430504305
1.112083025E8	493.94338611813663	0.0
1.115676185E8	530.7224166940646	0.0
1.119269345E8	414.06718055807113	39637.55430504305
1.122862505E8	488.24393922321514	0.0
1.126455665E8	494.174616377812	0.0
1.130048825E8	794.3933406026435	39637.55430504305
1.133641985E8	1013.1612774451098	0.0
1.137235145E8	592.7724724236699	0.0
1.140828305E8	783.7261961242291	39637.55430504305
1.144421465E8	807.8100793280448	0.0
1.148014625E8	823.9082879356852	0.0
1.151607785E8	1031.6838090726046	39637.55430504305
1.155200945E8	482.96598371195887	0.0
1.158794105E8	479.12221006819186	0.0
1.162387265E8	496.79296201685486	39637.55430504305
1.165980425E8	519.7709705638257	0.0
1.169573585E8	611.4919407264766	0.0
1.173166745E8	476.5950967975393	39637.55430504305
1.176759905E8	607.5356657459774	0.0
1.180353065E8	487.3991492378589	0.0
1.183946225E8	522.248183146552	39637.55430504305
1.187539385E8	568.5571528644961	0.0
1.191132545E8	933.6111831542547	0.0
1.194725705E8	635.5663413808993	39637.55430504305
1.198318865E8	385.3800438026653	0.0
1.201912025E8	511.21791160583723	0.0
1.205505185E8	1300.108496501181	39637.55430504305
1.209098345E8	545.11680688296	0.0
1.212691505E8	774.4858828121612	0.0
1.216284665E8	479.490508720604	39637.55430504305
1.219877825E8	528.8675294537666	0.0
1.223470985E8	371.05400891656643	0.0
1.227064145E8	1033.8478922716627	39637.55430504305
1.230657305E8	941.2467219416911	0.0
1.234250465E8	449.27907808819583	0.0
1.237843625E8	654.8194391866314	39637.55430504305
1.241436785E8	643.9340283267151	0.0
1.245029945E8	737.5021483131763	0.0
1.248623105E8	850.3652424942263	39637.55430504305
1.252216265E8	1523.1376377074328	0.0
1.255809425E8	420.1552100311317	0.0
1.259402585E8	405.41611654785504	39637.55430504305
1.262995745E8	535.480054266251	0.0
1.266588905E8	574.8028757913839	0.0
1.270182065E8	455.54223534287814	39637.55430504305
1.273775225E8	1097.3805115231055	0.0
1.277368385E8	438.2040426781519	0.0
1.280961545E8	519.4980240843887	39637.55430504305
1.284554705E8	677.3093656875266	0.0
1.288147865E8	429.4613111790879	0.0
1.291741025E8	886.4934572101544	39637.55430504305
1.295334185E8	544.693582458611	0.0
1.298927345E8	389.5383358000329	0.0
1.302520505E8	580.9647617488129	39637.55430504305
1.306113665E8	536.0951697917567	0.0
1.309706825E8	593.075464506908	0.0
1.313299985E8	836.9007789317508	39637.55430504305
1.316893145E8	733.4420012976714	0.0
1.320486305E8	789.862133068177	0.0
1.324079465E8	1984.2141434262949	39637.55430504305
1.327672625E8	499.68428538916703	0.0
1.331265785E8	672.0264957264957	0.0
1.334858945E8	1001.9597338633025	39637.55430504305
1.337730805E8	1187.9297331871346	0.0
1.339527385E8	1181.2887266828873	0.0
1.342045265E8	19598.206096752816	39637.55430504305
1.345638425E8	39637.55430504305	0.0
1.349231585E8	15699.184841111848	0.0
1.352824745E8	3330.537865311309	39637.55430504305
1.356417905E8	1850.2218837268342	0.0
1.360011065E8	9044.40907884258	0.0
1.363604225E8	5196.320613911575	39637.55430504305
1.367197385E8	7279.364252835772	0.0
1.370790545E8	2104.049148052692	0.0
1.374033365E8	473.33444937109766	39637.55430504305
1.375577225E8	263.4507206034308	0.0
1.375927565E8	1984.308320950966	0.0
1.376371405E8	331.73201438848923	39637.55430504305
1.37699935E8	632.4310344827586	0.0
1.37786751E8	266.55555555555554	0.0
1.37868371E8	1285.846481404673	39637.55430504305
1.37942101E8	334.16931216931215	0.0
1.37980213E8	366.30263157894734	0.0
1.38019627E8	487.53968253968253	39637.55430504305
1.38089538E8	954.3804347826087	0.0
1.38156123E8	1458.3029045643154	0.0
1.382206275E8	378.35897435897436	39637.55430504305
1.38280805E8	329.44805194805195	0.0
1.38323179E8	16268.5	0.0
1.383484915E8	0.0	39637.55430504305
1.38384028E8	1711.9915492957746	0.0
1.384312265E8	2573.8947368421054	0.0
1.384772795E8	1393.9773755656108	39637.55430504305
1.38522045E8	454.480694980695	0.0
1.385663025E8	346.1260853152133	0.0
1.38610046E8	3292.756097560976	39637.55430504305
1.38651258E8	1131.5806451612902	0.0
1.386833775E8	726.3432835820895	0.0
1.387019305E8	278.4166666666667	39637.55430504305
1.38726341E8	0.0	0.0
1.387630385E8	657.275641025641	0.0
1.3879854E8	702.5701628759375	39637.55430504305
1.3883298E8	309.93617021276594	0.0
1.388668195E8	302.0	0.0
1.389001375E8	1939.111111111111	39637.55430504305
1.389325255E8	339.6923721709975	0.0
1.38963047E8	290.6875	0.0
1.38991991E8	284.04	39637.55430504305
1.390198715E8	117.5	0.0
1.39044446E8	252.344	0.0
1.390581695E8	297.0	39637.55430504305
1.39074104E8	280.7	0.0
1.391000815E8	277.9647058823529	0.0
1.39125904E8	1834.8444444444444	39637.55430504305
1.391516555E8	534.9245283018868	0.0
1.391772845E8	270.9234234234234	0.0
1.39202833E8	2456.7936507936506	39637.55430504305
1.39227853E8	334.0	0.0
1.392522945E8	1878.593837535014	0.0
1.392761035E8	0.0	39637.55430504305
1.392991635E8	233.0	0.0
1.393219065E8	229.07692307692307	0.0
1.39344169E8	271.4100609756098	39637.55430504305
1.393656665E8	420.0	0.0
1.39386585E8	468.3565022421525	0.0
1.394057875E8	207.0	39637.55430504305
1.394157655E8	0.0	0.0
1.39426072E8	1291.3636363636363	0.0
1.394433E8	0.0	39637.55430504305
1.394591395E8	300.6923076923077	0.0
1.39474609E8	0.0	0.0
1.394898515E8	245.5	39637.55430504305
1.39504877E8	273.3164556962025	0.0
1.39519712E8	209.28571428571428	0.0
1.39534307E8	0.0	39637.55430504305
1.39548658E8	259.42857142857144	0.0
1.395628065E8	453.0	0.0
1.395768695E8	205.0	39637.55430504305
1.395908865E8	0.0	0.0
1.396048595E8	277.3333333333333	0.0
1.39618797E8	291.0	39637.55430504305
1.396327175E8	265.0	0.0
1.39646447E8	0.0	0.0
1.39659998E8	272.63953488372096	39637.55430504305
1.39673523E8	0.0	0.0
1.39687001E8	259.2	0.0
1.39700456E8	247.71428571428572	39637.55430504305
1.397138915E8	0.0	0.0
1.397272965E8	0.0	0.0
1.39740652E8	207.0	39637.55430504305
1.397539385E8	0.0	0.0
1.397671835E8	306.2142857142857	0.0
1.397738625E8	0.0	39637.55430504305
1.39780441E8	276.3636363636364	0.0
1.397935115E8	165.0	0.0
1.39806605E8	0.0	39637.55430504305
1.398195725E8	275.44086021505376	0.0
1.398324245E8	0.0	0.0
1.39845262E8	273.85714285714283	39637.55430504305
1.398580325E8	244.33333333333334	0.0
1.3987073E8	0.0	0.0
1.398833975E8	206.0	39637.55430504305
1.398960405E8	507.98275862068965	0.0
1.399086725E8	0.0	0.0
1.399212565E8	233.0	39637.55430504305
1.39933781E8	361.61032331253546	0.0
1.39946267E8	278.875	0.0
1.399587085E8	296.44444444444446	39637.55430504305
1.399711325E8	0.0	0.0
1.39983544E8	340.0	0.0
1.399959275E8	265.1164383561644	39637.55430504305
1.400082885E8	260.0	0.0
1.40020559E8	211.0	0.0
1.400327265E8	187.0	39637.55430504305
1.400448715E8	0.0	0.0
1.4005699E8	0.0	0.0
1.400690545E8	0.0	39637.55430504305
1.40081085E8	236.25	0.0
1.400930995E8	255.83333333333334	0.0
1.40105101E8	251.0	39637.55430504305
1.40117094E8	202.2	0.0
1.401281635E8	0.0	0.0
1.40134155E8	0.0	39637.55430504305
1.401410485E8	256.51851851851853	0.0
1.40153003E8	0.0	0.0
1.40164882E8	0.0	39637.55430504305
1.40176667E8	282.3076923076923	0.0
1.4018842E8	384.0203841630733	0.0
1.40200076E8	248.67567567567568	39637.55430504305
1.402116215E8	0.0	0.0
1.402231315E8	0.0	0.0
1.402345955E8	270.0	39637.55430504305
1.402459205E8	269.0	0.0
1.402571045E8	0.0	0.0
1.402682415E8	0.0	39637.55430504305
1.4027885E8	289.6040100250627	0.0
1.40288828E8	297.5	0.0
1.402984445E8	0.0	39637.55430504305
1.40307799E8	0.0	0.0
1.403166425E8	0.0	0.0
1.40324819E8	0.0	39637.55430504305
1.403326835E8	245.33333333333334	0.0
1.403402015E8	0.0	0.0
1.4034742E8	0.0	39637.55430504305
1.40354483E8	268.75	0.0
1.403614525E8	288.03636363636366	0.0
1.403683705E8	266.88461538461536	39637.55430504305
1.403752505E8	253.88888888888889	0.0
1.403821105E8	0.0	0.0
1.40388953E8	257.09090909090907	39637.55430504305
1.403957145E8	0.0	0.0
1.404023365E8	197.75	0.0
1.404088075E8	250.0	39637.55430504305
1.404151525E8	274.0	0.0
1.40421418E8	277.0625	0.0
1.40427633E8	260.65	39637.55430504305
1.404337675E8	223.42857142857142	0.0
1.404398365E8	0.0	0.0
1.40445888E8	238.33333333333334	39637.55430504305
1.404519085E8	256.0	0.0
1.404579005E8	299.0	0.0
1.404638765E8	340.3076923076923	39637.55430504305
1.404698365E8	319.0	0.0
1.4047577E8	261.0	0.0
1.40481673E8	247.2962085308057	39637.55430504305
1.404875345E8	0.0	0.0
1.404915035E8	0.0	0.0
1.404943895E8	0.0	39637.55430504305
1.404990715E8	258.0	0.0
1.405047025E8	346.4500420993545	0.0
1.40510262E8	0.0	39637.55430504305
1.405157995E8	234.5	0.0
1.40521292E8	281.57894736842104	0.0
1.40526756E8	296.9968253968254	39637.55430504305
1.40532181E8	0.0	0.0
1.40537566E8	265.59056603773587	0.0
1.405429375E8	0.0	39637.55430504305
1.405482795E8	217.0	0.0
1.40553603E8	244.0	0.0
1.405589225E8	255.0	39637.55430504305
1.40564221E8	0.0	0.0
1.405694775E8	236.66666666666666	0.0
1.40574688E8	0.0	39637.55430504305
1.405798735E8	275.05263157894734	0.0
1.405850135E8	0.0	0.0
1.40590093E8	0.0	39637.55430504305
1.405951535E8	0.0	0.0
1.40600212E8	0.0	0.0
1.406052535E8	0.0	39637.55430504305
1.406102665E8	258.0	0.0
1.406152645E8	0.0	0.0
1.406202595E8	260.7142857142857	39637.55430504305
1.406252495E8	0.0	0.0
1.40630226E8	0.0	0.0
1.40635179E8	0.0	39637.55430504305
1.40640115E8	0.0	0.0
1.4064504E8	0.0	0.0
1.4064995E8	270.8351851851852	39637.55430504305
1.406548455E8	0.0	0.0
1.40659729E8	212.38725490196077	0.0
1.40664601E8	303.0	39637.55430504305
1.406694435E8	0.0	0.0
1.40674261E8	0.0	0.0
1.40679061E8	313.1666666666667	39637.55430504305
1.40683806E8	0.0	0.0
1.40688509E8	0.0	0.0
1.406931635E8	0.0	39637.55430504305
1.40697758E8	0.0	0.0
1.40702335E8	0.0	0.0
1.40706898E8	0.0	39637.55430504305
1.40711432E8	0.0	0.0
1.40715925E8	316.1923076923077	0.0
1.40720393E8	324.8333333333333	39637.55430504305
1.407248515E8	217.5	0.0
1.407292955E8	293.14285714285717	0.0
1.407337135E8	0.0	39637.55430504305
1.40738111E8	0.0	0.0
1.40742499E8	0.0	0.0
1.407468785E8	0.0	39637.55430504305
1.40751256E8	290.0	0.0
1.407556295E8	0.0	0.0
1.40759995E8	239.0	39637.55430504305
1.407643435E8	250.0	0.0
1.407686665E8	273.6216216216216	0.0
1.407729765E8	273.72972972972974	39637.55430504305
1.40777284E8	0.0	0.0
1.40781584E8	274.98056801195816	0.0
1.40785876E8	306.510460251046	39637.55430504305
1.40790157E8	0.0	0.0
1.407944295E8	0.0	0.0
1.407986935E8	229.0	39637.55430504305
1.40802937E8	0.0	0.0
1.40807165E8	144.0	0.0
1.408113885E8	0.0	39637.55430504305
1.408156105E8	257.05263157894734	0.0
1.408198225E8	420.6279069767442	0.0
1.40824022E8	288.0	39637.55430504305
1.408282145E8	256.75	0.0
1.408324E8	0.0	0.0
1.408365825E8	300.0	39637.55430504305
1.40840755E8	0.0	0.0
1.408449115E8	295.0	0.0
1.40849054E8	286.0	39637.55430504305
1.40851497E8	0.0	0.0
1.408535395E8	0.0	0.0
1.40857247E8	0.0	39637.55430504305
1.408613235E8	162.0	0.0
1.40865389E8	313.6458333333333	0.0
1.408694335E8	0.0	39637.55430504305
1.40873455E8	0.0	0.0
1.408774675E8	0.0	0.0
1.408814765E8	301.0	39637.55430504305
1.40885475E8	0.0	0.0
1.408894625E8	0.0	0.0
1.408934395E8	0.0	39637.55430504305
1.408974065E8	0.0	0.0
1.409013685E8	328.14285714285717	0.0
1.409053235E8	293.09634551495014	39637.55430504305
1.40909269E8	3102.0	0.0
1.409132055E8	0.0	0.0
1.409171345E8	0.0	39637.55430504305
1.409210595E8	234.33333333333334	0.0
1.40924982E8	0.0	0.0
1.40928899E8	0.0	39637.55430504305
1.40932812E8	0.0	0.0
1.409367215E8	195.0	0.0
1.4094061E8	300.0	39637.55430504305
1.409444775E8	264.5	0.0
1.409483385E8	284.5231607629428	0.0
1.409521765E8	0.0	39637.55430504305
1.40955989E8	293.125	0.0
1.409597955E8	0.0	0.0
1.409636015E8	240.0	39637.55430504305
1.40967392E8	0.0	0.0
1.40971157E8	180.0	0.0
1.40974907E8	280.14285714285717	39637.55430504305
1.40978648E8	0.0	0.0
1.409823815E8	266.75	0.0
1.40986105E8	213.28571428571428	39637.55430504305
1.409898215E8	312.6	0.0
1.40993536E8	0.0	0.0
1.409972465E8	0.0	39637.55430504305
1.41000941E8	0.0	0.0
1.410046115E8	223.9375	0.0
1.410082665E8	155.0	39637.55430504305
1.41011916E8	0.0	0.0
1.410155645E8	0.0	0.0
1.410192115E8	240.0	39637.55430504305
1.410228535E8	254.66666666666666	0.0
1.410264835E8	257.0	0.0
1.410301055E8	0.0	39637.55430504305
1.41033718E8	0.0	0.0
1.41037321E8	0.0	0.0
1.410409235E8	0.0	39637.55430504305
1.41044521E8	0.0	0.0
1.410481085E8	0.0	0.0
1.410516865E8	0.0	39637.55430504305
1.41055252E8	0.0	0.0
1.410588075E8	271.031746031746	0.0
1.41062361E8	218.0	39637.55430504305
1.41065914E8	0.0	0.0
1.41069467E8	260.55	0.0
1.41073012E8	265.3333333333333	39637.55430504305
1.41076544E8	0.0	0.0
1.41080071E8	0.0	0.0
1.41083596E8	0.0	39637.55430504305
1.41087117E8	0.0	0.0
1.41090628E8	0.0	0.0
1.410941305E8	276.43672456575683	39637.55430504305
1.41097631E8	263.44444444444446	0.0
1.411011295E8	278.0	0.0
1.411046235E8	283.57142857142856	39637.55430504305
1.411081075E8	0.0	0.0
1.41111585E8	215.0	0.0
1.4111506E8	0.0	39637.55430504305
1.411185295E8	268.40909090909093	0.0
1.41121994E8	0.0	0.0
1.411254545E8	300.8942307692308	39637.55430504305
1.411289005E8	0.0	0.0
1.411323185E8	0.0	0.0
1.411357175E8	0.0	39637.55430504305
1.4113911E8	226.66666666666666	0.0
1.411424975E8	0.0	0.0
1.41145878E8	285.8333333333333	39637.55430504305
1.411492525E8	292.53526970954357	0.0
1.41152626E8	281.5	0.0
1.41155995E8	0.0	39637.55430504305
1.411593515E8	0.0	0.0
1.41162699E8	309.8888888888889	0.0
1.41166043E8	284.0	39637.55430504305
1.4116937E8	0.0	0.0
1.411726805E8	276.5	0.0
1.411759855E8	0.0	39637.55430504305
1.41179286E8	248.0	0.0
1.411825805E8	0.0	0.0
1.411858675E8	270.75	39637.55430504305
1.41189148E8	0.0	0.0
1.41192424E8	263.54545454545456	0.0
1.411956955E8	187.0	39637.55430504305
1.411989605E8	0.0	0.0
1.41202221E8	226.5	0.0
1.4120548E8	308.86111568207997	39637.55430504305
1.412087365E8	0.0	0.0
1.41210776E8	0.0	0.0
1.41212402E8	0.0	39637.55430504305
1.412152325E8	0.0	0.0
1.41218463E8	287.0	0.0
1.41221688E8	216.0	39637.55430504305
1.412249085E8	251.54032258064515	0.0
1.41228124E8	356.0	0.0
1.41231335E8	0.0	39637.55430504305
1.412345425E8	0.0	0.0
1.41237746E8	0.0	0.0
1.41240947E8	261.0	39637.55430504305
1.41244146E8	208.0	0.0
1.412473425E8	600.1666666666666	0.0
1.41250538E8	259.102791603549	39637.55430504305
1.412537305E8	270.6615515771526	0.0
1.412569125E8	0.0	0.0
1.41260086E8	0.0	39637.55430504305
1.41263258E8	0.0	0.0
1.412664245E8	0.0	0.0
1.41269585E8	0.0	39637.55430504305
1.41272743E8	0.0	0.0
1.412758995E8	0.0	0.0
1.412790545E8	263.125	39637.55430504305
1.412822035E8	0.0	0.0
1.4128534E8	300.4492350486787	0.0
1.41288466E8	0.0	39637.55430504305
1.41291589E8	0.0	0.0
1.412947105E8	0.0	0.0
1.412978215E8	296.95454545454544	39637.55430504305
1.413009225E8	0.0	0.0
1.413040225E8	220.25	0.0
1.41307117E8	265.0	39637.55430504305
1.41310204E8	263.46153846153845	0.0
1.413132865E8	0.0	0.0
1.413163665E8	155.0	39637.55430504305
1.41319445E8	240.75	0.0
1.413225215E8	172.32444444444445	0.0
1.41325596E8	0.0	39637.55430504305
1.41328669E8	225.8	0.0
1.41331738E8	0.0	0.0
1.413348E8	0.0	39637.55430504305
1.413378585E8	265.3196721311475	0.0
1.413409105E8	301.5	0.0
1.413439555E8	0.0	39637.55430504305
1.41346999E8	0.0	0.0
1.41350033E8	0.0	0.0
1.413530575E8	0.0	39637.55430504305
1.41356076E8	169.0	0.0
1.413590875E8	0.0	0.0
1.41362097E8	0.0	39637.55430504305
1.413651025E8	0.0	0.0
1.41368103E8	0.0	0.0
1.41371102E8	237.83333333333334	39637.55430504305
1.413740995E8	261.3333333333333	0.0
1.41377093E8	0.0	0.0
1.413800805E8	261.42857142857144	39637.55430504305
1.413830635E8	318.6	0.0
1.413860455E8	250.6875	0.0
1.41389022E8	0.0	39637.55430504305
1.413919895E8	0.0	0.0
1.4139495E8	0.0	0.0
1.413979065E8	0.0	39637.55430504305
1.41400857E8	0.0	0.0
1.41403801E8	0.0	0.0
1.41406741E8	265.5	39637.55430504305
1.41409678E8	0.0	0.0
1.414126105E8	0.0	0.0
1.41415538E8	267.68911917098444	39637.55430504305
1.414184645E8	0.0	0.0
1.414213895E8	0.0	0.0
1.414243125E8	283.7643593519882	39637.55430504305
1.414272345E8	282.52941176470586	0.0
1.41430155E8	0.0	0.0
1.414330725E8	197.62765957446808	39637.55430504305
1.414359875E8	280.0	0.0
1.414389E8	227.35714285714286	0.0
1.414418105E8	0.0	39637.55430504305
1.41444718E8	268.7894736842105	0.0
1.414476225E8	229.84459459459458	0.0
1.41450526E8	0.0	39637.55430504305
1.41453427E8	310.04842533017273	0.0
1.41456323E8	0.0	0.0
1.41459214E8	170.0	39637.55430504305
1.414621005E8	262.0	0.0
1.414649835E8	302.66607051609606	0.0
1.414678655E8	189.0	39637.55430504305
1.414707475E8	240.0	0.0
1.41473629E8	344.0	0.0
1.41476508E8	0.0	39637.55430504305
1.414793845E8	294.0	0.0
1.41482258E8	0.0	0.0
1.414851235E8	0.0	39637.55430504305
1.414879835E8	224.5	0.0
1.414908425E8	0.0	0.0
1.41493699E8	275.3333333333333	39637.55430504305
1.41496551E8	297.09864864864863	0.0
1.414993995E8	56.0	0.0
1.415022465E8	0.0	39637.55430504305
1.415050915E8	0.0	0.0
1.41507934E8	0.0	0.0
1.415107725E8	294.0	39637.55430504305
1.415136075E8	0.0	0.0
1.41516441E8	0.0	0.0
1.415192725E8	0.0	39637.55430504305
1.41522102E8	0.0	0.0
1.415249305E8	291.5	0.0
1.41527757E8	239.42857142857142	39637.55430504305
1.41530581E8	0.0	0.0
1.415334035E8	0.0	0.0
1.415362255E8	0.0	39637.55430504305
1.415390465E8	325.0	0.0
1.41541866E8	168.0	0.0
1.41544683E8	309.1629392971246	39637.55430504305
1.415474975E8	0.0	0.0
1.4155031E8	290.0	0.0
1.415531175E8	0.0	39637.55430504305
1.41555919E8	277.2	0.0
1.415587165E8	0.0	0.0
1.41561512E8	0.0	39637.55430504305
1.41564307E8	257.5	0.0
1.415671015E8	0.0	0.0
1.415695015E8	270.6796116504854	39637.55430504305
1.41570898E8	234.9090909090909	0.0
1.41572688E8	0.0	0.0
1.4157548E8	0.0	39637.55430504305
1.415782705E8	295.05263157894734	0.0
1.415810595E8	0.0	0.0
1.41583847E8	254.3684210526316	39637.55430504305
1.415866325E8	0.0	0.0
1.41589416E8	316.5626269465132	0.0
1.41592198E8	0.0	39637.55430504305
1.41594971E8	230.0	0.0
1.415977345E8	310.0	0.0
1.41600491E8	0.0	39637.55430504305
1.416032415E8	0.0	0.0
1.41605989E8	226.66666666666666	0.0
1.416087335E8	0.0	39637.55430504305
1.416114735E8	0.0	0.0
1.41614208E8	0.0	0.0
1.416169385E8	273.70594713656385	39637.55430504305
1.41619657E8	292.4116809116809	0.0
1.416223655E8	0.0	0.0
1.41625071E8	228.0	39637.55430504305
1.416277715E8	0.0	0.0
1.41630469E8	0.0	0.0
1.416331645E8	304.72346640701073	39637.55430504305
1.41635856E8	0.0	0.0
1.416385445E8	269.4	0.0
1.416412325E8	0.0	39637.55430504305
1.416439195E8	251.57777777777778	0.0
1.41646598E8	345.2191780821918	0.0
1.416492685E8	0.0	39637.55430504305
1.41651938E8	281.6	0.0
1.416546065E8	0.0	0.0
1.41657273E8	278.3381443298969	39637.55430504305
1.416599375E8	0.0	0.0
1.41662593E8	257.6875	0.0
1.416652385E8	0.0	39637.55430504305
1.416678815E8	298.54563106796115	0.0
1.41670523E8	0.0	0.0
1.41673163E8	0.0	39637.55430504305
1.41675801E8	0.0	0.0
1.416784375E8	278.05102040816325	0.0
1.41681073E8	0.0	39637.55430504305
1.41683705E8	864.0	0.0
1.416863335E8	0.0	0.0
1.416889605E8	0.0	39637.55430504305
1.416915825E8	0.0	0.0
1.416942E8	0.0	0.0
1.416968145E8	0.0	39637.55430504305
1.41699426E8	0.0	0.0
1.41702034E8	0.0	0.0
1.41704638E8	0.0	39637.55430504305
1.41707241E8	276.6	0.0
1.41709838E8	0.0	0.0
1.417124275E8	334.0	39637.55430504305
1.417150135E8	0.0	0.0
1.41717597E8	0.0	0.0
1.41720177E8	0.0	39637.55430504305
1.41722754E8	0.0	0.0
1.417253305E8	240.0	0.0
1.41727906E8	272.2857142857143	39637.55430504305
1.41730481E8	0.0	0.0
1.41733056E8	273.0	0.0
1.417356305E8	260.7142857142857	39637.55430504305
1.417382025E8	0.0	0.0
1.4174077E8	220.0	0.0
1.41743333E8	0.0	39637.55430504305
1.41745892E8	0.0	0.0
1.417484485E8	0.0	0.0
1.41751004E8	231.21052631578948	39637.55430504305
1.41753556E8	0.0	0.0
1.41756104E8	391.2810775722168	0.0
1.41758648E8	207.0	39637.55430504305
1.41761189E8	257.2	0.0
1.417637275E8	0.0	0.0
1.4176626E8	0.0	39637.55430504305
1.41768789E8	0.0	0.0
1.417713145E8	0.0	0.0
1.41773836E8	279.64102564102564	39637.55430504305
1.41776357E8	0.0	0.0
1.417788775E8	0.0	0.0
1.417813975E8	217.85714285714286	39637.55430504305
1.41783916E8	297.14285714285717	0.0
1.417864325E8	0.0	0.0
1.41788946E8	232.11904761904762	39637.55430504305
1.41791457E8	229.417316017316	0.0
1.417939675E8	0.0	0.0
1.417964765E8	308.0	39637.55430504305
1.41798983E8	0.0	0.0
1.418014855E8	254.0	0.0
1.41803981E8	276.25581395348837	39637.55430504305
1.4180647E8	0.0	0.0
1.41808953E8	0.0	0.0
1.41811431E8	292.3792517006803	39637.55430504305
1.418139075E8	233.25	0.0
1.41816383E8	0.0	0.0
1.41818857E8	0.0	39637.55430504305
1.418213285E8	0.0	0.0
1.418237955E8	0.0	0.0
1.41826259E8	258.25	39637.55430504305
1.418287215E8	233.0	0.0
1.41831178E8	253.875	0.0
1.41833627E8	270.0	39637.55430504305
1.418360715E8	0.0	0.0
1.41838512E8	0.0	0.0
1.418409505E8	222.83333333333334	39637.55430504305
1.418433885E8	0.0	0.0
1.418458265E8	274.5733333333333	0.0
1.41848263E8	0.0	39637.55430504305
1.418506975E8	0.0	0.0
1.418531305E8	0.0	0.0
1.41855562E8	0.0	39637.55430504305
1.41857992E8	251.4	0.0
1.418604205E8	267.8333333333333	0.0
1.41862847E8	0.0	39637.55430504305
1.41865272E8	0.0	0.0
1.41867695E8	0.0	0.0
1.41870116E8	340.3333333333333	39637.55430504305
1.418725365E8	0.0	0.0
1.41874956E8	0.0	0.0
1.41877374E8	0.0	39637.55430504305
1.41879789E8	0.0	0.0
1.418822015E8	0.0	0.0
1.418846075E8	0.0	39637.55430504305
1.418870045E8	0.0	0.0
1.418893965E8	289.625	0.0
1.418917865E8	0.0	39637.55430504305
1.41894176E8	0.0	0.0
1.41896563E8	0.0	0.0
1.41898948E8	0.0	39637.55430504305
1.41901333E8	286.26506024096386	0.0
1.419037175E8	307.8268272425249	0.0
1.41906101E8	274.3448275862069	39637.55430504305
1.41908484E8	273.10135674381485	0.0
1.419108665E8	0.0	0.0
1.41913248E8	0.0	39637.55430504305
1.41915629E8	273.22259136212625	0.0
1.41918009E8	261.45871559633025	0.0
1.41920388E8	232.875	39637.55430504305
1.419227665E8	0.0	0.0
1.41925143E8	1315.0	0.0
1.419275165E8	983.0	39637.55430504305
1.419292615E8	256.0	0.0
1.41930446E8	290.0	0.0
1.419322555E8	0.0	39637.55430504305
1.419346225E8	0.0	0.0
1.41936987E8	0.0	0.0
1.41939347E8	0.0	39637.55430504305
1.41941703E8	322.25	0.0
1.419440575E8	0.0	0.0
1.41946411E8	0.0	39637.55430504305
1.419487635E8	0.0	0.0
1.419511115E8	296.2	0.0
1.419534545E8	0.0	39637.55430504305
1.419557965E8	297.92105263157896	0.0
1.41958135E8	0.0	0.0
1.419604675E8	212.92857142857142	39637.55430504305
1.419627965E8	0.0	0.0
1.419651245E8	294.58715596330273	0.0
1.419674515E8	278.433284457478	39637.55430504305
1.41969777E8	0.0	0.0
1.419721005E8	0.0	0.0
1.419744205E8	0.0	39637.55430504305
1.41976738E8	0.0	0.0
1.419790505E8	294.6666666666667	0.0
1.41981358E8	0.0	39637.55430504305
1.419836635E8	271.10550458715596	0.0
1.41985967E8	259.46153846153845	0.0
1.41988266E8	287.9375	39637.55430504305
1.4199056E8	0.0	0.0
1.41992852E8	319.85714285714283	0.0
1.41995142E8	0.0	39637.55430504305
1.4199743E8	0.0	0.0
1.419997165E8	0.0	0.0
1.420020015E8	269.9166666666667	39637.55430504305
1.42004285E8	0.0	0.0
1.420065675E8	0.0	0.0
1.42008845E8	0.0	39637.55430504305
1.420111165E8	268.8974358974359	0.0
1.42013386E8	0.0	0.0
1.420156535E8	0.0	39637.55430504305
1.42017916E8	0.0	0.0
1.42020175E8	0.0	0.0
1.42022431E8	0.0	39637.55430504305
1.420246815E8	0.0	0.0
1.42026929E8	0.0	0.0
1.42029171E8	0.0	39637.55430504305
1.420314065E8	0.0	0.0
1.420336395E8	0.0	0.0
1.420358715E8	266.6744186046512	39637.55430504305
1.420381015E8	0.0	0.0
1.42040329E8	0.0	0.0
1.42042554E8	0.0	39637.55430504305
1.42044776E8	0.0	0.0
1.420469965E8	0.0	0.0
1.42049215E8	0.0	39637.55430504305
1.420514315E8	0.0	0.0
1.420536445E8	0.0	0.0
1.42055854E8	718.0	39637.55430504305
1.42058062E8	207.0	0.0
1.420602685E8	274.68285714285713	0.0
1.42062474E8	0.0	39637.55430504305
1.42064677E8	0.0	0.0
1.420668775E8	0.0	0.0
1.420690765E8	945.0	39637.55430504305
1.420712745E8	0.0	0.0
1.420734715E8	0.0	0.0
1.420756655E8	0.0	39637.55430504305
1.420778565E8	275.51408450704224	0.0
1.42080046E8	0.0	0.0
1.42082235E8	257.0	39637.55430504305
1.42084423E8	313.0	0.0
1.42086609E8	0.0	0.0
1.4208879E8	0.0	39637.55430504305
1.420909665E8	241.0	0.0
1.42093141E8	0.0	0.0
1.420953105E8	612.0	39637.55430504305
1.42097474E8	0.0	0.0
1.42099635E8	0.0	0.0
1.42101794E8	231.0	39637.55430504305
1.42103946E8	0.0	0.0
1.42106089E8	0.0	0.0
1.421082245E8	0.0	39637.55430504305
1.42110355E8	0.0	0.0
1.421124825E8	0.0	0.0
1.421146075E8	0.0	39637.55430504305
1.421167315E8	291.57142857142856	0.0
1.42118853E8	259.75	0.0
1.42120971E8	372.0	39637.55430504305
1.421230865E8	0.0	0.0
1.421252E8	316.0	0.0
1.42127313E8	0.0	39637.55430504305
1.42129426E8	222.0	0.0
1.421315385E8	0.0	0.0
1.42133649E8	0.0	39637.55430504305
1.421357575E8	0.0	0.0
1.42137864E8	0.0	0.0
1.42139969E8	250.16666666666666	39637.55430504305
1.42142073E8	0.0	0.0
1.421441755E8	0.0	0.0
1.421462745E8	0.0	39637.55430504305
1.421483705E8	312.0	0.0
1.421504655E8	0.0	0.0
1.421525595E8	0.0	39637.55430504305
1.421546525E8	252.44444444444446	0.0
1.421567435E8	271.1818181818182	0.0
1.42158833E8	0.0	39637.55430504305
1.421609215E8	0.0	0.0
1.42163009E8	230.84615384615384	0.0
1.42165096E8	283.0	39637.55430504305
1.421671825E8	0.0	0.0
1.421692675E8	0.0	0.0
1.4217135E8	258.2894736842105	39637.55430504305
1.4217343E8	0.0	0.0
1.42175509E8	0.0	0.0
1.421775875E8	0.0	39637.55430504305
1.421796645E8	248.0	0.0
1.421817365E8	0.0	0.0
1.421838025E8	265.96676737160124	39637.55430504305
1.42185866E8	291.0	0.0
1.42187929E8	320.97520661157023	0.0
1.421899915E8	130.0	39637.55430504305
1.421920525E8	0.0	0.0
1.421941125E8	0.0	0.0
1.421961725E8	268.0	39637.55430504305
1.42198232E8	185.0	0.0
1.422002865E8	0.0	0.0
1.422023345E8	0.0	39637.55430504305
1.422043795E8	0.0	0.0
1.42206423E8	0.0	0.0
1.42208462E8	0.0	39637.55430504305
1.42210496E8	0.0	0.0
1.42212529E8	0.0	0.0
1.422145605E8	286.0	39637.55430504305
1.42216589E8	247.26373626373626	0.0
1.42218613E8	282.0	0.0
1.422206335E8	0.0	39637.55430504305
1.42222652E8	241.0	0.0
1.422246675E8	0.0	0.0
1.422266795E8	0.0	39637.55430504305
1.42228689E8	0.0	0.0
1.422306975E8	210.0	0.0
1.422327045E8	0.0	39637.55430504305
1.422347105E8	0.0	0.0
1.42236716E8	430.0	0.0
1.42238721E8	185.0	39637.55430504305
1.422407225E8	0.0	0.0
1.422427205E8	268.0	0.0
1.422447185E8	291.0	39637.55430504305
1.42246715E8	0.0	0.0
1.42248709E8	0.0	0.0
1.422507005E8	0.0	39637.55430504305
1.422526905E8	259.6411764705882	0.0
1.422546795E8	0.0	0.0
1.422566665E8	0.0	39637.55430504305
1.422586525E8	0.0	0.0
1.422606355E8	0.0	0.0
1.422626145E8	0.0	39637.55430504305
1.422645915E8	325.0	0.0
1.422665675E8	259.0	0.0
1.42268543E8	224.0	39637.55430504305
1.422705175E8	307.75	0.0
1.422724895E8	0.0	0.0
1.422744575E8	420.0	39637.55430504305
1.422764235E8	0.0	0.0
1.422783895E8	0.0	0.0
1.422803545E8	0.0	39637.55430504305
1.42282318E8	258.09265849479374	0.0
1.422842805E8	0.0	0.0
1.422862425E8	261.85714285714283	39637.55430504305
1.4228818E8	0.0	0.0
1.42289161E8	0.0	0.0
1.42290166E8	0.0	39637.55430504305
1.42292127E8	0.0	0.0
1.42294088E8	0.0	0.0
1.422960465E8	0.0	39637.55430504305
1.422980025E8	317.8492063492063	0.0
1.42299954E8	0.0	0.0
1.42301901E8	227.8	39637.55430504305
1.42303848E8	0.0	0.0
1.423057945E8	0.0	0.0
1.4230774E8	239.0	39637.55430504305
1.423096845E8	0.0	0.0
1.42311628E8	0.0	0.0
1.42313569E8	0.0	39637.55430504305
1.423155065E8	213.4	0.0
1.423174425E8	0.0	0.0
1.42319378E8	0.0	39637.55430504305
1.42321312E8	0.0	0.0
1.42323245E8	0.0	0.0
1.42325177E8	0.0	39637.55430504305
1.42327107E8	303.0	0.0
1.423290355E8	0.0	0.0
1.423309635E8	0.0	39637.55430504305
1.42332891E8	0.0	0.0
1.423348175E8	243.76666666666668	0.0
1.423367435E8	0.0	39637.55430504305
1.423386685E8	210.0	0.0
1.423405905E8	0.0	0.0
1.42342509E8	287.0	39637.55430504305
1.423444255E8	233.5	0.0
1.423463415E8	0.0	0.0
1.42348253E8	0.0	39637.55430504305
1.423501595E8	0.0	0.0
1.42352065E8	260.0	0.0
1.423539695E8	0.0	39637.55430504305
1.42355873E8	0.0	0.0
1.42357776E8	221.0	0.0
1.42359679E8	0.0	39637.55430504305
1.423615815E8	254.0	0.0
1.42363483E8	263.0	0.0
1.423653835E8	0.0	39637.55430504305
1.423672835E8	0.0	0.0
1.42369183E8	0.0	0.0
1.4237108E8	0.0	39637.55430504305
1.42372975E8	0.0	0.0
1.42374869E8	0.0	0.0
1.42376761E8	0.0	39637.55430504305
1.423786515E8	0.0	0.0
1.423805415E8	267.00357142857143	0.0
1.423824305E8	226.0	39637.55430504305
1.423843155E8	0.0	0.0
1.423861925E8	250.5	0.0
1.423880645E8	0.0	39637.55430504305
1.42389936E8	284.0	0.0
1.423918065E8	0.0	0.0
1.423936765E8	0.0	39637.55430504305
1.42395546E8	207.0	0.0
1.42397415E8	0.0	0.0
1.42399284E8	0.0	39637.55430504305
1.424011525E8	0.0	0.0
1.42403019E8	0.0	0.0
1.42404883E8	297.5678624260355	39637.55430504305
1.42406746E8	0.0	0.0
1.424086055E8	0.0	0.0
1.424104605E8	278.0	39637.55430504305
1.42412313E8	0.0	0.0
1.42414163E8	0.0	0.0
1.42416009E8	0.0	39637.55430504305
1.42417852E8	0.0	0.0
1.42419695E8	0.0	0.0
1.42421538E8	333.14285714285717	39637.55430504305
1.424233805E8	0.0	0.0
1.42425222E8	0.0	0.0
1.42427063E8	0.0	39637.55430504305
1.424288995E8	0.0	0.0
1.424307315E8	0.0	0.0
1.424325625E8	0.0	39637.55430504305
1.42434392E8	0.0	0.0
1.42436221E8	0.0	0.0
1.424380485E8	173.5	39637.55430504305
1.42439871E8	0.0	0.0
1.424416895E8	0.0	0.0
1.424435075E8	0.0	39637.55430504305
1.42445323E8	241.0	0.0
1.42447136E8	227.45240339302543	0.0
1.424489455E8	0.0	39637.55430504305
1.4245075E8	0.0	0.0
1.424525525E8	0.0	0.0
1.42454354E8	245.0	39637.55430504305
1.424561545E8	0.0	0.0
1.424579545E8	257.55555555555554	0.0
1.424597535E8	0.0	39637.55430504305
1.42461551E8	0.0	0.0
1.42463346E8	0.0	0.0
1.424651385E8	0.0	39637.55430504305
1.42466928E8	0.0	0.0
1.424687145E8	0.0	0.0
1.424705E8	0.0	39637.55430504305
1.42472285E8	261.0	0.0
1.424740655E8	0.0	0.0
1.42475841E8	0.0	39637.55430504305
1.42477616E8	252.8235294117647	0.0
1.42479391E8	0.0	0.0
1.424811635E8	0.0	39637.55430504305
1.42482933E8	256.3333333333333	0.0
1.424847005E8	263.75451263537906	0.0
1.42486464E8	0.0	39637.55430504305
1.424882225E8	213.75	0.0
1.424899775E8	250.42307692307693	0.0
1.4249173E8	306.0	39637.55430504305
1.42493479E8	0.0	0.0
1.42495226E8	0.0	0.0
1.42496973E8	0.0	39637.55430504305
1.42498718E8	0.0	0.0
1.4250046E8	0.0	0.0
1.425021995E8	271.0	39637.55430504305
1.42503937E8	0.0	0.0
1.425056725E8	0.0	0.0
1.42507406E8	264.0	39637.55430504305
1.425091385E8	0.0	0.0
1.425108685E8	0.0	0.0
1.425125945E8	0.0	39637.55430504305
1.425143185E8	267.8333333333333	0.0
1.4251604E8	0.0	0.0
1.42517759E8	275.84507042253523	39637.55430504305
1.425194765E8	0.0	0.0
1.425211925E8	0.0	0.0
1.42522908E8	0.0	39637.55430504305
1.425246225E8	0.0	0.0
1.42526336E8	0.0	0.0
1.425280485E8	297.8	39637.55430504305
1.425297595E8	287.61538461538464	0.0
1.425314695E8	277.45454545454544	0.0
1.42533179E8	0.0	39637.55430504305
1.425348875E8	0.0	0.0
1.425365935E8	0.0	0.0
1.42538297E8	0.0	39637.55430504305
1.4254E8	0.0	0.0
1.425416995E8	0.0	0.0
1.425433925E8	237.85	39637.55430504305
1.425450825E8	284.2857142857143	0.0
1.42546771E8	0.0	0.0
1.42548457E8	269.0	39637.55430504305
1.42550141E8	0.0	0.0
1.42551824E8	256.88732394366195	0.0
1.42553507E8	275.55	39637.55430504305
1.425551885E8	0.0	0.0
1.42556868E8	355.0	0.0
1.425585465E8	0.0	39637.55430504305
1.42560223E8	0.0	0.0
1.42561894E8	277.8181818181818	0.0
1.42563556E8	0.0	39637.55430504305
1.425652095E8	0.0	0.0
1.42566857E8	0.0	0.0
1.42568501E8	0.0	39637.55430504305
1.42570144E8	0.0	0.0
1.42571786E8	0.0	0.0
1.42573425E8	0.0	39637.55430504305
1.42575062E8	0.0	0.0
1.42576699E8	304.0101123595506	0.0
1.425783355E8	0.0	39637.55430504305
1.425799685E8	0.0	0.0
1.42581598E8	0.0	0.0
1.42583225E8	259.2	39637.55430504305
1.4258485E8	0.0	0.0
1.42586474E8	0.0	0.0
1.425880965E8	0.0	39637.55430504305
1.42589717E8	263.10306406685237	0.0
1.425913335E8	207.0	0.0
1.42592946E8	289.6666666666667	39637.55430504305
1.425945565E8	332.05	0.0
1.425961665E8	247.5	0.0
1.425977755E8	279.3333333333333	39637.55430504305
1.42599378E8	150.0	0.0
1.42600974E8	0.0	0.0
1.426025685E8	357.0	39637.55430504305
1.426041585E8	0.0	0.0
1.426057445E8	0.0	0.0
1.426073305E8	0.0	39637.55430504305
1.42608914E8	0.0	0.0
1.42610493E8	0.0	0.0
1.4261207E8	0.0	39637.55430504305
1.42613646E8	0.0	0.0
1.4261522E8	0.0	0.0
1.42616792E8	0.0	39637.55430504305
1.42618361E8	0.0	0.0
1.426199275E8	282.42857142857144	0.0
1.426214905E8	268.0	39637.55430504305
1.426230505E8	0.0	0.0
1.426246095E8	0.0	0.0
1.426261665E8	0.0	39637.55430504305
1.426277225E8	0.0	0.0
1.42629278E8	0.0	0.0
1.42630832E8	296.5	39637.55430504305
1.426323845E8	298.5	0.0
1.426339355E8	0.0	0.0
1.426354855E8	753.0	39637.55430504305
1.42637035E8	0.0	0.0
1.426385825E8	0.0	0.0
1.426401275E8	0.0	39637.55430504305
1.42641671E8	249.6315789473684	0.0
1.42643213E8	0.0	0.0
1.426447535E8	0.0	39637.55430504305
1.426462925E8	0.0	0.0
1.42647757E8	245.25	0.0
1.42648524E8	0.0	39637.55430504305
1.42649362E8	237.25	0.0
1.42650895E8	0.0	0.0
1.426524275E8	272.0	39637.55430504305
1.42653958E8	0.0	0.0
1.42655486E8	178.84615384615384	0.0
1.42657012E8	0.0	39637.55430504305
1.42658537E8	0.0	0.0
1.42660062E8	256.3575757575758	0.0
1.42661585E8	0.0	39637.55430504305
1.426631055E8	0.0	0.0
1.42664625E8	0.0	0.0
1.426661435E8	0.0	39637.55430504305
1.426676605E8	0.0	0.0
1.426691735E8	0.0	0.0
1.42670683E8	292.0	39637.55430504305
1.426721915E8	0.0	0.0
1.426736975E8	269.7617021276596	0.0
1.426752015E8	0.0	39637.55430504305
1.426767045E8	0.0	0.0
1.426782025E8	0.0	0.0
1.426796955E8	0.0	39637.55430504305
1.426811875E8	280.6923076923077	0.0
1.426826785E8	0.0	0.0
1.42684168E8	0.0	39637.55430504305
1.426856565E8	0.0	0.0
1.42687144E8	198.0	0.0
1.42688631E8	202.0	39637.55430504305
1.42690117E8	229.69230769230768	0.0
1.426916015E8	0.0	0.0
1.426930845E8	0.0	39637.55430504305
1.426945645E8	0.0	0.0
1.426960415E8	0.0	0.0
1.42697517E8	0.0	39637.55430504305
1.42698991E8	0.0	0.0
1.42700463E8	234.0	0.0
1.427019325E8	0.0	39637.55430504305
1.427034E8	0.0	0.0
1.427048665E8	0.0	0.0
1.427063315E8	222.0	39637.55430504305
1.427077945E8	364.0	0.0
1.42709256E8	0.0	0.0
1.42710717E8	0.0	39637.55430504305
1.42712177E8	0.0	0.0
1.427136355E8	280.4950495049505	0.0
1.427150925E8	0.0	39637.55430504305
1.42716547E8	0.0	0.0
1.427179995E8	0.0	0.0
1.427194515E8	0.0	39637.55430504305
1.42720903E8	182.0	0.0
1.427223515E8	0.0	0.0
1.427237975E8	157.0	39637.55430504305
1.42725243E8	0.0	0.0
1.42726687E8	283.6666666666667	0.0
1.42728129E8	0.0	39637.55430504305
1.427295695E8	276.52277203348103	0.0
1.427310075E8	0.0	0.0
1.427324415E8	0.0	39637.55430504305
1.427338735E8	0.0	0.0
1.427353055E8	0.0	0.0
1.427367365E8	0.0	39637.55430504305
1.42738166E8	265.0	0.0
1.42739595E8	255.91549295774647	0.0
1.42741022E8	0.0	39637.55430504305
1.427424465E8	0.0	0.0
1.427438705E8	0.0	0.0
1.427452945E8	0.0	39637.55430504305
1.42746718E8	0.0	0.0
1.427481405E8	258.3333333333333	0.0
1.42749562E8	0.0	39637.55430504305
1.42750982E8	0.0	0.0
1.427523995E8	221.92307692307693	0.0
1.427538155E8	143.0	39637.55430504305
1.427552315E8	237.6	0.0
1.42756647E8	355.0	0.0
1.427580605E8	0.0	39637.55430504305
1.427594725E8	0.0	0.0
1.42760884E8	0.0	0.0
1.427622945E8	0.0	39637.55430504305
1.427637035E8	0.0	0.0
1.427651115E8	0.0	0.0
1.42766519E8	152.3	39637.55430504305
1.427679255E8	0.0	0.0
1.427693305E8	0.0	0.0
1.427707335E8	0.0	39637.55430504305
1.42772132E8	0.0	0.0
1.427735265E8	0.0	0.0
1.4277492E8	288.6666666666667	39637.55430504305
1.42776312E8	0.0	0.0
1.42777703E8	0.0	0.0
1.42779094E8	0.0	39637.55430504305
1.427804825E8	298.0	0.0
1.427818685E8	0.0	0.0
1.42783254E8	0.0	39637.55430504305
1.427846385E8	198.0	0.0
1.42786022E8	266.2439024390244	0.0
1.427874045E8	282.5	39637.55430504305
1.42788786E8	0.0	0.0
1.42790167E8	0.0	0.0
1.427915475E8	0.0	39637.55430504305
1.427929275E8	258.6	0.0
1.42794307E8	244.7058823529412	0.0
1.427956855E8	261.6666666666667	39637.55430504305
1.42797063E8	0.0	0.0
1.4279844E8	287.6	0.0
1.42799817E8	0.0	39637.55430504305
1.42801194E8	153.0	0.0
1.428025705E8	279.0	0.0
1.42803946E8	0.0	39637.55430504305
1.428053205E8	252.0	0.0
1.428066945E8	0.0	0.0
1.42808068E8	0.0	39637.55430504305
1.4280944E8	0.0	0.0
1.4281081E8	0.0	0.0
1.428121785E8	0.0	39637.55430504305
1.428135455E8	261.0	0.0
1.42814909E8	0.0	0.0
1.428162695E8	285.9951422392281	39637.55430504305
1.428176275E8	264.5833333333333	0.0
1.428189835E8	232.5909090909091	0.0
1.42820339E8	0.0	39637.55430504305
1.42821694E8	0.0	0.0
1.428230475E8	0.0	0.0
1.42824399E8	0.0	39637.55430504305
1.42825748E8	0.0	0.0
1.42827095E8	269.8888888888889	0.0
1.428284415E8	0.0	39637.55430504305
1.428297865E8	0.0	0.0
1.4283113E8	251.0	0.0
1.42832472E8	239.0326409495549	39637.55430504305
1.428338125E8	253.56	0.0
1.428351525E8	0.0	0.0
1.428364925E8	0.0	39637.55430504305
1.42837832E8	0.0	0.0
1.42839171E8	0.0	0.0
1.42840509E8	0.0	39637.55430504305
1.42841846E8	0.0	0.0
1.428431825E8	0.0	0.0
1.428445175E8	0.0	39637.55430504305
1.42845851E8	0.0	0.0
1.42847184E8	279.84971098265896	0.0
1.42848517E8	0.0	39637.55430504305
1.428498495E8	363.75	0.0
1.428511805E8	327.14285714285717	0.0
1.428525105E8	0.0	39637.55430504305
1.428538395E8	312.0	0.0
1.42855167E8	0.0	0.0
1.428564935E8	0.0	39637.55430504305
1.428578195E8	0.0	0.0
1.42859144E8	0.0	0.0
1.42860467E8	0.0	39637.55430504305
1.428617895E8	244.0	0.0
1.428631085E8	0.0	0.0
1.42864424E8	0.0	39637.55430504305
1.42865739E8	0.0	0.0
1.42867054E8	230.0	0.0
1.42868369E8	236.1508226691042	39637.55430504305
1.428696825E8	0.0	0.0
1.42870994E8	0.0	0.0
1.42872305E8	187.0	39637.55430504305
1.428736155E8	0.0	0.0
1.428749255E8	403.1276595744681	0.0
1.42876235E8	291.22222222222223	39637.55430504305
1.428775435E8	0.0	0.0
1.428788505E8	0.0	0.0
1.428801555E8	266.6736842105263	39637.55430504305
1.428814595E8	0.0	0.0
1.428827635E8	0.0	0.0
1.428840675E8	207.0	39637.55430504305
1.42885371E8	0.0	0.0
1.42886674E8	0.0	0.0
1.428879765E8	0.0	39637.55430504305
1.42889278E8	0.0	0.0
1.42890579E8	259.4	0.0
1.42891879E8	242.44444444444446	39637.55430504305
1.42893177E8	0.0	0.0
1.42894474E8	238.0	0.0
1.42895771E8	0.0	39637.55430504305
1.428970675E8	0.0	0.0
1.42898363E8	0.0	0.0
1.428996575E8	0.0	39637.55430504305
1.429009515E8	0.0	0.0
1.429022455E8	256.0	0.0
1.42903539E8	205.42857142857142	39637.55430504305
1.42904831E8	0.0	0.0
1.429061215E8	0.0	0.0
1.42907411E8	0.0	39637.55430504305
1.42908699E8	260.4074074074074	0.0
1.429099855E8	0.0	0.0
1.42911271E8	0.0	39637.55430504305
1.429125555E8	0.0	0.0
1.429138395E8	290.1041666666667	0.0
1.42915123E8	0.0	39637.55430504305
1.42916406E8	272.5681818181818	0.0
1.429176885E8	273.85714285714283	0.0
1.4291897E8	0.0	39637.55430504305
1.429202505E8	0.0	0.0
1.429215305E8	0.0	0.0
1.4292281E8	0.0	39637.55430504305
1.429240885E8	233.75	0.0
1.429253665E8	314.0	0.0
1.429266445E8	0.0	39637.55430504305
1.42927922E8	276.9770395701026	0.0
1.42929199E8	269.9938556067588	0.0
1.42930476E8	0.0	39637.55430504305
1.429317525E8	0.0	0.0
1.42933028E8	274.6101638248078	0.0
1.42934303E8	0.0	39637.55430504305
1.429355775E8	0.0	0.0
1.429368515E8	0.0	0.0
1.429381245E8	0.0	39637.55430504305
1.42939396E8	0.0	0.0
1.42940667E8	0.0	0.0
1.42941938E8	0.0	39637.55430504305
1.42943209E8	0.0	0.0
1.4294448E8	399.27272727272725	0.0
1.429457505E8	262.4691075514874	39637.55430504305
1.429470205E8	211.5	0.0
1.429482905E8	244.0	0.0
1.4294956E8	244.0	39637.55430504305
1.429508285E8	0.0	0.0
1.429520965E8	298.4	0.0
1.429533635E8	257.54545454545456	39637.55430504305
1.42954629E8	233.0	0.0
1.429558935E8	219.76	0.0
1.42957157E8	0.0	39637.55430504305
1.4295842E8	0.0	0.0
1.42959683E8	285.6666666666667	0.0
1.429609455E8	0.0	39637.55430504305
1.429622075E8	0.0	0.0
1.429634695E8	0.0	0.0
1.42964731E8	0.0	39637.55430504305
1.42965992E8	266.1542288557214	0.0
1.429672525E8	270.3152400835073	0.0
1.429685125E8	0.0	39637.55430504305
1.429697725E8	214.53333333333333	0.0
1.429710325E8	0.0	0.0
1.42972292E8	225.0127186009539	39637.55430504305
1.429735505E8	0.0	0.0
1.429748085E8	199.90196078431373	0.0
1.429760665E8	235.41666666666666	39637.55430504305
1.42977324E8	0.0	0.0
1.42978579E8	0.0	0.0
1.42979832E8	254.0	39637.55430504305
1.429810845E8	0.0	0.0
1.42982336E8	0.0	0.0
1.42983587E8	0.0	39637.55430504305
1.42984838E8	0.0	0.0
1.42986089E8	356.3333333333333	0.0
1.429873395E8	258.5	39637.55430504305
1.42988589E8	0.0	0.0
1.429898375E8	0.0	0.0
1.42991085E8	271.0	39637.55430504305
1.429923315E8	0.0	0.0
1.429935775E8	195.0	0.0
1.429948225E8	0.0	39637.55430504305
1.42996066E8	217.38980716253442	0.0
1.429973085E8	259.375	0.0
1.4299855E8	0.0	39637.55430504305
1.42999791E8	257.0	0.0
1.43001032E8	206.0	0.0
1.430022725E8	214.2	39637.55430504305
1.430035125E8	0.0	0.0
1.430047525E8	271.46629213483146	0.0
1.43005992E8	229.4	39637.55430504305
1.4300719E8	0.0	0.0
1.43007809E8	0.0	0.0
1.430084685E8	0.0	39637.55430504305
1.430097065E8	217.0113314447592	0.0
1.430109445E8	0.0	0.0
1.43012182E8	0.0	39637.55430504305
1.430134185E8	0.0	0.0
1.43014654E8	0.0	0.0
1.43015889E8	200.2	39637.55430504305
1.430171235E8	0.0	0.0
1.430183575E8	263.9259259259259	0.0
1.430195915E8	0.0	39637.55430504305
1.43020825E8	0.0	0.0
1.43022058E8	175.66666666666666	0.0
1.430232905E8	302.0	39637.55430504305
1.43024522E8	212.5	0.0
1.43025753E8	218.0	0.0
1.43026984E8	212.0	39637.55430504305
1.43028215E8	0.0	0.0
1.430294455E8	264.8333333333333	0.0
1.43030675E8	0.0	39637.55430504305
1.43031904E8	0.0	0.0
1.430331325E8	0.0	0.0
1.4303436E8	0.0	39637.55430504305
1.43035587E8	270.6794776119403	0.0
1.43036814E8	0.0	0.0
1.43038041E8	0.0	39637.55430504305
1.430392675E8	0.0	0.0
1.430404935E8	0.0	0.0
1.430417195E8	0.0	39637.55430504305
1.43042945E8	293.0	0.0
1.4304417E8	0.0	0.0
1.43045395E8	0.0	39637.55430504305
1.4304662E8	0.0	0.0
1.43047845E8	0.0	0.0
1.4304907E8	355.0	39637.55430504305
1.430502945E8	284.6330275229358	0.0
1.430515185E8	228.625	0.0
1.430527425E8	418.0	39637.55430504305
1.430539665E8	211.2	0.0
1.4305519E8	0.0	0.0
1.43056413E8	0.0	39637.55430504305
1.43057636E8	0.0	0.0
1.430588585E8	261.3384146341463	0.0
1.430600805E8	291.0	39637.55430504305
1.43061302E8	0.0	0.0
1.430625225E8	0.0	0.0
1.430637425E8	245.0	39637.55430504305
1.43064962E8	0.0	0.0
1.43066181E8	0.0	0.0
1.430674E8	0.0	39637.55430504305
1.430686185E8	259.8	0.0
1.430698365E8	0.0	0.0
1.430710525E8	353.3333333333333	39637.55430504305
1.43072266E8	0.0	0.0
1.430734785E8	0.0	0.0
1.430746905E8	185.0	39637.55430504305
1.43075902E8	0.0	0.0
1.43077113E8	0.0	0.0
1.430783235E8	0.0	39637.55430504305
1.43079533E8	0.0	0.0
1.43080742E8	301.0	0.0
1.43081951E8	0.0	39637.55430504305
1.430831595E8	0.0	0.0
1.430843675E8	0.0	0.0
1.430855755E8	215.0	39637.55430504305
1.430867835E8	0.0	0.0
1.43087991E8	317.0	0.0
1.430891975E8	312.0	39637.55430504305
1.43090403E8	265.1904761904762	0.0
1.43091608E8	0.0	0.0
1.43092813E8	307.0	39637.55430504305
1.43094017E8	0.0	0.0
1.4309522E8	0.0	0.0
1.43096423E8	0.0	39637.55430504305
1.430976255E8	262.0	0.0
1.430988275E8	182.5	0.0
1.43100029E8	0.0	39637.55430504305
1.431012295E8	251.7207792207792	0.0
1.431024295E8	200.0	0.0
1.431036295E8	0.0	39637.55430504305
1.43104829E8	0.0	0.0
1.43106028E8	245.33333333333334	0.0
1.431072265E8	0.0	39637.55430504305
1.431084245E8	321.3333333333333	0.0
1.43109622E8	0.0	0.0
1.43110819E8	0.0	39637.55430504305
1.43112015E8	0.0	0.0
1.4311321E8	216.0	0.0
1.43114405E8	229.625	39637.55430504305
1.431156E8	0.0	0.0
1.43116795E8	257.57234042553193	0.0
1.431179895E8	281.0	39637.55430504305
1.43119183E8	268.0	0.0
1.43120376E8	0.0	0.0
1.43121569E8	0.0	39637.55430504305
1.43122762E8	0.0	0.0
1.431239545E8	0.0	0.0
1.431251465E8	255.51063829787233	39637.55430504305
1.431263385E8	0.0	0.0
1.4312753E8	0.0	0.0
1.43128721E8	371.0	39637.55430504305
1.431299115E8	0.0	0.0
1.431311015E8	0.0	0.0
1.431322915E8	0.0	39637.55430504305
1.43133481E8	228.66666666666666	0.0
1.4313467E8	0.0	0.0
1.43135859E8	0.0	39637.55430504305
1.43137048E8	0.0	0.0
1.43138237E8	0.0	0.0
1.43139426E8	203.0	39637.55430504305
1.431406145E8	0.0	0.0
1.431418015E8	0.0	0.0
1.431429875E8	0.0	39637.55430504305
1.431441735E8	250.86206896551724	0.0
1.431453595E8	0.0	0.0
1.431465455E8	221.5	39637.55430504305
1.43147731E8	0.0	0.0
1.43148916E8	0.0	0.0
1.43150101E8	264.0	39637.55430504305
1.43151286E8	0.0	0.0
1.431524705E8	0.0	0.0
1.431536545E8	0.0	39637.55430504305
1.431548385E8	0.0	0.0
1.431560225E8	0.0	0.0
1.431572055E8	234.0	39637.55430504305
1.431583875E8	264.6970588235294	0.0
1.43159569E8	0.0	0.0
1.4316075E8	242.6703910614525	39637.55430504305
1.43161931E8	0.0	0.0
1.43163111E8	306.5	0.0
1.4316429E8	0.0	39637.55430504305
1.43165469E8	0.0	0.0
1.431666475E8	0.0	0.0
1.431678255E8	0.0	39637.55430504305
1.431690035E8	0.0	0.0
1.431701815E8	234.5	0.0
1.431713595E8	196.0	39637.55430504305
1.431725375E8	0.0	0.0
1.43173715E8	0.0	0.0
1.431748915E8	312.87140391254314	39637.55430504305
1.43176067E8	0.0	0.0
1.43177242E8	237.5	0.0
1.431784165E8	0.0	39637.55430504305
1.431795905E8	0.0	0.0
1.43180764E8	0.0	0.0
1.43181937E8	0.0	39637.55430504305
1.4318311E8	255.75	0.0
1.43184282E8	0.0	0.0
1.43185453E8	287.0	39637.55430504305
1.43186624E8	227.0	0.0
1.43187795E8	0.0	0.0
1.431889655E8	238.0	39637.55430504305
1.43190135E8	0.0	0.0
1.43191304E8	0.0	0.0
1.431924725E8	0.0	39637.55430504305
1.4319364E8	0.0	0.0
1.43194807E8	0.0	0.0
1.43195974E8	220.0	39637.55430504305
1.431971405E8	0.0	0.0
1.431983065E8	262.7196056955093	0.0
1.431994725E8	303.9868421052632	39637.55430504305
1.432006385E8	0.0	0.0
1.43201804E8	0.0	0.0
1.43202969E8	0.0	39637.55430504305
1.432041335E8	0.0	0.0
1.43205297E8	0.0	0.0
1.4320646E8	254.08356940509915	39637.55430504305
1.43207623E8	0.0	0.0
1.43208786E8	304.8333333333333	0.0
1.43209949E8	0.0	39637.55430504305
1.43211112E8	233.0	0.0
1.432122745E8	260.48623853211006	0.0
1.432134365E8	0.0	39637.55430504305
1.432145985E8	243.8590425531915	0.0
1.4321576E8	0.0	0.0
1.43216921E8	0.0	39637.55430504305
1.43218082E8	0.0	0.0
1.432192425E8	0.0	0.0
1.432204025E8	300.77777777777777	39637.55430504305
1.432215625E8	0.0	0.0
1.43222722E8	0.0	0.0
1.43223881E8	0.0	39637.55430504305
1.4322504E8	331.6	0.0
1.43226199E8	237.0	0.0
1.43227358E8	271.35526315789474	39637.55430504305
1.432285165E8	0.0	0.0
1.432296745E8	245.73082942097025	0.0
1.432308325E8	242.0	39637.55430504305
1.4323199E8	246.0	0.0
1.43233147E8	254.2	0.0
1.432343035E8	0.0	39637.55430504305
1.432354595E8	0.0	0.0
1.43236615E8	0.0	0.0
1.4323777E8	312.0	39637.55430504305
1.43238925E8	0.0	0.0
1.4324008E8	218.86111111111111	0.0
1.432412345E8	0.0	39637.55430504305
1.432423885E8	0.0	0.0
1.432435425E8	194.0	0.0
1.432446965E8	285.75	39637.55430504305
1.4324585E8	0.0	0.0
1.43247003E8	0.0	0.0
1.43248156E8	0.0	39637.55430504305
1.432493085E8	226.66666666666666	0.0
1.432504605E8	0.0	0.0
1.432516125E8	0.0	39637.55430504305
1.432527645E8	0.0	0.0
1.43253916E8	220.0	0.0
1.432550665E8	220.0	39637.55430504305
1.432562165E8	192.0	0.0
1.432573655E8	0.0	0.0
1.432585135E8	0.0	39637.55430504305
1.432596615E8	196.0	0.0
1.432608095E8	234.3780487804878	0.0
1.432619575E8	0.0	39637.55430504305
1.432631055E8	0.0	0.0
1.43264253E8	226.0	0.0
1.432654E8	257.1108622620381	39637.55430504305
1.43266547E8	287.0	0.0
1.432676935E8	0.0	0.0
1.432688395E8	0.0	39637.55430504305
1.432699855E8	0.0	0.0
1.43271131E8	266.6666666666667	0.0
1.432722755E8	240.52941176470588	39637.55430504305
1.432734195E8	381.2	0.0
1.432745635E8	247.91721419185282	0.0
1.432757075E8	312.15625	39637.55430504305
1.432768515E8	0.0	0.0
1.43277995E8	0.0	0.0
1.43279138E8	292.0	39637.55430504305
1.432802805E8	0.0	0.0
1.432814225E8	287.5	0.0
1.432825645E8	235.87928843710293	39637.55430504305
1.43283706E8	275.126213592233	0.0
1.43284847E8	285.30824372759855	0.0
1.432859875E8	308.4318181818182	39637.55430504305
1.432871275E8	308.0	0.0
1.432882675E8	284.6	0.0
1.432894075E8	0.0	39637.55430504305
1.43290547E8	261.2258064516129	0.0
1.43291686E8	0.0	0.0
1.43292825E8	0.0	39637.55430504305
1.43293964E8	172.66666666666666	0.0
1.43295103E8	0.0	0.0
1.432962415E8	0.0	39637.55430504305
1.43297379E8	195.0	0.0
1.432985155E8	246.7951607557176	0.0
1.432996515E8	0.0	39637.55430504305
1.433007875E8	355.97421875	0.0
1.433019235E8	0.0	0.0
1.43303059E8	0.0	39637.55430504305
1.43304194E8	0.0	0.0
1.43305329E8	285.06666666666666	0.0
1.433064635E8	0.0	39637.55430504305
1.433075975E8	257.95327102803736	0.0
1.433087315E8	246.4114896459586	0.0
1.433098655E8	0.0	39637.55430504305
1.43310999E8	0.0	0.0
1.43312132E8	0.0	0.0
1.43313265E8	228.5	39637.55430504305
1.433143975E8	261.2294363090334	0.0
1.433155295E8	223.0	0.0
1.433166615E8	0.0	39637.55430504305
1.433177935E8	0.0	0.0
1.43318925E8	0.0	0.0
1.43320056E8	259.96321070234114	39637.55430504305
1.43321187E8	0.0	0.0
1.433223175E8	0.0	0.0
1.433234475E8	302.25	39637.55430504305
1.433245775E8	185.0	0.0
1.43325707E8	0.0	0.0
1.43326836E8	271.0	39637.55430504305
1.43327965E8	299.15384615384613	0.0
1.43329094E8	174.0	0.0
1.43330222E8	355.0	39637.55430504305
1.43331349E8	0.0	0.0
1.433324755E8	233.0	0.0
1.433336015E8	0.0	39637.55430504305
1.433347275E8	0.0	0.0
1.433358535E8	0.0	0.0
1.433369795E8	252.3125	39637.55430504305
1.43338105E8	273.29545454545456	0.0
1.4333923E8	0.0	0.0
1.433403545E8	265.0	39637.55430504305
1.433414785E8	0.0	0.0
1.43342602E8	0.0	0.0
1.43343725E8	190.11016949152543	39637.55430504305
1.43344848E8	0.0	0.0
1.43345971E8	286.5	0.0
1.43347094E8	264.0	39637.55430504305
1.433482165E8	306.2599724896836	0.0
1.43349338E8	0.0	0.0
1.433504585E8	281.75	39637.55430504305
1.43351578E8	237.54545454545453	0.0
1.43352697E8	240.66666666666666	0.0
1.433538155E8	245.85714285714286	39637.55430504305
1.433549335E8	0.0	0.0
1.433560515E8	0.0	0.0
1.433571695E8	0.0	39637.55430504305
1.43358287E8	0.0	0.0
1.43359404E8	0.0	0.0
1.43360521E8	297.0	39637.55430504305
1.43361638E8	313.0	0.0
1.43362755E8	300.5	0.0
1.43363872E8	306.6666666666667	39637.55430504305
1.433649885E8	0.0	0.0
1.433661045E8	239.1	0.0
1.433668735E8	242.35849056603774	39637.55430504305
1.433674315E8	249.0	0.0
1.433683365E8	0.0	0.0
1.433694525E8	260.25	39637.55430504305
1.433705685E8	0.0	0.0
1.43371684E8	0.0	0.0
1.43372799E8	0.0	39637.55430504305
1.43373914E8	249.66666666666666	0.0
1.433750285E8	0.0	0.0
1.433761425E8	0.0	39637.55430504305
1.433772565E8	100.0	0.0
1.433783705E8	0.0	0.0
1.433794845E8	0.0	39637.55430504305
1.433805985E8	0.0	0.0
1.433817115E8	0.0	0.0
1.433828235E8	0.0	39637.55430504305
1.433839355E8	0.0	0.0
1.433850475E8	270.6097804391218	0.0
1.43386159E8	380.5	39637.55430504305
1.433872695E8	0.0	0.0
1.433883795E8	252.0	0.0
1.433894895E8	267.875	39637.55430504305
1.433905995E8	0.0	0.0
1.43391709E8	0.0	0.0
1.43392818E8	0.0	39637.55430504305
1.43393927E8	249.875	0.0
1.43395036E8	0.0	0.0
1.433961445E8	255.76923076923077	39637.55430504305
1.433972525E8	0.0	0.0
1.4339836E8	0.0	0.0
1.43399467E8	335.0	39637.55430504305
1.43400574E8	0.0	0.0
1.434016805E8	248.8146853146853	0.0
1.434027865E8	0.0	39637.55430504305
1.43403892E8	0.0	0.0
1.43404997E8	0.0	0.0
1.43406102E8	0.0	39637.55430504305
1.43407207E8	0.0	0.0
1.43408312E8	0.0	0.0
1.43409417E8	0.0	39637.55430504305
1.43410521E8	0.0	0.0
1.43411624E8	0.0	0.0
1.43412727E8	0.0	39637.55430504305
1.434138295E8	0.0	0.0
1.434149315E8	0.0	0.0
1.434160335E8	0.0	39637.55430504305
1.43417135E8	248.4	0.0
1.43418236E8	0.0	0.0
1.43419337E8	0.0	39637.55430504305
1.434204375E8	274.5085054678007	0.0
1.434215375E8	0.0	0.0
1.43422637E8	0.0	39637.55430504305
1.43423736E8	251.0	0.0
1.434248345E8	234.6	0.0
1.434259325E8	0.0	39637.55430504305
1.434270305E8	0.0	0.0
1.43428128E8	0.0	0.0
1.43429225E8	0.0	39637.55430504305
1.43430322E8	0.0	0.0
1.434314185E8	0.0	0.0
1.434325145E8	0.0	39637.55430504305
1.434336095E8	161.25	0.0
1.43434703E8	0.0	0.0
1.434357955E8	0.0	39637.55430504305
1.43436887E8	0.0	0.0
1.43437978E8	294.0	0.0
1.434390685E8	0.0	39637.55430504305
1.434401585E8	0.0	0.0
1.434412485E8	311.0	0.0
1.434423385E8	263.125	39637.55430504305
1.434434285E8	0.0	0.0
1.43444518E8	0.0	0.0
1.43445607E8	150.0	39637.55430504305
1.434466955E8	0.0	0.0
1.434477835E8	263.25	0.0
1.434488715E8	209.0	39637.55430504305
1.434499595E8	270.9	0.0
1.43451047E8	0.0	0.0
1.43452134E8	279.32	39637.55430504305
1.43453221E8	270.72222222222223	0.0
1.434543075E8	273.96	0.0
1.434553935E8	258.7	39637.55430504305
1.434564795E8	237.0	0.0
1.434575655E8	0.0	0.0
1.434586505E8	0.0	39637.55430504305
1.434597345E8	0.0	0.0
1.434608185E8	0.0	0.0
1.434619025E8	0.0	39637.55430504305
1.434629865E8	0.0	0.0
1.4346407E8	0.0	0.0
1.43465153E8	0.0	39637.55430504305
1.43466236E8	269.06201171875	0.0
1.434673185E8	0.0	0.0
1.434684005E8	0.0	39637.55430504305
1.43469482E8	0.0	0.0
1.43470563E8	246.1578947368421	0.0
1.434716435E8	308.3333333333333	39637.55430504305
1.434727235E8	0.0	0.0
1.434738035E8	245.58823529411765	0.0
1.43474883E8	0.0	39637.55430504305
1.43475962E8	289.0	0.0
1.434770405E8	0.0	0.0
1.434781185E8	209.9	39637.55430504305
1.434791965E8	0.0	0.0
1.434802745E8	0.0	0.0
1.43481352E8	0.0	39637.55430504305
1.43482429E8	0.0	0.0
1.434835055E8	0.0	0.0
1.434845815E8	0.0	39637.55430504305
1.434856575E8	0.0	0.0
1.434867335E8	0.0	0.0
1.43487809E8	0.0	39637.55430504305
1.43488884E8	280.0	0.0
1.43489959E8	261.3697478991597	0.0
1.43491034E8	0.0	39637.55430504305
1.434921085E8	302.6666666666667	0.0
1.434931825E8	258.95454545454544	0.0
1.434942565E8	171.07894736842104	39637.55430504305
1.434953305E8	0.0	0.0
1.43496404E8	0.0	0.0
1.434974765E8	267.4111675126904	39637.55430504305
1.434985485E8	0.0	0.0
1.4349962E8	0.0	0.0
1.43500691E8	296.1666666666667	39637.55430504305
1.435017615E8	114.0	0.0
1.435028315E8	0.0	0.0
1.435039015E8	0.0	39637.55430504305
1.43504971E8	0.0	0.0
1.4350604E8	0.0	0.0
1.435071085E8	234.0	39637.55430504305
1.43508176E8	0.0	0.0
1.43509243E8	0.0	0.0
1.4351031E8	0.0	39637.55430504305
1.435113765E8	0.0	0.0
1.435124415E8	214.66666666666666	0.0
1.435135055E8	0.0	39637.55430504305
1.435145695E8	316.5	0.0
1.43515633E8	0.0	0.0
1.43516696E8	0.0	39637.55430504305
1.43517759E8	320.8	0.0
1.43518822E8	360.51724137931035	0.0
1.43519885E8	0.0	39637.55430504305
1.43520948E8	0.0	0.0
1.43522011E8	0.0	0.0
1.43523074E8	0.0	39637.55430504305
1.435241365E8	284.89112903225805	0.0
1.435251985E8	0.0	0.0
1.435262605E8	241.25	39637.55430504305
1.435273225E8	0.0	0.0
1.435283845E8	0.0	0.0
1.43529446E8	163.75	39637.55430504305
1.435305065E8	262.3319587628866	0.0
1.435315665E8	266.099324975892	0.0
1.435326265E8	0.0	39637.55430504305
1.43533686E8	289.6857142857143	0.0
1.43534745E8	204.0	0.0
1.43535804E8	0.0	39637.55430504305
1.435368625E8	0.0	0.0
1.435379205E8	273.3394243514486	0.0
1.435389785E8	0.0	39637.55430504305
1.435400365E8	270.0344827586207	0.0
1.43541094E8	0.0	0.0
1.435421505E8	235.0	39637.55430504305
1.435432065E8	0.0	0.0
1.435442625E8	287.0	0.0
1.435453185E8	0.0	39637.55430504305
1.43546374E8	0.0	0.0
1.43547429E8	0.0	0.0
1.43548484E8	299.0	39637.55430504305
1.435495385E8	265.82608695652175	0.0
1.435505925E8	0.0	0.0
1.43551646E8	0.0	39637.55430504305
1.43552699E8	243.0	0.0
1.43553752E8	247.82051282051282	0.0
1.43554805E8	279.234375	39637.55430504305
1.43555858E8	235.58333333333334	0.0
1.435569105E8	0.0	0.0
1.435579625E8	251.07466918714556	39637.55430504305
1.435590145E8	248.0	0.0
1.43560066E8	0.0	0.0
1.43561117E8	0.0	39637.55430504305
1.43562168E8	332.0	0.0
1.43563219E8	0.0	0.0
1.4356427E8	208.4	39637.55430504305
1.435653205E8	0.0	0.0
1.435663705E8	298.6	0.0
1.4356742E8	231.0	39637.55430504305
1.43568469E8	0.0	0.0
1.43569518E8	174.0	0.0
1.43570567E8	0.0	39637.55430504305
1.43571616E8	0.0	0.0
1.435726645E8	0.0	0.0
1.435737125E8	191.06666666666666	39637.55430504305
1.435747605E8	0.0	0.0
1.435758085E8	0.0	0.0
1.435768565E8	493.1764705882353	39637.55430504305
1.43577904E8	259.28435718809374	0.0
1.43578951E8	0.0	0.0
1.43579998E8	192.0	39637.55430504305
1.43581045E8	234.0	0.0
1.435820915E8	0.0	0.0
1.43583137E8	0.0	39637.55430504305
1.43584182E8	0.0	0.0
1.43585227E8	262.0	0.0
1.43586272E8	0.0	39637.55430504305
1.435873165E8	0.0	0.0
1.435883605E8	215.8041958041958	0.0
1.435894045E8	299.8775510204082	39637.55430504305
1.43590448E8	278.0	0.0
1.43591491E8	218.25	0.0
1.435925335E8	0.0	39637.55430504305
1.435935755E8	0.0	0.0
1.435946175E8	242.76109215017064	0.0
1.435956595E8	231.0	39637.55430504305
1.435967015E8	224.0	0.0
1.43597743E8	304.375	0.0
1.43598784E8	0.0	39637.55430504305
1.43599825E8	0.0	0.0
1.436008655E8	0.0	0.0
1.436019055E8	0.0	39637.55430504305
1.436029455E8	0.0	0.0
1.436039855E8	295.75	0.0
1.43605025E8	302.0	39637.55430504305
1.43606064E8	271.73333333333335	0.0
1.43607103E8	0.0	0.0
1.436081415E8	0.0	39637.55430504305
1.436091795E8	259.3333333333333	0.0
1.436102175E8	0.0	0.0
1.43611255E8	0.0	39637.55430504305
1.43612292E8	0.0	0.0
1.43613329E8	0.0	0.0
1.43614366E8	345.0718232044199	39637.55430504305
1.436154025E8	0.0	0.0
1.436164385E8	254.92857142857142	0.0
1.43617474E8	0.0	39637.55430504305
1.43618509E8	255.5	0.0
1.43619544E8	0.0	0.0
1.43620579E8	0.0	39637.55430504305
1.43621614E8	0.0	0.0
1.43622648E8	0.0	0.0
1.43623681E8	119.0	39637.55430504305
1.43624714E8	335.2	0.0
1.43625747E8	250.0	0.0
1.436267795E8	0.0	39637.55430504305
1.436278115E8	262.0	0.0
1.436288435E8	0.0	0.0
1.43629875E8	0.0	39637.55430504305
1.43630906E8	0.0	0.0
1.43631937E8	223.0	0.0
1.436329675E8	267.7358490566038	39637.55430504305
1.436339975E8	0.0	0.0
1.436350275E8	0.0	0.0
1.43636057E8	245.4	39637.55430504305
1.43637086E8	305.0	0.0
1.43638115E8	263.39969468863507	0.0
1.43639144E8	228.44708423326134	39637.55430504305
1.43640173E8	0.0	0.0
1.43641202E8	0.0	0.0
1.43642231E8	0.0	39637.55430504305
1.436432595E8	0.0	0.0
1.436442875E8	0.0	0.0
1.43645315E8	0.0	39637.55430504305
1.43646342E8	0.0	0.0
1.43647369E8	0.0	0.0
1.436483955E8	193.0	39637.55430504305
1.436494215E8	0.0	0.0
1.43650447E8	0.0	0.0
1.43651472E8	0.0	39637.55430504305
1.43652497E8	0.0	0.0
1.43653522E8	0.0	0.0
1.43654546E8	0.0	39637.55430504305
1.43655569E8	0.0	0.0
1.436565915E8	0.0	0.0
1.436576135E8	249.75	39637.55430504305
1.436586355E8	230.2972972972973	0.0
1.436596575E8	0.0	0.0
1.43660679E8	287.75	39637.55430504305
1.436617E8	255.2	0.0
1.43662721E8	0.0	0.0
1.436637415E8	264.7121799844841	39637.55430504305
1.436647615E8	0.0	0.0
1.436657815E8	0.0	0.0
1.43666801E8	0.0	39637.55430504305
1.4366782E8	0.0	0.0
1.43668839E8	213.0	0.0
1.43669858E8	0.0	39637.55430504305
1.43670877E8	312.6	0.0
1.436718955E8	259.2391304347826	0.0
1.436729135E8	0.0	39637.55430504305
1.436739315E8	305.0	0.0
1.436749495E8	0.0	0.0
1.436759665E8	0.0	39637.55430504305
1.436769825E8	0.0	0.0
1.436779985E8	0.0	0.0
1.43679014E8	0.0	39637.55430504305
1.43680029E8	0.0	0.0
1.436810435E8	0.0	0.0
1.436820575E8	279.140625	39637.55430504305
1.436830715E8	0.0	0.0
1.436840855E8	165.5	0.0
1.436850995E8	0.0	39637.55430504305
1.43686113E8	209.0	0.0
1.43687126E8	0.0	0.0
1.43688139E8	459.0	39637.55430504305
1.436891515E8	242.0	0.0
1.436901635E8	243.0	0.0
1.436911755E8	241.0	39637.55430504305
1.436921875E8	336.4782608695652	0.0
1.436931995E8	262.1111111111111	0.0
1.43694211E8	0.0	39637.55430504305
1.43695222E8	256.2156862745098	0.0
1.43696233E8	0.0	0.0
1.43697244E8	220.5	39637.55430504305
1.436982545E8	293.6896551724138	0.0
1.436992645E8	0.0	0.0
1.437002745E8	291.0	39637.55430504305
1.437012845E8	255.0	0.0
1.437022935E8	0.0	0.0
1.437033015E8	0.0	39637.55430504305
1.437043095E8	0.0	0.0
1.43705317E8	0.0	0.0
1.43706324E8	0.0	39637.55430504305
1.437073305E8	0.0	0.0
1.437083365E8	227.0	0.0
1.437093425E8	0.0	39637.55430504305
1.43710348E8	145.0	0.0
1.43711353E8	0.0	0.0
1.43712358E8	765.9712918660288	39637.55430504305
1.43713363E8	253.95094691089724	0.0
1.43714368E8	233.125	0.0
1.437153725E8	0.0	39637.55430504305
1.437163765E8	0.0	0.0
1.437173805E8	0.0	0.0
1.437183845E8	0.0	39637.55430504305
1.43719388E8	0.0	0.0
1.4372039E8	234.44444444444446	0.0
1.43721391E8	0.0	39637.55430504305
1.43722392E8	256.25	0.0
1.43723393E8	0.0	0.0
1.43724394E8	235.5	39637.55430504305
1.437251765E8	211.25	0.0
1.437257305E8	167.0	0.0
